# p - 100 ites
-0.128781
-0.010403
-0.111847
-0.020273
-0.096749
-0.029367
-0.083823
-0.037202
-0.073481
-0.043397
-0.065882
-0.047892
-0.060835
-0.050943
-0.057895
-0.052970
-0.056526
-0.054407
-0.056239
-0.055593
-0.056659
-0.056746
-0.057529
-0.057972
-0.058687
-0.059306
-0.060030
-0.060738
-0.061489
-0.062242
-0.063012
-0.063784
-0.064559
-0.065331
-0.066097
-0.066853
-0.067598
-0.068328
-0.069041
-0.069736
-0.070411
-0.071065
-0.071697
-0.072307
-0.072895
-0.073459
-0.074001
-0.074521
-0.075019
-0.075495
-0.075951
-0.076387
-0.076804
-0.077203
-0.077584
-0.077949
-0.078299
-0.078634
-0.078955
-0.079264
-0.079561
-0.079847
-0.080124
-0.080390
-0.080649
-0.080899
-0.081143
-0.081381
-0.081613
-0.081841
-0.082064
-0.082285
-0.082501
-0.082718
-0.082930
-0.083148
-0.083353
-0.083582
-0.083774
-0.084030
-0.084190
-0.084509
-0.084593
-0.085041
-0.084968
-0.085662
-0.085286
-0.086417
-0.085511
-0.087359
-0.085605
-0.088538
-0.085541
-0.089991
-0.085314
-0.091724
-0.084950
-0.093719
-0.084501
-0.095940
-0.126633
-0.009830
-0.109825
-0.019274
-0.094793
-0.028051
-0.081895
-0.035656
-0.071564
-0.041695
-0.063972
-0.046101
-0.058942
-0.049120
-0.056039
-0.051169
-0.054738
-0.052675
-0.054553
-0.053977
-0.055114
-0.055288
-0.056165
-0.056713
-0.057541
-0.058281
-0.059134
-0.059978
-0.060869
-0.061769
-0.062689
-0.063614
-0.064543
-0.065470
-0.066391
-0.067300
-0.068195
-0.069072
-0.069928
-0.070759
-0.071564
-0.072342
-0.073089
-0.073806
-0.074492
-0.075146
-0.075768
-0.076359
-0.076918
-0.077447
-0.077945
-0.078415
-0.078857
-0.079272
-0.079662
-0.080029
-0.080372
-0.080695
-0.080997
-0.081282
-0.081549
-0.081801
-0.082039
-0.082264
-0.082478
-0.082681
-0.082876
-0.083062
-0.083241
-0.083415
-0.083584
-0.083750
-0.083912
-0.084074
-0.084231
-0.084396
-0.084548
-0.084724
-0.084865
-0.085071
-0.085183
-0.085453
-0.085493
-0.085894
-0.085780
-0.086428
-0.086018
-0.087100
-0.086171
-0.087963
-0.086202
-0.089066
-0.086084
-0.090441
-0.085814
-0.092095
-0.085421
-0.094005
-0.084960
-0.096133
-0.127426
-0.010230
-0.110645
-0.019956
-0.095686
-0.028937
-0.082881
-0.036690
-0.072642
-0.042834
-0.065128
-0.047308
-0.060153
-0.050363
-0.057277
-0.052415
-0.055967
-0.053892
-0.055739
-0.055130
-0.056221
-0.056344
-0.057159
-0.057638
-0.058388
-0.059044
-0.059806
-0.060552
-0.061340
-0.062132
-0.062939
-0.063749
-0.064560
-0.065367
-0.066167
-0.066957
-0.067732
-0.068492
-0.069233
-0.069953
-0.070651
-0.071326
-0.071977
-0.072604
-0.073206
-0.073783
-0.074335
-0.074862
-0.075366
-0.075847
-0.076306
-0.076742
-0.077159
-0.077556
-0.077934
-0.078294
-0.078639
-0.078967
-0.079282
-0.079583
-0.079871
-0.080149
-0.080415
-0.080673
-0.080921
-0.081162
-0.081395
-0.081623
-0.081844
-0.082062
-0.082274
-0.082485
-0.082691
-0.082898
-0.083100
-0.083308
-0.083504
-0.083723
-0.083905
-0.084152
-0.084303
-0.084612
-0.084690
-0.085126
-0.085048
-0.085728
-0.085352
-0.086463
-0.085565
-0.087384
-0.085650
-0.088539
-0.085580
-0.089963
-0.085350
-0.091665
-0.084986
-0.093624
-0.084542
-0.095806
-0.125261
-0.009717
-0.108631
-0.019057
-0.093768
-0.027748
-0.081026
-0.035290
-0.070830
-0.041293
-0.063351
-0.045688
-0.058413
-0.048718
-0.055588
-0.050794
-0.054352
-0.052340
-0.054228
-0.053689
-0.054845
-0.055050
-0.055950
-0.056525
-0.057378
-0.058143
-0.059020
-0.059888
-0.060802
-0.061723
-0.062664
-0.063608
-0.064555
-0.065498
-0.066434
-0.067356
-0.068263
-0.069149
-0.070013
-0.070851
-0.071661
-0.072442
-0.073192
-0.073910
-0.074595
-0.075248
-0.075868
-0.076456
-0.077011
-0.077535
-0.078029
-0.078494
-0.078931
-0.079341
-0.079725
-0.080086
-0.080424
-0.080741
-0.081038
-0.081318
-0.081580
-0.081828
-0.082061
-0.082282
-0.082491
-0.082691
-0.082881
-0.083064
-0.083240
-0.083411
-0.083577
-0.083740
-0.083898
-0.084058
-0.084212
-0.084374
-0.084524
-0.084698
-0.084836
-0.085039
-0.085149
-0.085415
-0.085455
-0.085849
-0.085738
-0.086375
-0.085972
-0.087037
-0.086123
-0.087887
-0.086153
-0.088972
-0.086038
-0.090326
-0.085773
-0.091954
-0.085386
-0.093834
-0.084932
-0.095929
-0.124904
-0.009942
-0.108424
-0.019429
-0.093742
-0.028219
-0.081185
-0.035835
-0.071160
-0.041896
-0.063824
-0.046341
-0.058997
-0.049410
-0.056247
-0.051511
-0.055052
-0.053063
-0.054936
-0.054396
-0.055530
-0.055715
-0.056583
-0.057123
-0.057932
-0.058648
-0.059470
-0.060277
-0.061125
-0.061976
-0.062841
-0.063706
-0.064572
-0.065431
-0.066281
-0.067117
-0.067936
-0.068735
-0.069513
-0.070267
-0.070995
-0.071696
-0.072370
-0.073016
-0.073634
-0.074224
-0.074786
-0.075321
-0.075829
-0.076312
-0.076770
-0.077205
-0.077617
-0.078008
-0.078379
-0.078731
-0.079065
-0.079383
-0.079686
-0.079975
-0.080250
-0.080514
-0.080768
-0.081011
-0.081245
-0.081472
-0.081691
-0.081904
-0.082112
-0.082315
-0.082514
-0.082710
-0.082903
-0.083096
-0.083284
-0.083480
-0.083662
-0.083868
-0.084039
-0.084272
-0.084412
-0.084706
-0.084776
-0.085194
-0.085113
-0.085769
-0.085397
-0.086474
-0.085594
-0.087360
-0.085667
-0.088475
-0.085591
-0.089852
-0.085360
-0.091499
-0.085002
-0.093396
-0.084566
-0.095509
-0.122526
-0.009481
-0.106250
-0.018611
-0.091723
-0.027129
-0.079287
-0.034545
-0.069358
-0.040474
-0.062102
-0.044847
-0.057348
-0.047899
-0.054675
-0.050032
-0.053571
-0.051658
-0.053566
-0.053100
-0.054296
-0.054562
-0.055510
-0.056141
-0.057044
-0.057861
-0.058788
-0.059704
-0.060666
-0.061632
-0.062614
-0.063598
-0.064583
-0.065560
-0.066526
-0.067476
-0.068406
-0.069314
-0.070194
-0.071047
-0.071868
-0.072656
-0.073411
-0.074132
-0.074817
-0.075468
-0.076084
-0.076666
-0.077214
-0.077730
-0.078215
-0.078669
-0.079095
-0.079494
-0.079868
-0.080217
-0.080544
-0.080850
-0.081137
-0.081406
-0.081658
-0.081896
-0.082120
-0.082331
-0.082532
-0.082723
-0.082906
-0.083082
-0.083251
-0.083415
-0.083574
-0.083730
-0.083883
-0.084037
-0.084186
-0.084342
-0.084486
-0.084654
-0.084788
-0.084984
-0.085090
-0.085348
-0.085386
-0.085768
-0.085660
-0.086277
-0.085887
-0.086918
-0.086032
-0.087741
-0.086062
-0.088792
-0.085950
-0.090102
-0.085693
-0.091679
-0.085319
-0.093499
-0.084879
-0.095527
-0.121166
-0.009544
-0.105143
-0.018697
-0.090886
-0.027218
-0.078712
-0.034639
-0.069016
-0.040584
-0.061955
-0.044988
-0.057356
-0.048081
-0.054799
-0.050257
-0.053778
-0.051920
-0.053827
-0.053388
-0.054585
-0.054860
-0.055805
-0.056431
-0.057322
-0.058124
-0.059030
-0.059920
-0.060851
-0.061783
-0.062726
-0.063668
-0.064606
-0.065534
-0.066448
-0.067344
-0.068219
-0.069069
-0.069893
-0.070687
-0.071451
-0.072183
-0.072883
-0.073550
-0.074184
-0.074787
-0.075357
-0.075897
-0.076407
-0.076888
-0.077342
-0.077770
-0.078173
-0.078553
-0.078911
-0.079250
-0.079569
-0.079871
-0.080158
-0.080429
-0.080688
-0.080934
-0.081169
-0.081394
-0.081610
-0.081818
-0.082019
-0.082214
-0.082404
-0.082590
-0.082771
-0.082951
-0.083126
-0.083303
-0.083475
-0.083654
-0.083821
-0.084010
-0.084166
-0.084383
-0.084510
-0.084785
-0.084845
-0.085240
-0.085155
-0.085779
-0.085416
-0.086444
-0.085594
-0.087283
-0.085655
-0.088343
-0.085573
-0.089654
-0.085344
-0.091224
-0.084995
-0.093032
-0.084574
-0.095046
-0.118426
-0.009119
-0.102677
-0.017932
-0.088651
-0.026188
-0.076673
-0.033412
-0.067142
-0.039230
-0.060218
-0.043569
-0.055738
-0.046655
-0.053292
-0.048872
-0.052384
-0.050618
-0.052558
-0.052201
-0.053459
-0.053817
-0.054840
-0.055556
-0.056536
-0.057434
-0.058438
-0.059430
-0.060464
-0.061500
-0.062549
-0.063595
-0.064637
-0.065667
-0.066682
-0.067675
-0.068643
-0.069583
-0.070491
-0.071366
-0.072204
-0.073005
-0.073768
-0.074492
-0.075178
-0.075826
-0.076435
-0.077008
-0.077546
-0.078049
-0.078519
-0.078959
-0.079369
-0.079751
-0.080107
-0.080439
-0.080749
-0.081038
-0.081308
-0.081560
-0.081797
-0.082020
-0.082229
-0.082427
-0.082614
-0.082793
-0.082963
-0.083127
-0.083285
-0.083438
-0.083587
-0.083734
-0.083877
-0.084022
-0.084162
-0.084309
-0.084445
-0.084603
-0.084729
-0.084915
-0.085015
-0.085259
-0.085295
-0.085658
-0.085554
-0.086141
-0.085769
-0.086751
-0.085907
-0.087533
-0.085934
-0.088533
-0.085826
-0.089780
-0.085580
-0.091279
-0.085223
-0.093011
-0.084803
-0.094940
-0.116163
-0.009042
-0.100760
-0.017765
-0.087084
-0.025938
-0.075434
-0.033105
-0.066191
-0.038898
-0.059509
-0.043249
-0.055221
-0.046374
-0.052928
-0.048649
-0.052141
-0.050459
-0.052410
-0.052108
-0.053387
-0.053782
-0.054826
-0.055567
-0.056565
-0.057479
-0.058494
-0.059493
-0.060530
-0.061566
-0.062610
-0.063648
-0.064677
-0.065691
-0.066686
-0.067656
-0.068598
-0.069509
-0.070386
-0.071227
-0.072031
-0.072796
-0.073523
-0.074211
-0.074861
-0.075473
-0.076049
-0.076589
-0.077095
-0.077570
-0.078013
-0.078429
-0.078817
-0.079180
-0.079520
-0.079839
-0.080137
-0.080418
-0.080682
-0.080931
-0.081167
-0.081390
-0.081602
-0.081805
-0.081999
-0.082185
-0.082364
-0.082538
-0.082707
-0.082872
-0.083033
-0.083192
-0.083349
-0.083506
-0.083659
-0.083819
-0.083968
-0.084139
-0.084278
-0.084474
-0.084587
-0.084840
-0.084889
-0.085255
-0.085169
-0.085751
-0.085403
-0.086367
-0.085560
-0.087149
-0.085607
-0.088138
-0.085521
-0.089365
-0.085298
-0.090836
-0.084963
-0.092531
-0.084563
-0.094419
-0.112940
-0.008632
-0.097897
-0.017019
-0.084541
-0.024923
-0.073172
-0.031889
-0.064169
-0.037554
-0.057687
-0.041845
-0.053567
-0.044973
-0.051423
-0.047302
-0.050778
-0.049207
-0.051192
-0.050983
-0.052324
-0.052808
-0.053932
-0.054764
-0.055852
-0.056862
-0.057972
-0.059069
-0.060204
-0.061338
-0.062480
-0.063613
-0.064737
-0.065842
-0.066924
-0.067978
-0.068999
-0.069984
-0.070931
-0.071836
-0.072698
-0.073516
-0.074290
-0.075019
-0.075704
-0.076347
-0.076947
-0.077508
-0.078029
-0.078514
-0.078965
-0.079382
-0.079769
-0.080128
-0.080461
-0.080769
-0.081055
-0.081320
-0.081567
-0.081797
-0.082012
-0.082213
-0.082403
-0.082581
-0.082750
-0.082911
-0.083065
-0.083212
-0.083355
-0.083493
-0.083628
-0.083761
-0.083891
-0.084023
-0.084150
-0.084284
-0.084409
-0.084554
-0.084670
-0.084841
-0.084933
-0.085159
-0.085191
-0.085528
-0.085430
-0.085977
-0.085627
-0.086544
-0.085753
-0.087273
-0.085776
-0.088205
-0.085673
-0.089368
-0.085441
-0.090766
-0.085105
-0.092381
-0.084712
-0.094181
-0.109839
-0.008435
-0.095232
-0.016635
-0.082302
-0.024380
-0.071326
-0.031230
-0.062665
-0.036834
-0.056468
-0.041117
-0.052580
-0.044282
-0.050623
-0.046681
-0.050133
-0.048677
-0.050682
-0.050552
-0.051933
-0.052479
-0.053648
-0.054533
-0.055666
-0.056721
-0.057872
-0.059008
-0.060178
-0.061343
-0.062511
-0.063667
-0.064808
-0.065927
-0.067017
-0.068075
-0.069096
-0.070077
-0.071015
-0.071907
-0.072754
-0.073554
-0.074307
-0.075013
-0.075674
-0.076291
-0.076866
-0.077400
-0.077896
-0.078356
-0.078782
-0.079177
-0.079543
-0.079881
-0.080195
-0.080487
-0.080758
-0.081011
-0.081247
-0.081467
-0.081675
-0.081870
-0.082055
-0.082231
-0.082398
-0.082559
-0.082713
-0.082862
-0.083007
-0.083148
-0.083287
-0.083424
-0.083558
-0.083694
-0.083826
-0.083965
-0.084094
-0.084244
-0.084365
-0.084539
-0.084636
-0.084862
-0.084901
-0.085234
-0.085148
-0.085681
-0.085353
-0.086240
-0.085487
-0.086952
-0.085521
-0.087858
-0.085433
-0.088984
-0.085219
-0.090335
-0.084904
-0.091892
-0.084530
-0.093627
-0.106041
-0.008023
-0.091887
-0.015875
-0.079372
-0.023335
-0.068767
-0.029972
-0.060424
-0.035441
-0.054492
-0.039667
-0.050824
-0.042844
-0.049055
-0.045310
-0.048738
-0.047416
-0.049456
-0.049434
-0.050882
-0.051528
-0.052782
-0.053765
-0.054993
-0.056147
-0.057397
-0.058633
-0.059902
-0.061165
-0.062429
-0.063678
-0.064909
-0.066112
-0.067284
-0.068417
-0.069507
-0.070552
-0.071547
-0.072491
-0.073383
-0.074221
-0.075007
-0.075741
-0.076424
-0.077058
-0.077644
-0.078186
-0.078686
-0.079145
-0.079568
-0.079956
-0.080313
-0.080640
-0.080941
-0.081217
-0.081471
-0.081706
-0.081923
-0.082124
-0.082311
-0.082485
-0.082648
-0.082802
-0.082947
-0.083085
-0.083217
-0.083344
-0.083466
-0.083586
-0.083702
-0.083817
-0.083931
-0.084045
-0.084157
-0.084275
-0.084384
-0.084514
-0.084615
-0.084769
-0.084849
-0.085053
-0.085079
-0.085386
-0.085293
-0.085791
-0.085468
-0.086306
-0.085579
-0.086968
-0.085595
-0.087817
-0.085497
-0.088876
-0.085282
-0.090151
-0.084972
-0.091624
-0.084610
-0.093264
-0.102140
-0.007728
-0.088513
-0.015310
-0.076501
-0.022542
-0.066356
-0.029012
-0.058413
-0.034383
-0.052812
-0.038583
-0.049415
-0.041793
-0.047868
-0.044341
-0.047740
-0.046559
-0.048628
-0.048710
-0.050215
-0.050947
-0.052269
-0.053331
-0.054629
-0.055857
-0.057176
-0.058479
-0.059812
-0.061134
-0.062454
-0.063753
-0.065029
-0.066272
-0.067477
-0.068638
-0.069749
-0.070809
-0.071813
-0.072761
-0.073651
-0.074484
-0.075259
-0.075979
-0.076645
-0.077259
-0.077825
-0.078344
-0.078819
-0.079255
-0.079653
-0.080017
-0.080350
-0.080655
-0.080934
-0.081190
-0.081426
-0.081643
-0.081844
-0.082030
-0.082204
-0.082366
-0.082519
-0.082663
-0.082800
-0.082931
-0.083057
-0.083178
-0.083297
-0.083412
-0.083525
-0.083638
-0.083749
-0.083861
-0.083971
-0.084087
-0.084195
-0.084322
-0.084423
-0.084572
-0.084653
-0.084851
-0.084879
-0.085174
-0.085089
-0.085566
-0.085263
-0.086061
-0.085374
-0.086695
-0.085396
-0.087504
-0.085307
-0.088513
-0.085107
-0.089724
-0.084817
-0.091122
-0.084476
-0.092679
-0.097696
-0.007297
-0.084621
-0.014506
-0.073122
-0.021428
-0.063438
-0.027664
-0.055891
-0.032889
-0.050619
-0.037028
-0.047492
-0.040256
-0.046174
-0.042883
-0.046252
-0.045230
-0.047338
-0.047544
-0.049124
-0.049969
-0.051386
-0.052558
-0.053961
-0.055299
-0.056725
-0.058138
-0.059577
-0.061004
-0.062424
-0.063821
-0.065188
-0.066517
-0.067801
-0.069034
-0.070211
-0.071328
-0.072382
-0.073372
-0.074297
-0.075157
-0.075954
-0.076689
-0.077365
-0.077983
-0.078548
-0.079063
-0.079531
-0.079956
-0.080341
-0.080689
-0.081005
-0.081291
-0.081551
-0.081787
-0.082001
-0.082197
-0.082376
-0.082540
-0.082692
-0.082832
-0.082964
-0.083087
-0.083203
-0.083313
-0.083418
-0.083520
-0.083618
-0.083715
-0.083809
-0.083903
-0.083996
-0.084090
-0.084183
-0.084282
-0.084373
-0.084482
-0.084568
-0.084700
-0.084766
-0.084944
-0.084963
-0.085233
-0.085146
-0.085587
-0.085295
-0.086040
-0.085388
-0.086625
-0.085396
-0.087375
-0.085304
-0.088314
-0.085107
-0.089445
-0.084828
-0.090750
-0.084503
-0.092204
-0.093013
-0.006920
-0.080558
-0.013788
-0.069646
-0.020422
-0.060494
-0.026441
-0.053407
-0.031535
-0.048517
-0.035629
-0.045700
-0.038888
-0.044638
-0.041606
-0.044939
-0.044087
-0.046231
-0.046565
-0.048217
-0.049172
-0.050679
-0.051955
-0.053454
-0.054892
-0.056415
-0.057922
-0.059453
-0.060967
-0.062470
-0.063943
-0.065381
-0.066772
-0.068111
-0.069391
-0.070606
-0.071753
-0.072830
-0.073834
-0.074767
-0.075628
-0.076420
-0.077144
-0.077805
-0.078405
-0.078948
-0.079439
-0.079881
-0.080279
-0.080637
-0.080958
-0.081247
-0.081506
-0.081740
-0.081950
-0.082141
-0.082314
-0.082472
-0.082617
-0.082751
-0.082874
-0.082990
-0.083098
-0.083201
-0.083299
-0.083393
-0.083484
-0.083573
-0.083661
-0.083747
-0.083833
-0.083918
-0.084006
-0.084092
-0.084184
-0.084269
-0.084371
-0.084452
-0.084575
-0.084638
-0.084805
-0.084823
-0.085076
-0.084995
-0.085409
-0.085136
-0.085832
-0.085224
-0.086379
-0.085233
-0.087081
-0.085147
-0.087957
-0.084965
-0.089011
-0.084704
-0.090228
-0.084401
-0.091584
-0.087870
-0.006459
-0.076071
-0.012919
-0.065770
-0.019209
-0.057168
-0.024967
-0.050553
-0.029894
-0.046054
-0.033921
-0.043557
-0.037200
-0.042764
-0.040009
-0.043302
-0.042637
-0.044823
-0.045301
-0.047040
-0.048124
-0.049740
-0.051143
-0.052762
-0.054326
-0.055973
-0.057605
-0.059257
-0.060890
-0.062506
-0.064086
-0.065624
-0.067108
-0.068530
-0.069884
-0.071164
-0.072366
-0.073487
-0.074528
-0.075487
-0.076367
-0.077169
-0.077898
-0.078556
-0.079148
-0.079680
-0.080154
-0.080577
-0.080954
-0.081288
-0.081584
-0.081847
-0.082081
-0.082288
-0.082472
-0.082637
-0.082784
-0.082917
-0.083037
-0.083147
-0.083247
-0.083340
-0.083427
-0.083509
-0.083587
-0.083661
-0.083734
-0.083804
-0.083874
-0.083943
-0.084012
-0.084082
-0.084153
-0.084223
-0.084300
-0.084371
-0.084458
-0.084525
-0.084632
-0.084683
-0.084831
-0.084842
-0.085070
-0.084989
-0.085367
-0.085110
-0.085748
-0.085181
-0.086245
-0.085181
-0.086886
-0.085095
-0.087688
-0.084920
-0.088655
-0.084674
-0.089773
-0.084391
-0.091017
-0.082413
-0.006014
-0.071332
-0.012072
-0.061705
-0.018017
-0.053712
-0.023512
-0.047620
-0.028274
-0.043553
-0.032236
-0.041407
-0.035541
-0.040905
-0.038450
-0.041699
-0.041231
-0.043460
-0.044090
-0.045917
-0.047136
-0.048863
-0.050395
-0.052136
-0.053828
-0.055599
-0.057356
-0.059127
-0.060876
-0.062602
-0.064285
-0.065917
-0.067485
-0.068982
-0.070399
-0.071732
-0.072975
-0.074128
-0.075189
-0.076159
-0.077041
-0.077838
-0.078554
-0.079194
-0.079763
-0.080268
-0.080713
-0.081104
-0.081447
-0.081748
-0.082011
-0.082240
-0.082441
-0.082616
-0.082770
-0.082906
-0.083026
-0.083133
-0.083229
-0.083315
-0.083395
-0.083468
-0.083536
-0.083601
-0.083662
-0.083722
-0.083780
-0.083838
-0.083895
-0.083952
-0.084010
-0.084069
-0.084130
-0.084191
-0.084258
-0.084319
-0.084396
-0.084455
-0.084551
-0.084596
-0.084730
-0.084737
-0.084945
-0.084870
-0.085213
-0.084977
-0.085560
-0.085040
-0.086012
-0.085038
-0.086595
-0.084957
-0.087326
-0.084796
-0.088207
-0.084570
-0.089225
-0.084311
-0.090358
-0.076536
-0.005515
-0.066217
-0.011125
-0.057300
-0.016686
-0.049944
-0.021884
-0.044398
-0.026455
-0.040780
-0.030335
-0.038999
-0.033658
-0.038802
-0.036667
-0.039867
-0.039613
-0.041888
-0.042684
-0.044610
-0.045980
-0.047834
-0.049515
-0.051398
-0.053239
-0.055157
-0.057061
-0.058976
-0.060864
-0.062723
-0.064531
-0.066278
-0.067951
-0.069540
-0.071038
-0.072438
-0.073736
-0.074931
-0.076022
-0.077012
-0.077902
-0.078699
-0.079407
-0.080032
-0.080580
-0.081059
-0.081475
-0.081835
-0.082145
-0.082411
-0.082639
-0.082834
-0.082999
-0.083141
-0.083262
-0.083366
-0.083456
-0.083533
-0.083601
-0.083661
-0.083715
-0.083765
-0.083810
-0.083853
-0.083894
-0.083934
-0.083974
-0.084013
-0.084053
-0.084094
-0.084137
-0.084180
-0.084226
-0.084272
-0.084325
-0.084373
-0.084435
-0.084482
-0.084562
-0.084597
-0.084712
-0.084714
-0.084896
-0.084823
-0.085129
-0.084911
-0.085434
-0.084960
-0.085834
-0.084952
-0.086353
-0.084872
-0.087005
-0.084721
-0.087793
-0.084514
-0.088703
-0.084278
-0.089717
-0.070308
-0.005013
-0.060809
-0.010163
-0.052656
-0.015327
-0.045987
-0.020216
-0.041028
-0.024587
-0.037893
-0.028382
-0.036503
-0.031722
-0.036630
-0.034835
-0.037981
-0.037953
-0.040276
-0.041248
-0.043278
-0.044807
-0.046796
-0.048634
-0.050667
-0.052667
-0.054741
-0.056801
-0.058869
-0.060904
-0.062903
-0.064841
-0.066709
-0.068489
-0.070172
-0.071749
-0.073214
-0.074562
-0.075792
-0.076905
-0.077903
-0.078791
-0.079576
-0.080263
-0.080860
-0.081376
-0.081818
-0.082193
-0.082511
-0.082778
-0.083001
-0.083186
-0.083339
-0.083464
-0.083568
-0.083652
-0.083721
-0.083778
-0.083824
-0.083864
-0.083897
-0.083926
-0.083952
-0.083976
-0.083998
-0.084021
-0.084043
-0.084066
-0.084090
-0.084116
-0.084143
-0.084172
-0.084203
-0.084237
-0.084271
-0.084312
-0.084349
-0.084400
-0.084436
-0.084503
-0.084530
-0.084629
-0.084627
-0.084785
-0.084718
-0.084987
-0.084791
-0.085252
-0.084829
-0.085602
-0.084817
-0.086058
-0.084743
-0.086631
-0.084606
-0.087325
-0.084420
-0.088126
-0.084209
-0.089019
-0.063682
-0.004474
-0.055052
-0.009131
-0.047705
-0.013866
-0.041756
-0.018417
-0.037412
-0.022566
-0.034781
-0.026259
-0.033797
-0.029610
-0.034261
-0.032828
-0.035914
-0.036126
-0.038501
-0.039662
-0.041806
-0.043510
-0.045649
-0.047663
-0.049865
-0.052045
-0.054296
-0.056535
-0.058777
-0.060982
-0.063142
-0.065230
-0.067235
-0.069137
-0.070927
-0.072593
-0.074130
-0.075533
-0.076801
-0.077937
-0.078945
-0.079830
-0.080600
-0.081263
-0.081830
-0.082308
-0.082709
-0.083040
-0.083312
-0.083532
-0.083708
-0.083846
-0.083954
-0.084035
-0.084097
-0.084141
-0.084172
-0.084193
-0.084206
-0.084214
-0.084218
-0.084220
-0.084220
-0.084219
-0.084220
-0.084221
-0.084223
-0.084227
-0.084234
-0.084242
-0.084253
-0.084267
-0.084283
-0.084302
-0.084323
-0.084349
-0.084374
-0.084410
-0.084435
-0.084487
-0.084504
-0.084584
-0.084577
-0.084709
-0.084646
-0.084875
-0.084700
-0.085097
-0.084726
-0.085393
-0.084708
-0.085781
-0.084638
-0.086272
-0.084514
-0.086867
-0.084348
-0.087555
-0.084163
-0.088321
-0.056690
-0.003921
-0.048984
-0.008068
-0.042493
-0.012353
-0.037308
-0.016548
-0.033614
-0.020459
-0.031513
-0.024039
-0.030955
-0.027395
-0.031771
-0.030718
-0.033737
-0.034203
-0.036629
-0.037991
-0.040254
-0.042144
-0.044442
-0.046644
-0.049029
-0.051403
-0.053848
-0.056281
-0.058716
-0.061106
-0.063444
-0.065696
-0.067852
-0.069888
-0.071794
-0.073555
-0.075167
-0.076626
-0.077929
-0.079083
-0.080091
-0.080963
-0.081707
-0.082335
-0.082857
-0.083286
-0.083633
-0.083908
-0.084122
-0.084284
-0.084404
-0.084488
-0.084544
-0.084575
-0.084590
-0.084590
-0.084580
-0.084563
-0.084541
-0.084516
-0.084489
-0.084463
-0.084437
-0.084413
-0.084391
-0.084371
-0.084354
-0.084341
-0.084330
-0.084323
-0.084319
-0.084318
-0.084320
-0.084327
-0.084335
-0.084349
-0.084361
-0.084385
-0.084399
-0.084436
-0.084445
-0.084507
-0.084496
-0.084603
-0.084545
-0.084735
-0.084583
-0.084914
-0.084597
-0.085157
-0.084576
-0.085478
-0.084511
-0.085885
-0.084402
-0.086379
-0.084259
-0.086951
-0.084100
-0.087588
-0.049318
-0.003342
-0.042586
-0.006949
-0.036993
-0.010756
-0.032608
-0.014569
-0.029592
-0.018219
-0.028040
-0.021671
-0.027923
-0.025022
-0.029102
-0.028449
-0.031393
-0.032127
-0.034609
-0.036185
-0.038579
-0.040672
-0.043147
-0.045560
-0.048151
-0.050743
-0.053408
-0.056061
-0.058714
-0.061313
-0.063851
-0.066287
-0.068610
-0.070791
-0.072820
-0.074682
-0.076369
-0.077881
-0.079215
-0.080381
-0.081382
-0.082232
-0.082941
-0.083524
-0.083994
-0.084365
-0.084651
-0.084861
-0.085013
-0.085111
-0.085169
-0.085193
-0.085192
-0.085170
-0.085134
-0.085086
-0.085033
-0.084975
-0.084915
-0.084855
-0.084797
-0.084741
-0.084688
-0.084638
-0.084593
-0.084551
-0.084514
-0.084482
-0.084454
-0.084430
-0.084409
-0.084394
-0.084381
-0.084373
-0.084368
-0.084368
-0.084368
-0.084378
-0.084380
-0.084403
-0.084402
-0.084445
-0.084430
-0.084511
-0.084458
-0.084606
-0.084478
-0.084741
-0.084480
-0.084928
-0.084454
-0.085179
-0.084394
-0.085500
-0.084299
-0.085890
-0.084179
-0.086343
-0.084048
-0.086848
-0.041583
-0.002745
-0.035879
-0.005793
-0.031230
-0.009099
-0.027682
-0.012505
-0.025371
-0.015873
-0.024390
-0.019180
-0.024726
-0.022516
-0.026277
-0.026040
-0.028900
-0.029912
-0.032447
-0.034245
-0.036775
-0.039080
-0.041742
-0.044378
-0.047190
-0.050019
-0.052924
-0.055820
-0.058716
-0.061550
-0.064315
-0.066960
-0.069476
-0.071824
-0.073996
-0.075973
-0.077746
-0.079317
-0.080682
-0.081856
-0.082841
-0.083659
-0.084318
-0.084841
-0.085242
-0.085537
-0.085745
-0.085876
-0.085950
-0.085971
-0.085957
-0.085910
-0.085845
-0.085762
-0.085670
-0.085571
-0.085470
-0.085368
-0.085269
-0.085173
-0.085081
-0.084995
-0.084914
-0.084839
-0.084770
-0.084708
-0.084651
-0.084600
-0.084554
-0.084514
-0.084479
-0.084448
-0.084422
-0.084401
-0.084382
-0.084370
-0.084358
-0.084354
-0.084346
-0.084353
-0.084344
-0.084369
-0.084349
-0.084404
-0.084356
-0.084463
-0.084359
-0.084554
-0.084350
-0.084685
-0.084321
-0.084865
-0.084267
-0.085099
-0.084188
-0.085385
-0.084091
-0.085717
-0.083989
-0.086087
-0.033489
-0.002127
-0.028861
-0.004590
-0.025198
-0.007367
-0.022519
-0.010340
-0.020939
-0.013404
-0.020544
-0.016546
-0.021343
-0.019854
-0.023274
-0.023472
-0.026241
-0.027545
-0.030137
-0.032175
-0.034855
-0.037396
-0.040270
-0.043158
-0.046224
-0.049324
-0.052507
-0.055680
-0.058855
-0.061953
-0.064972
-0.067845
-0.070568
-0.073090
-0.075405
-0.077489
-0.079338
-0.080952
-0.082331
-0.083493
-0.084444
-0.085211
-0.085805
-0.086253
-0.086572
-0.086780
-0.086901
-0.086943
-0.086933
-0.086870
-0.086779
-0.086658
-0.086524
-0.086376
-0.086226
-0.086072
-0.085922
-0.085775
-0.085635
-0.085501
-0.085375
-0.085258
-0.085149
-0.085048
-0.084956
-0.084872
-0.084795
-0.084725
-0.084662
-0.084606
-0.084555
-0.084510
-0.084469
-0.084434
-0.084403
-0.084377
-0.084353
-0.084335
-0.084316
-0.084309
-0.084291
-0.084297
-0.084273
-0.084300
-0.084259
-0.084323
-0.084245
-0.084369
-0.084224
-0.084444
-0.084191
-0.084552
-0.084143
-0.084697
-0.084080
-0.084876
-0.084008
-0.085085
-0.083934
-0.085318
-0.025052
-0.001491
-0.021551
-0.003348
-0.018912
-0.005572
-0.017134
-0.008085
-0.016306
-0.010817
-0.016510
-0.013772
-0.017776
-0.017033
-0.020085
-0.020728
-0.023389
-0.024989
-0.027630
-0.029909
-0.032735
-0.035517
-0.038605
-0.041755
-0.045086
-0.048474
-0.051956
-0.055434
-0.058921
-0.062319
-0.065635
-0.068779
-0.071753
-0.074490
-0.076987
-0.079213
-0.081161
-0.082838
-0.084238
-0.085391
-0.086299
-0.087002
-0.087511
-0.087861
-0.088072
-0.088169
-0.088178
-0.088108
-0.087993
-0.087827
-0.087644
-0.087433
-0.087221
-0.086999
-0.086784
-0.086569
-0.086366
-0.086171
-0.085988
-0.085815
-0.085655
-0.085506
-0.085369
-0.085243
-0.085127
-0.085021
-0.084925
-0.084837
-0.084757
-0.084685
-0.084619
-0.084560
-0.084506
-0.084458
-0.084414
-0.084375
-0.084339
-0.084309
-0.084279
-0.084256
-0.084230
-0.084217
-0.084190
-0.084191
-0.084156
-0.084177
-0.084124
-0.084178
-0.084092
-0.084196
-0.084056
-0.084232
-0.084015
-0.084287
-0.083969
-0.084358
-0.083922
-0.084444
-0.083878
-0.084539
-0.016287
-0.000838
-0.013958
-0.002065
-0.012381
-0.003710
-0.011531
-0.005735
-0.011473
-0.008110
-0.012285
-0.010855
-0.014023
-0.014052
-0.016714
-0.017820
-0.020367
-0.022281
-0.024979
-0.027524
-0.030521
-0.033577
-0.036920
-0.040378
-0.044029
-0.047759
-0.051602
-0.055436
-0.059290
-0.063029
-0.066679
-0.070111
-0.073346
-0.076288
-0.078948
-0.081282
-0.083292
-0.084987
-0.086361
-0.087462
-0.088285
-0.088892
-0.089284
-0.089515
-0.089602
-0.089574
-0.089463
-0.089275
-0.089052
-0.088781
-0.088504
-0.088203
-0.087912
-0.087615
-0.087335
-0.087060
-0.086805
-0.086560
-0.086335
-0.086123
-0.085929
-0.085748
-0.085584
-0.085432
-0.085294
-0.085167
-0.085051
-0.084946
-0.084850
-0.084762
-0.084682
-0.084608
-0.084541
-0.084480
-0.084424
-0.084373
-0.084325
-0.084282
-0.084241
-0.084204
-0.084169
-0.084138
-0.084107
-0.084081
-0.084053
-0.084031
-0.084005
-0.083987
-0.083961
-0.083947
-0.083923
-0.083911
-0.083889
-0.083875
-0.083860
-0.083839
-0.083838
-0.083799
-0.083825
-0.083755
-0.007215
-0.000169
-0.006103
-0.000746
-0.005621
-0.001784
-0.005721
-0.003293
-0.006445
-0.005279
-0.007866
-0.007782
-0.010066
-0.010882
-0.013119
-0.014688
-0.017092
-0.019310
-0.022040
-0.024837
-0.027982
-0.031298
-0.034881
-0.038638
-0.042605
-0.046680
-0.050900
-0.055116
-0.059380
-0.063508
-0.067559
-0.071349
-0.074926
-0.078154
-0.081056
-0.083571
-0.085701
-0.087463
-0.088842
-0.089908
-0.090646
-0.091143
-0.091395
-0.091475
-0.091400
-0.091208
-0.090939
-0.090595
-0.090231
-0.089823
-0.089429
-0.089016
-0.088631
-0.088245
-0.087892
-0.087548
-0.087235
-0.086938
-0.086668
-0.086416
-0.086187
-0.085976
-0.085784
-0.085607
-0.085447
-0.085300
-0.085166
-0.085044
-0.084932
-0.084829
-0.084735
-0.084649
-0.084569
-0.084496
-0.084428
-0.084364
-0.084306
-0.084250
-0.084199
-0.084148
-0.084105
-0.084055
-0.084021
-0.083968
-0.083947
-0.083882
-0.083883
-0.083793
-0.083829
-0.083697
-0.083788
-0.083587
-0.083762
-0.083461
-0.083751
-0.083316
-0.083755
-0.083151
-0.083771
-0.082968
0.002138
0.000515
0.001994
0.000608
0.001353
0.000202
0.000282
-0.000761
-0.001233
-0.002330
-0.003266
-0.004566
-0.005926
-0.007552
-0.009343
-0.011394
-0.013654
-0.016202
-0.018983
-0.022073
-0.025412
-0.029052
-0.032947
-0.037087
-0.041468
-0.045986
-0.050689
-0.055378
-0.060146
-0.064727
-0.069232
-0.073394
-0.077308
-0.080776
-0.083855
-0.086462
-0.088609
-0.090330
-0.091602
-0.092538
-0.093099
-0.093421
-0.093477
-0.093371
-0.093110
-0.092744
-0.092314
-0.091817
-0.091321
-0.090785
-0.090286
-0.089767
-0.089299
-0.088830
-0.088410
-0.088002
-0.087637
-0.087291
-0.086980
-0.086690
-0.086428
-0.086187
-0.085969
-0.085770
-0.085588
-0.085422
-0.085271
-0.085133
-0.085006
-0.084890
-0.084783
-0.084684
-0.084593
-0.084507
-0.084428
-0.084353
-0.084284
-0.084216
-0.084155
-0.084090
-0.084040
-0.083972
-0.083935
-0.083855
-0.083841
-0.083733
-0.083761
-0.083600
-0.083697
-0.083446
-0.083654
-0.083264
-0.083636
-0.083048
-0.083643
-0.082795
-0.083673
-0.082505
-0.083720
-0.082182
0.011743
0.001212
0.010307
0.001996
0.008519
0.002246
0.006467
0.001862
0.004161
0.000749
0.001532
-0.001174
-0.001557
-0.003993
-0.005289
-0.007801
-0.009866
-0.012708
-0.015482
-0.018816
-0.022284
-0.026190
-0.030334
-0.034802
-0.039549
-0.044472
-0.049650
-0.054814
-0.060130
-0.065223
-0.070288
-0.074938
-0.079339
-0.083202
-0.086620
-0.089471
-0.091771
-0.093570
-0.094820
-0.095688
-0.096098
-0.096249
-0.096083
-0.095754
-0.095253
-0.094653
-0.094003
-0.093291
-0.092611
-0.091895
-0.091251
-0.090591
-0.090014
-0.089439
-0.088939
-0.088454
-0.088030
-0.087629
-0.087274
-0.086944
-0.086651
-0.086380
-0.086137
-0.085915
-0.085715
-0.085531
-0.085364
-0.085211
-0.085071
-0.084942
-0.084823
-0.084712
-0.084609
-0.084513
-0.084423
-0.084337
-0.084258
-0.084178
-0.084108
-0.084030
-0.083972
-0.083886
-0.083847
-0.083740
-0.083734
-0.083584
-0.083638
-0.083406
-0.083565
-0.083196
-0.083521
-0.082942
-0.083510
-0.082636
-0.083536
-0.082275
-0.083592
-0.081861
-0.083670
-0.081400
0.021566
0.001921
0.018806
0.003411
0.015852
0.004343
0.012809
0.004565
0.009712
0.003937
0.006493
0.002351
0.002981
-0.000285
-0.001072
-0.004074
-0.005952
-0.009135
-0.011945
-0.015603
-0.019288
-0.023579
-0.028113
-0.033066
-0.038366
-0.043876
-0.049734
-0.055547
-0.061589
-0.067308
-0.073025
-0.078173
-0.083028
-0.087168
-0.090766
-0.093648
-0.095862
-0.097493
-0.098473
-0.099062
-0.099127
-0.098971
-0.098471
-0.097859
-0.097083
-0.096244
-0.095385
-0.094482
-0.093651
-0.092785
-0.092033
-0.091260
-0.090603
-0.089943
-0.089384
-0.088835
-0.088366
-0.087918
-0.087528
-0.087165
-0.086843
-0.086548
-0.086283
-0.086042
-0.085824
-0.085625
-0.085443
-0.085277
-0.085125
-0.084984
-0.084854
-0.084733
-0.084620
-0.084514
-0.084414
-0.084318
-0.084229
-0.084138
-0.084059
-0.083967
-0.083903
-0.083800
-0.083758
-0.083626
-0.083628
-0.083435
-0.083517
-0.083214
-0.083434
-0.082948
-0.083389
-0.082623
-0.083387
-0.082228
-0.083431
-0.081760
-0.083514
-0.081223
-0.083623
-0.080626
0.031566
0.002639
0.027458
0.004854
0.023327
0.006493
0.019296
0.007355
0.015426
0.007260
0.011654
0.006077
0.007782
0.003711
0.003508
0.000070
-0.001527
-0.004969
-0.007692
-0.011556
-0.015309
-0.019839
-0.024597
-0.029879
-0.035581
-0.041545
-0.047993
-0.054390
-0.061179
-0.067576
-0.074101
-0.079931
-0.085507
-0.090213
-0.094306
-0.097535
-0.099953
-0.101682
-0.102600
-0.103077
-0.102895
-0.102489
-0.101654
-0.100726
-0.099607
-0.098447
-0.097289
-0.096098
-0.095031
-0.093933
-0.093008
-0.092059
-0.091282
-0.090497
-0.089855
-0.089223
-0.088697
-0.088193
-0.087764
-0.087363
-0.087015
-0.086693
-0.086409
-0.086149
-0.085916
-0.085702
-0.085509
-0.085331
-0.085168
-0.085017
-0.084877
-0.084746
-0.084624
-0.084508
-0.084400
-0.084294
-0.084196
-0.084095
-0.084008
-0.083903
-0.083832
-0.083712
-0.083669
-0.083511
-0.083521
-0.083287
-0.083396
-0.083024
-0.083305
-0.082703
-0.083259
-0.082308
-0.083266
-0.081825
-0.083328
-0.081252
-0.083438
-0.080594
-0.083577
-0.079861
0.041697
0.003364
0.036223
0.006316
0.030908
0.008682
0.025891
0.010211
0.021257
0.010674
0.016945
0.009912
0.012717
0.007815
0.008198
0.004276
0.002925
-0.000861
-0.003590
-0.007808
-0.011800
-0.016791
-0.022041
-0.027948
-0.034412
-0.041175
-0.048618
-0.055936
-0.063830
-0.071138
-0.078665
-0.085202
-0.091437
-0.096465
-0.100721
-0.103842
-0.105954
-0.107255
-0.107581
-0.107502
-0.106662
-0.105727
-0.104323
-0.102968
-0.101434
-0.099956
-0.098531
-0.097114
-0.095887
-0.094628
-0.093611
-0.092548
-0.091715
-0.090851
-0.090171
-0.089483
-0.088929
-0.088387
-0.087937
-0.087509
-0.087143
-0.086803
-0.086505
-0.086231
-0.085986
-0.085761
-0.085558
-0.085371
-0.085199
-0.085039
-0.084891
-0.084752
-0.084622
-0.084498
-0.084381
-0.084266
-0.084160
-0.084049
-0.083955
-0.083838
-0.083761
-0.083625
-0.083580
-0.083397
-0.083416
-0.083141
-0.083277
-0.082836
-0.083178
-0.082462
-0.083131
-0.081998
-0.083147
-0.081430
-0.083228
-0.080753
-0.083364
-0.079976
-0.083534
-0.079110
0.051911
0.004095
0.045059
0.007797
0.038564
0.010913
0.032581
0.013147
0.027223
0.014228
0.022436
0.013978
0.017963
0.012294
0.013376
0.009076
0.008139
0.004171
0.001673
-0.002665
-0.006586
-0.011732
-0.017109
-0.023290
-0.030145
-0.037371
-0.045530
-0.053544
-0.062466
-0.070677
-0.079403
-0.086917
-0.094257
-0.100118
-0.105116
-0.108736
-0.111115
-0.112543
-0.112732
-0.112488
-0.111261
-0.109984
-0.108095
-0.106323
-0.104320
-0.102426
-0.100612
-0.098827
-0.097314
-0.095763
-0.094551
-0.093275
-0.092318
-0.091309
-0.090553
-0.089773
-0.089173
-0.088575
-0.088096
-0.087635
-0.087250
-0.086890
-0.086579
-0.086292
-0.086037
-0.085803
-0.085592
-0.085397
-0.085218
-0.085051
-0.084896
-0.084750
-0.084613
-0.084482
-0.084358
-0.084235
-0.084122
-0.084001
-0.083900
-0.083772
-0.083689
-0.083538
-0.083491
-0.083285
-0.083311
-0.082997
-0.083160
-0.082652
-0.083053
-0.082226
-0.083007
-0.081695
-0.083032
-0.081042
-0.083131
-0.080265
-0.083293
-0.079371
-0.083492
-0.078376
0.062150
0.004826
0.053916
0.009287
0.046248
0.013166
0.039313
0.016123
0.033249
0.017839
0.028001
0.018105
0.023274
0.016799
0.018556
0.013796
0.013191
0.008886
0.006442
0.001723
-0.002444
-0.008138
-0.014133
-0.021117
-0.029034
-0.037366
-0.047021
-0.056396
-0.067080
-0.076709
-0.087088
-0.095708
-0.104102
-0.110364
-0.115489
-0.118699
-0.120337
-0.120812
-0.119794
-0.118476
-0.116020
-0.113843
-0.110985
-0.108577
-0.105944
-0.103645
-0.101491
-0.099459
-0.097797
-0.096093
-0.094833
-0.093462
-0.092498
-0.091429
-0.090677
-0.089860
-0.089262
-0.088642
-0.088162
-0.087687
-0.087300
-0.086931
-0.086616
-0.086322
-0.086063
-0.085824
-0.085608
-0.085408
-0.085225
-0.085053
-0.084893
-0.084741
-0.084598
-0.084460
-0.084330
-0.084200
-0.084081
-0.083952
-0.083844
-0.083705
-0.083618
-0.083451
-0.083404
-0.083174
-0.083209
-0.082856
-0.083046
-0.082472
-0.082932
-0.081995
-0.082886
-0.081399
-0.082920
-0.080666
-0.083038
-0.079790
-0.083225
-0.078783
-0.083454
-0.077662
0.072353
0.005558
0.062745
0.010783
0.053926
0.015447
0.046078
0.019167
0.039370
0.021591
0.033766
0.022500
0.028958
0.021788
0.024397
0.019356
0.019364
0.015004
0.013031
0.008352
0.004517
-0.001155
-0.007044
-0.014144
-0.022334
-0.031053
-0.041526
-0.051680
-0.063789
-0.074618
-0.086832
-0.096897
-0.107036
-0.114556
-0.120792
-0.124702
-0.126638
-0.127238
-0.125924
-0.124364
-0.121313
-0.118709
-0.115182
-0.112277
-0.109042
-0.106251
-0.103629
-0.101163
-0.099179
-0.097131
-0.095672
-0.094053
-0.092977
-0.091746
-0.090935
-0.090021
-0.089395
-0.088721
-0.088228
-0.087726
-0.087332
-0.086951
-0.086632
-0.086333
-0.086071
-0.085828
-0.085610
-0.085407
-0.085220
-0.085044
-0.084880
-0.084725
-0.084577
-0.084434
-0.084299
-0.084162
-0.084037
-0.083900
-0.083787
-0.083639
-0.083547
-0.083366
-0.083318
-0.083066
-0.083109
-0.082719
-0.082935
-0.082298
-0.082815
-0.081772
-0.082769
-0.081113
-0.082813
-0.080301
-0.082948
-0.079331
-0.083160
-0.078214
-0.083417
-0.076971
0.082454
0.006283
0.071484
0.012272
0.061536
0.017723
0.052801
0.022212
0.045472
0.025343
0.039517
0.026869
0.034592
0.026665
0.030060
0.024599
0.025065
0.020392
0.018584
0.013518
0.009474
0.003186
-0.003446
-0.011545
-0.021193
-0.031433
-0.044171
-0.056400
-0.071413
-0.084609
-0.099740
-0.111752
-0.123773
-0.131885
-0.138199
-0.141072
-0.141408
-0.139987
-0.136311
-0.132714
-0.127431
-0.123319
-0.118163
-0.114346
-0.110157
-0.106888
-0.103837
-0.101142
-0.099047
-0.096891
-0.095468
-0.093797
-0.092800
-0.091544
-0.090806
-0.089881
-0.089306
-0.088631
-0.088169
-0.087669
-0.087293
-0.086915
-0.086605
-0.086308
-0.086052
-0.085810
-0.085593
-0.085390
-0.085202
-0.085026
-0.084860
-0.084701
-0.084550
-0.084403
-0.084264
-0.084122
-0.083992
-0.083848
-0.083730
-0.083572
-0.083476
-0.083282
-0.083234
-0.082961
-0.083013
-0.082587
-0.082828
-0.082130
-0.082701
-0.081558
-0.082656
-0.080838
-0.082709
-0.079950
-0.082863
-0.078889
-0.083098
-0.077667
-0.083383
-0.076306
0.092383
0.007001
0.080079
0.013753
0.069043
0.020007
0.059479
0.025306
0.051618
0.029230
0.045459
0.031542
0.040665
0.032152
0.036589
0.030984
0.032342
0.027800
0.026836
0.022058
0.018795
0.012836
0.006772
-0.001116
-0.010698
-0.021077
-0.034628
-0.047630
-0.064608
-0.079411
-0.097452
-0.111723
-0.126619
-0.136713
-0.144661
-0.148412
-0.148875
-0.147414
-0.143052
-0.139074
-0.132873
-0.128302
-0.122274
-0.117974
-0.113079
-0.109326
-0.105772
-0.102631
-0.100223
-0.097699
-0.096110
-0.094169
-0.093100
-0.091669
-0.090909
-0.089885
-0.089311
-0.088587
-0.088134
-0.087615
-0.087248
-0.086865
-0.086564
-0.086268
-0.086016
-0.085777
-0.085563
-0.085362
-0.085175
-0.084999
-0.084832
-0.084672
-0.084519
-0.084369
-0.084226
-0.084080
-0.083945
-0.083796
-0.083673
-0.083507
-0.083407
-0.083200
-0.083153
-0.082859
-0.082919
-0.082459
-0.082725
-0.081969
-0.082593
-0.081352
-0.082549
-0.080575
-0.082611
-0.079614
-0.082781
-0.078466
-0.083040
-0.077143
-0.083352
-0.075671
0.102064
0.007702
0.088459
0.015205
0.076371
0.022251
0.066012
0.028346
0.057641
0.033037
0.051267
0.036065
0.046522
0.037328
0.042680
0.036719
0.038711
0.033917
0.033304
0.028195
0.024855
0.018293
0.011445
0.002416
-0.009032
-0.021442
-0.038315
-0.054535
-0.076356
-0.095367
-0.118860
-0.137005
-0.155587
-0.166791
-0.174768
-0.176125
-0.173221
-0.167485
-0.158616
-0.150802
-0.140698
-0.133672
-0.125025
-0.119501
-0.113216
-0.108986
-0.104913
-0.101645
-0.099203
-0.096678
-0.095254
-0.093343
-0.092474
-0.091074
-0.090479
-0.089483
-0.089023
-0.088323
-0.087941
-0.087443
-0.087119
-0.086752
-0.086475
-0.086191
-0.085954
-0.085723
-0.085517
-0.085320
-0.085137
-0.084963
-0.084797
-0.084637
-0.084483
-0.084331
-0.084185
-0.084036
-0.083898
-0.083743
-0.083616
-0.083443
-0.083340
-0.083122
-0.083074
-0.082762
-0.082830
-0.082337
-0.082627
-0.081815
-0.082490
-0.081156
-0.082447
-0.080325
-0.082518
-0.079296
-0.082705
-0.078064
-0.082986
-0.076646
-0.083323
-0.075067
0.111422
0.008388
0.096565
0.016632
0.083486
0.024474
0.072409
0.031404
0.063640
0.036958
0.057235
0.040907
0.052866
0.043222
0.049836
0.043897
0.047140
0.042714
0.043470
0.038995
0.037133
0.031380
0.025917
0.017686
0.007061
-0.004925
-0.022299
-0.039051
-0.063526
-0.084702
-0.113075
-0.135142
-0.158833
-0.173427
-0.183736
-0.185820
-0.182137
-0.175574
-0.165063
-0.156579
-0.145039
-0.137692
-0.127996
-0.122237
-0.115241
-0.110720
-0.106209
-0.102601
-0.099932
-0.097081
-0.095576
-0.093407
-0.092538
-0.090966
-0.090406
-0.089314
-0.088896
-0.088153
-0.087808
-0.087298
-0.087002
-0.086638
-0.086381
-0.086105
-0.085881
-0.085658
-0.085460
-0.085269
-0.085091
-0.084920
-0.084757
-0.084597
-0.084444
-0.084291
-0.084144
-0.083992
-0.083851
-0.083691
-0.083561
-0.083381
-0.083276
-0.083046
-0.082999
-0.082669
-0.082745
-0.082222
-0.082534
-0.081670
-0.082393
-0.080972
-0.082352
-0.080089
-0.082431
-0.078995
-0.082633
-0.077685
-0.082936
-0.076177
-0.083297
-0.074498
0.120373
0.009046
0.104319
0.018002
0.090297
0.026613
0.078542
0.034339
0.069390
0.040694
0.062916
0.045440
0.058778
0.048552
0.056221
0.050019
0.054121
0.049561
0.050962
0.046324
0.044702
0.038543
0.032524
0.023226
0.010594
-0.003887
-0.025713
-0.047393
-0.079829
-0.108804
-0.147982
-0.178643
-0.210124
-0.227243
-0.237469
-0.234003
-0.222908
-0.207050
-0.187996
-0.172390
-0.154374
-0.143270
-0.129687
-0.122516
-0.113675
-0.108890
-0.103821
-0.100347
-0.097778
-0.095122
-0.093954
-0.091938
-0.091419
-0.089952
-0.089666
-0.088645
-0.088413
-0.087722
-0.087492
-0.087021
-0.086792
-0.086457
-0.086239
-0.085984
-0.085783
-0.085574
-0.085390
-0.085208
-0.085038
-0.084871
-0.084712
-0.084555
-0.084402
-0.084249
-0.084101
-0.083947
-0.083804
-0.083641
-0.083508
-0.083321
-0.083214
-0.082975
-0.082929
-0.082582
-0.082665
-0.082114
-0.082446
-0.081534
-0.082302
-0.080799
-0.082262
-0.079868
-0.082350
-0.078714
-0.082566
-0.077332
-0.082889
-0.075739
-0.083273
-0.073967
0.128843
0.009676
0.111662
0.019324
0.096775
0.028695
0.084433
0.037244
0.075025
0.044495
0.068693
0.050266
0.065168
0.054643
0.063787
0.057783
0.063539
0.059611
0.063031
0.059458
0.060279
0.055605
0.052276
0.044739
0.034421
0.021493
0.000259
-0.021164
-0.056897
-0.088749
-0.136826
-0.175463
-0.217218
-0.241063
-0.254464
-0.250020
-0.234809
-0.215255
-0.192328
-0.175498
-0.155275
-0.144460
-0.129774
-0.123107
-0.113741
-0.109190
-0.103904
-0.100386
-0.097780
-0.094941
-0.093838
-0.091623
-0.091210
-0.089594
-0.089416
-0.088310
-0.088166
-0.087441
-0.087276
-0.086802
-0.086618
-0.086294
-0.086106
-0.085865
-0.085684
-0.085487
-0.085315
-0.085142
-0.084980
-0.084819
-0.084664
-0.084510
-0.084359
-0.084206
-0.084058
-0.083903
-0.083758
-0.083592
-0.083457
-0.083265
-0.083156
-0.082908
-0.082862
-0.082500
-0.082591
-0.082014
-0.082366
-0.081408
-0.082218
-0.080639
-0.082180
-0.079664
-0.082275
-0.078454
-0.082505
-0.077005
-0.082847
-0.075335
-0.083251
-0.073476
0.136745
0.010266
0.118512
0.020561
0.102821
0.030642
0.089932
0.039949
0.080269
0.047992
0.074005
0.054601
0.070881
0.059895
0.070213
0.064066
0.070929
0.067054
0.071523
0.068112
0.069771
0.065194
0.062109
0.054059
0.042515
0.027105
0.001129
-0.027305
-0.075335
-0.121763
-0.192977
-0.252803
-0.312180
-0.342429
-0.355255
-0.337198
-0.303810
-0.262885
-0.223615
-0.194093
-0.163980
-0.148189
-0.128542
-0.120826
-0.109449
-0.105269
-0.099560
-0.096669
-0.094370
-0.092028
-0.091456
-0.089559
-0.089646
-0.088219
-0.088417
-0.087426
-0.087532
-0.086883
-0.086871
-0.086449
-0.086354
-0.086067
-0.085931
-0.085716
-0.085564
-0.085385
-0.085231
-0.085070
-0.084918
-0.084764
-0.084614
-0.084464
-0.084315
-0.084164
-0.084017
-0.083860
-0.083715
-0.083546
-0.083409
-0.083212
-0.083102
-0.082846
-0.082801
-0.082426
-0.082522
-0.081921
-0.082291
-0.081293
-0.082141
-0.080493
-0.082104
-0.079477
-0.082206
-0.078217
-0.082450
-0.076705
-0.082808
-0.074964
-0.083232
-0.073026
0.144007
0.010816
0.124815
0.021721
0.108410
0.032487
0.095071
0.042559
0.085282
0.051473
0.079297
0.059137
0.076967
0.065822
0.077759
0.071960
0.080828
0.077824
0.084974
0.083077
0.088319
0.086071
0.087505
0.082663
0.076071
0.064289
0.041848
0.015627
-0.035191
-0.085106
-0.174758
-0.254021
-0.337692
-0.384256
-0.400715
-0.373487
-0.324380
-0.270105
-0.222130
-0.190789
-0.157620
-0.143889
-0.123442
-0.117818
-0.106399
-0.103443
-0.097914
-0.095506
-0.093448
-0.091175
-0.090850
-0.088865
-0.089174
-0.087644
-0.088021
-0.086965
-0.087202
-0.086528
-0.086605
-0.086186
-0.086150
-0.085877
-0.085779
-0.085580
-0.085453
-0.085288
-0.085150
-0.084998
-0.084856
-0.084710
-0.084565
-0.084419
-0.084273
-0.084124
-0.083977
-0.083820
-0.083674
-0.083503
-0.083365
-0.083163
-0.083052
-0.082789
-0.082745
-0.082357
-0.082460
-0.081838
-0.082224
-0.081188
-0.082071
-0.080361
-0.082036
-0.079309
-0.082145
-0.078002
-0.082400
-0.076436
-0.082774
-0.074631
-0.083215
-0.072621
0.150547
0.011312
0.130489
0.022766
0.113441
0.034146
0.099691
0.044887
0.089761
0.054530
0.083945
0.063008
0.082129
0.070653
0.083809
0.077998
0.088177
0.085448
0.094096
0.092807
0.099776
0.098467
0.101795
0.097804
0.092696
0.079939
0.055731
0.021602
-0.044555
-0.120676
-0.266164
-0.403973
-0.530433
-0.594278
-0.608765
-0.544987
-0.444062
-0.335766
-0.255955
-0.204777
-0.158944
-0.141034
-0.116033
-0.111113
-0.098345
-0.097015
-0.091510
-0.090446
-0.088968
-0.087554
-0.087928
-0.086429
-0.087342
-0.086074
-0.086891
-0.085980
-0.086504
-0.085918
-0.086168
-0.085806
-0.085870
-0.085637
-0.085595
-0.085425
-0.085330
-0.085184
-0.085064
-0.084926
-0.084794
-0.084655
-0.084517
-0.084375
-0.084233
-0.084085
-0.083939
-0.083783
-0.083636
-0.083463
-0.083324
-0.083120
-0.083008
-0.082738
-0.082695
-0.082297
-0.082405
-0.081764
-0.082165
-0.081096
-0.082010
-0.080244
-0.081976
-0.079160
-0.082091
-0.077813
-0.082356
-0.076197
-0.082744
-0.074335
-0.083200
-0.072263
0.156302
0.011755
0.135488
0.023706
0.117895
0.035652
0.103829
0.047043
0.093869
0.057453
0.088400
0.066905
0.087432
0.075906
0.090662
0.085277
0.097604
0.095874
0.107631
0.108181
0.119720
0.121546
0.131473
0.132492
0.136372
0.130617
0.116688
0.088945
0.026301
-0.054345
-0.247098
-0.439611
-0.632568
-0.745172
-0.759820
-0.651213
-0.493285
-0.339555
-0.240655
-0.189235
-0.140286
-0.128500
-0.103817
-0.103622
-0.091639
-0.092915
-0.088080
-0.088163
-0.087200
-0.086160
-0.086933
-0.085482
-0.086699
-0.085387
-0.086426
-0.085475
-0.086150
-0.085549
-0.085898
-0.085543
-0.085669
-0.085452
-0.085448
-0.085294
-0.085224
-0.085092
-0.084988
-0.084859
-0.084737
-0.084606
-0.084473
-0.084335
-0.084196
-0.084050
-0.083905
-0.083749
-0.083603
-0.083429
-0.083289
-0.083081
-0.082969
-0.082694
-0.082652
-0.082244
-0.082357
-0.081699
-0.082113
-0.081016
-0.081956
-0.080142
-0.081924
-0.079030
-0.082044
-0.077648
-0.082318
-0.075990
-0.082718
-0.074079
-0.083188
-0.071952
0.161201
0.012131
0.139742
0.024503
0.121681
0.036925
0.107335
0.048846
0.097318
0.059850
0.092056
0.069999
0.091611
0.079879
0.095751
0.090455
0.104124
0.102836
0.116385
0.117926
0.132087
0.135772
0.149863
0.153876
0.164426
0.162175
0.156817
0.126808
0.060705
-0.065138
-0.412768
-0.773455
-1.061281
-1.217153
-1.243911
-1.044436
-0.720320
-0.409024
-0.246845
-0.178056
-0.121009
-0.112513
-0.087187
-0.091545
-0.079965
-0.084546
-0.080407
-0.082518
-0.082361
-0.082442
-0.083971
-0.083098
-0.084920
-0.083898
-0.085361
-0.084560
-0.085508
-0.084992
-0.085503
-0.085202
-0.085420
-0.085239
-0.085287
-0.085158
-0.085117
-0.085002
-0.084914
-0.084797
-0.084685
-0.084560
-0.084433
-0.084299
-0.084163
-0.084019
-0.083876
-0.083720
-0.083574
-0.083399
-0.083258
-0.083048
-0.082935
-0.082656
-0.082615
-0.082199
-0.082317
-0.081645
-0.082070
-0.080948
-0.081911
-0.080057
-0.081880
-0.078922
-0.082004
-0.077510
-0.082286
-0.075816
-0.082696
-0.073864
-0.083178
-0.071691
0.165194
0.012443
0.143214
0.025166
0.124786
0.037994
0.110244
0.050391
0.100248
0.061973
0.095301
0.072882
0.095583
0.083862
0.101059
0.096156
0.111721
0.111345
0.127838
0.131158
0.150075
0.157101
0.179099
0.189300
0.213250
0.221966
0.238707
0.223774
0.186520
0.043670
-0.379620
-0.668241
-0.833486
-0.998877
-1.171866
-1.094583
-0.790038
-0.414544
-0.206743
-0.145097
-0.087554
-0.091693
-0.068935
-0.080891
-0.070970
-0.079281
-0.076122
-0.079825
-0.080290
-0.080940
-0.082895
-0.082166
-0.084288
-0.083271
-0.084942
-0.084123
-0.085207
-0.084685
-0.085283
-0.084987
-0.085259
-0.085090
-0.085171
-0.085055
-0.085034
-0.084930
-0.084855
-0.084746
-0.084641
-0.084522
-0.084400
-0.084269
-0.084136
-0.083994
-0.083851
-0.083696
-0.083550
-0.083374
-0.083233
-0.083022
-0.082908
-0.082625
-0.082585
-0.082163
-0.082284
-0.081601
-0.082034
-0.080894
-0.081875
-0.079988
-0.081845
-0.078834
-0.081973
-0.077398
-0.082261
-0.075676
-0.082679
-0.073690
-0.083170
-0.071480
0.168230
0.012679
0.145851
0.025666
0.127141
0.038797
0.112438
0.051535
0.102429
0.063509
0.097651
0.074894
0.098330
0.086504
0.104510
0.099719
0.116345
0.116391
0.134483
0.138793
0.160488
0.169622
0.197125
0.211758
0.247590
0.265994
0.309337
0.315939
0.341627
0.231741
-0.154872
-0.376402
-0.523680
-0.638358
-0.805466
-0.727281
-0.515312
-0.259340
-0.108971
-0.086699
-0.044349
-0.065418
-0.047260
-0.067359
-0.059182
-0.071587
-0.069401
-0.075182
-0.076390
-0.078072
-0.080629
-0.080395
-0.082972
-0.082190
-0.084174
-0.083470
-0.084752
-0.084292
-0.085006
-0.084749
-0.085087
-0.084943
-0.085061
-0.084962
-0.084961
-0.084869
-0.084805
-0.084704
-0.084606
-0.084492
-0.084374
-0.084246
-0.084114
-0.083974
-0.083832
-0.083677
-0.083531
-0.083355
-0.083214
-0.083001
-0.082888
-0.082602
-0.082563
-0.082136
-0.082259
-0.081568
-0.082008
-0.080853
-0.081848
-0.079936
-0.081819
-0.078768
-0.081949
-0.077314
-0.082242
-0.075570
-0.082666
-0.073559
-0.083164
-0.071321
0.170275
0.012839
0.147631
0.026010
0.128736
0.039353
0.113941
0.052343
0.103957
0.064629
0.099367
0.076433
0.100470
0.088665
0.107433
0.102879
0.120645
0.121242
0.141207
0.146623
0.171616
0.182922
0.216739
0.235676
0.284922
0.312241
0.387266
0.415299
0.521918
0.475632
-0.015343
-0.386211
-0.604078
-0.619637
-0.667697
-0.459048
-0.283629
-0.139887
-0.022077
-0.044966
-0.009611
-0.047685
-0.031958
-0.059306
-0.052325
-0.067827
-0.066310
-0.073339
-0.074960
-0.077088
-0.079919
-0.079812
-0.082577
-0.081813
-0.083923
-0.083215
-0.084579
-0.084117
-0.084882
-0.084629
-0.084997
-0.084861
-0.084997
-0.084906
-0.084916
-0.084830
-0.084773
-0.084676
-0.084583
-0.084471
-0.084356
-0.084230
-0.084100
-0.083960
-0.083820
-0.083665
-0.083519
-0.083343
-0.083202
-0.082988
-0.082874
-0.082587
-0.082547
-0.082118
-0.082242
-0.081546
-0.081990
-0.080825
-0.081829
-0.079901
-0.081801
-0.078724
-0.081933
-0.077258
-0.082229
-0.075499
-0.082657
-0.073472
-0.083160
-0.071215
0.171304
0.012920
0.148525
0.026180
0.129536
0.039627
0.114688
0.052736
0.104704
0.065159
0.100179
0.077132
0.101431
0.089594
0.108662
0.104158
0.122337
0.123108
0.143744
0.149579
0.175872
0.188112
0.224901
0.245994
0.302909
0.335962
0.431990
0.480222
0.640424
0.686256
0.214977
-0.211542
-0.464636
-0.487366
-0.581462
-0.454415
-0.387147
-0.161815
0.027020
-0.033699
0.012172
-0.038925
-0.021838
-0.054071
-0.047243
-0.064798
-0.063586
-0.071547
-0.073445
-0.076005
-0.079063
-0.079155
-0.082089
-0.081416
-0.083642
-0.082978
-0.084414
-0.083975
-0.084782
-0.084543
-0.084935
-0.084808
-0.084957
-0.084872
-0.084890
-0.084808
-0.084755
-0.084661
-0.084570
-0.084461
-0.084347
-0.084222
-0.084092
-0.083953
-0.083813
-0.083658
-0.083513
-0.083336
-0.083195
-0.082981
-0.082867
-0.082579
-0.082540
-0.082108
-0.082234
-0.081535
-0.081981
-0.080811
-0.081820
-0.079884
-0.081792
-0.078701
-0.081925
-0.077230
-0.082222
-0.075464
-0.082653
-0.073428
-0.083158
-0.071162
0.171304
0.012920
0.148525
0.026180
0.129536
0.039627
0.114688
0.052736
0.104704
0.065159
0.100179
0.077132
0.101431
0.089594
0.108662
0.104158
0.122337
0.123108
0.143744
0.149579
0.175872
0.188112
0.224901
0.245994
0.302909
0.335962
0.431990
0.480222
0.640424
0.686256
0.214977
-0.211542
-0.464636
-0.487366
-0.581462
-0.454415
-0.387147
-0.161815
0.027020
-0.033699
0.012172
-0.038925
-0.021838
-0.054071
-0.047243
-0.064798
-0.063586
-0.071547
-0.073445
-0.076005
-0.079063
-0.079155
-0.082089
-0.081416
-0.083642
-0.082978
-0.084414
-0.083975
-0.084782
-0.084543
-0.084935
-0.084808
-0.084957
-0.084872
-0.084890
-0.084808
-0.084755
-0.084661
-0.084570
-0.084461
-0.084347
-0.084222
-0.084092
-0.083953
-0.083813
-0.083658
-0.083513
-0.083336
-0.083195
-0.082981
-0.082867
-0.082579
-0.082540
-0.082108
-0.082234
-0.081535
-0.081981
-0.080811
-0.081820
-0.079884
-0.081792
-0.078701
-0.081925
-0.077230
-0.082222
-0.075464
-0.082653
-0.073428
-0.083158
-0.071162
0.170275
0.012839
0.147631
0.026010
0.128736
0.039353
0.113941
0.052343
0.103957
0.064629
0.099367
0.076433
0.100470
0.088665
0.107433
0.102879
0.120645
0.121242
0.141207
0.146623
0.171616
0.182922
0.216739
0.235676
0.284922
0.312241
0.387266
0.415299
0.521918
0.475632
-0.015343
-0.386211
-0.604078
-0.619637
-0.667697
-0.459048
-0.283629
-0.139887
-0.022077
-0.044966
-0.009611
-0.047685
-0.031958
-0.059306
-0.052325
-0.067827
-0.066310
-0.073339
-0.074960
-0.077088
-0.079919
-0.079812
-0.082577
-0.081813
-0.083923
-0.083215
-0.084579
-0.084117
-0.084882
-0.084629
-0.084997
-0.084861
-0.084997
-0.084906
-0.084916
-0.084830
-0.084773
-0.084676
-0.084583
-0.084471
-0.084356
-0.084230
-0.084100
-0.083960
-0.083820
-0.083665
-0.083519
-0.083343
-0.083202
-0.082988
-0.082874
-0.082587
-0.082547
-0.082118
-0.082242
-0.081546
-0.081990
-0.080825
-0.081829
-0.079901
-0.081801
-0.078724
-0.081933
-0.077258
-0.082229
-0.075499
-0.082657
-0.073472
-0.083160
-0.071215
0.168230
0.012679
0.145851
0.025666
0.127141
0.038797
0.112438
0.051535
0.102429
0.063509
0.097651
0.074894
0.098330
0.086504
0.104510
0.099719
0.116345
0.116391
0.134483
0.138793
0.160488
0.169622
0.197125
0.211758
0.247590
0.265994
0.309337
0.315939
0.341627
0.231741
-0.154872
-0.376402
-0.523680
-0.638358
-0.805466
-0.727281
-0.515312
-0.259340
-0.108971
-0.086699
-0.044349
-0.065418
-0.047260
-0.067359
-0.059182
-0.071587
-0.069401
-0.075182
-0.076390
-0.078072
-0.080629
-0.080395
-0.082972
-0.082190
-0.084174
-0.083470
-0.084752
-0.084292
-0.085006
-0.084749
-0.085087
-0.084943
-0.085061
-0.084962
-0.084961
-0.084869
-0.084805
-0.084704
-0.084606
-0.084492
-0.084374
-0.084246
-0.084114
-0.083974
-0.083832
-0.083677
-0.083531
-0.083355
-0.083214
-0.083001
-0.082888
-0.082602
-0.082563
-0.082136
-0.082259
-0.081568
-0.082008
-0.080853
-0.081848
-0.079936
-0.081819
-0.078768
-0.081949
-0.077314
-0.082242
-0.075570
-0.082666
-0.073559
-0.083164
-0.071321
0.165194
0.012443
0.143214
0.025166
0.124786
0.037994
0.110244
0.050391
0.100248
0.061973
0.095301
0.072882
0.095583
0.083862
0.101059
0.096156
0.111721
0.111345
0.127838
0.131158
0.150075
0.157101
0.179099
0.189300
0.213250
0.221966
0.238707
0.223774
0.186520
0.043670
-0.379620
-0.668241
-0.833486
-0.998877
-1.171866
-1.094583
-0.790038
-0.414544
-0.206743
-0.145097
-0.087554
-0.091693
-0.068935
-0.080891
-0.070970
-0.079281
-0.076122
-0.079825
-0.080290
-0.080940
-0.082895
-0.082166
-0.084288
-0.083271
-0.084942
-0.084123
-0.085207
-0.084685
-0.085283
-0.084987
-0.085259
-0.085090
-0.085171
-0.085055
-0.085034
-0.084930
-0.084855
-0.084746
-0.084641
-0.084522
-0.084400
-0.084269
-0.084136
-0.083994
-0.083851
-0.083696
-0.083550
-0.083374
-0.083233
-0.083022
-0.082908
-0.082625
-0.082585
-0.082163
-0.082284
-0.081601
-0.082034
-0.080894
-0.081875
-0.079988
-0.081845
-0.078834
-0.081973
-0.077398
-0.082261
-0.075676
-0.082679
-0.073690
-0.083170
-0.071480
0.161201
0.012131
0.139742
0.024503
0.121681
0.036925
0.107335
0.048846
0.097318
0.059850
0.092056
0.069999
0.091611
0.079879
0.095751
0.090455
0.104124
0.102836
0.116385
0.117926
0.132087
0.135772
0.149863
0.153876
0.164426
0.162175
0.156817
0.126808
0.060705
-0.065138
-0.412768
-0.773455
-1.061281
-1.217153
-1.243911
-1.044436
-0.720320
-0.409024
-0.246845
-0.178056
-0.121009
-0.112513
-0.087187
-0.091545
-0.079965
-0.084546
-0.080407
-0.082518
-0.082361
-0.082442
-0.083971
-0.083098
-0.084920
-0.083898
-0.085361
-0.084560
-0.085508
-0.084992
-0.085503
-0.085202
-0.085420
-0.085239
-0.085287
-0.085158
-0.085117
-0.085002
-0.084914
-0.084797
-0.084685
-0.084560
-0.084433
-0.084299
-0.084163
-0.084019
-0.083876
-0.083720
-0.083574
-0.083399
-0.083258
-0.083048
-0.082935
-0.082656
-0.082615
-0.082199
-0.082317
-0.081645
-0.082070
-0.080948
-0.081911
-0.080057
-0.081880
-0.078922
-0.082004
-0.077510
-0.082286
-0.075816
-0.082696
-0.073864
-0.083178
-0.071691
0.156302
0.011755
0.135488
0.023706
0.117895
0.035652
0.103829
0.047043
0.093869
0.057453
0.088400
0.066905
0.087432
0.075906
0.090662
0.085277
0.097604
0.095874
0.107631
0.108181
0.119720
0.121546
0.131473
0.132492
0.136372
0.130617
0.116688
0.088945
0.026301
-0.054345
-0.247098
-0.439611
-0.632568
-0.745172
-0.759820
-0.651213
-0.493285
-0.339555
-0.240655
-0.189235
-0.140286
-0.128500
-0.103817
-0.103622
-0.091639
-0.092915
-0.088080
-0.088163
-0.087200
-0.086160
-0.086933
-0.085482
-0.086699
-0.085387
-0.086426
-0.085475
-0.086150
-0.085549
-0.085898
-0.085543
-0.085669
-0.085452
-0.085448
-0.085294
-0.085224
-0.085092
-0.084988
-0.084859
-0.084737
-0.084606
-0.084473
-0.084335
-0.084196
-0.084050
-0.083905
-0.083749
-0.083603
-0.083429
-0.083289
-0.083081
-0.082969
-0.082694
-0.082652
-0.082244
-0.082357
-0.081699
-0.082113
-0.081016
-0.081956
-0.080142
-0.081924
-0.079030
-0.082044
-0.077648
-0.082318
-0.075990
-0.082718
-0.074079
-0.083188
-0.071952
0.150547
0.011312
0.130489
0.022766
0.113441
0.034146
0.099691
0.044887
0.089761
0.054530
0.083945
0.063008
0.082129
0.070653
0.083809
0.077998
0.088177
0.085448
0.094096
0.092807
0.099776
0.098467
0.101795
0.097804
0.092696
0.079939
0.055731
0.021602
-0.044555
-0.120676
-0.266164
-0.403973
-0.530433
-0.594278
-0.608765
-0.544987
-0.444062
-0.335766
-0.255955
-0.204777
-0.158944
-0.141034
-0.116033
-0.111113
-0.098345
-0.097015
-0.091510
-0.090446
-0.088968
-0.087554
-0.087928
-0.086429
-0.087342
-0.086074
-0.086891
-0.085980
-0.086504
-0.085918
-0.086168
-0.085806
-0.085870
-0.085637
-0.085595
-0.085425
-0.085330
-0.085184
-0.085064
-0.084926
-0.084794
-0.084655
-0.084517
-0.084375
-0.084233
-0.084085
-0.083939
-0.083783
-0.083636
-0.083463
-0.083324
-0.083120
-0.083008
-0.082738
-0.082695
-0.082297
-0.082405
-0.081764
-0.082165
-0.081096
-0.082010
-0.080244
-0.081976
-0.079160
-0.082091
-0.077813
-0.082356
-0.076197
-0.082744
-0.074335
-0.083200
-0.072263
0.144007
0.010816
0.124815
0.021721
0.108410
0.032487
0.095071
0.042559
0.085282
0.051473
0.079297
0.059137
0.076967
0.065822
0.077759
0.071960
0.080828
0.077824
0.084974
0.083077
0.088319
0.086071
0.087505
0.082663
0.076071
0.064289
0.041848
0.015627
-0.035191
-0.085106
-0.174758
-0.254021
-0.337692
-0.384256
-0.400715
-0.373487
-0.324380
-0.270105
-0.222130
-0.190789
-0.157620
-0.143889
-0.123442
-0.117818
-0.106399
-0.103443
-0.097914
-0.095506
-0.093448
-0.091175
-0.090850
-0.088865
-0.089174
-0.087644
-0.088021
-0.086965
-0.087202
-0.086528
-0.086605
-0.086186
-0.086150
-0.085877
-0.085779
-0.085580
-0.085453
-0.085288
-0.085150
-0.084998
-0.084856
-0.084710
-0.084565
-0.084419
-0.084273
-0.084124
-0.083977
-0.083820
-0.083674
-0.083503
-0.083365
-0.083163
-0.083052
-0.082789
-0.082745
-0.082357
-0.082460
-0.081838
-0.082224
-0.081188
-0.082071
-0.080361
-0.082036
-0.079309
-0.082145
-0.078002
-0.082400
-0.076436
-0.082774
-0.074631
-0.083215
-0.072621
0.136745
0.010266
0.118512
0.020561
0.102821
0.030642
0.089932
0.039949
0.080269
0.047992
0.074005
0.054601
0.070881
0.059895
0.070213
0.064066
0.070929
0.067054
0.071523
0.068112
0.069771
0.065194
0.062109
0.054059
0.042515
0.027105
0.001129
-0.027305
-0.075335
-0.121763
-0.192977
-0.252803
-0.312180
-0.342429
-0.355255
-0.337198
-0.303810
-0.262885
-0.223615
-0.194093
-0.163980
-0.148189
-0.128542
-0.120826
-0.109449
-0.105269
-0.099560
-0.096669
-0.094370
-0.092028
-0.091456
-0.089559
-0.089646
-0.088219
-0.088417
-0.087426
-0.087532
-0.086882
-0.086871
-0.086449
-0.086354
-0.086067
-0.085931
-0.085716
-0.085564
-0.085385
-0.085231
-0.085070
-0.084918
-0.084764
-0.084614
-0.084464
-0.084315
-0.084164
-0.084017
-0.083860
-0.083715
-0.083546
-0.083409
-0.083212
-0.083102
-0.082846
-0.082801
-0.082426
-0.082522
-0.081921
-0.082291
-0.081293
-0.082141
-0.080493
-0.082104
-0.079477
-0.082206
-0.078217
-0.082450
-0.076705
-0.082808
-0.074964
-0.083232
-0.073026
0.128843
0.009676
0.111662
0.019324
0.096775
0.028695
0.084433
0.037244
0.075025
0.044495
0.068693
0.050266
0.065168
0.054643
0.063787
0.057783
0.063539
0.059611
0.063031
0.059458
0.060279
0.055605
0.052276
0.044739
0.034421
0.021493
0.000259
-0.021164
-0.056897
-0.088749
-0.136826
-0.175463
-0.217218
-0.241063
-0.254464
-0.250020
-0.234809
-0.215255
-0.192328
-0.175498
-0.155275
-0.144460
-0.129774
-0.123107
-0.113741
-0.109190
-0.103904
-0.100386
-0.097780
-0.094941
-0.093838
-0.091623
-0.091210
-0.089594
-0.089416
-0.088310
-0.088166
-0.087441
-0.087276
-0.086802
-0.086618
-0.086294
-0.086106
-0.085865
-0.085684
-0.085487
-0.085315
-0.085142
-0.084980
-0.084819
-0.084664
-0.084510
-0.084359
-0.084206
-0.084058
-0.083903
-0.083758
-0.083592
-0.083457
-0.083265
-0.083156
-0.082908
-0.082862
-0.082500
-0.082591
-0.082014
-0.082366
-0.081408
-0.082218
-0.080639
-0.082180
-0.079664
-0.082275
-0.078454
-0.082505
-0.077005
-0.082847
-0.075335
-0.083251
-0.073476
0.120373
0.009046
0.104319
0.018002
0.090297
0.026613
0.078542
0.034339
0.069390
0.040694
0.062916
0.045440
0.058778
0.048552
0.056221
0.050019
0.054121
0.049561
0.050962
0.046324
0.044702
0.038543
0.032524
0.023226
0.010594
-0.003887
-0.025713
-0.047393
-0.079829
-0.108804
-0.147982
-0.178643
-0.210124
-0.227243
-0.237469
-0.234003
-0.222908
-0.207050
-0.187996
-0.172390
-0.154374
-0.143270
-0.129687
-0.122516
-0.113675
-0.108890
-0.103821
-0.100347
-0.097778
-0.095122
-0.093954
-0.091938
-0.091419
-0.089952
-0.089666
-0.088645
-0.088413
-0.087722
-0.087492
-0.087021
-0.086792
-0.086457
-0.086239
-0.085984
-0.085783
-0.085574
-0.085390
-0.085208
-0.085038
-0.084871
-0.084712
-0.084555
-0.084402
-0.084249
-0.084101
-0.083947
-0.083804
-0.083641
-0.083508
-0.083321
-0.083214
-0.082975
-0.082929
-0.082582
-0.082665
-0.082114
-0.082446
-0.081534
-0.082302
-0.080799
-0.082262
-0.079868
-0.082350
-0.078714
-0.082566
-0.077332
-0.082889
-0.075739
-0.083273
-0.073967
0.111422
0.008388
0.096565
0.016632
0.083486
0.024474
0.072409
0.031404
0.063640
0.036958
0.057235
0.040907
0.052866
0.043222
0.049836
0.043897
0.047140
0.042714
0.043470
0.038995
0.037133
0.031380
0.025917
0.017686
0.007061
-0.004925
-0.022299
-0.039051
-0.063526
-0.084702
-0.113075
-0.135142
-0.158833
-0.173427
-0.183736
-0.185820
-0.182137
-0.175574
-0.165063
-0.156579
-0.145039
-0.137692
-0.127996
-0.122237
-0.115241
-0.110720
-0.106209
-0.102601
-0.099932
-0.097081
-0.095576
-0.093407
-0.092538
-0.090966
-0.090406
-0.089314
-0.088896
-0.088153
-0.087808
-0.087298
-0.087002
-0.086638
-0.086381
-0.086105
-0.085881
-0.085658
-0.085460
-0.085269
-0.085091
-0.084920
-0.084757
-0.084597
-0.084444
-0.084291
-0.084144
-0.083992
-0.083851
-0.083691
-0.083561
-0.083381
-0.083276
-0.083046
-0.082999
-0.082669
-0.082745
-0.082222
-0.082534
-0.081670
-0.082393
-0.080972
-0.082352
-0.080089
-0.082431
-0.078995
-0.082633
-0.077685
-0.082936
-0.076177
-0.083297
-0.074498
0.102064
0.007702
0.088459
0.015205
0.076371
0.022251
0.066012
0.028346
0.057641
0.033037
0.051267
0.036065
0.046522
0.037328
0.042680
0.036719
0.038711
0.033917
0.033304
0.028195
0.024855
0.018293
0.011445
0.002416
-0.009032
-0.021442
-0.038315
-0.054535
-0.076356
-0.095367
-0.118860
-0.137005
-0.155587
-0.166791
-0.174768
-0.176125
-0.173221
-0.167485
-0.158616
-0.150802
-0.140698
-0.133672
-0.125025
-0.119501
-0.113216
-0.108986
-0.104913
-0.101645
-0.099203
-0.096678
-0.095254
-0.093343
-0.092474
-0.091074
-0.090479
-0.089483
-0.089023
-0.088323
-0.087941
-0.087443
-0.087119
-0.086752
-0.086475
-0.086191
-0.085954
-0.085723
-0.085517
-0.085320
-0.085137
-0.084963
-0.084797
-0.084637
-0.084483
-0.084331
-0.084185
-0.084036
-0.083898
-0.083743
-0.083616
-0.083443
-0.083340
-0.083122
-0.083074
-0.082762
-0.082830
-0.082337
-0.082627
-0.081815
-0.082490
-0.081156
-0.082447
-0.080325
-0.082518
-0.079296
-0.082705
-0.078064
-0.082986
-0.076646
-0.083323
-0.075067
0.092383
0.007001
0.080079
0.013753
0.069043
0.020007
0.059479
0.025306
0.051618
0.029230
0.045459
0.031542
0.040665
0.032152
0.036589
0.030984
0.032342
0.027800
0.026836
0.022058
0.018795
0.012836
0.006772
-0.001116
-0.010698
-0.021077
-0.034628
-0.047630
-0.064608
-0.079411
-0.097452
-0.111723
-0.126619
-0.136713
-0.144661
-0.148412
-0.148875
-0.147414
-0.143052
-0.139074
-0.132873
-0.128302
-0.122274
-0.117974
-0.113079
-0.109326
-0.105772
-0.102631
-0.100223
-0.097699
-0.096110
-0.094169
-0.093100
-0.091669
-0.090909
-0.089885
-0.089311
-0.088587
-0.088134
-0.087615
-0.087248
-0.086865
-0.086564
-0.086268
-0.086016
-0.085777
-0.085563
-0.085362
-0.085175
-0.084999
-0.084832
-0.084672
-0.084519
-0.084369
-0.084226
-0.084080
-0.083945
-0.083796
-0.083673
-0.083507
-0.083407
-0.083200
-0.083153
-0.082859
-0.082919
-0.082459
-0.082725
-0.081969
-0.082593
-0.081352
-0.082549
-0.080575
-0.082611
-0.079614
-0.082781
-0.078466
-0.083040
-0.077143
-0.083352
-0.075671
0.082454
0.006283
0.071484
0.012272
0.061536
0.017723
0.052801
0.022212
0.045472
0.025343
0.039517
0.026869
0.034592
0.026665
0.030060
0.024599
0.025065
0.020392
0.018584
0.013518
0.009474
0.003186
-0.003446
-0.011545
-0.021193
-0.031433
-0.044171
-0.056400
-0.071413
-0.084609
-0.099740
-0.111752
-0.123773
-0.131885
-0.138199
-0.141072
-0.141408
-0.139987
-0.136311
-0.132714
-0.127431
-0.123319
-0.118163
-0.114346
-0.110157
-0.106888
-0.103837
-0.101142
-0.099047
-0.096891
-0.095468
-0.093797
-0.092800
-0.091544
-0.090806
-0.089881
-0.089306
-0.088631
-0.088169
-0.087669
-0.087293
-0.086915
-0.086605
-0.086308
-0.086052
-0.085810
-0.085593
-0.085390
-0.085202
-0.085026
-0.084860
-0.084701
-0.084550
-0.084403
-0.084264
-0.084122
-0.083992
-0.083848
-0.083730
-0.083572
-0.083476
-0.083282
-0.083234
-0.082961
-0.083013
-0.082587
-0.082828
-0.082130
-0.082701
-0.081558
-0.082656
-0.080838
-0.082709
-0.079950
-0.082863
-0.078889
-0.083098
-0.077667
-0.083383
-0.076306
0.072353
0.005558
0.062745
0.010783
0.053926
0.015447
0.046078
0.019167
0.039370
0.021591
0.033766
0.022500
0.028958
0.021788
0.024397
0.019356
0.019364
0.015004
0.013031
0.008352
0.004517
-0.001155
-0.007044
-0.014144
-0.022334
-0.031053
-0.041526
-0.051680
-0.063789
-0.074618
-0.086832
-0.096897
-0.107036
-0.114556
-0.120792
-0.124702
-0.126638
-0.127238
-0.125924
-0.124364
-0.121313
-0.118709
-0.115182
-0.112277
-0.109042
-0.106251
-0.103629
-0.101163
-0.099179
-0.097131
-0.095672
-0.094053
-0.092977
-0.091746
-0.090935
-0.090021
-0.089395
-0.088721
-0.088228
-0.087726
-0.087332
-0.086951
-0.086632
-0.086333
-0.086071
-0.085828
-0.085610
-0.085407
-0.085220
-0.085044
-0.084880
-0.084725
-0.084577
-0.084434
-0.084299
-0.084162
-0.084037
-0.083900
-0.083787
-0.083639
-0.083547
-0.083366
-0.083318
-0.083066
-0.083109
-0.082719
-0.082935
-0.082298
-0.082815
-0.081772
-0.082769
-0.081113
-0.082813
-0.080301
-0.082948
-0.079331
-0.083160
-0.078214
-0.083417
-0.076971
0.062150
0.004826
0.053916
0.009287
0.046248
0.013166
0.039313
0.016123
0.033249
0.017839
0.028001
0.018105
0.023274
0.016799
0.018556
0.013796
0.013191
0.008886
0.006442
0.001723
-0.002444
-0.008138
-0.014133
-0.021117
-0.029034
-0.037366
-0.047021
-0.056396
-0.067080
-0.076709
-0.087088
-0.095708
-0.104102
-0.110364
-0.115489
-0.118699
-0.120337
-0.120812
-0.119794
-0.118476
-0.116020
-0.113843
-0.110985
-0.108577
-0.105944
-0.103645
-0.101491
-0.099459
-0.097797
-0.096093
-0.094833
-0.093462
-0.092498
-0.091429
-0.090677
-0.089860
-0.089262
-0.088642
-0.088162
-0.087687
-0.087300
-0.086931
-0.086616
-0.086322
-0.086063
-0.085824
-0.085608
-0.085408
-0.085225
-0.085053
-0.084893
-0.084741
-0.084598
-0.084460
-0.084330
-0.084200
-0.084081
-0.083952
-0.083844
-0.083705
-0.083618
-0.083451
-0.083404
-0.083174
-0.083209
-0.082856
-0.083046
-0.082472
-0.082932
-0.081995
-0.082886
-0.081399
-0.082920
-0.080666
-0.083038
-0.079790
-0.083225
-0.078783
-0.083454
-0.077662
0.051911
0.004095
0.045059
0.007797
0.038564
0.010913
0.032581
0.013147
0.027223
0.014228
0.022436
0.013978
0.017963
0.012294
0.013376
0.009076
0.008139
0.004171
0.001673
-0.002665
-0.006586
-0.011732
-0.017109
-0.023290
-0.030145
-0.037371
-0.045530
-0.053544
-0.062466
-0.070677
-0.079403
-0.086917
-0.094257
-0.100118
-0.105116
-0.108736
-0.111115
-0.112543
-0.112732
-0.112488
-0.111261
-0.109984
-0.108095
-0.106323
-0.104320
-0.102426
-0.100612
-0.098827
-0.097314
-0.095763
-0.094551
-0.093275
-0.092318
-0.091309
-0.090553
-0.089773
-0.089173
-0.088575
-0.088096
-0.087635
-0.087250
-0.086890
-0.086579
-0.086292
-0.086037
-0.085803
-0.085592
-0.085397
-0.085218
-0.085051
-0.084896
-0.084750
-0.084613
-0.084482
-0.084358
-0.084235
-0.084122
-0.084001
-0.083900
-0.083772
-0.083689
-0.083538
-0.083491
-0.083285
-0.083311
-0.082997
-0.083160
-0.082652
-0.083053
-0.082226
-0.083006
-0.081695
-0.083032
-0.081042
-0.083131
-0.080265
-0.083293
-0.079371
-0.083492
-0.078376
0.041697
0.003364
0.036223
0.006316
0.030908
0.008682
0.025891
0.010211
0.021257
0.010674
0.016945
0.009912
0.012717
0.007815
0.008198
0.004276
0.002925
-0.000861
-0.003590
-0.007808
-0.011800
-0.016791
-0.022041
-0.027948
-0.034412
-0.041175
-0.048618
-0.055936
-0.063830
-0.071138
-0.078665
-0.085202
-0.091437
-0.096465
-0.100721
-0.103842
-0.105954
-0.107255
-0.107581
-0.107502
-0.106662
-0.105727
-0.104323
-0.102968
-0.101434
-0.099956
-0.098531
-0.097114
-0.095887
-0.094628
-0.093611
-0.092548
-0.091715
-0.090851
-0.090171
-0.089483
-0.088929
-0.088387
-0.087937
-0.087509
-0.087143
-0.086803
-0.086505
-0.086231
-0.085986
-0.085761
-0.085558
-0.085371
-0.085199
-0.085039
-0.084891
-0.084752
-0.084622
-0.084498
-0.084381
-0.084266
-0.084160
-0.084049
-0.083955
-0.083838
-0.083761
-0.083625
-0.083580
-0.083397
-0.083416
-0.083141
-0.083277
-0.082836
-0.083178
-0.082462
-0.083131
-0.081998
-0.083147
-0.081430
-0.083228
-0.080753
-0.083364
-0.079976
-0.083534
-0.079110
0.031566
0.002639
0.027458
0.004854
0.023327
0.006493
0.019296
0.007355
0.015426
0.007260
0.011654
0.006077
0.007782
0.003711
0.003508
0.000070
-0.001527
-0.004969
-0.007692
-0.011556
-0.015309
-0.019839
-0.024597
-0.029879
-0.035581
-0.041545
-0.047993
-0.054390
-0.061179
-0.067576
-0.074101
-0.079931
-0.085507
-0.090213
-0.094306
-0.097535
-0.099953
-0.101682
-0.102600
-0.103077
-0.102895
-0.102489
-0.101654
-0.100726
-0.099607
-0.098447
-0.097289
-0.096098
-0.095031
-0.093933
-0.093008
-0.092059
-0.091282
-0.090497
-0.089855
-0.089223
-0.088697
-0.088193
-0.087764
-0.087363
-0.087015
-0.086693
-0.086409
-0.086149
-0.085916
-0.085702
-0.085509
-0.085331
-0.085168
-0.085017
-0.084877
-0.084746
-0.084624
-0.084508
-0.084400
-0.084294
-0.084196
-0.084095
-0.084008
-0.083903
-0.083832
-0.083712
-0.083669
-0.083511
-0.083521
-0.083287
-0.083396
-0.083024
-0.083305
-0.082703
-0.083259
-0.082308
-0.083266
-0.081825
-0.083328
-0.081252
-0.083438
-0.080594
-0.083577
-0.079861
0.021566
0.001921
0.018806
0.003411
0.015852
0.004343
0.012809
0.004565
0.009712
0.003937
0.006493
0.002351
0.002981
-0.000285
-0.001072
-0.004074
-0.005952
-0.009135
-0.011945
-0.015603
-0.019288
-0.023579
-0.028113
-0.033066
-0.038366
-0.043876
-0.049734
-0.055547
-0.061589
-0.067308
-0.073025
-0.078173
-0.083028
-0.087168
-0.090766
-0.093648
-0.095862
-0.097493
-0.098473
-0.099062
-0.099127
-0.098971
-0.098471
-0.097859
-0.097083
-0.096244
-0.095385
-0.094482
-0.093651
-0.092785
-0.092033
-0.091260
-0.090603
-0.089943
-0.089384
-0.088835
-0.088366
-0.087918
-0.087528
-0.087165
-0.086843
-0.086548
-0.086283
-0.086042
-0.085824
-0.085625
-0.085443
-0.085277
-0.085125
-0.084984
-0.084854
-0.084733
-0.084620
-0.084514
-0.084414
-0.084318
-0.084229
-0.084138
-0.084059
-0.083967
-0.083903
-0.083800
-0.083758
-0.083626
-0.083628
-0.083435
-0.083517
-0.083214
-0.083434
-0.082948
-0.083389
-0.082623
-0.083387
-0.082228
-0.083431
-0.081760
-0.083514
-0.081223
-0.083623
-0.080626
0.011743
0.001212
0.010307
0.001996
0.008519
0.002246
0.006467
0.001862
0.004161
0.000749
0.001532
-0.001174
-0.001557
-0.003993
-0.005289
-0.007801
-0.009866
-0.012708
-0.015482
-0.018816
-0.022284
-0.026190
-0.030334
-0.034802
-0.039549
-0.044472
-0.049650
-0.054814
-0.060130
-0.065223
-0.070288
-0.074938
-0.079339
-0.083202
-0.086620
-0.089471
-0.091771
-0.093570
-0.094820
-0.095688
-0.096098
-0.096249
-0.096083
-0.095754
-0.095253
-0.094653
-0.094003
-0.093291
-0.092611
-0.091895
-0.091251
-0.090591
-0.090014
-0.089439
-0.088939
-0.088454
-0.088030
-0.087629
-0.087274
-0.086944
-0.086651
-0.086380
-0.086137
-0.085915
-0.085715
-0.085531
-0.085364
-0.085211
-0.085071
-0.084942
-0.084823
-0.084712
-0.084609
-0.084513
-0.084423
-0.084337
-0.084258
-0.084178
-0.084108
-0.084030
-0.083972
-0.083886
-0.083847
-0.083740
-0.083734
-0.083584
-0.083638
-0.083406
-0.083565
-0.083196
-0.083521
-0.082942
-0.083510
-0.082636
-0.083536
-0.082275
-0.083592
-0.081861
-0.083670
-0.081400
0.002138
0.000515
0.001994
0.000608
0.001353
0.000202
0.000282
-0.000761
-0.001233
-0.002330
-0.003266
-0.004566
-0.005926
-0.007552
-0.009343
-0.011394
-0.013654
-0.016202
-0.018983
-0.022073
-0.025412
-0.029052
-0.032947
-0.037087
-0.041468
-0.045986
-0.050689
-0.055378
-0.060146
-0.064727
-0.069232
-0.073394
-0.077308
-0.080776
-0.083855
-0.086462
-0.088609
-0.090330
-0.091602
-0.092538
-0.093099
-0.093421
-0.093477
-0.093371
-0.093110
-0.092744
-0.092314
-0.091817
-0.091321
-0.090785
-0.090286
-0.089767
-0.089299
-0.088830
-0.088410
-0.088002
-0.087637
-0.087291
-0.086980
-0.086690
-0.086428
-0.086187
-0.085969
-0.085770
-0.085588
-0.085422
-0.085271
-0.085133
-0.085006
-0.084890
-0.084783
-0.084684
-0.084593
-0.084507
-0.084428
-0.084353
-0.084284
-0.084216
-0.084155
-0.084090
-0.084040
-0.083972
-0.083935
-0.083855
-0.083841
-0.083733
-0.083761
-0.083600
-0.083697
-0.083446
-0.083654
-0.083264
-0.083636
-0.083048
-0.083643
-0.082795
-0.083673
-0.082505
-0.083720
-0.082182
-0.007215
-0.000169
-0.006103
-0.000746
-0.005621
-0.001784
-0.005721
-0.003293
-0.006445
-0.005279
-0.007866
-0.007782
-0.010066
-0.010882
-0.013119
-0.014688
-0.017092
-0.019310
-0.022040
-0.024837
-0.027982
-0.031298
-0.034881
-0.038638
-0.042605
-0.046680
-0.050900
-0.055116
-0.059380
-0.063508
-0.067559
-0.071349
-0.074926
-0.078154
-0.081056
-0.083571
-0.085701
-0.087463
-0.088842
-0.089908
-0.090646
-0.091143
-0.091395
-0.091475
-0.091400
-0.091208
-0.090939
-0.090595
-0.090231
-0.089823
-0.089429
-0.089016
-0.088631
-0.088245
-0.087892
-0.087548
-0.087235
-0.086938
-0.086668
-0.086416
-0.086187
-0.085976
-0.085784
-0.085607
-0.085447
-0.085300
-0.085166
-0.085044
-0.084932
-0.084829
-0.084735
-0.084649
-0.084569
-0.084496
-0.084428
-0.084364
-0.084306
-0.084250
-0.084199
-0.084148
-0.084105
-0.084055
-0.084021
-0.083968
-0.083947
-0.083882
-0.083883
-0.083793
-0.083829
-0.083697
-0.083788
-0.083587
-0.083762
-0.083461
-0.083751
-0.083316
-0.083755
-0.083151
-0.083771
-0.082968
-0.016287
-0.000838
-0.013958
-0.002065
-0.012381
-0.003710
-0.011531
-0.005735
-0.011473
-0.008110
-0.012285
-0.010855
-0.014023
-0.014052
-0.016714
-0.017820
-0.020367
-0.022281
-0.024979
-0.027524
-0.030521
-0.033577
-0.036920
-0.040378
-0.044029
-0.047759
-0.051602
-0.055436
-0.059290
-0.063029
-0.066679
-0.070111
-0.073346
-0.076288
-0.078948
-0.081282
-0.083292
-0.084987
-0.086361
-0.087462
-0.088285
-0.088892
-0.089284
-0.089515
-0.089602
-0.089574
-0.089463
-0.089275
-0.089052
-0.088781
-0.088504
-0.088203
-0.087912
-0.087615
-0.087335
-0.087060
-0.086805
-0.086560
-0.086335
-0.086123
-0.085929
-0.085748
-0.085584
-0.085432
-0.085294
-0.085167
-0.085051
-0.084946
-0.084850
-0.084762
-0.084682
-0.084608
-0.084541
-0.084480
-0.084424
-0.084373
-0.084325
-0.084282
-0.084241
-0.084204
-0.084169
-0.084138
-0.084107
-0.084081
-0.084053
-0.084031
-0.084005
-0.083987
-0.083961
-0.083947
-0.083923
-0.083911
-0.083889
-0.083875
-0.083860
-0.083839
-0.083838
-0.083799
-0.083825
-0.083755
-0.025052
-0.001491
-0.021551
-0.003348
-0.018912
-0.005572
-0.017134
-0.008085
-0.016306
-0.010817
-0.016510
-0.013772
-0.017776
-0.017033
-0.020085
-0.020728
-0.023389
-0.024989
-0.027630
-0.029909
-0.032735
-0.035517
-0.038605
-0.041755
-0.045086
-0.048474
-0.051956
-0.055434
-0.058921
-0.062319
-0.065635
-0.068779
-0.071753
-0.074490
-0.076987
-0.079213
-0.081161
-0.082838
-0.084238
-0.085391
-0.086299
-0.087002
-0.087511
-0.087861
-0.088072
-0.088169
-0.088178
-0.088108
-0.087993
-0.087827
-0.087644
-0.087433
-0.087221
-0.086999
-0.086784
-0.086569
-0.086366
-0.086171
-0.085988
-0.085815
-0.085655
-0.085506
-0.085369
-0.085243
-0.085127
-0.085021
-0.084925
-0.084837
-0.084757
-0.084685
-0.084619
-0.084560
-0.084506
-0.084458
-0.084414
-0.084375
-0.084339
-0.084309
-0.084279
-0.084256
-0.084230
-0.084217
-0.084190
-0.084191
-0.084156
-0.084177
-0.084124
-0.084178
-0.084092
-0.084196
-0.084056
-0.084232
-0.084015
-0.084287
-0.083969
-0.084358
-0.083922
-0.084444
-0.083878
-0.084539
-0.033489
-0.002127
-0.028861
-0.004590
-0.025198
-0.007367
-0.022519
-0.010340
-0.020939
-0.013404
-0.020544
-0.016546
-0.021343
-0.019854
-0.023274
-0.023472
-0.026241
-0.027545
-0.030137
-0.032175
-0.034855
-0.037396
-0.040270
-0.043158
-0.046224
-0.049324
-0.052507
-0.055680
-0.058855
-0.061953
-0.064972
-0.067845
-0.070568
-0.073090
-0.075405
-0.077489
-0.079338
-0.080952
-0.082331
-0.083493
-0.084444
-0.085211
-0.085805
-0.086253
-0.086572
-0.086780
-0.086901
-0.086943
-0.086933
-0.086870
-0.086779
-0.086658
-0.086524
-0.086376
-0.086226
-0.086072
-0.085922
-0.085775
-0.085635
-0.085501
-0.085375
-0.085258
-0.085149
-0.085048
-0.084956
-0.084872
-0.084795
-0.084725
-0.084662
-0.084606
-0.084555
-0.084510
-0.084469
-0.084434
-0.084403
-0.084377
-0.084353
-0.084335
-0.084316
-0.084309
-0.084291
-0.084297
-0.084273
-0.084300
-0.084259
-0.084323
-0.084245
-0.084369
-0.084224
-0.084444
-0.084191
-0.084552
-0.084143
-0.084697
-0.084080
-0.084876
-0.084008
-0.085085
-0.083934
-0.085318
-0.041583
-0.002745
-0.035879
-0.005793
-0.031230
-0.009099
-0.027682
-0.012505
-0.025371
-0.015873
-0.024390
-0.019180
-0.024726
-0.022516
-0.026277
-0.026040
-0.028900
-0.029912
-0.032447
-0.034245
-0.036775
-0.039080
-0.041742
-0.044378
-0.047190
-0.050019
-0.052924
-0.055820
-0.058716
-0.061550
-0.064315
-0.066960
-0.069476
-0.071824
-0.073996
-0.075973
-0.077746
-0.079317
-0.080682
-0.081856
-0.082841
-0.083659
-0.084318
-0.084841
-0.085242
-0.085537
-0.085745
-0.085876
-0.085950
-0.085971
-0.085957
-0.085910
-0.085845
-0.085762
-0.085670
-0.085571
-0.085470
-0.085368
-0.085269
-0.085173
-0.085081
-0.084995
-0.084914
-0.084839
-0.084770
-0.084708
-0.084651
-0.084600
-0.084554
-0.084514
-0.084479
-0.084448
-0.084422
-0.084401
-0.084382
-0.084370
-0.084358
-0.084354
-0.084346
-0.084353
-0.084344
-0.084369
-0.084349
-0.084404
-0.084356
-0.084463
-0.084359
-0.084554
-0.084350
-0.084685
-0.084321
-0.084865
-0.084267
-0.085099
-0.084188
-0.085385
-0.084091
-0.085717
-0.083989
-0.086087
-0.049318
-0.003342
-0.042586
-0.006949
-0.036993
-0.010756
-0.032608
-0.014569
-0.029592
-0.018219
-0.028040
-0.021671
-0.027923
-0.025022
-0.029102
-0.028449
-0.031393
-0.032127
-0.034609
-0.036185
-0.038579
-0.040672
-0.043147
-0.045560
-0.048151
-0.050743
-0.053408
-0.056061
-0.058714
-0.061313
-0.063851
-0.066287
-0.068610
-0.070791
-0.072820
-0.074682
-0.076369
-0.077881
-0.079215
-0.080381
-0.081382
-0.082232
-0.082941
-0.083524
-0.083995
-0.084365
-0.084651
-0.084861
-0.085013
-0.085111
-0.085169
-0.085193
-0.085192
-0.085170
-0.085134
-0.085086
-0.085033
-0.084975
-0.084915
-0.084855
-0.084797
-0.084741
-0.084688
-0.084638
-0.084593
-0.084551
-0.084514
-0.084482
-0.084454
-0.084430
-0.084409
-0.084394
-0.084381
-0.084373
-0.084368
-0.084368
-0.084368
-0.084378
-0.084380
-0.084403
-0.084402
-0.084445
-0.084430
-0.084511
-0.084458
-0.084606
-0.084478
-0.084741
-0.084480
-0.084928
-0.084454
-0.085179
-0.084394
-0.085500
-0.084299
-0.085890
-0.084179
-0.086343
-0.084048
-0.086848
-0.056690
-0.003921
-0.048984
-0.008068
-0.042493
-0.012353
-0.037308
-0.016548
-0.033614
-0.020459
-0.031513
-0.024039
-0.030955
-0.027395
-0.031771
-0.030718
-0.033737
-0.034203
-0.036629
-0.037991
-0.040254
-0.042144
-0.044442
-0.046644
-0.049029
-0.051403
-0.053848
-0.056281
-0.058716
-0.061106
-0.063444
-0.065696
-0.067852
-0.069888
-0.071794
-0.073555
-0.075167
-0.076626
-0.077929
-0.079083
-0.080091
-0.080963
-0.081707
-0.082335
-0.082857
-0.083286
-0.083633
-0.083908
-0.084122
-0.084284
-0.084404
-0.084488
-0.084544
-0.084575
-0.084590
-0.084590
-0.084580
-0.084563
-0.084541
-0.084516
-0.084489
-0.084463
-0.084437
-0.084413
-0.084391
-0.084371
-0.084354
-0.084341
-0.084330
-0.084323
-0.084319
-0.084318
-0.084320
-0.084327
-0.084335
-0.084349
-0.084361
-0.084385
-0.084399
-0.084436
-0.084445
-0.084507
-0.084496
-0.084603
-0.084545
-0.084735
-0.084583
-0.084914
-0.084597
-0.085157
-0.084576
-0.085478
-0.084511
-0.085885
-0.084402
-0.086379
-0.084259
-0.086951
-0.084100
-0.087588
-0.063682
-0.004474
-0.055052
-0.009131
-0.047705
-0.013866
-0.041756
-0.018417
-0.037412
-0.022566
-0.034781
-0.026259
-0.033797
-0.029610
-0.034261
-0.032828
-0.035914
-0.036126
-0.038501
-0.039662
-0.041806
-0.043510
-0.045649
-0.047663
-0.049865
-0.052045
-0.054296
-0.056535
-0.058777
-0.060982
-0.063142
-0.065230
-0.067235
-0.069137
-0.070927
-0.072593
-0.074130
-0.075533
-0.076801
-0.077937
-0.078945
-0.079830
-0.080600
-0.081263
-0.081830
-0.082308
-0.082709
-0.083040
-0.083312
-0.083532
-0.083708
-0.083846
-0.083954
-0.084035
-0.084097
-0.084141
-0.084172
-0.084193
-0.084206
-0.084214
-0.084218
-0.084220
-0.084220
-0.084219
-0.084220
-0.084221
-0.084223
-0.084227
-0.084234
-0.084242
-0.084253
-0.084267
-0.084283
-0.084302
-0.084323
-0.084349
-0.084374
-0.084410
-0.084435
-0.084487
-0.084504
-0.084584
-0.084577
-0.084709
-0.084646
-0.084875
-0.084700
-0.085097
-0.084726
-0.085393
-0.084708
-0.085781
-0.084638
-0.086272
-0.084514
-0.086867
-0.084348
-0.087555
-0.084163
-0.088321
-0.070308
-0.005013
-0.060809
-0.010163
-0.052656
-0.015327
-0.045987
-0.020216
-0.041028
-0.024587
-0.037893
-0.028382
-0.036503
-0.031722
-0.036630
-0.034835
-0.037981
-0.037953
-0.040276
-0.041248
-0.043278
-0.044807
-0.046796
-0.048634
-0.050667
-0.052667
-0.054741
-0.056801
-0.058869
-0.060904
-0.062903
-0.064842
-0.066709
-0.068489
-0.070172
-0.071749
-0.073214
-0.074562
-0.075792
-0.076905
-0.077903
-0.078791
-0.079576
-0.080263
-0.080860
-0.081376
-0.081818
-0.082193
-0.082511
-0.082778
-0.083001
-0.083186
-0.083339
-0.083464
-0.083568
-0.083652
-0.083721
-0.083778
-0.083824
-0.083864
-0.083897
-0.083926
-0.083952
-0.083976
-0.083998
-0.084021
-0.084043
-0.084066
-0.084090
-0.084116
-0.084143
-0.084172
-0.084203
-0.084237
-0.084271
-0.084312
-0.084349
-0.084400
-0.084436
-0.084503
-0.084530
-0.084629
-0.084627
-0.084785
-0.084718
-0.084987
-0.084791
-0.085252
-0.084829
-0.085602
-0.084817
-0.086058
-0.084743
-0.086631
-0.084606
-0.087325
-0.084420
-0.088126
-0.084209
-0.089019
-0.076536
-0.005515
-0.066217
-0.011125
-0.057300
-0.016686
-0.049944
-0.021884
-0.044398
-0.026455
-0.040780
-0.030335
-0.038999
-0.033658
-0.038802
-0.036667
-0.039867
-0.039613
-0.041888
-0.042684
-0.044610
-0.045980
-0.047834
-0.049515
-0.051398
-0.053239
-0.055157
-0.057061
-0.058976
-0.060864
-0.062723
-0.064531
-0.066278
-0.067951
-0.069540
-0.071038
-0.072438
-0.073736
-0.074931
-0.076022
-0.077012
-0.077902
-0.078699
-0.079407
-0.080032
-0.080580
-0.081059
-0.081475
-0.081835
-0.082145
-0.082411
-0.082639
-0.082834
-0.082999
-0.083141
-0.083262
-0.083366
-0.083456
-0.083533
-0.083601
-0.083661
-0.083715
-0.083765
-0.083810
-0.083853
-0.083894
-0.083934
-0.083974
-0.084013
-0.084053
-0.084094
-0.084137
-0.084180
-0.084226
-0.084272
-0.084325
-0.084373
-0.084435
-0.084482
-0.084562
-0.084597
-0.084712
-0.084714
-0.084896
-0.084823
-0.085129
-0.084911
-0.085434
-0.084960
-0.085834
-0.084952
-0.086353
-0.084872
-0.087005
-0.084721
-0.087793
-0.084514
-0.088703
-0.084278
-0.089717
-0.082413
-0.006014
-0.071332
-0.012072
-0.061705
-0.018017
-0.053712
-0.023512
-0.047620
-0.028274
-0.043553
-0.032236
-0.041407
-0.035541
-0.040905
-0.038450
-0.041699
-0.041231
-0.043460
-0.044090
-0.045917
-0.047136
-0.048863
-0.050395
-0.052136
-0.053828
-0.055599
-0.057356
-0.059127
-0.060876
-0.062602
-0.064285
-0.065917
-0.067485
-0.068982
-0.070399
-0.071732
-0.072975
-0.074128
-0.075189
-0.076159
-0.077041
-0.077838
-0.078554
-0.079194
-0.079763
-0.080268
-0.080713
-0.081104
-0.081447
-0.081748
-0.082011
-0.082240
-0.082441
-0.082616
-0.082770
-0.082906
-0.083026
-0.083133
-0.083229
-0.083315
-0.083395
-0.083468
-0.083536
-0.083601
-0.083662
-0.083722
-0.083780
-0.083838
-0.083895
-0.083952
-0.084010
-0.084069
-0.084130
-0.084191
-0.084258
-0.084319
-0.084396
-0.084455
-0.084551
-0.084596
-0.084730
-0.084737
-0.084945
-0.084870
-0.085213
-0.084977
-0.085560
-0.085040
-0.086012
-0.085038
-0.086595
-0.084957
-0.087326
-0.084796
-0.088207
-0.084570
-0.089225
-0.084311
-0.090358
-0.087870
-0.006459
-0.076071
-0.012919
-0.065770
-0.019209
-0.057168
-0.024967
-0.050553
-0.029894
-0.046054
-0.033921
-0.043557
-0.037200
-0.042764
-0.040009
-0.043302
-0.042637
-0.044823
-0.045301
-0.047040
-0.048124
-0.049740
-0.051143
-0.052762
-0.054326
-0.055973
-0.057605
-0.059257
-0.060890
-0.062506
-0.064086
-0.065624
-0.067108
-0.068530
-0.069884
-0.071164
-0.072366
-0.073487
-0.074528
-0.075487
-0.076367
-0.077169
-0.077898
-0.078556
-0.079148
-0.079680
-0.080154
-0.080577
-0.080954
-0.081288
-0.081584
-0.081847
-0.082081
-0.082288
-0.082472
-0.082637
-0.082784
-0.082917
-0.083037
-0.083147
-0.083247
-0.083340
-0.083427
-0.083509
-0.083587
-0.083661
-0.083734
-0.083804
-0.083874
-0.083943
-0.084012
-0.084082
-0.084153
-0.084223
-0.084300
-0.084371
-0.084458
-0.084525
-0.084632
-0.084683
-0.084831
-0.084842
-0.085070
-0.084989
-0.085367
-0.085110
-0.085748
-0.085181
-0.086245
-0.085181
-0.086886
-0.085095
-0.087688
-0.084920
-0.088655
-0.084674
-0.089773
-0.084391
-0.091017
-0.093013
-0.006920
-0.080558
-0.013788
-0.069646
-0.020422
-0.060494
-0.026441
-0.053407
-0.031535
-0.048517
-0.035629
-0.045700
-0.038888
-0.044638
-0.041606
-0.044939
-0.044087
-0.046231
-0.046565
-0.048217
-0.049172
-0.050679
-0.051955
-0.053454
-0.054892
-0.056415
-0.057922
-0.059453
-0.060967
-0.062470
-0.063943
-0.065381
-0.066772
-0.068111
-0.069391
-0.070606
-0.071753
-0.072830
-0.073834
-0.074767
-0.075628
-0.076420
-0.077144
-0.077805
-0.078405
-0.078948
-0.079439
-0.079881
-0.080279
-0.080637
-0.080958
-0.081247
-0.081506
-0.081740
-0.081950
-0.082141
-0.082314
-0.082472
-0.082617
-0.082751
-0.082874
-0.082990
-0.083098
-0.083201
-0.083299
-0.083393
-0.083484
-0.083573
-0.083661
-0.083747
-0.083833
-0.083918
-0.084006
-0.084092
-0.084184
-0.084269
-0.084371
-0.084452
-0.084575
-0.084638
-0.084805
-0.084823
-0.085076
-0.084995
-0.085409
-0.085136
-0.085832
-0.085224
-0.086379
-0.085233
-0.087081
-0.085147
-0.087957
-0.084965
-0.089011
-0.084704
-0.090228
-0.084401
-0.091584
-0.097696
-0.007297
-0.084621
-0.014506
-0.073122
-0.021428
-0.063438
-0.027664
-0.055891
-0.032889
-0.050619
-0.037028
-0.047492
-0.040256
-0.046174
-0.042883
-0.046252
-0.045230
-0.047338
-0.047544
-0.049124
-0.049969
-0.051386
-0.052558
-0.053961
-0.055299
-0.056725
-0.058138
-0.059577
-0.061004
-0.062424
-0.063821
-0.065188
-0.066517
-0.067801
-0.069034
-0.070211
-0.071328
-0.072382
-0.073372
-0.074297
-0.075157
-0.075954
-0.076689
-0.077365
-0.077983
-0.078548
-0.079063
-0.079531
-0.079956
-0.080341
-0.080689
-0.081005
-0.081291
-0.081551
-0.081787
-0.082001
-0.082197
-0.082376
-0.082540
-0.082692
-0.082832
-0.082964
-0.083087
-0.083203
-0.083313
-0.083418
-0.083520
-0.083618
-0.083715
-0.083809
-0.083903
-0.083996
-0.084090
-0.084183
-0.084282
-0.084373
-0.084482
-0.084568
-0.084700
-0.084766
-0.084944
-0.084963
-0.085233
-0.085146
-0.085587
-0.085295
-0.086040
-0.085388
-0.086625
-0.085396
-0.087375
-0.085304
-0.088314
-0.085107
-0.089445
-0.084828
-0.090750
-0.084503
-0.092204
-0.102140
-0.007728
-0.088513
-0.015310
-0.076501
-0.022542
-0.066356
-0.029012
-0.058413
-0.034383
-0.052812
-0.038583
-0.049415
-0.041793
-0.047868
-0.044341
-0.047740
-0.046559
-0.048628
-0.048710
-0.050215
-0.050947
-0.052269
-0.053331
-0.054629
-0.055857
-0.057176
-0.058479
-0.059812
-0.061134
-0.062454
-0.063753
-0.065029
-0.066272
-0.067477
-0.068638
-0.069749
-0.070809
-0.071813
-0.072761
-0.073651
-0.074484
-0.075259
-0.075979
-0.076645
-0.077259
-0.077825
-0.078344
-0.078819
-0.079255
-0.079653
-0.080017
-0.080350
-0.080655
-0.080934
-0.081190
-0.081426
-0.081643
-0.081844
-0.082030
-0.082204
-0.082366
-0.082519
-0.082663
-0.082800
-0.082931
-0.083057
-0.083178
-0.083297
-0.083412
-0.083525
-0.083638
-0.083749
-0.083861
-0.083971
-0.084087
-0.084195
-0.084322
-0.084423
-0.084572
-0.084653
-0.084851
-0.084879
-0.085174
-0.085089
-0.085566
-0.085263
-0.086060
-0.085374
-0.086695
-0.085396
-0.087504
-0.085307
-0.088513
-0.085107
-0.089724
-0.084817
-0.091122
-0.084476
-0.092679
-0.106041
-0.008023
-0.091887
-0.015875
-0.079372
-0.023335
-0.068767
-0.029972
-0.060424
-0.035441
-0.054492
-0.039667
-0.050824
-0.042844
-0.049055
-0.045310
-0.048738
-0.047416
-0.049456
-0.049434
-0.050882
-0.051528
-0.052782
-0.053765
-0.054993
-0.056147
-0.057397
-0.058633
-0.059902
-0.061165
-0.062429
-0.063678
-0.064909
-0.066112
-0.067284
-0.068417
-0.069507
-0.070552
-0.071547
-0.072491
-0.073383
-0.074221
-0.075007
-0.075741
-0.076424
-0.077058
-0.077644
-0.078186
-0.078686
-0.079145
-0.079568
-0.079956
-0.080313
-0.080640
-0.080941
-0.081217
-0.081471
-0.081706
-0.081923
-0.082124
-0.082311
-0.082485
-0.082648
-0.082802
-0.082947
-0.083085
-0.083217
-0.083344
-0.083466
-0.083586
-0.083702
-0.083817
-0.083931
-0.084045
-0.084157
-0.084275
-0.084384
-0.084514
-0.084615
-0.084769
-0.084849
-0.085053
-0.085079
-0.085386
-0.085292
-0.085791
-0.085468
-0.086306
-0.085579
-0.086968
-0.085595
-0.087817
-0.085497
-0.088876
-0.085282
-0.090151
-0.084972
-0.091624
-0.084610
-0.093264
-0.109839
-0.008435
-0.095232
-0.016635
-0.082302
-0.024380
-0.071326
-0.031230
-0.062665
-0.036834
-0.056468
-0.041117
-0.052580
-0.044282
-0.050623
-0.046681
-0.050133
-0.048677
-0.050682
-0.050552
-0.051933
-0.052479
-0.053648
-0.054533
-0.055666
-0.056721
-0.057872
-0.059008
-0.060178
-0.061343
-0.062511
-0.063667
-0.064808
-0.065927
-0.067017
-0.068075
-0.069096
-0.070077
-0.071015
-0.071907
-0.072754
-0.073554
-0.074307
-0.075013
-0.075674
-0.076291
-0.076866
-0.077400
-0.077896
-0.078356
-0.078782
-0.079177
-0.079543
-0.079881
-0.080195
-0.080487
-0.080758
-0.081011
-0.081247
-0.081467
-0.081675
-0.081870
-0.082055
-0.082231
-0.082398
-0.082559
-0.082713
-0.082862
-0.083007
-0.083148
-0.083287
-0.083424
-0.083558
-0.083694
-0.083826
-0.083965
-0.084094
-0.084244
-0.084365
-0.084539
-0.084636
-0.084862
-0.084901
-0.085234
-0.085148
-0.085681
-0.085353
-0.086240
-0.085487
-0.086952
-0.085521
-0.087858
-0.085433
-0.088984
-0.085219
-0.090335
-0.084904
-0.091892
-0.084530
-0.093627
-0.112940
-0.008632
-0.097897
-0.017019
-0.084541
-0.024923
-0.073172
-0.031889
-0.064169
-0.037554
-0.057687
-0.041845
-0.053567
-0.044973
-0.051423
-0.047302
-0.050778
-0.049207
-0.051192
-0.050983
-0.052324
-0.052808
-0.053932
-0.054764
-0.055852
-0.056862
-0.057972
-0.059069
-0.060204
-0.061338
-0.062480
-0.063613
-0.064737
-0.065842
-0.066924
-0.067978
-0.068999
-0.069984
-0.070931
-0.071836
-0.072698
-0.073516
-0.074290
-0.075019
-0.075704
-0.076347
-0.076947
-0.077508
-0.078029
-0.078514
-0.078965
-0.079382
-0.079769
-0.080128
-0.080461
-0.080769
-0.081055
-0.081320
-0.081567
-0.081797
-0.082012
-0.082213
-0.082403
-0.082581
-0.082750
-0.082911
-0.083065
-0.083212
-0.083355
-0.083493
-0.083628
-0.083761
-0.083891
-0.084023
-0.084150
-0.084284
-0.084409
-0.084554
-0.084670
-0.084841
-0.084933
-0.085159
-0.085191
-0.085528
-0.085430
-0.085977
-0.085627
-0.086544
-0.085753
-0.087273
-0.085776
-0.088205
-0.085673
-0.089368
-0.085441
-0.090766
-0.085105
-0.092381
-0.084712
-0.094181
-0.116163
-0.009042
-0.100760
-0.017765
-0.087084
-0.025938
-0.075434
-0.033105
-0.066191
-0.038898
-0.059509
-0.043249
-0.055221
-0.046374
-0.052928
-0.048649
-0.052141
-0.050459
-0.052410
-0.052108
-0.053387
-0.053782
-0.054826
-0.055567
-0.056565
-0.057479
-0.058494
-0.059493
-0.060530
-0.061566
-0.062610
-0.063648
-0.064677
-0.065691
-0.066686
-0.067656
-0.068598
-0.069509
-0.070386
-0.071227
-0.072031
-0.072796
-0.073523
-0.074211
-0.074861
-0.075473
-0.076049
-0.076589
-0.077095
-0.077570
-0.078013
-0.078429
-0.078817
-0.079180
-0.079520
-0.079839
-0.080137
-0.080418
-0.080682
-0.080931
-0.081167
-0.081390
-0.081602
-0.081805
-0.081999
-0.082185
-0.082364
-0.082538
-0.082707
-0.082872
-0.083033
-0.083192
-0.083349
-0.083506
-0.083659
-0.083819
-0.083968
-0.084139
-0.084278
-0.084474
-0.084587
-0.084840
-0.084889
-0.085255
-0.085169
-0.085751
-0.085403
-0.086367
-0.085560
-0.087149
-0.085607
-0.088138
-0.085521
-0.089365
-0.085298
-0.090836
-0.084963
-0.092531
-0.084563
-0.094419
-0.118426
-0.009119
-0.102677
-0.017932
-0.088651
-0.026188
-0.076673
-0.033412
-0.067142
-0.039230
-0.060218
-0.043569
-0.055738
-0.046655
-0.053292
-0.048872
-0.052384
-0.050618
-0.052558
-0.052201
-0.053459
-0.053817
-0.054840
-0.055556
-0.056536
-0.057434
-0.058438
-0.059430
-0.060464
-0.061500
-0.062549
-0.063595
-0.064637
-0.065667
-0.066682
-0.067675
-0.068643
-0.069583
-0.070491
-0.071366
-0.072204
-0.073005
-0.073768
-0.074492
-0.075178
-0.075826
-0.076435
-0.077008
-0.077546
-0.078049
-0.078519
-0.078959
-0.079369
-0.079751
-0.080107
-0.080439
-0.080749
-0.081038
-0.081308
-0.081560
-0.081797
-0.082020
-0.082229
-0.082427
-0.082614
-0.082793
-0.082963
-0.083127
-0.083285
-0.083438
-0.083587
-0.083734
-0.083877
-0.084022
-0.084162
-0.084309
-0.084445
-0.084603
-0.084729
-0.084915
-0.085015
-0.085259
-0.085295
-0.085658
-0.085554
-0.086141
-0.085769
-0.086751
-0.085907
-0.087533
-0.085934
-0.088533
-0.085826
-0.089780
-0.085580
-0.091279
-0.085223
-0.093011
-0.084803
-0.094940
-0.121166
-0.009544
-0.105143
-0.018697
-0.090886
-0.027218
-0.078712
-0.034639
-0.069016
-0.040584
-0.061955
-0.044988
-0.057356
-0.048081
-0.054799
-0.050257
-0.053778
-0.051920
-0.053827
-0.053388
-0.054585
-0.054860
-0.055805
-0.056431
-0.057322
-0.058124
-0.059030
-0.059920
-0.060851
-0.061783
-0.062726
-0.063668
-0.064606
-0.065534
-0.066448
-0.067344
-0.068219
-0.069069
-0.069893
-0.070687
-0.071451
-0.072183
-0.072883
-0.073550
-0.074184
-0.074787
-0.075357
-0.075897
-0.076407
-0.076888
-0.077342
-0.077770
-0.078173
-0.078553
-0.078911
-0.079250
-0.079569
-0.079871
-0.080158
-0.080429
-0.080688
-0.080934
-0.081169
-0.081394
-0.081610
-0.081818
-0.082019
-0.082214
-0.082404
-0.082590
-0.082771
-0.082951
-0.083126
-0.083303
-0.083475
-0.083654
-0.083821
-0.084010
-0.084166
-0.084383
-0.084510
-0.084785
-0.084845
-0.085240
-0.085155
-0.085779
-0.085416
-0.086444
-0.085594
-0.087283
-0.085655
-0.088343
-0.085573
-0.089654
-0.085344
-0.091224
-0.084995
-0.093032
-0.084574
-0.095046
-0.122526
-0.009481
-0.106250
-0.018611
-0.091723
-0.027129
-0.079287
-0.034545
-0.069358
-0.040474
-0.062102
-0.044847
-0.057348
-0.047899
-0.054675
-0.050032
-0.053571
-0.051658
-0.053566
-0.053100
-0.054296
-0.054562
-0.055510
-0.056141
-0.057044
-0.057861
-0.058788
-0.059704
-0.060666
-0.061632
-0.062614
-0.063598
-0.064583
-0.065560
-0.066526
-0.067476
-0.068406
-0.069314
-0.070194
-0.071047
-0.071868
-0.072656
-0.073411
-0.074132
-0.074817
-0.075468
-0.076084
-0.076666
-0.077214
-0.077730
-0.078215
-0.078669
-0.079095
-0.079494
-0.079868
-0.080217
-0.080544
-0.080850
-0.081137
-0.081406
-0.081658
-0.081896
-0.082120
-0.082331
-0.082532
-0.082723
-0.082906
-0.083082
-0.083251
-0.083415
-0.083574
-0.083730
-0.083883
-0.084037
-0.084186
-0.084342
-0.084486
-0.084654
-0.084788
-0.084984
-0.085090
-0.085348
-0.085386
-0.085768
-0.085660
-0.086277
-0.085887
-0.086918
-0.086032
-0.087741
-0.086062
-0.088792
-0.085950
-0.090102
-0.085693
-0.091679
-0.085319
-0.093499
-0.084879
-0.095527
-0.124904
-0.009942
-0.108424
-0.019429
-0.093742
-0.028219
-0.081185
-0.035835
-0.071160
-0.041896
-0.063824
-0.046341
-0.058997
-0.049410
-0.056247
-0.051511
-0.055052
-0.053063
-0.054936
-0.054396
-0.055530
-0.055715
-0.056583
-0.057123
-0.057932
-0.058648
-0.059470
-0.060277
-0.061125
-0.061976
-0.062841
-0.063706
-0.064572
-0.065431
-0.066281
-0.067117
-0.067936
-0.068735
-0.069513
-0.070267
-0.070995
-0.071696
-0.072370
-0.073016
-0.073634
-0.074224
-0.074786
-0.075321
-0.075829
-0.076312
-0.076770
-0.077205
-0.077617
-0.078008
-0.078379
-0.078731
-0.079065
-0.079383
-0.079686
-0.079975
-0.080250
-0.080514
-0.080768
-0.081011
-0.081245
-0.081472
-0.081691
-0.081904
-0.082112
-0.082315
-0.082514
-0.082710
-0.082903
-0.083096
-0.083284
-0.083480
-0.083662
-0.083868
-0.084039
-0.084272
-0.084412
-0.084706
-0.084776
-0.085194
-0.085113
-0.085769
-0.085397
-0.086474
-0.085594
-0.087360
-0.085667
-0.088475
-0.085591
-0.089852
-0.085360
-0.091499
-0.085002
-0.093396
-0.084566
-0.095509
-0.125261
-0.009717
-0.108631
-0.019057
-0.093768
-0.027748
-0.081026
-0.035290
-0.070830
-0.041293
-0.063351
-0.045688
-0.058413
-0.048718
-0.055588
-0.050794
-0.054352
-0.052340
-0.054228
-0.053689
-0.054845
-0.055050
-0.055950
-0.056525
-0.057378
-0.058143
-0.059020
-0.059888
-0.060802
-0.061723
-0.062664
-0.063608
-0.064555
-0.065498
-0.066434
-0.067356
-0.068263
-0.069149
-0.070013
-0.070851
-0.071661
-0.072442
-0.073192
-0.073910
-0.074595
-0.075248
-0.075868
-0.076456
-0.077011
-0.077535
-0.078029
-0.078494
-0.078931
-0.079341
-0.079725
-0.080086
-0.080424
-0.080741
-0.081038
-0.081318
-0.081580
-0.081828
-0.082061
-0.082282
-0.082491
-0.082691
-0.082881
-0.083064
-0.083240
-0.083411
-0.083577
-0.083740
-0.083898
-0.084058
-0.084212
-0.084374
-0.084524
-0.084698
-0.084836
-0.085039
-0.085149
-0.085415
-0.085455
-0.085849
-0.085738
-0.086375
-0.085972
-0.087037
-0.086123
-0.087887
-0.086153
-0.088972
-0.086038
-0.090326
-0.085773
-0.091954
-0.085386
-0.093834
-0.084932
-0.095929
-0.127426
-0.010230
-0.110645
-0.019956
-0.095686
-0.028937
-0.082881
-0.036690
-0.072642
-0.042834
-0.065128
-0.047308
-0.060153
-0.050363
-0.057277
-0.052415
-0.055967
-0.053892
-0.055739
-0.055130
-0.056221
-0.056344
-0.057159
-0.057638
-0.058388
-0.059044
-0.059806
-0.060552
-0.061340
-0.062132
-0.062939
-0.063749
-0.064560
-0.065367
-0.066167
-0.066957
-0.067732
-0.068492
-0.069233
-0.069953
-0.070651
-0.071326
-0.071977
-0.072604
-0.073206
-0.073783
-0.074335
-0.074862
-0.075366
-0.075847
-0.076306
-0.076742
-0.077159
-0.077556
-0.077934
-0.078294
-0.078639
-0.078967
-0.079282
-0.079583
-0.079871
-0.080149
-0.080415
-0.080673
-0.080921
-0.081162
-0.081395
-0.081623
-0.081844
-0.082062
-0.082274
-0.082485
-0.082691
-0.082898
-0.083100
-0.083308
-0.083504
-0.083723
-0.083905
-0.084152
-0.084303
-0.084612
-0.084690
-0.085126
-0.085048
-0.085728
-0.085352
-0.086463
-0.085565
-0.087384
-0.085650
-0.088539
-0.085580
-0.089963
-0.085350
-0.091665
-0.084986
-0.093624
-0.084542
-0.095806
-0.126633
-0.009830
-0.109825
-0.019274
-0.094793
-0.028051
-0.081895
-0.035656
-0.071564
-0.041695
-0.063972
-0.046101
-0.058942
-0.049120
-0.056039
-0.051169
-0.054738
-0.052675
-0.054553
-0.053977
-0.055114
-0.055288
-0.056165
-0.056713
-0.057541
-0.058281
-0.059134
-0.059978
-0.060869
-0.061769
-0.062689
-0.063614
-0.064543
-0.065470
-0.066391
-0.067300
-0.068195
-0.069072
-0.069928
-0.070759
-0.071564
-0.072342
-0.073089
-0.073806
-0.074492
-0.075146
-0.075768
-0.076359
-0.076918
-0.077447
-0.077945
-0.078415
-0.078857
-0.079272
-0.079662
-0.080029
-0.080372
-0.080695
-0.080997
-0.081282
-0.081549
-0.081801
-0.082039
-0.082264
-0.082478
-0.082681
-0.082876
-0.083062
-0.083241
-0.083415
-0.083584
-0.083750
-0.083912
-0.084074
-0.084231
-0.084396
-0.084548
-0.084724
-0.084865
-0.085071
-0.085183
-0.085453
-0.085493
-0.085894
-0.085780
-0.086428
-0.086018
-0.087100
-0.086171
-0.087963
-0.086202
-0.089066
-0.086084
-0.090441
-0.085814
-0.092095
-0.085421
-0.094005
-0.084960
-0.096133
-0.128781
-0.010403
-0.111847
-0.020273
-0.096749
-0.029367
-0.083823
-0.037202
-0.073481
-0.043397
-0.065882
-0.047892
-0.060835
-0.050943
-0.057895
-0.052970
-0.056526
-0.054407
-0.056239
-0.055593
-0.056659
-0.056746
-0.057529
-0.057972
-0.058687
-0.059306
-0.060030
-0.060738
-0.061489
-0.062242
-0.063012
-0.063784
-0.064559
-0.065331
-0.066097
-0.066853
-0.067598
-0.068328
-0.069041
-0.069736
-0.070411
-0.071065
-0.071697
-0.072307
-0.072895
-0.073459
-0.074001
-0.074521
-0.075019
-0.075495
-0.075951
-0.076387
-0.076804
-0.077203
-0.077584
-0.077949
-0.078299
-0.078634
-0.078955
-0.079264
-0.079561
-0.079847
-0.080124
-0.080390
-0.080649
-0.080899
-0.081143
-0.081381
-0.081613
-0.081841
-0.082064
-0.082285
-0.082501
-0.082718
-0.082930
-0.083148
-0.083353
-0.083582
-0.083774
-0.084030
-0.084190
-0.084509
-0.084593
-0.085041
-0.084968
-0.085662
-0.085286
-0.086417
-0.085511
-0.087359
-0.085605
-0.088538
-0.085541
-0.089991
-0.085314
-0.091724
-0.084950
-0.093719
-0.084501
-0.095940
