# u - 100 ites
1.021361
1.003726
1.018698
1.006830
1.016866
1.009323
1.015760
1.011298
1.015260
1.012861
1.015231
1.014122
1.015538
1.015178
1.016063
1.016102
1.016710
1.016939
1.017406
1.017710
1.018098
1.018415
1.018749
1.019044
1.019329
1.019582
1.019812
1.020011
1.020180
1.020316
1.020418
1.020484
1.020514
1.020506
1.020462
1.020379
1.020260
1.020104
1.019912
1.019686
1.019428
1.019138
1.018819
1.018472
1.018101
1.017706
1.017292
1.016860
1.016412
1.015951
1.015480
1.015001
1.014516
1.014027
1.013536
1.013046
1.012557
1.012073
1.011593
1.011120
1.010655
1.010199
1.009753
1.009317
1.008892
1.008479
1.008079
1.007691
1.007316
1.006954
1.006605
1.006269
1.005946
1.005636
1.005338
1.005053
1.004781
1.004519
1.004271
1.004031
1.003807
1.003585
1.003388
1.003177
1.003011
1.002800
1.002677
1.002448
1.002390
1.002110
1.002153
1.001773
1.001976
1.001422
1.001866
1.001043
1.001836
1.000618
1.001894
1.000136
1.021136
1.003685
1.018522
1.006768
1.016726
1.009254
1.015649
1.011231
1.015174
1.012803
1.015169
1.014079
1.015500
1.015155
1.016050
1.016103
1.016722
1.016965
1.017445
1.017763
1.018165
1.018494
1.018842
1.019149
1.019446
1.019711
1.019952
1.020161
1.020338
1.020482
1.020589
1.020660
1.020693
1.020688
1.020643
1.020560
1.020437
1.020277
1.020081
1.019848
1.019582
1.019283
1.018954
1.018598
1.018215
1.017810
1.017384
1.016940
1.016480
1.016008
1.015525
1.015035
1.014539
1.014040
1.013540
1.013040
1.012543
1.012051
1.011565
1.011085
1.010615
1.010153
1.009703
1.009263
1.008835
1.008420
1.008018
1.007628
1.007252
1.006889
1.006540
1.006204
1.005882
1.005572
1.005276
1.004992
1.004721
1.004461
1.004214
1.003976
1.003754
1.003534
1.003338
1.003130
1.002965
1.002757
1.002636
1.002409
1.002352
1.002075
1.002119
1.001743
1.001944
1.001398
1.001837
1.001024
1.001807
1.000607
1.001863
1.000135
1.021174
1.003700
1.018546
1.006787
1.016743
1.009273
1.015662
1.011247
1.015185
1.012816
1.015177
1.014089
1.015506
1.015161
1.016052
1.016104
1.016721
1.016963
1.017440
1.017756
1.018156
1.018484
1.018830
1.019136
1.019431
1.019694
1.019934
1.020141
1.020318
1.020460
1.020567
1.020638
1.020670
1.020664
1.020619
1.020535
1.020413
1.020254
1.020057
1.019825
1.019559
1.019261
1.018933
1.018578
1.018196
1.017792
1.017367
1.016925
1.016467
1.015996
1.015515
1.015026
1.014532
1.014034
1.013535
1.013037
1.012542
1.012051
1.011566
1.011088
1.010618
1.010158
1.009708
1.009269
1.008842
1.008428
1.008026
1.007637
1.007261
1.006899
1.006550
1.006214
1.005892
1.005582
1.005286
1.005002
1.004731
1.004470
1.004224
1.003985
1.003763
1.003542
1.003347
1.003138
1.002973
1.002765
1.002643
1.002416
1.002358
1.002081
1.002124
1.001748
1.001948
1.001402
1.001840
1.001028
1.001810
1.000609
1.001867
1.000134
1.020932
1.003659
1.018354
1.006724
1.016590
1.009201
1.015540
1.011177
1.015091
1.012755
1.015109
1.014044
1.015464
1.015137
1.016037
1.016105
1.016734
1.016991
1.017483
1.017814
1.018228
1.018571
1.018931
1.019251
1.019560
1.019836
1.020087
1.020306
1.020492
1.020642
1.020756
1.020832
1.020868
1.020863
1.020819
1.020734
1.020609
1.020444
1.020242
1.020002
1.019728
1.019420
1.019081
1.018714
1.018320
1.017903
1.017466
1.017010
1.016539
1.016055
1.015562
1.015061
1.014555
1.014046
1.013537
1.013029
1.012524
1.012025
1.011532
1.011048
1.010572
1.010107
1.009652
1.009210
1.008780
1.008362
1.007958
1.007568
1.007191
1.006829
1.006479
1.006144
1.005822
1.005514
1.005218
1.004936
1.004666
1.004407
1.004163
1.003926
1.003706
1.003487
1.003293
1.003087
1.002924
1.002718
1.002598
1.002374
1.002317
1.002045
1.002087
1.001717
1.001914
1.001376
1.001808
1.001008
1.001778
1.000598
1.001834
1.000133
1.020829
1.003654
1.018264
1.006712
1.016515
1.009182
1.015481
1.011155
1.015046
1.012735
1.015077
1.014028
1.015445
1.015129
1.016031
1.016107
1.016741
1.017006
1.017503
1.017841
1.018263
1.018613
1.018979
1.019306
1.019621
1.019903
1.020160
1.020384
1.020575
1.020729
1.020846
1.020924
1.020961
1.020958
1.020913
1.020827
1.020699
1.020532
1.020326
1.020083
1.019803
1.019490
1.019146
1.018772
1.018373
1.017949
1.017505
1.017043
1.016566
1.016076
1.015576
1.015070
1.014558
1.014045
1.013531
1.013019
1.012511
1.012008
1.011512
1.011025
1.010547
1.010080
1.009624
1.009180
1.008749
1.008331
1.007927
1.007536
1.007160
1.006797
1.006448
1.006113
1.005792
1.005484
1.005189
1.004907
1.004639
1.004381
1.004137
1.003901
1.003682
1.003465
1.003272
1.003066
1.002904
1.002700
1.002579
1.002358
1.002300
1.002030
1.002071
1.001704
1.001899
1.001366
1.001793
1.001001
1.001763
1.000594
1.001818
1.000131
1.020537
1.003609
1.018028
1.006640
1.016325
1.009098
1.015329
1.011071
1.014928
1.012661
1.014992
1.013973
1.015391
1.015099
1.016011
1.016108
1.016756
1.017040
1.017554
1.017912
1.018351
1.018720
1.019105
1.019449
1.019781
1.020079
1.020351
1.020588
1.020791
1.020956
1.021081
1.021166
1.021207
1.021206
1.021161
1.021073
1.020942
1.020769
1.020554
1.020301
1.020010
1.019685
1.019326
1.018938
1.018523
1.018083
1.017623
1.017144
1.016651
1.016145
1.015629
1.015108
1.014582
1.014055
1.013528
1.013004
1.012485
1.011973
1.011468
1.010973
1.010488
1.010014
1.009553
1.009105
1.008671
1.008250
1.007843
1.007451
1.007074
1.006711
1.006362
1.006027
1.005707
1.005400
1.005107
1.004827
1.004560
1.004305
1.004063
1.003830
1.003613
1.003398
1.003208
1.003005
1.002845
1.002644
1.002526
1.002308
1.002251
1.001986
1.002026
1.001667
1.001857
1.001336
1.001753
1.000978
1.001724
1.000580
1.001777
1.000128
1.020305
1.003585
1.017834
1.006597
1.016166
1.009043
1.015203
1.011013
1.014831
1.012608
1.014922
1.013932
1.015348
1.015077
1.015994
1.016109
1.016768
1.017068
1.017596
1.017969
1.018423
1.018807
1.019207
1.019566
1.019912
1.020224
1.020508
1.020757
1.020970
1.021143
1.021276
1.021365
1.021411
1.021411
1.021366
1.021276
1.021141
1.020962
1.020740
1.020478
1.020177
1.019840
1.019470
1.019068
1.018640
1.018186
1.017712
1.017220
1.016712
1.016193
1.015665
1.015131
1.014593
1.014055
1.013519
1.012986
1.012458
1.011938
1.011427
1.010925
1.010435
1.009958
1.009493
1.009042
1.008605
1.008183
1.007775
1.007382
1.007004
1.006641
1.006293
1.005960
1.005640
1.005335
1.005043
1.004765
1.004500
1.004246
1.004006
1.003775
1.003560
1.003348
1.003159
1.002959
1.002800
1.002602
1.002485
1.002270
1.002213
1.001953
1.001991
1.001638
1.001824
1.001313
1.001721
1.000961
1.001692
1.000570
1.001744
1.000126
1.019944
1.003533
1.017539
1.006511
1.015927
1.008942
1.015011
1.010910
1.014681
1.012517
1.014812
1.013863
1.015278
1.015038
1.015967
1.016107
1.016784
1.017109
1.017658
1.018055
1.018532
1.018940
1.019363
1.019745
1.020113
1.020446
1.020750
1.021016
1.021245
1.021431
1.021575
1.021673
1.021724
1.021727
1.021682
1.021589
1.021448
1.021261
1.021028
1.020753
1.020437
1.020083
1.019694
1.019274
1.018825
1.018351
1.017855
1.017341
1.016813
1.016273
1.015725
1.015172
1.014616
1.014061
1.013509
1.012961
1.012420
1.011888
1.011366
1.010855
1.010357
1.009872
1.009401
1.008945
1.008505
1.008079
1.007669
1.007275
1.006897
1.006534
1.006186
1.005853
1.005535
1.005232
1.004942
1.004666
1.004404
1.004153
1.003916
1.003688
1.003476
1.003267
1.003081
1.002885
1.002729
1.002535
1.002420
1.002210
1.002154
1.001900
1.001937
1.001593
1.001774
1.001276
1.001673
1.000934
1.001644
1.000553
1.001694
1.000123
1.019593
1.003491
1.017248
1.006439
1.015689
1.008851
1.014820
1.010816
1.014532
1.012430
1.014703
1.013795
1.015209
1.014999
1.015937
1.016104
1.016798
1.017147
1.017717
1.018139
1.018638
1.019070
1.019516
1.019922
1.020312
1.020665
1.020989
1.021273
1.021518
1.021718
1.021873
1.021979
1.022036
1.022042
1.021996
1.021900
1.021753
1.021557
1.021313
1.021024
1.020692
1.020321
1.019913
1.019472
1.019002
1.018506
1.017989
1.017454
1.016904
1.016344
1.015776
1.015204
1.014631
1.014059
1.013492
1.012930
1.012377
1.011833
1.011301
1.010781
1.010276
1.009784
1.009308
1.008848
1.008404
1.007976
1.007565
1.007170
1.006791
1.006428
1.006082
1.005750
1.005434
1.005132
1.004845
1.004572
1.004312
1.004064
1.003830
1.003605
1.003397
1.003191
1.003008
1.002815
1.002662
1.002472
1.002358
1.002153
1.002098
1.001850
1.001885
1.001551
1.001725
1.001241
1.001626
1.000909
1.001597
1.000538
1.001646
1.000119
1.019147
1.003430
1.016881
1.006336
1.015389
1.008727
1.014578
1.010687
1.014343
1.012314
1.014562
1.013705
1.015117
1.014945
1.015897
1.016096
1.016812
1.017193
1.017789
1.018242
1.018771
1.019234
1.019710
1.020145
1.020563
1.020944
1.021293
1.021600
1.021866
1.022084
1.022253
1.022370
1.022434
1.022444
1.022398
1.022297
1.022143
1.021935
1.021677
1.021370
1.021018
1.020624
1.020192
1.019726
1.019229
1.018706
1.018161
1.017599
1.017022
1.016435
1.015842
1.015246
1.014651
1.014058
1.013470
1.012891
1.012321
1.011763
1.011218
1.010688
1.010172
1.009673
1.009190
1.008724
1.008276
1.007845
1.007432
1.007035
1.006656
1.006294
1.005948
1.005619
1.005305
1.005006
1.004722
1.004451
1.004195
1.003951
1.003721
1.003500
1.003295
1.003093
1.002915
1.002726
1.002577
1.002391
1.002280
1.002081
1.002027
1.001787
1.001820
1.001497
1.001664
1.001197
1.001569
1.000876
1.001540
1.000519
1.001586
1.000115
1.018681
1.003370
1.016494
1.006233
1.015071
1.008600
1.014321
1.010554
1.014140
1.012192
1.014411
1.013608
1.015017
1.014886
1.015851
1.016085
1.016824
1.017237
1.017862
1.018348
1.018909
1.019405
1.019913
1.020380
1.020829
1.021240
1.021616
1.021949
1.022237
1.022475
1.022660
1.022789
1.022861
1.022874
1.022828
1.022722
1.022559
1.022338
1.022064
1.021737
1.021363
1.020944
1.020485
1.019990
1.019464
1.018911
1.018337
1.017744
1.017139
1.016524
1.015904
1.015283
1.014663
1.014048
1.013440
1.012842
1.012256
1.011683
1.011125
1.010583
1.010058
1.009551
1.009062
1.008591
1.008139
1.007705
1.007290
1.006893
1.006514
1.006153
1.005809
1.005481
1.005170
1.004874
1.004593
1.004326
1.004074
1.003834
1.003608
1.003391
1.003191
1.002994
1.002819
1.002635
1.002489
1.002309
1.002201
1.002008
1.001954
1.001723
1.001753
1.001442
1.001602
1.001153
1.001509
1.000843
1.001480
1.000499
1.001525
1.000110
1.018137
1.003296
1.016045
1.006108
1.014701
1.008446
1.014020
1.010393
1.013901
1.012043
1.014231
1.013489
1.014896
1.014811
1.015793
1.016067
1.016832
1.017285
1.017944
1.018469
1.019066
1.019602
1.020148
1.020653
1.021140
1.021586
1.021996
1.022359
1.022674
1.022935
1.023139
1.023283
1.023365
1.023382
1.023335
1.023224
1.023050
1.022814
1.022520
1.022170
1.021769
1.021320
1.020829
1.020300
1.019739
1.019151
1.018540
1.017912
1.017272
1.016624
1.015973
1.015321
1.014674
1.014033
1.013401
1.012782
1.012176
1.011586
1.011014
1.010459
1.009923
1.009407
1.008910
1.008434
1.007977
1.007541
1.007124
1.006727
1.006348
1.005988
1.005646
1.005321
1.005013
1.004720
1.004444
1.004181
1.003933
1.003698
1.003477
1.003265
1.003070
1.002878
1.002708
1.002529
1.002388
1.002214
1.002109
1.001923
1.001870
1.001648
1.001676
1.001378
1.001531
1.001101
1.001441
1.000805
1.001413
1.000476
1.001454
1.000105
1.017554
1.003218
1.015559
1.005975
1.014301
1.008281
1.013693
1.010219
1.013640
1.011880
1.014032
1.013356
1.014760
1.014725
1.015723
1.016041
1.016836
1.017330
1.018026
1.018594
1.019233
1.019812
1.020401
1.020949
1.021476
1.021963
1.022410
1.022807
1.023153
1.023440
1.023666
1.023826
1.023919
1.023941
1.023893
1.023776
1.023589
1.023336
1.023019
1.022642
1.022210
1.021727
1.021200
1.020633
1.020032
1.019404
1.018754
1.018087
1.017409
1.016724
1.016038
1.015354
1.014676
1.014007
1.013350
1.012708
1.012082
1.011474
1.010886
1.010318
1.009771
1.009246
1.008742
1.008260
1.007800
1.007361
1.006943
1.006546
1.006168
1.005810
1.005470
1.005149
1.004844
1.004556
1.004284
1.004027
1.003784
1.003554
1.003338
1.003132
1.002942
1.002756
1.002591
1.002418
1.002281
1.002114
1.002012
1.001834
1.001782
1.001570
1.001596
1.001312
1.001456
1.001048
1.001369
1.000765
1.001342
1.000453
1.001381
1.000100
1.016902
1.003129
1.015017
1.005821
1.013852
1.008090
1.013324
1.010017
1.013342
1.011691
1.013803
1.013200
1.014600
1.014621
1.015638
1.016004
1.016833
1.017375
1.018113
1.018729
1.019415
1.020044
1.020682
1.021279
1.021855
1.022387
1.022878
1.023316
1.023697
1.024016
1.024267
1.024446
1.024551
1.024579
1.024530
1.024405
1.024203
1.023929
1.023586
1.023177
1.022709
1.022187
1.021617
1.021005
1.020359
1.019685
1.018989
1.018277
1.017555
1.016829
1.016103
1.015382
1.014670
1.013970
1.013285
1.012617
1.011969
1.011342
1.010736
1.010154
1.009596
1.009061
1.008550
1.008062
1.007598
1.007157
1.006739
1.006342
1.005966
1.005610
1.005274
1.004956
1.004656
1.004373
1.004106
1.003854
1.003618
1.003394
1.003184
1.002984
1.002800
1.002621
1.002461
1.002296
1.002164
1.002003
1.001905
1.001736
1.001686
1.001484
1.001507
1.001239
1.001373
1.000989
1.001290
1.000721
1.001264
1.000427
1.001300
1.000094
1.016198
1.003032
1.014429
1.005655
1.013363
1.007882
1.012920
1.009795
1.013015
1.011480
1.013547
1.013024
1.014419
1.014499
1.015537
1.015956
1.016820
1.017414
1.018198
1.018868
1.019607
1.020291
1.020984
1.021638
1.022267
1.022852
1.023393
1.023876
1.024299
1.024652
1.024932
1.025134
1.025253
1.025288
1.025237
1.025102
1.024884
1.024586
1.024211
1.023766
1.023257
1.022689
1.022070
1.021408
1.020710
1.019984
1.019236
1.018474
1.017704
1.016932
1.016162
1.015401
1.014652
1.013918
1.013202
1.012507
1.011835
1.011188
1.010565
1.009968
1.009398
1.008854
1.008335
1.007843
1.007376
1.006933
1.006515
1.006119
1.005745
1.005393
1.005061
1.004748
1.004453
1.004176
1.003915
1.003670
1.003440
1.003223
1.003020
1.002827
1.002650
1.002477
1.002324
1.002166
1.002039
1.001886
1.001792
1.001632
1.001583
1.001394
1.001414
1.001162
1.001287
1.000926
1.001208
1.000676
1.001182
1.000399
1.001215
1.000088
1.015428
1.002924
1.013785
1.005468
1.012824
1.007648
1.012473
1.009544
1.012648
1.011239
1.013258
1.012820
1.014209
1.014355
1.015414
1.015891
1.016795
1.017446
1.018282
1.019013
1.019811
1.020558
1.021314
1.022031
1.022722
1.023368
1.023965
1.024502
1.024972
1.025366
1.025680
1.025907
1.026043
1.026085
1.026033
1.025887
1.025648
1.025321
1.024911
1.024424
1.023866
1.023245
1.022571
1.021850
1.021093
1.020307
1.019501
1.018682
1.017857
1.017033
1.016215
1.015409
1.014619
1.013848
1.013099
1.012375
1.011678
1.011008
1.010368
1.009756
1.009173
1.008619
1.008095
1.007598
1.007128
1.006684
1.006266
1.005873
1.005502
1.005154
1.004827
1.004520
1.004231
1.003961
1.003707
1.003469
1.003247
1.003037
1.002842
1.002657
1.002487
1.002322
1.002176
1.002026
1.001905
1.001761
1.001671
1.001521
1.001474
1.001297
1.001314
1.001080
1.001194
1.000860
1.001119
1.000626
1.001095
1.000370
1.001125
1.000082
1.014598
1.002807
1.013088
1.005265
1.012240
1.007391
1.011984
1.009265
1.012244
1.010970
1.012935
1.012587
1.013970
1.014185
1.015268
1.015806
1.016754
1.017469
1.018362
1.019159
1.020023
1.020840
1.021667
1.022455
1.023218
1.023932
1.024594
1.025192
1.025717
1.026159
1.026511
1.026767
1.026923
1.026973
1.026919
1.026759
1.026497
1.026137
1.025685
1.025148
1.024534
1.023853
1.023114
1.022327
1.021502
1.020649
1.019777
1.018894
1.018008
1.017127
1.016256
1.015401
1.014566
1.013755
1.012972
1.012217
1.011493
1.010801
1.010141
1.009514
1.008920
1.008358
1.007826
1.007326
1.006854
1.006411
1.005995
1.005604
1.005238
1.004895
1.004574
1.004274
1.003993
1.003730
1.003485
1.003255
1.003041
1.002840
1.002653
1.002476
1.002314
1.002158
1.002020
1.001878
1.001764
1.001628
1.001544
1.001403
1.001358
1.001195
1.001209
1.000993
1.001097
1.000790
1.001027
1.000575
1.001003
1.000339
1.001030
1.000075
1.013701
1.002678
1.012332
1.005040
1.011603
1.007106
1.011447
1.008954
1.011795
1.010666
1.012571
1.012321
1.013695
1.013984
1.015092
1.015698
1.016694
1.017477
1.018433
1.019304
1.020242
1.021139
1.022045
1.022915
1.023758
1.024551
1.025289
1.025956
1.026545
1.027042
1.027440
1.027730
1.027907
1.027968
1.027910
1.027735
1.027446
1.027047
1.026546
1.025951
1.025272
1.024520
1.023707
1.022844
1.021942
1.021012
1.020065
1.019110
1.018157
1.017212
1.016282
1.015374
1.014491
1.013637
1.012815
1.012028
1.011276
1.010561
1.009883
1.009241
1.008635
1.008064
1.007527
1.007024
1.006552
1.006110
1.005696
1.005310
1.004950
1.004614
1.004300
1.004008
1.003735
1.003481
1.003245
1.003025
1.002820
1.002628
1.002451
1.002284
1.002131
1.001983
1.001853
1.001720
1.001614
1.001488
1.001409
1.001279
1.001237
1.001087
1.001098
1.000902
1.000995
1.000716
1.000930
1.000521
1.000907
1.000307
1.000931
1.000068
1.012738
1.002538
1.011519
1.004794
1.010913
1.006792
1.010861
1.008609
1.011301
1.010325
1.012165
1.012017
1.013381
1.013749
1.014884
1.015562
1.016608
1.017466
1.018491
1.019445
1.020464
1.021450
1.022446
1.023408
1.024343
1.025227
1.026051
1.026800
1.027462
1.028023
1.028473
1.028804
1.029007
1.029079
1.029017
1.028824
1.028501
1.028057
1.027498
1.026836
1.026081
1.025248
1.024349
1.023398
1.022408
1.021392
1.020361
1.019326
1.018296
1.017281
1.016287
1.015321
1.014386
1.013486
1.012625
1.011804
1.011023
1.010285
1.009588
1.008931
1.008314
1.007737
1.007196
1.006691
1.006219
1.005780
1.005372
1.004991
1.004638
1.004310
1.004005
1.003722
1.003460
1.003216
1.002990
1.002780
1.002585
1.002404
1.002237
1.002080
1.001937
1.001799
1.001678
1.001555
1.001456
1.001341
1.001267
1.001150
1.001109
1.000974
1.000982
1.000807
1.000888
1.000640
1.000828
1.000464
1.000807
1.000274
1.000827
1.000060
1.011706
1.002384
1.010644
1.004524
1.010167
1.006446
1.010223
1.008225
1.010757
1.009942
1.011710
1.011671
1.013022
1.013474
1.014635
1.015390
1.016492
1.017431
1.018533
1.019576
1.020687
1.021772
1.022869
1.023937
1.024977
1.025964
1.026889
1.027732
1.028479
1.029115
1.029627
1.030004
1.030237
1.030322
1.030256
1.030040
1.029679
1.029180
1.028554
1.027812
1.026970
1.026042
1.025044
1.023992
1.022902
1.021787
1.020661
1.019536
1.018423
1.017331
1.016266
1.015237
1.014246
1.013298
1.012395
1.011538
1.010729
1.009967
1.009252
1.008582
1.007956
1.007372
1.006829
1.006324
1.005855
1.005420
1.005018
1.004645
1.004301
1.003982
1.003688
1.003416
1.003165
1.002932
1.002718
1.002520
1.002337
1.002167
1.002011
1.001865
1.001732
1.001606
1.001494
1.001382
1.001291
1.001187
1.001119
1.001014
1.000976
1.000857
1.000862
1.000708
1.000777
1.000560
1.000723
1.000406
1.000703
1.000239
1.000720
1.000053
1.010605
1.002218
1.009707
1.004230
1.009364
1.006066
1.009529
1.007801
1.010158
1.009513
1.011202
1.011276
1.012612
1.013151
1.014341
1.015177
1.016338
1.017365
1.018549
1.019692
1.020904
1.022100
1.023313
1.024499
1.025659
1.026766
1.027806
1.028758
1.029605
1.030329
1.030913
1.031345
1.031615
1.031714
1.031643
1.031400
1.030993
1.030430
1.029723
1.028889
1.027944
1.026905
1.025793
1.024625
1.023420
1.022193
1.020961
1.019735
1.018529
1.017352
1.016211
1.015114
1.014064
1.013065
1.012119
1.011227
1.010388
1.009604
1.008871
1.008189
1.007555
1.006967
1.006423
1.005920
1.005456
1.005028
1.004634
1.004272
1.003938
1.003631
1.003349
1.003089
1.002851
1.002631
1.002430
1.002245
1.002074
1.001917
1.001773
1.001639
1.001518
1.001403
1.001302
1.001201
1.001119
1.001026
1.000965
1.000873
1.000838
1.000735
1.000737
1.000605
1.000662
1.000477
1.000614
1.000345
1.000596
1.000203
1.000609
1.000045
1.009433
1.002038
1.008706
1.003909
1.008500
1.005649
1.008776
1.007331
1.009500
1.009032
1.010635
1.010826
1.012145
1.012774
1.013992
1.014915
1.016139
1.017260
1.018534
1.019786
1.021111
1.022431
1.023773
1.025095
1.026392
1.027637
1.028811
1.029891
1.030855
1.031681
1.032351
1.032848
1.033159
1.033277
1.033197
1.032923
1.032460
1.031821
1.031020
1.030076
1.029010
1.027843
1.026598
1.025297
1.023960
1.022607
1.021254
1.019917
1.018608
1.017338
1.016115
1.014944
1.013832
1.012780
1.011789
1.010861
1.009994
1.009188
1.008440
1.007747
1.007108
1.006518
1.005976
1.005478
1.005021
1.004603
1.004219
1.003869
1.003548
1.003254
1.002986
1.002741
1.002517
1.002313
1.002125
1.001954
1.001798
1.001655
1.001524
1.001403
1.001294
1.001192
1.001102
1.001013
1.000940
1.000860
1.000806
1.000727
1.000695
1.000608
1.000608
1.000499
1.000543
1.000392
1.000502
1.000282
1.000485
1.000165
1.000495
1.000037
1.008190
1.001842
1.007639
1.003561
1.007573
1.005192
1.007961
1.006811
1.008779
1.008495
1.010003
1.010315
1.011612
1.012334
1.013581
1.014593
1.015883
1.017105
1.018477
1.019848
1.021298
1.022757
1.024244
1.025720
1.027175
1.028579
1.029909
1.031139
1.032240
1.033189
1.033960
1.034534
1.034895
1.035034
1.034946
1.034633
1.034104
1.033373
1.032459
1.031385
1.030177
1.028859
1.027460
1.026005
1.024518
1.023020
1.021533
1.020071
1.018649
1.017277
1.015965
1.014718
1.013540
1.012433
1.011398
1.010434
1.009540
1.008714
1.007953
1.007253
1.006610
1.006023
1.005485
1.004995
1.004548
1.004142
1.003772
1.003435
1.003130
1.002853
1.002601
1.002372
1.002164
1.001976
1.001805
1.001650
1.001509
1.001380
1.001264
1.001157
1.001061
1.000972
1.000894
1.000818
1.000755
1.000687
1.000641
1.000576
1.000548
1.000478
1.000475
1.000389
1.000421
1.000304
1.000387
1.000218
1.000372
1.000127
1.000378
1.000028
1.006874
1.001631
1.006505
1.003182
1.006581
1.004693
1.007080
1.006239
1.007989
1.007895
1.009299
1.009735
1.011004
1.011822
1.013096
1.014201
1.015561
1.016890
1.018367
1.019868
1.021455
1.023069
1.024721
1.026372
1.028008
1.029597
1.031110
1.032514
1.033779
1.034871
1.035763
1.036429
1.036850
1.037013
1.036914
1.036554
1.035945
1.035105
1.034056
1.032828
1.031451
1.029958
1.028379
1.026746
1.025087
1.023427
1.021787
1.020187
1.018641
1.017159
1.015752
1.014423
1.013177
1.012015
1.010936
1.009938
1.009019
1.008176
1.007405
1.006700
1.006059
1.005476
1.004947
1.004469
1.004035
1.003644
1.003290
1.002972
1.002684
1.002425
1.002192
1.001982
1.001793
1.001622
1.001469
1.001331
1.001206
1.001094
1.000993
1.000901
1.000820
1.000745
1.000679
1.000616
1.000564
1.000510
1.000471
1.000421
1.000397
1.000345
1.000339
1.000277
1.000297
1.000214
1.000269
1.000152
1.000256
1.000088
1.000259
1.000020
1.005488
1.001404
1.005305
1.002772
1.005523
1.004148
1.006129
1.005608
1.007125
1.007226
1.008516
1.009077
1.010313
1.011227
1.012526
1.013726
1.015158
1.016599
1.018190
1.019831
1.021569
1.023356
1.025192
1.027043
1.028887
1.030690
1.032417
1.034029
1.035487
1.036753
1.037791
1.038568
1.039062
1.039255
1.039141
1.038724
1.038018
1.037044
1.035834
1.034421
1.032844
1.031142
1.029353
1.027514
1.025657
1.023813
1.022003
1.020250
1.018568
1.016969
1.015460
1.014047
1.012732
1.011514
1.010392
1.009363
1.008423
1.007567
1.006789
1.006085
1.005449
1.004876
1.004360
1.003896
1.003480
1.003108
1.002774
1.002476
1.002210
1.001972
1.001760
1.001570
1.001402
1.001251
1.001117
1.000998
1.000891
1.000797
1.000712
1.000637
1.000570
1.000510
1.000457
1.000409
1.000368
1.000328
1.000297
1.000262
1.000242
1.000209
1.000200
1.000163
1.000170
1.000123
1.000149
1.000086
1.000139
1.000049
1.000138
1.000011
1.004030
1.001160
1.004037
1.002328
1.004396
1.003555
1.005107
1.004915
1.006183
1.006482
1.007647
1.008333
1.009529
1.010538
1.011859
1.013154
1.014659
1.016217
1.017928
1.019721
1.021626
1.023604
1.025649
1.027728
1.029812
1.031863
1.033841
1.035698
1.037387
1.038860
1.040073
1.040985
1.041565
1.041793
1.041662
1.041174
1.040349
1.039214
1.037809
1.036175
1.034360
1.032413
1.030379
1.028303
1.026220
1.024167
1.022168
1.020245
1.018416
1.016690
1.015075
1.013575
1.012190
1.010919
1.009757
1.008700
1.007743
1.006878
1.006100
1.005402
1.004776
1.004217
1.003719
1.003276
1.002882
1.002532
1.002223
1.001949
1.001707
1.001493
1.001305
1.001138
1.000992
1.000864
1.000751
1.000652
1.000565
1.000489
1.000422
1.000364
1.000313
1.000269
1.000230
1.000196
1.000167
1.000142
1.000120
1.000100
1.000085
1.000070
1.000059
1.000047
1.000041
1.000030
1.000028
1.000018
1.000020
1.000009
1.000015
1.000002
1.002503
1.000898
1.002702
1.001850
1.003201
1.002911
1.004009
1.004155
1.005156
1.005656
1.006682
1.007492
1.008638
1.009740
1.011077
1.012468
1.014044
1.015723
1.017560
1.019515
1.021601
1.023790
1.026068
1.028405
1.030766
1.033109
1.035382
1.037533
1.039501
1.041227
1.042655
1.043732
1.044422
1.044693
1.044540
1.043965
1.042993
1.041660
1.040015
1.038112
1.036011
1.033773
1.031450
1.029097
1.026756
1.024466
1.022255
1.020148
1.018159
1.016300
1.014576
1.012988
1.011535
1.010213
1.009017
1.007938
1.006970
1.006104
1.005332
1.004645
1.004037
1.003499
1.003024
1.002606
1.002239
1.001917
1.001635
1.001389
1.001175
1.000989
1.000827
1.000686
1.000565
1.000461
1.000371
1.000294
1.000228
1.000171
1.000124
1.000084
1.000050
1.000022
0.999998
0.999979
0.999963
0.999952
0.999939
0.999936
0.999925
0.999929
0.999916
0.999929
0.999910
0.999936
0.999905
0.999949
0.999900
0.999968
0.999892
0.999993
1.000909
1.000617
1.001301
1.001336
1.001936
1.002214
1.002835
1.003324
1.004041
1.004740
1.005615
1.006545
1.007632
1.008820
1.010168
1.011649
1.013296
1.015098
1.017066
1.019193
1.021475
1.023898
1.026439
1.029071
1.031750
1.034433
1.037055
1.039555
1.041857
1.043888
1.045576
1.046855
1.047675
1.047999
1.047817
1.047132
1.045980
1.044403
1.042468
1.040242
1.037800
1.035217
1.032557
1.029885
1.027249
1.024693
1.022248
1.019938
1.017779
1.015780
1.013944
1.012269
1.010752
1.009385
1.008160
1.007066
1.006095
1.005235
1.004477
1.003811
1.003227
1.002716
1.002271
1.001885
1.001550
1.001261
1.001012
1.000798
1.000615
1.000460
1.000327
1.000215
1.000121
1.000043
0.999978
0.999924
0.999880
0.999846
0.999818
0.999797
0.999780
0.999770
0.999761
0.999759
0.999755
0.999759
0.999757
0.999769
0.999763
0.999787
0.999772
0.999811
0.999779
0.999841
0.999782
0.999880
0.999779
0.999927
0.999767
0.999984
0.999251
1.000319
0.999836
1.000786
1.000602
1.001462
1.001580
1.002418
1.002832
1.003729
1.004437
1.005479
1.006494
1.007762
1.009108
1.010675
1.012385
1.014307
1.016407
1.018714
1.021205
1.023882
1.026713
1.029679
1.032724
1.035806
1.038843
1.041766
1.044478
1.046889
1.048906
1.050442
1.051432
1.051824
1.051607
1.050785
1.049404
1.047521
1.045223
1.042597
1.039739
1.036740
1.033680
1.030636
1.027660
1.024806
1.022102
1.019575
1.017237
1.015094
1.013148
1.011391
1.009817
1.008413
1.007169
1.006072
1.005108
1.004265
1.003531
1.002893
1.002342
1.001867
1.001460
1.001112
1.000816
1.000565
1.000353
1.000176
1.000029
0.999907
0.999807
0.999726
0.999662
0.999611
0.999573
0.999545
0.999525
0.999512
0.999505
0.999504
0.999507
0.999514
0.999521
0.999535
0.999545
0.999565
0.999572
0.999601
0.999601
0.999643
0.999627
0.999691
0.999647
0.999747
0.999658
0.999811
0.999658
0.999886
0.999643
0.999975
0.997534
1.000002
0.998311
1.000198
0.999200
1.000652
1.000246
1.001433
1.001525
1.002615
1.003140
1.004286
1.005214
1.006551
1.007884
1.009526
1.011293
1.013331
1.015565
1.018058
1.020772
1.023727
1.026883
1.030228
1.033696
1.037244
1.040773
1.044202
1.047409
1.050281
1.052698
1.054545
1.055741
1.056211
1.055947
1.054947
1.053282
1.051020
1.048279
1.045171
1.041814
1.038327
1.034800
1.031329
1.027969
1.024782
1.021796
1.019036
1.016511
1.014223
1.012169
1.010336
1.008714
1.007285
1.006035
1.004945
1.004001
1.003186
1.002487
1.001889
1.001381
1.000951
1.000590
1.000287
1.000036
0.999829
0.999660
0.999524
0.999416
0.999331
0.999267
0.999221
0.999188
0.999168
0.999158
0.999156
0.999161
0.999173
0.999188
0.999208
0.999229
0.999255
0.999279
0.999310
0.999333
0.999370
0.999387
0.999433
0.999437
0.999500
0.999481
0.999572
0.999515
0.999652
0.999535
0.999742
0.999538
0.999846
0.999520
0.999966
0.995764
0.999666
0.996729
0.999573
0.997732
0.999784
0.998831
1.000366
1.000118
1.001392
1.001716
1.002953
1.003775
1.005165
1.006467
1.008169
1.009976
1.012118
1.014475
1.017151
1.020093
1.023342
1.026850
1.030619
1.034571
1.038666
1.042785
1.046835
1.050661
1.054122
1.057062
1.059323
1.060798
1.061380
1.061060
1.059834
1.057799
1.055047
1.051739
1.048020
1.044043
1.039957
1.035871
1.031900
1.028102
1.024545
1.021253
1.018250
1.015538
1.013111
1.010961
1.009067
1.007413
1.005975
1.004736
1.003670
1.002762
1.001991
1.001341
1.000795
1.000341
0.999966
0.999659
0.999410
0.999211
0.999054
0.998934
0.998843
0.998779
0.998736
0.998711
0.998700
0.998702
0.998714
0.998734
0.998761
0.998793
0.998828
0.998867
0.998908
0.998950
0.998995
0.999036
0.999084
0.999121
0.999174
0.999201
0.999265
0.999275
0.999357
0.999337
0.999453
0.999384
0.999557
0.999413
0.999673
0.999418
0.999805
0.999397
0.999957
0.993947
0.999313
0.995096
0.998911
0.996203
0.998859
0.997338
0.999217
0.998608
1.000056
1.000160
1.001473
1.002169
1.003594
1.004846
1.006588
1.008420
1.010653
1.013127
1.015986
1.019165
1.022731
1.026627
1.030877
1.035383
1.040121
1.044937
1.049733
1.054310
1.058488
1.062067
1.064831
1.066640
1.067346
1.066942
1.065417
1.062913
1.059549
1.055545
1.051088
1.046373
1.041589
1.036857
1.032320
1.028033
1.024074
1.020455
1.017201
1.014302
1.011744
1.009510
1.007570
1.005903
1.004475
1.003265
1.002242
1.001388
1.000675
1.000089
0.999610
0.999222
0.998913
0.998670
0.998483
0.998343
0.998243
0.998176
0.998137
0.998120
0.998122
0.998139
0.998168
0.998206
0.998252
0.998304
0.998360
0.998420
0.998481
0.998543
0.998607
0.998669
0.998734
0.998792
0.998858
0.998909
0.998979
0.999017
0.999097
0.999113
0.999215
0.999194
0.999335
0.999255
0.999464
0.999292
0.999605
0.999300
0.999765
0.999276
0.999948
0.992091
0.998943
0.993418
0.998214
0.994616
0.997876
0.995767
0.997983
0.996995
0.998603
0.998463
0.999831
1.000377
1.001810
1.002982
1.004735
1.006559
1.008851
1.011413
1.014432
1.017833
1.021714
1.026013
1.030784
1.035914
1.041401
1.047055
1.052779
1.058316
1.063441
1.067886
1.071352
1.073644
1.074546
1.074050
1.072134
1.069005
1.064826
1.059902
1.054485
1.048829
1.043175
1.037661
1.032463
1.027621
1.023226
1.019268
1.015767
1.012697
1.010032
1.007744
1.005788
1.004139
1.002749
1.001598
1.000643
0.999865
0.999232
0.998728
0.998330
0.998023
0.997791
0.997623
0.997508
0.997435
0.997399
0.997391
0.997407
0.997443
0.997493
0.997554
0.997625
0.997702
0.997784
0.997869
0.997957
0.998044
0.998133
0.998219
0.998306
0.998389
0.998474
0.998549
0.998633
0.998699
0.998785
0.998834
0.998931
0.998953
0.999074
0.999052
0.999219
0.999127
0.999372
0.999172
0.999538
0.999184
0.999726
0.999157
0.999939
0.990206
0.998558
0.991704
0.997484
0.992979
0.996839
0.994126
0.996668
0.995282
0.997032
0.996629
0.998030
0.998399
0.999813
1.000877
1.002609
1.004399
1.006723
1.009352
1.012517
1.016137
1.020349
1.025084
1.030441
1.036280
1.042645
1.049291
1.056130
1.062833
1.069112
1.074620
1.078937
1.081803
1.082911
1.082256
1.079804
1.075866
1.070653
1.064602
1.058030
1.051266
1.044614
1.038216
1.032290
1.026847
1.021996
1.017694
1.013955
1.010732
1.007983
1.005669
1.003726
1.002125
1.000803
0.999736
0.998874
0.998196
0.997664
0.997261
0.996961
0.996749
0.996607
0.996524
0.996488
0.996491
0.996525
0.996582
0.996659
0.996750
0.996851
0.996961
0.997076
0.997193
0.997313
0.997433
0.997552
0.997669
0.997785
0.997896
0.998007
0.998111
0.998216
0.998309
0.998411
0.998491
0.998594
0.998654
0.998768
0.998796
0.998936
0.998913
0.999105
0.999002
0.999281
0.999056
0.999473
0.999071
0.999687
0.999041
0.999931
0.988304
0.998159
0.989963
0.996724
0.991300
0.995751
0.992420
0.995273
0.993470
0.995342
0.994649
0.996053
0.996212
0.997567
0.998478
1.000138
1.001838
1.004131
1.006765
1.010011
1.013793
1.018291
1.023436
1.029393
1.035994
1.043362
1.051188
1.059427
1.067649
1.075506
1.082522
1.088099
1.091860
1.093329
1.092514
1.089350
1.084298
1.077658
1.070059
1.061938
1.053723
1.045806
1.038329
1.031557
1.025450
1.020127
1.015496
1.011558
1.008234
1.005457
1.003175
1.001299
0.999799
0.998590
0.997651
0.996917
0.996370
0.995965
0.995685
0.995501
0.995400
0.995362
0.995376
0.995430
0.995516
0.995626
0.995754
0.995895
0.996046
0.996202
0.996362
0.996523
0.996683
0.996841
0.996997
0.997149
0.997296
0.997439
0.997577
0.997710
0.997836
0.997961
0.998073
0.998193
0.998287
0.998407
0.998478
0.998608
0.998642
0.998802
0.998778
0.998994
0.998879
0.999193
0.998942
0.999409
0.998960
0.999650
0.998928
0.999923
0.986397
0.997750
0.988206
0.995939
0.989589
0.994618
0.990658
0.993806
0.991570
0.993542
0.992537
0.993915
0.993834
0.995092
0.995813
0.997357
0.998924
1.001142
1.003739
1.007032
1.010950
1.015732
1.021301
1.027922
1.035377
1.043916
1.053131
1.063052
1.073126
1.082905
1.091783
1.098887
1.103690
1.105530
1.104391
1.100195
1.093665
1.085189
1.075700
1.065737
1.055853
1.046532
1.037881
1.030228
1.023443
1.017671
1.012740
1.008648
1.005268
1.002513
1.000312
0.998551
0.997195
0.996138
0.995363
0.994788
0.994401
0.994146
0.994012
0.993963
0.993987
0.994065
0.994187
0.994339
0.994515
0.994708
0.994912
0.995122
0.995336
0.995549
0.995762
0.995970
0.996174
0.996372
0.996564
0.996750
0.996928
0.997099
0.997262
0.997420
0.997567
0.997712
0.997842
0.997980
0.998089
0.998225
0.998306
0.998453
0.998493
0.998671
0.998646
0.998886
0.998761
0.999108
0.998832
0.999347
0.998854
0.999613
0.998819
0.999915
0.984498
0.997332
0.986448
0.995134
0.987859
0.993448
0.988852
0.992273
0.989588
0.991632
0.990288
0.991601
0.991238
0.992343
0.992813
0.994161
0.995508
0.997540
0.999986
1.003190
1.007109
1.012037
1.017910
1.025116
1.033401
1.043206
1.054017
1.066039
1.078545
1.091037
1.102688
1.112208
1.118782
1.121338
1.119895
1.114316
1.105667
1.094559
1.082360
1.069840
1.057702
1.046579
1.036494
1.027843
1.020351
1.014172
1.009025
1.004880
1.001560
0.998933
0.996917
0.995358
0.994227
0.993389
0.992835
0.992467
0.992278
0.992206
0.992242
0.992348
0.992516
0.992724
0.992964
0.993224
0.993498
0.993779
0.994063
0.994345
0.994625
0.994898
0.995164
0.995422
0.995671
0.995910
0.996139
0.996358
0.996566
0.996766
0.996954
0.997136
0.997304
0.997470
0.997617
0.997773
0.997896
0.998048
0.998140
0.998303
0.998349
0.998544
0.998519
0.998782
0.998647
0.999026
0.998727
0.999288
0.998751
0.999579
0.998714
0.999907
0.982624
0.996909
0.984701
0.994317
0.986124
0.992251
0.987018
0.990690
0.987546
0.989636
0.987933
0.989146
0.988470
0.989378
0.989551
0.990646
0.991717
0.993497
0.995724
0.998773
1.002629
1.007667
1.013812
1.021647
1.030823
1.042095
1.054763
1.069306
1.084790
1.100598
1.115722
1.128174
1.136779
1.140086
1.137916
1.130185
1.118648
1.104094
1.088627
1.073142
1.058522
1.045523
1.033986
1.024415
1.016291
1.009819
1.004555
1.000463
0.997293
0.994878
0.993124
0.991832
0.990984
0.990412
0.990123
0.989995
0.990037
0.990171
0.990399
0.990678
0.991003
0.991352
0.991720
0.992095
0.992472
0.992846
0.993214
0.993572
0.993919
0.994254
0.994576
0.994883
0.995177
0.995457
0.995723
0.995976
0.996215
0.996443
0.996656
0.996861
0.997051
0.997236
0.997401
0.997573
0.997711
0.997878
0.997980
0.998159
0.998210
0.998423
0.998398
0.998682
0.998539
0.998948
0.998626
0.999231
0.998653
0.999545
0.998614
0.999900
0.980792
0.996487
0.982983
0.993495
0.984401
0.991038
0.985171
0.989067
0.985455
0.987559
0.985470
0.986540
0.985503
0.986142
0.985942
0.986671
0.987341
0.988696
0.990519
0.993166
0.996699
1.001533
1.007640
1.015800
1.025613
1.038268
1.052861
1.070440
1.089765
1.110353
1.130884
1.148336
1.160718
1.165522
1.162691
1.152075
1.136215
1.116498
1.096098
1.076350
1.058285
1.042873
1.029613
1.019089
1.010433
1.003846
0.998683
0.994858
0.992051
0.990030
0.988700
0.987805
0.987354
0.987135
0.987183
0.987351
0.987667
0.988041
0.988489
0.988960
0.989459
0.989961
0.990466
0.990963
0.991449
0.991920
0.992374
0.992810
0.993226
0.993623
0.994000
0.994358
0.994697
0.995018
0.995321
0.995607
0.995876
0.996131
0.996370
0.996598
0.996808
0.997012
0.997194
0.997383
0.997534
0.997716
0.997829
0.998022
0.998079
0.998308
0.998283
0.998588
0.998435
0.998873
0.998530
0.999177
0.998561
0.999514
0.998520
0.999893
0.979019
0.996069
0.981311
0.992679
0.982708
0.989825
0.983336
0.987431
0.983349
0.985440
0.982953
0.983845
0.982420
0.982745
0.982128
0.982428
0.982632
0.983478
0.984806
0.986950
0.990043
0.994577
1.000521
1.008982
1.019384
1.033601
1.050364
1.071568
1.095619
1.122078
1.149604
1.173153
1.189801
1.196396
1.191794
1.176230
1.154275
1.127708
1.101540
1.077110
1.055551
1.037952
1.023204
1.012082
1.003155
0.996739
0.991887
0.988521
0.986226
0.984719
0.983914
0.983492
0.983504
0.983687
0.984115
0.984610
0.985229
0.985864
0.986548
0.987224
0.987908
0.988571
0.989219
0.989842
0.990440
0.991010
0.991552
0.992066
0.992552
0.993011
0.993444
0.993852
0.994236
0.994596
0.994935
0.995254
0.995553
0.995835
0.996097
0.996347
0.996577
0.996800
0.996998
0.997203
0.997367
0.997564
0.997685
0.997892
0.997955
0.998200
0.998175
0.998499
0.998338
0.998803
0.998441
0.999127
0.998474
0.999484
0.998431
0.999886
0.977324
0.995662
0.979704
0.991879
0.981066
0.988626
0.981532
0.985795
0.981244
0.983290
0.980386
0.981055
0.979198
0.979131
0.978010
0.977742
0.977328
0.977425
0.977995
0.979239
0.981467
0.985102
0.990250
0.998243
1.008437
1.023564
1.041922
1.067018
1.096653
1.131516
1.170302
1.205173
1.230546
1.240366
1.234048
1.212068
1.180604
1.143147
1.107689
1.076304
1.049820
1.029555
1.013275
1.001844
0.993083
0.987286
0.983207
0.980679
0.979246
0.978518
0.978468
0.978687
0.979301
0.979985
0.980874
0.981753
0.982717
0.983644
0.984588
0.985486
0.986364
0.987196
0.987994
0.988746
0.989458
0.990128
0.990759
0.991350
0.991906
0.992426
0.992913
0.993370
0.993797
0.994197
0.994570
0.994921
0.995248
0.995555
0.995841
0.996112
0.996360
0.996601
0.996815
0.997034
0.997210
0.997421
0.997552
0.997772
0.997840
0.998099
0.998074
0.998416
0.998248
0.998738
0.998357
0.999080
0.998393
0.999457
0.998349
0.999880
0.975726
0.995270
0.978180
0.991107
0.979497
0.987463
0.979790
0.984196
0.979187
0.981167
0.977846
0.978266
0.975965
0.975471
0.973817
0.972928
0.971841
0.971104
0.970819
0.971038
0.972231
0.974796
0.978881
0.986223
0.995887
1.011905
1.031789
1.061441
1.097831
1.143154
1.197442
1.246101
1.281105
1.296039
1.285122
1.250363
1.204867
1.153083
1.107533
1.069466
1.038827
1.017011
1.000051
0.989204
0.981194
0.976553
0.973592
0.972188
0.971806
0.972001
0.972810
0.973741
0.975013
0.976234
0.977614
0.978895
0.980222
0.981450
0.982661
0.983784
0.984862
0.985864
0.986811
0.987692
0.988517
0.989286
0.990003
0.990671
0.991294
0.991874
0.992414
0.992917
0.993386
0.993822
0.994230
0.994610
0.994964
0.995295
0.995603
0.995893
0.996160
0.996417
0.996645
0.996879
0.997066
0.997289
0.997428
0.997661
0.997734
0.998006
0.997981
0.998340
0.998166
0.998678
0.998281
0.999037
0.998320
0.999431
0.998274
0.999875
0.974245
0.994901
0.976761
0.990375
0.978022
0.986353
0.978134
0.982654
0.977202
0.979089
0.975348
0.975483
0.972707
0.971716
0.969458
0.967805
0.965894
0.964039
0.962601
0.961250
0.960843
0.961362
0.963338
0.968456
0.975791
0.990639
1.009526
1.042402
1.084425
1.143468
1.223017
1.300037
1.356941
1.378655
1.362324
1.312884
1.244970
1.167962
1.104462
1.056330
1.020163
0.997321
0.980636
0.971525
0.965412
0.962817
0.961789
0.962068
0.963231
0.964672
0.966611
0.968432
0.970504
0.972354
0.974294
0.976022
0.977743
0.979291
0.980783
0.982138
0.983419
0.984591
0.985686
0.986695
0.987631
0.988495
0.989297
0.990038
0.990725
0.991361
0.991951
0.992498
0.993006
0.993478
0.993916
0.994324
0.994703
0.995057
0.995385
0.995694
0.995977
0.996249
0.996490
0.996737
0.996935
0.997170
0.997317
0.997560
0.997637
0.997922
0.997897
0.998271
0.998091
0.998624
0.998212
0.998998
0.998253
0.999409
0.998206
0.999870
0.972899
0.994559
0.975466
0.989698
0.976667
0.985320
0.976598
0.981210
0.975344
0.977128
0.972984
0.972829
0.969591
0.968097
0.965237
0.962807
0.960057
0.957046
0.954396
0.951379
0.949203
0.947457
0.946926
0.949373
0.953572
0.966587
0.983234
1.019352
1.066700
1.143400
1.261288
1.370722
1.448176
1.487298
1.461465
1.375171
1.271575
1.164067
1.084651
1.030464
0.992040
0.971299
0.956874
0.951150
0.947908
0.948113
0.949443
0.951713
0.954587
0.957382
0.960510
0.963249
0.966136
0.968616
0.971116
0.973284
0.975393
0.977253
0.979017
0.980597
0.982072
0.983408
0.984645
0.985774
0.986815
0.987770
0.988650
0.989459
0.990206
0.990895
0.991531
0.992119
0.992663
0.993167
0.993634
0.994067
0.994469
0.994844
0.995190
0.995515
0.995813
0.996099
0.996352
0.996610
0.996818
0.997063
0.997217
0.997470
0.997552
0.997847
0.997822
0.998210
0.998024
0.998576
0.998150
0.998963
0.998193
0.999388
0.998145
0.999865
0.971706
0.994253
0.974313
0.989086
0.975452
0.984382
0.975209
0.979886
0.973640
0.975306
0.970780
0.970320
0.966620
0.964587
0.961097
0.957788
0.954109
0.949691
0.945607
0.940345
0.935878
0.930606
0.926325
0.923532
0.921606
0.928034
0.935595
0.968057
1.008513
1.101363
1.275654
1.441568
1.547570
1.591362
1.575274
1.486103
1.334707
1.159567
1.044709
0.983850
0.945945
0.932055
0.923773
0.924236
0.926117
0.930455
0.935259
0.940134
0.945241
0.949672
0.954222
0.958004
0.961803
0.964963
0.968056
0.970678
0.973181
0.975351
0.977384
0.979181
0.980843
0.982334
0.983704
0.984945
0.986083
0.987121
0.988072
0.988944
0.989745
0.990482
0.991159
0.991784
0.992361
0.992893
0.993385
0.993842
0.994264
0.994656
0.995019
0.995359
0.995670
0.995968
0.996232
0.996500
0.996716
0.996970
0.997130
0.997392
0.997477
0.997782
0.997757
0.998157
0.997966
0.998534
0.998097
0.998933
0.998142
0.999371
0.998093
0.999861
0.970684
0.993987
0.973322
0.988555
0.974402
0.983564
0.973999
0.978725
0.972146
0.973700
0.968833
0.968091
0.963976
0.961446
0.957381
0.953255
0.948711
0.942964
0.937502
0.930053
0.923283
0.914388
0.906093
0.897417
0.888295
0.886136
0.881020
0.906188
0.927463
1.044025
1.261730
1.329623
1.231652
1.162925
1.196133
1.281232
1.264834
1.092096
0.967265
0.916762
0.887640
0.886324
0.887359
0.895972
0.904018
0.913098
0.921623
0.929228
0.936562
0.942601
0.948507
0.953271
0.957916
0.961699
0.965335
0.968367
0.971227
0.973676
0.975949
0.977940
0.979769
0.981397
0.982885
0.984226
0.985449
0.986560
0.987575
0.988501
0.989350
0.990127
0.990841
0.991498
0.992102
0.992660
0.993174
0.993649
0.994089
0.994497
0.994873
0.995226
0.995548
0.995857
0.996129
0.996406
0.996629
0.996891
0.997056
0.997325
0.997414
0.997727
0.997702
0.998112
0.997917
0.998499
0.998052
0.998908
0.998098
0.999356
0.998048
0.999858
0.969846
0.993767
0.972507
0.988113
0.973535
0.982881
0.972992
0.977750
0.970889
0.972335
0.967172
0.966168
0.961681
0.958676
0.954077
0.949137
0.943764
0.936606
0.929780
0.919817
0.910666
0.897144
0.884363
0.866989
0.848415
0.829987
0.801587
0.798617
0.750961
0.835316
0.839570
0.451427
0.029090
-0.105103
0.025804
0.380448
0.744952
0.788863
0.753691
0.783510
0.795817
0.823099
0.842483
0.863064
0.879938
0.894733
0.907805
0.918389
0.928197
0.935893
0.943209
0.948943
0.954423
0.958801
0.962950
0.966361
0.969548
0.972246
0.974734
0.976894
0.978868
0.980615
0.982204
0.983629
0.984925
0.986097
0.987165
0.988137
0.989025
0.989837
0.990581
0.991264
0.991891
0.992469
0.993001
0.993493
0.993946
0.994367
0.994755
0.995118
0.995449
0.995767
0.996046
0.996331
0.996559
0.996827
0.996997
0.997272
0.997363
0.997682
0.997658
0.998075
0.997878
0.998471
0.998016
0.998887
0.998063
0.999344
0.998013
0.999855
0.969207
0.993597
0.971884
0.987773
0.972868
0.982354
0.972215
0.976994
0.969915
0.971275
0.965882
0.964670
0.959890
0.956510
0.951489
0.945901
0.939864
0.931562
0.923617
0.911537
0.900369
0.882680
0.865947
0.839835
0.812543
0.774825
0.723826
0.676231
0.560728
0.534319
0.189962
-0.330875
-0.510578
-0.547671
-0.461029
-0.295575
0.132989
0.442938
0.516610
0.639284
0.702935
0.761135
0.800814
0.833458
0.859045
0.879205
0.896376
0.909586
0.921488
0.930570
0.939032
0.945549
0.951694
0.956542
0.961095
0.964802
0.968244
0.971138
0.973793
0.976086
0.978173
0.980012
0.981679
0.983170
0.984522
0.985742
0.986851
0.987858
0.988777
0.989615
0.990382
0.991085
0.991730
0.992324
0.992870
0.993374
0.993838
0.994269
0.994666
0.995036
0.995375
0.995698
0.995984
0.996273
0.996506
0.996779
0.996952
0.997232
0.997324
0.997648
0.997624
0.998048
0.997848
0.998449
0.997988
0.998872
0.998037
0.999335
0.997986
0.999853
0.968775
0.993482
0.971461
0.987541
0.972416
0.981993
0.971685
0.976476
0.969246
0.970541
0.964986
0.963620
0.958632
0.954969
0.949641
0.943547
0.937025
0.927794
0.919045
0.905150
0.892616
0.871098
0.852082
0.817103
0.786442
0.725990
0.672641
0.560541
0.458576
0.235555
-0.127740
-0.174572
0.048362
0.114069
0.049990
-0.131264
-0.121722
0.192932
0.387847
0.535585
0.640429
0.713694
0.769932
0.810358
0.843131
0.867161
0.887691
0.902874
0.916462
0.926599
0.935962
0.943073
0.949727
0.954926
0.959780
0.963705
0.967334
0.970368
0.973142
0.975529
0.977695
0.979599
0.981322
0.982858
0.984248
0.985501
0.986638
0.987669
0.988609
0.989465
0.990248
0.990965
0.991622
0.992226
0.992782
0.993294
0.993766
0.994203
0.994605
0.994982
0.995324
0.995652
0.995942
0.996235
0.996471
0.996746
0.996922
0.997204
0.997298
0.997626
0.997602
0.998029
0.997828
0.998435
0.997970
0.998861
0.998019
0.999329
0.997968
0.999852
0.968557
0.993424
0.971249
0.987424
0.972187
0.981811
0.971417
0.976213
0.968908
0.970170
0.964534
0.963091
0.957997
0.954192
0.948709
0.942363
0.935595
0.925892
0.916734
0.901879
0.888669
0.864943
0.844956
0.804135
0.773051
0.694918
0.647388
0.477168
0.412681
0.000177
-0.097401
0.255712
0.359925
0.384288
0.277559
0.217262
-0.098188
-0.000987
0.333720
0.473146
0.608065
0.686686
0.753398
0.797795
0.834748
0.860857
0.883220
0.899450
0.913917
0.924599
0.934419
0.941831
0.948740
0.954115
0.959119
0.963153
0.966875
0.969979
0.972814
0.975248
0.977454
0.979390
0.981141
0.982700
0.984110
0.985379
0.986531
0.987574
0.988524
0.989390
0.990181
0.990904
0.991568
0.992177
0.992737
0.993254
0.993729
0.994170
0.994575
0.994954
0.995299
0.995629
0.995920
0.996215
0.996453
0.996730
0.996906
0.997191
0.997285
0.997614
0.997591
0.998020
0.997818
0.998427
0.997961
0.998856
0.998010
0.999326
0.997959
0.999851
0.968557
0.993424
0.971249
0.987424
0.972187
0.981811
0.971417
0.976213
0.968908
0.970170
0.964534
0.963091
0.957997
0.954192
0.948709
0.942363
0.935595
0.925892
0.916734
0.901879
0.888669
0.864943
0.844956
0.804135
0.773051
0.694918
0.647388
0.477168
0.412681
0.000177
-0.097401
0.255712
0.359925
0.384288
0.277559
0.217262
-0.098188
-0.000987
0.333720
0.473146
0.608065
0.686686
0.753398
0.797795
0.834748
0.860857
0.883220
0.899450
0.913917
0.924599
0.934419
0.941831
0.948740
0.954115
0.959119
0.963153
0.966875
0.969979
0.972814
0.975248
0.977454
0.979390
0.981141
0.982700
0.984110
0.985379
0.986531
0.987574
0.988524
0.989390
0.990181
0.990904
0.991568
0.992177
0.992737
0.993254
0.993729
0.994170
0.994575
0.994954
0.995299
0.995629
0.995920
0.996215
0.996453
0.996730
0.996906
0.997191
0.997285
0.997614
0.997591
0.998020
0.997818
0.998427
0.997961
0.998856
0.998010
0.999326
0.997959
0.999851
0.968775
0.993482
0.971461
0.987541
0.972416
0.981993
0.971685
0.976476
0.969246
0.970541
0.964986
0.963620
0.958632
0.954969
0.949641
0.943547
0.937025
0.927794
0.919045
0.905150
0.892616
0.871098
0.852082
0.817103
0.786442
0.725990
0.672641
0.560541
0.458576
0.235555
-0.127740
-0.174572
0.048362
0.114069
0.049990
-0.131264
-0.121722
0.192932
0.387847
0.535585
0.640429
0.713694
0.769932
0.810358
0.843131
0.867161
0.887691
0.902874
0.916462
0.926599
0.935962
0.943073
0.949727
0.954926
0.959780
0.963705
0.967334
0.970368
0.973142
0.975529
0.977695
0.979599
0.981322
0.982858
0.984248
0.985501
0.986638
0.987669
0.988609
0.989465
0.990248
0.990965
0.991622
0.992226
0.992782
0.993294
0.993766
0.994203
0.994605
0.994982
0.995324
0.995652
0.995942
0.996235
0.996471
0.996746
0.996922
0.997204
0.997298
0.997626
0.997602
0.998029
0.997828
0.998435
0.997970
0.998861
0.998019
0.999329
0.997968
0.999852
0.969207
0.993597
0.971884
0.987773
0.972868
0.982354
0.972215
0.976994
0.969915
0.971275
0.965882
0.964670
0.959890
0.956510
0.951489
0.945901
0.939864
0.931562
0.923617
0.911537
0.900369
0.882680
0.865947
0.839835
0.812543
0.774825
0.723826
0.676231
0.560728
0.534319
0.189962
-0.330875
-0.510578
-0.547671
-0.461029
-0.295575
0.132989
0.442938
0.516610
0.639284
0.702935
0.761135
0.800814
0.833458
0.859045
0.879205
0.896376
0.909586
0.921488
0.930570
0.939032
0.945549
0.951694
0.956542
0.961095
0.964802
0.968244
0.971138
0.973793
0.976086
0.978173
0.980012
0.981679
0.983170
0.984522
0.985742
0.986851
0.987858
0.988777
0.989615
0.990382
0.991085
0.991730
0.992324
0.992870
0.993374
0.993838
0.994269
0.994666
0.995036
0.995375
0.995698
0.995984
0.996273
0.996506
0.996779
0.996952
0.997232
0.997324
0.997648
0.997624
0.998048
0.997848
0.998449
0.997988
0.998872
0.998037
0.999335
0.997986
0.999853
0.969846
0.993767
0.972507
0.988113
0.973535
0.982881
0.972992
0.977750
0.970889
0.972335
0.967172
0.966168
0.961681
0.958676
0.954077
0.949137
0.943764
0.936606
0.929780
0.919817
0.910666
0.897144
0.884363
0.866989
0.848415
0.829987
0.801587
0.798617
0.750961
0.835316
0.839570
0.451427
0.029090
-0.105103
0.025804
0.380448
0.744952
0.788863
0.753691
0.783510
0.795817
0.823099
0.842483
0.863064
0.879938
0.894733
0.907805
0.918389
0.928197
0.935893
0.943209
0.948943
0.954423
0.958801
0.962950
0.966361
0.969548
0.972246
0.974734
0.976894
0.978868
0.980615
0.982204
0.983629
0.984925
0.986097
0.987165
0.988137
0.989025
0.989837
0.990581
0.991264
0.991891
0.992469
0.993001
0.993493
0.993946
0.994367
0.994755
0.995118
0.995449
0.995767
0.996046
0.996331
0.996559
0.996827
0.996997
0.997272
0.997363
0.997682
0.997658
0.998075
0.997878
0.998471
0.998016
0.998887
0.998063
0.999344
0.998013
0.999855
0.970684
0.993987
0.973322
0.988555
0.974402
0.983564
0.973999
0.978725
0.972146
0.973700
0.968833
0.968091
0.963976
0.961446
0.957381
0.953255
0.948711
0.942964
0.937502
0.930053
0.923283
0.914388
0.906093
0.897417
0.888295
0.886136
0.881020
0.906188
0.927463
1.044025
1.261730
1.329623
1.231652
1.162925
1.196133
1.281232
1.264834
1.092096
0.967265
0.916762
0.887640
0.886324
0.887359
0.895972
0.904018
0.913098
0.921623
0.929228
0.936562
0.942601
0.948507
0.953271
0.957916
0.961699
0.965335
0.968367
0.971227
0.973676
0.975949
0.977940
0.979769
0.981397
0.982885
0.984226
0.985449
0.986560
0.987575
0.988501
0.989350
0.990127
0.990841
0.991498
0.992102
0.992660
0.993174
0.993649
0.994089
0.994497
0.994873
0.995226
0.995548
0.995857
0.996129
0.996406
0.996629
0.996891
0.997056
0.997325
0.997414
0.997727
0.997702
0.998112
0.997917
0.998499
0.998052
0.998908
0.998098
0.999356
0.998048
0.999858
0.971706
0.994253
0.974313
0.989086
0.975452
0.984382
0.975209
0.979886
0.973640
0.975306
0.970780
0.970320
0.966620
0.964587
0.961097
0.957788
0.954109
0.949691
0.945607
0.940345
0.935878
0.930606
0.926325
0.923532
0.921606
0.928034
0.935595
0.968057
1.008513
1.101363
1.275654
1.441568
1.547570
1.591362
1.575274
1.486103
1.334707
1.159567
1.044709
0.983850
0.945945
0.932055
0.923773
0.924236
0.926117
0.930455
0.935259
0.940134
0.945241
0.949672
0.954222
0.958004
0.961803
0.964963
0.968056
0.970678
0.973181
0.975351
0.977384
0.979181
0.980843
0.982334
0.983704
0.984945
0.986083
0.987121
0.988072
0.988944
0.989745
0.990482
0.991159
0.991784
0.992361
0.992893
0.993385
0.993842
0.994264
0.994656
0.995019
0.995359
0.995670
0.995968
0.996232
0.996500
0.996716
0.996970
0.997130
0.997392
0.997477
0.997782
0.997757
0.998157
0.997966
0.998534
0.998097
0.998933
0.998142
0.999371
0.998093
0.999861
0.972899
0.994559
0.975466
0.989698
0.976667
0.985320
0.976598
0.981210
0.975344
0.977128
0.972984
0.972829
0.969591
0.968097
0.965237
0.962807
0.960057
0.957046
0.954396
0.951379
0.949203
0.947457
0.946926
0.949373
0.953572
0.966587
0.983234
1.019352
1.066700
1.143400
1.261288
1.370722
1.448176
1.487298
1.461465
1.375171
1.271575
1.164067
1.084651
1.030464
0.992040
0.971299
0.956874
0.951150
0.947908
0.948113
0.949443
0.951713
0.954587
0.957382
0.960510
0.963249
0.966136
0.968616
0.971116
0.973284
0.975393
0.977253
0.979017
0.980597
0.982072
0.983408
0.984645
0.985774
0.986815
0.987770
0.988650
0.989459
0.990206
0.990895
0.991531
0.992119
0.992663
0.993167
0.993634
0.994067
0.994469
0.994844
0.995190
0.995515
0.995813
0.996099
0.996352
0.996610
0.996818
0.997063
0.997217
0.997470
0.997552
0.997847
0.997822
0.998210
0.998024
0.998576
0.998150
0.998963
0.998193
0.999388
0.998145
0.999865
0.974245
0.994901
0.976761
0.990375
0.978022
0.986353
0.978134
0.982654
0.977202
0.979089
0.975348
0.975483
0.972707
0.971716
0.969458
0.967805
0.965894
0.964039
0.962601
0.961250
0.960843
0.961362
0.963338
0.968456
0.975791
0.990639
1.009526
1.042402
1.084425
1.143468
1.223017
1.300037
1.356941
1.378655
1.362324
1.312884
1.244970
1.167962
1.104462
1.056330
1.020163
0.997321
0.980636
0.971525
0.965412
0.962817
0.961789
0.962068
0.963231
0.964672
0.966611
0.968432
0.970504
0.972354
0.974294
0.976022
0.977743
0.979291
0.980783
0.982138
0.983419
0.984591
0.985686
0.986695
0.987631
0.988495
0.989297
0.990038
0.990725
0.991361
0.991951
0.992498
0.993006
0.993478
0.993916
0.994324
0.994703
0.995057
0.995385
0.995694
0.995977
0.996249
0.996490
0.996737
0.996935
0.997170
0.997317
0.997560
0.997637
0.997922
0.997897
0.998271
0.998091
0.998624
0.998212
0.998998
0.998253
0.999409
0.998206
0.999870
0.975726
0.995270
0.978180
0.991107
0.979497
0.987463
0.979790
0.984196
0.979187
0.981167
0.977846
0.978266
0.975965
0.975471
0.973817
0.972928
0.971841
0.971104
0.970819
0.971038
0.972231
0.974796
0.978881
0.986223
0.995887
1.011905
1.031789
1.061441
1.097831
1.143154
1.197442
1.246101
1.281105
1.296039
1.285122
1.250363
1.204867
1.153083
1.107533
1.069466
1.038827
1.017011
1.000051
0.989204
0.981194
0.976553
0.973592
0.972188
0.971806
0.972001
0.972810
0.973741
0.975013
0.976234
0.977614
0.978895
0.980222
0.981450
0.982661
0.983784
0.984862
0.985864
0.986811
0.987692
0.988517
0.989286
0.990003
0.990671
0.991294
0.991874
0.992414
0.992917
0.993386
0.993822
0.994230
0.994610
0.994964
0.995295
0.995603
0.995893
0.996160
0.996417
0.996645
0.996879
0.997066
0.997289
0.997428
0.997661
0.997734
0.998006
0.997981
0.998340
0.998166
0.998678
0.998281
0.999037
0.998320
0.999431
0.998274
0.999875
0.977324
0.995662
0.979704
0.991879
0.981066
0.988626
0.981532
0.985795
0.981244
0.983290
0.980386
0.981055
0.979198
0.979131
0.978010
0.977742
0.977328
0.977425
0.977995
0.979239
0.981467
0.985102
0.990250
0.998243
1.008437
1.023564
1.041922
1.067018
1.096653
1.131516
1.170302
1.205173
1.230546
1.240366
1.234048
1.212068
1.180604
1.143147
1.107689
1.076304
1.049820
1.029555
1.013275
1.001844
0.993083
0.987286
0.983207
0.980679
0.979246
0.978518
0.978468
0.978687
0.979301
0.979985
0.980874
0.981753
0.982717
0.983644
0.984588
0.985486
0.986364
0.987196
0.987994
0.988746
0.989458
0.990128
0.990759
0.991350
0.991906
0.992426
0.992913
0.993370
0.993797
0.994197
0.994570
0.994921
0.995248
0.995555
0.995841
0.996112
0.996360
0.996601
0.996815
0.997034
0.997210
0.997421
0.997552
0.997772
0.997840
0.998099
0.998074
0.998416
0.998248
0.998738
0.998357
0.999080
0.998393
0.999457
0.998349
0.999880
0.979019
0.996069
0.981311
0.992679
0.982708
0.989825
0.983336
0.987431
0.983349
0.985440
0.982953
0.983845
0.982420
0.982745
0.982128
0.982428
0.982632
0.983478
0.984806
0.986950
0.990043
0.994577
1.000521
1.008982
1.019384
1.033601
1.050364
1.071568
1.095619
1.122078
1.149604
1.173153
1.189801
1.196396
1.191794
1.176230
1.154275
1.127708
1.101540
1.077110
1.055551
1.037952
1.023204
1.012082
1.003155
0.996739
0.991887
0.988521
0.986226
0.984719
0.983914
0.983492
0.983504
0.983687
0.984115
0.984610
0.985229
0.985864
0.986548
0.987224
0.987908
0.988571
0.989219
0.989842
0.990440
0.991010
0.991552
0.992066
0.992552
0.993011
0.993444
0.993852
0.994236
0.994596
0.994935
0.995254
0.995553
0.995835
0.996097
0.996347
0.996577
0.996800
0.996998
0.997203
0.997367
0.997564
0.997685
0.997892
0.997955
0.998200
0.998175
0.998499
0.998338
0.998803
0.998441
0.999127
0.998474
0.999484
0.998431
0.999886
0.980792
0.996487
0.982983
0.993495
0.984401
0.991038
0.985171
0.989067
0.985455
0.987559
0.985470
0.986540
0.985503
0.986142
0.985942
0.986671
0.987341
0.988696
0.990519
0.993166
0.996699
1.001533
1.007640
1.015800
1.025613
1.038268
1.052861
1.070440
1.089765
1.110353
1.130884
1.148336
1.160718
1.165522
1.162691
1.152075
1.136215
1.116498
1.096098
1.076350
1.058285
1.042873
1.029613
1.019089
1.010433
1.003846
0.998683
0.994858
0.992051
0.990030
0.988700
0.987805
0.987354
0.987135
0.987183
0.987351
0.987667
0.988041
0.988489
0.988960
0.989459
0.989961
0.990466
0.990963
0.991449
0.991920
0.992374
0.992810
0.993226
0.993623
0.994000
0.994358
0.994697
0.995018
0.995321
0.995607
0.995876
0.996131
0.996370
0.996598
0.996808
0.997012
0.997194
0.997383
0.997534
0.997716
0.997829
0.998022
0.998079
0.998308
0.998283
0.998588
0.998435
0.998873
0.998530
0.999177
0.998561
0.999514
0.998520
0.999893
0.982624
0.996909
0.984701
0.994317
0.986124
0.992251
0.987018
0.990690
0.987546
0.989636
0.987933
0.989146
0.988470
0.989378
0.989551
0.990646
0.991717
0.993497
0.995724
0.998773
1.002629
1.007667
1.013812
1.021647
1.030823
1.042095
1.054763
1.069306
1.084790
1.100598
1.115722
1.128174
1.136779
1.140086
1.137916
1.130185
1.118648
1.104094
1.088627
1.073142
1.058522
1.045523
1.033986
1.024415
1.016291
1.009819
1.004555
1.000463
0.997293
0.994878
0.993124
0.991832
0.990984
0.990412
0.990123
0.989995
0.990037
0.990171
0.990399
0.990678
0.991003
0.991352
0.991720
0.992095
0.992472
0.992846
0.993214
0.993572
0.993919
0.994254
0.994576
0.994883
0.995177
0.995457
0.995723
0.995976
0.996215
0.996443
0.996656
0.996861
0.997051
0.997236
0.997401
0.997573
0.997711
0.997878
0.997980
0.998159
0.998210
0.998423
0.998398
0.998682
0.998539
0.998948
0.998626
0.999231
0.998653
0.999545
0.998614
0.999900
0.984498
0.997332
0.986448
0.995134
0.987859
0.993448
0.988852
0.992273
0.989588
0.991632
0.990288
0.991601
0.991238
0.992343
0.992813
0.994161
0.995508
0.997540
0.999986
1.003190
1.007109
1.012037
1.017910
1.025116
1.033401
1.043206
1.054017
1.066039
1.078545
1.091037
1.102688
1.112208
1.118782
1.121338
1.119895
1.114316
1.105667
1.094559
1.082360
1.069840
1.057702
1.046579
1.036494
1.027843
1.020351
1.014172
1.009025
1.004880
1.001560
0.998933
0.996917
0.995358
0.994227
0.993389
0.992835
0.992467
0.992278
0.992206
0.992242
0.992348
0.992516
0.992724
0.992964
0.993224
0.993498
0.993779
0.994063
0.994345
0.994625
0.994898
0.995164
0.995422
0.995671
0.995910
0.996139
0.996358
0.996566
0.996766
0.996954
0.997136
0.997304
0.997470
0.997617
0.997773
0.997896
0.998048
0.998140
0.998303
0.998349
0.998544
0.998519
0.998782
0.998647
0.999026
0.998727
0.999288
0.998751
0.999579
0.998714
0.999907
0.986397
0.997750
0.988206
0.995939
0.989589
0.994618
0.990658
0.993806
0.991570
0.993542
0.992537
0.993915
0.993834
0.995092
0.995813
0.997357
0.998924
1.001142
1.003739
1.007032
1.010950
1.015732
1.021301
1.027922
1.035377
1.043916
1.053131
1.063052
1.073126
1.082905
1.091783
1.098887
1.103690
1.105530
1.104391
1.100195
1.093665
1.085189
1.075700
1.065737
1.055853
1.046532
1.037881
1.030228
1.023443
1.017671
1.012740
1.008648
1.005268
1.002513
1.000312
0.998551
0.997195
0.996138
0.995363
0.994788
0.994401
0.994146
0.994012
0.993963
0.993987
0.994065
0.994187
0.994339
0.994515
0.994708
0.994912
0.995122
0.995336
0.995549
0.995762
0.995970
0.996174
0.996372
0.996564
0.996750
0.996928
0.997099
0.997262
0.997420
0.997567
0.997712
0.997842
0.997980
0.998089
0.998225
0.998306
0.998453
0.998493
0.998671
0.998646
0.998886
0.998761
0.999108
0.998832
0.999347
0.998854
0.999613
0.998819
0.999915
0.988304
0.998159
0.989963
0.996724
0.991300
0.995751
0.992420
0.995273
0.993470
0.995342
0.994649
0.996053
0.996212
0.997567
0.998478
1.000138
1.001838
1.004131
1.006765
1.010011
1.013793
1.018291
1.023436
1.029393
1.035994
1.043362
1.051188
1.059427
1.067649
1.075506
1.082522
1.088099
1.091860
1.093329
1.092514
1.089350
1.084298
1.077658
1.070059
1.061938
1.053723
1.045806
1.038329
1.031557
1.025450
1.020127
1.015496
1.011558
1.008234
1.005457
1.003175
1.001299
0.999799
0.998590
0.997651
0.996917
0.996370
0.995965
0.995685
0.995501
0.995400
0.995362
0.995376
0.995430
0.995516
0.995626
0.995754
0.995895
0.996046
0.996202
0.996362
0.996523
0.996683
0.996841
0.996997
0.997149
0.997296
0.997439
0.997577
0.997710
0.997836
0.997961
0.998073
0.998193
0.998287
0.998407
0.998478
0.998608
0.998642
0.998802
0.998778
0.998994
0.998879
0.999193
0.998942
0.999409
0.998960
0.999650
0.998928
0.999923
0.990206
0.998558
0.991704
0.997484
0.992979
0.996839
0.994126
0.996668
0.995282
0.997032
0.996629
0.998030
0.998399
0.999813
1.000877
1.002609
1.004399
1.006723
1.009352
1.012517
1.016137
1.020349
1.025084
1.030441
1.036280
1.042645
1.049291
1.056130
1.062833
1.069112
1.074620
1.078937
1.081803
1.082911
1.082256
1.079804
1.075866
1.070653
1.064602
1.058030
1.051266
1.044614
1.038216
1.032290
1.026847
1.021996
1.017694
1.013955
1.010732
1.007983
1.005669
1.003726
1.002125
1.000803
0.999736
0.998874
0.998196
0.997664
0.997261
0.996961
0.996749
0.996607
0.996524
0.996488
0.996491
0.996525
0.996582
0.996659
0.996750
0.996851
0.996961
0.997076
0.997193
0.997313
0.997433
0.997552
0.997669
0.997785
0.997896
0.998007
0.998111
0.998216
0.998309
0.998411
0.998491
0.998594
0.998654
0.998768
0.998796
0.998936
0.998913
0.999105
0.999002
0.999281
0.999056
0.999473
0.999071
0.999687
0.999041
0.999931
0.992091
0.998943
0.993418
0.998214
0.994616
0.997876
0.995767
0.997983
0.996995
0.998603
0.998463
0.999831
1.000377
1.001810
1.002982
1.004735
1.006559
1.008851
1.011413
1.014432
1.017833
1.021714
1.026013
1.030784
1.035914
1.041401
1.047055
1.052779
1.058316
1.063441
1.067886
1.071352
1.073644
1.074546
1.074050
1.072134
1.069005
1.064826
1.059902
1.054485
1.048829
1.043175
1.037661
1.032463
1.027621
1.023226
1.019268
1.015767
1.012697
1.010032
1.007744
1.005788
1.004139
1.002749
1.001598
1.000643
0.999865
0.999232
0.998728
0.998330
0.998023
0.997791
0.997623
0.997508
0.997435
0.997399
0.997391
0.997407
0.997443
0.997493
0.997554
0.997625
0.997702
0.997784
0.997869
0.997957
0.998044
0.998133
0.998219
0.998306
0.998389
0.998474
0.998549
0.998633
0.998699
0.998785
0.998834
0.998931
0.998953
0.999074
0.999052
0.999219
0.999127
0.999372
0.999172
0.999538
0.999184
0.999726
0.999157
0.999939
0.993947
0.999313
0.995096
0.998911
0.996203
0.998859
0.997338
0.999217
0.998608
1.000056
1.000160
1.001473
1.002169
1.003594
1.004846
1.006588
1.008420
1.010653
1.013127
1.015986
1.019165
1.022731
1.026627
1.030877
1.035383
1.040121
1.044937
1.049733
1.054310
1.058488
1.062067
1.064831
1.066640
1.067346
1.066942
1.065417
1.062913
1.059549
1.055545
1.051088
1.046373
1.041589
1.036857
1.032320
1.028033
1.024074
1.020455
1.017201
1.014302
1.011744
1.009510
1.007570
1.005903
1.004475
1.003265
1.002242
1.001388
1.000675
1.000089
0.999610
0.999222
0.998913
0.998670
0.998483
0.998343
0.998243
0.998176
0.998137
0.998120
0.998122
0.998139
0.998168
0.998206
0.998252
0.998304
0.998360
0.998420
0.998481
0.998543
0.998607
0.998669
0.998734
0.998792
0.998858
0.998909
0.998979
0.999017
0.999097
0.999113
0.999215
0.999194
0.999335
0.999255
0.999464
0.999292
0.999605
0.999300
0.999765
0.999276
0.999948
0.995764
0.999666
0.996729
0.999573
0.997732
0.999784
0.998831
1.000366
1.000118
1.001392
1.001716
1.002953
1.003775
1.005165
1.006467
1.008169
1.009976
1.012118
1.014475
1.017151
1.020093
1.023342
1.026850
1.030619
1.034571
1.038666
1.042785
1.046835
1.050661
1.054122
1.057062
1.059323
1.060798
1.061380
1.061060
1.059834
1.057799
1.055047
1.051739
1.048020
1.044043
1.039957
1.035871
1.031900
1.028102
1.024545
1.021253
1.018250
1.015538
1.013111
1.010961
1.009067
1.007413
1.005975
1.004736
1.003670
1.002762
1.001991
1.001341
1.000795
1.000341
0.999966
0.999659
0.999410
0.999211
0.999054
0.998934
0.998843
0.998779
0.998736
0.998711
0.998700
0.998702
0.998714
0.998734
0.998761
0.998793
0.998828
0.998867
0.998908
0.998950
0.998995
0.999036
0.999084
0.999121
0.999174
0.999201
0.999265
0.999275
0.999357
0.999337
0.999453
0.999384
0.999557
0.999413
0.999673
0.999418
0.999805
0.999397
0.999957
0.997534
1.000002
0.998311
1.000198
0.999200
1.000652
1.000246
1.001433
1.001525
1.002615
1.003140
1.004286
1.005214
1.006551
1.007884
1.009526
1.011293
1.013331
1.015565
1.018058
1.020772
1.023727
1.026883
1.030228
1.033696
1.037244
1.040773
1.044202
1.047409
1.050281
1.052698
1.054545
1.055741
1.056211
1.055947
1.054947
1.053282
1.051020
1.048279
1.045171
1.041814
1.038327
1.034800
1.031329
1.027969
1.024782
1.021796
1.019036
1.016511
1.014223
1.012169
1.010336
1.008714
1.007285
1.006035
1.004945
1.004001
1.003186
1.002487
1.001889
1.001381
1.000951
1.000590
1.000287
1.000036
0.999829
0.999660
0.999524
0.999416
0.999331
0.999267
0.999221
0.999188
0.999168
0.999158
0.999156
0.999161
0.999173
0.999188
0.999208
0.999229
0.999255
0.999279
0.999310
0.999333
0.999370
0.999387
0.999433
0.999437
0.999500
0.999481
0.999572
0.999515
0.999652
0.999535
0.999742
0.999538
0.999846
0.999520
0.999966
0.999251
1.000319
0.999836
1.000786
1.000602
1.001462
1.001580
1.002418
1.002832
1.003729
1.004437
1.005479
1.006494
1.007762
1.009108
1.010675
1.012385
1.014307
1.016407
1.018714
1.021205
1.023882
1.026713
1.029679
1.032724
1.035806
1.038843
1.041766
1.044478
1.046889
1.048906
1.050442
1.051432
1.051824
1.051607
1.050785
1.049404
1.047521
1.045223
1.042597
1.039739
1.036740
1.033680
1.030636
1.027660
1.024806
1.022102
1.019575
1.017237
1.015094
1.013148
1.011391
1.009817
1.008413
1.007169
1.006072
1.005108
1.004265
1.003531
1.002893
1.002342
1.001867
1.001460
1.001112
1.000816
1.000565
1.000353
1.000176
1.000029
0.999907
0.999807
0.999726
0.999662
0.999611
0.999573
0.999545
0.999525
0.999512
0.999505
0.999504
0.999507
0.999514
0.999521
0.999535
0.999545
0.999565
0.999572
0.999601
0.999601
0.999643
0.999627
0.999691
0.999647
0.999747
0.999658
0.999811
0.999658
0.999886
0.999643
0.999975
1.000909
1.000617
1.001301
1.001336
1.001936
1.002214
1.002835
1.003324
1.004041
1.004740
1.005615
1.006545
1.007632
1.008820
1.010168
1.011649
1.013296
1.015098
1.017066
1.019193
1.021475
1.023898
1.026439
1.029071
1.031750
1.034433
1.037055
1.039555
1.041857
1.043888
1.045576
1.046855
1.047675
1.047999
1.047817
1.047132
1.045980
1.044403
1.042468
1.040242
1.037800
1.035217
1.032557
1.029885
1.027249
1.024693
1.022248
1.019938
1.017779
1.015780
1.013944
1.012269
1.010752
1.009385
1.008160
1.007066
1.006095
1.005235
1.004477
1.003811
1.003227
1.002716
1.002271
1.001885
1.001550
1.001261
1.001012
1.000798
1.000615
1.000460
1.000327
1.000215
1.000121
1.000043
0.999978
0.999924
0.999880
0.999846
0.999818
0.999797
0.999780
0.999770
0.999761
0.999759
0.999755
0.999759
0.999757
0.999769
0.999763
0.999787
0.999772
0.999811
0.999779
0.999841
0.999782
0.999880
0.999779
0.999927
0.999767
0.999984
1.002503
1.000898
1.002702
1.001850
1.003201
1.002911
1.004009
1.004155
1.005156
1.005656
1.006682
1.007492
1.008638
1.009740
1.011077
1.012468
1.014044
1.015723
1.017560
1.019515
1.021601
1.023790
1.026068
1.028405
1.030766
1.033109
1.035382
1.037533
1.039501
1.041227
1.042655
1.043732
1.044422
1.044693
1.044540
1.043965
1.042993
1.041660
1.040015
1.038112
1.036011
1.033773
1.031450
1.029097
1.026756
1.024466
1.022255
1.020148
1.018159
1.016300
1.014576
1.012988
1.011535
1.010213
1.009017
1.007938
1.006970
1.006104
1.005332
1.004645
1.004037
1.003499
1.003024
1.002606
1.002239
1.001917
1.001635
1.001389
1.001175
1.000989
1.000827
1.000686
1.000565
1.000461
1.000371
1.000294
1.000228
1.000171
1.000124
1.000084
1.000050
1.000022
0.999998
0.999979
0.999963
0.999952
0.999939
0.999936
0.999925
0.999929
0.999916
0.999929
0.999910
0.999936
0.999905
0.999949
0.999900
0.999968
0.999892
0.999993
1.004030
1.001160
1.004037
1.002328
1.004396
1.003555
1.005107
1.004915
1.006183
1.006482
1.007647
1.008333
1.009529
1.010538
1.011859
1.013154
1.014659
1.016217
1.017928
1.019721
1.021626
1.023604
1.025649
1.027728
1.029812
1.031863
1.033841
1.035698
1.037387
1.038860
1.040073
1.040985
1.041565
1.041793
1.041662
1.041174
1.040349
1.039214
1.037809
1.036175
1.034360
1.032413
1.030379
1.028303
1.026220
1.024167
1.022168
1.020245
1.018416
1.016690
1.015075
1.013575
1.012190
1.010919
1.009757
1.008700
1.007743
1.006878
1.006100
1.005402
1.004776
1.004217
1.003719
1.003276
1.002882
1.002532
1.002223
1.001949
1.001707
1.001493
1.001305
1.001138
1.000992
1.000864
1.000751
1.000652
1.000565
1.000489
1.000422
1.000364
1.000313
1.000269
1.000230
1.000196
1.000167
1.000142
1.000120
1.000100
1.000085
1.000070
1.000059
1.000047
1.000041
1.000030
1.000028
1.000018
1.000020
1.000009
1.000015
1.000002
1.005488
1.001404
1.005305
1.002772
1.005523
1.004148
1.006129
1.005608
1.007125
1.007226
1.008516
1.009077
1.010313
1.011227
1.012526
1.013726
1.015158
1.016599
1.018190
1.019831
1.021569
1.023356
1.025192
1.027043
1.028887
1.030690
1.032417
1.034029
1.035487
1.036753
1.037791
1.038568
1.039062
1.039255
1.039141
1.038724
1.038018
1.037044
1.035834
1.034421
1.032844
1.031142
1.029353
1.027514
1.025657
1.023813
1.022003
1.020250
1.018568
1.016969
1.015460
1.014047
1.012732
1.011514
1.010392
1.009363
1.008423
1.007567
1.006789
1.006085
1.005449
1.004876
1.004360
1.003896
1.003480
1.003108
1.002774
1.002476
1.002210
1.001972
1.001760
1.001570
1.001402
1.001251
1.001117
1.000998
1.000891
1.000797
1.000712
1.000637
1.000570
1.000510
1.000457
1.000409
1.000368
1.000328
1.000297
1.000262
1.000242
1.000209
1.000200
1.000163
1.000170
1.000123
1.000149
1.000086
1.000139
1.000049
1.000138
1.000011
1.006874
1.001631
1.006505
1.003182
1.006581
1.004693
1.007080
1.006239
1.007989
1.007895
1.009299
1.009735
1.011004
1.011822
1.013096
1.014201
1.015561
1.016890
1.018367
1.019868
1.021455
1.023069
1.024721
1.026372
1.028008
1.029597
1.031110
1.032514
1.033779
1.034871
1.035763
1.036429
1.036850
1.037013
1.036914
1.036554
1.035945
1.035105
1.034056
1.032828
1.031451
1.029958
1.028379
1.026746
1.025087
1.023427
1.021787
1.020187
1.018641
1.017159
1.015752
1.014423
1.013177
1.012015
1.010936
1.009938
1.009019
1.008176
1.007405
1.006700
1.006059
1.005476
1.004947
1.004469
1.004035
1.003644
1.003290
1.002972
1.002684
1.002425
1.002192
1.001982
1.001793
1.001622
1.001469
1.001331
1.001206
1.001094
1.000993
1.000901
1.000820
1.000745
1.000679
1.000616
1.000564
1.000510
1.000471
1.000421
1.000397
1.000345
1.000339
1.000277
1.000297
1.000214
1.000269
1.000152
1.000256
1.000088
1.000259
1.000020
1.008190
1.001842
1.007639
1.003561
1.007573
1.005192
1.007961
1.006811
1.008779
1.008495
1.010003
1.010315
1.011612
1.012334
1.013581
1.014593
1.015883
1.017105
1.018477
1.019848
1.021298
1.022757
1.024244
1.025720
1.027175
1.028579
1.029909
1.031139
1.032240
1.033189
1.033960
1.034534
1.034895
1.035034
1.034946
1.034633
1.034104
1.033373
1.032459
1.031385
1.030177
1.028859
1.027460
1.026005
1.024518
1.023020
1.021533
1.020071
1.018649
1.017277
1.015965
1.014718
1.013540
1.012433
1.011398
1.010434
1.009540
1.008714
1.007953
1.007253
1.006610
1.006023
1.005485
1.004995
1.004548
1.004142
1.003772
1.003435
1.003130
1.002853
1.002601
1.002372
1.002164
1.001976
1.001805
1.001650
1.001509
1.001380
1.001264
1.001157
1.001061
1.000972
1.000894
1.000818
1.000755
1.000687
1.000641
1.000576
1.000548
1.000478
1.000475
1.000389
1.000421
1.000304
1.000387
1.000218
1.000372
1.000127
1.000378
1.000028
1.009433
1.002038
1.008706
1.003909
1.008500
1.005649
1.008776
1.007331
1.009500
1.009032
1.010635
1.010826
1.012145
1.012774
1.013992
1.014915
1.016139
1.017260
1.018534
1.019786
1.021111
1.022431
1.023773
1.025095
1.026392
1.027637
1.028811
1.029891
1.030855
1.031681
1.032351
1.032848
1.033159
1.033277
1.033197
1.032923
1.032460
1.031821
1.031020
1.030076
1.029010
1.027843
1.026598
1.025297
1.023960
1.022607
1.021254
1.019917
1.018608
1.017338
1.016115
1.014944
1.013832
1.012780
1.011789
1.010861
1.009994
1.009188
1.008440
1.007747
1.007108
1.006518
1.005976
1.005478
1.005021
1.004603
1.004219
1.003869
1.003548
1.003254
1.002986
1.002741
1.002517
1.002313
1.002125
1.001954
1.001798
1.001655
1.001524
1.001403
1.001294
1.001192
1.001102
1.001013
1.000940
1.000860
1.000806
1.000727
1.000695
1.000608
1.000608
1.000499
1.000543
1.000392
1.000502
1.000282
1.000485
1.000165
1.000495
1.000037
1.010605
1.002218
1.009707
1.004230
1.009364
1.006066
1.009529
1.007801
1.010158
1.009513
1.011202
1.011276
1.012612
1.013151
1.014341
1.015177
1.016338
1.017365
1.018549
1.019692
1.020904
1.022100
1.023313
1.024499
1.025659
1.026766
1.027806
1.028758
1.029605
1.030329
1.030913
1.031345
1.031615
1.031714
1.031643
1.031400
1.030993
1.030430
1.029723
1.028889
1.027944
1.026905
1.025793
1.024625
1.023420
1.022193
1.020961
1.019735
1.018529
1.017352
1.016211
1.015114
1.014064
1.013065
1.012119
1.011227
1.010388
1.009604
1.008871
1.008189
1.007555
1.006967
1.006423
1.005920
1.005456
1.005028
1.004634
1.004272
1.003938
1.003631
1.003349
1.003089
1.002851
1.002631
1.002430
1.002245
1.002074
1.001917
1.001773
1.001639
1.001518
1.001403
1.001302
1.001201
1.001119
1.001026
1.000965
1.000873
1.000838
1.000735
1.000737
1.000605
1.000662
1.000477
1.000614
1.000345
1.000596
1.000203
1.000609
1.000045
1.011706
1.002384
1.010644
1.004524
1.010167
1.006446
1.010223
1.008225
1.010757
1.009942
1.011710
1.011671
1.013022
1.013474
1.014635
1.015390
1.016492
1.017431
1.018533
1.019576
1.020687
1.021772
1.022869
1.023937
1.024977
1.025964
1.026889
1.027732
1.028479
1.029115
1.029627
1.030004
1.030237
1.030322
1.030256
1.030040
1.029679
1.029180
1.028554
1.027812
1.026970
1.026042
1.025044
1.023992
1.022902
1.021787
1.020661
1.019536
1.018423
1.017331
1.016266
1.015237
1.014246
1.013298
1.012395
1.011538
1.010729
1.009967
1.009252
1.008582
1.007956
1.007372
1.006829
1.006324
1.005855
1.005420
1.005018
1.004645
1.004301
1.003982
1.003688
1.003416
1.003165
1.002932
1.002718
1.002520
1.002337
1.002167
1.002011
1.001865
1.001732
1.001606
1.001494
1.001382
1.001291
1.001187
1.001119
1.001014
1.000976
1.000857
1.000862
1.000708
1.000777
1.000560
1.000723
1.000406
1.000703
1.000239
1.000720
1.000053
1.012738
1.002538
1.011519
1.004794
1.010913
1.006792
1.010861
1.008609
1.011301
1.010325
1.012165
1.012017
1.013381
1.013749
1.014884
1.015562
1.016608
1.017466
1.018491
1.019445
1.020464
1.021450
1.022446
1.023408
1.024343
1.025227
1.026051
1.026800
1.027462
1.028023
1.028473
1.028804
1.029007
1.029079
1.029017
1.028824
1.028501
1.028057
1.027498
1.026836
1.026081
1.025248
1.024349
1.023398
1.022408
1.021392
1.020361
1.019326
1.018296
1.017281
1.016287
1.015321
1.014386
1.013486
1.012625
1.011804
1.011023
1.010285
1.009588
1.008931
1.008314
1.007737
1.007196
1.006691
1.006219
1.005780
1.005372
1.004991
1.004638
1.004310
1.004005
1.003722
1.003460
1.003216
1.002990
1.002780
1.002585
1.002404
1.002237
1.002080
1.001937
1.001799
1.001678
1.001555
1.001456
1.001341
1.001267
1.001150
1.001109
1.000974
1.000982
1.000807
1.000888
1.000640
1.000828
1.000464
1.000807
1.000274
1.000827
1.000060
1.013701
1.002678
1.012332
1.005040
1.011603
1.007106
1.011447
1.008954
1.011795
1.010666
1.012571
1.012321
1.013695
1.013984
1.015092
1.015698
1.016694
1.017477
1.018433
1.019304
1.020242
1.021139
1.022045
1.022915
1.023758
1.024551
1.025289
1.025956
1.026545
1.027042
1.027440
1.027730
1.027907
1.027968
1.027910
1.027735
1.027446
1.027047
1.026546
1.025951
1.025272
1.024520
1.023707
1.022844
1.021942
1.021012
1.020065
1.019110
1.018157
1.017212
1.016282
1.015374
1.014491
1.013637
1.012815
1.012028
1.011276
1.010561
1.009883
1.009241
1.008635
1.008064
1.007527
1.007024
1.006552
1.006110
1.005696
1.005310
1.004950
1.004614
1.004300
1.004008
1.003735
1.003481
1.003245
1.003025
1.002820
1.002628
1.002451
1.002284
1.002131
1.001983
1.001853
1.001720
1.001614
1.001488
1.001409
1.001279
1.001237
1.001087
1.001098
1.000902
1.000995
1.000716
1.000930
1.000521
1.000907
1.000307
1.000931
1.000068
1.014598
1.002807
1.013088
1.005265
1.012240
1.007391
1.011984
1.009265
1.012244
1.010970
1.012935
1.012587
1.013970
1.014185
1.015268
1.015806
1.016754
1.017469
1.018362
1.019159
1.020023
1.020840
1.021667
1.022455
1.023218
1.023932
1.024594
1.025192
1.025717
1.026159
1.026511
1.026767
1.026923
1.026973
1.026919
1.026759
1.026497
1.026137
1.025685
1.025148
1.024534
1.023853
1.023114
1.022327
1.021502
1.020649
1.019777
1.018894
1.018008
1.017127
1.016256
1.015401
1.014566
1.013755
1.012972
1.012217
1.011493
1.010801
1.010141
1.009514
1.008920
1.008358
1.007826
1.007326
1.006854
1.006411
1.005995
1.005604
1.005238
1.004895
1.004574
1.004274
1.003993
1.003730
1.003485
1.003255
1.003041
1.002840
1.002653
1.002476
1.002314
1.002158
1.002020
1.001878
1.001764
1.001628
1.001544
1.001403
1.001358
1.001195
1.001209
1.000993
1.001097
1.000790
1.001027
1.000575
1.001003
1.000339
1.001030
1.000075
1.015428
1.002924
1.013785
1.005468
1.012824
1.007648
1.012473
1.009544
1.012648
1.011239
1.013258
1.012820
1.014209
1.014355
1.015414
1.015891
1.016795
1.017446
1.018282
1.019013
1.019811
1.020558
1.021314
1.022031
1.022722
1.023368
1.023965
1.024502
1.024972
1.025366
1.025680
1.025907
1.026043
1.026085
1.026033
1.025887
1.025648
1.025321
1.024911
1.024424
1.023866
1.023245
1.022571
1.021850
1.021093
1.020307
1.019501
1.018682
1.017857
1.017033
1.016215
1.015409
1.014619
1.013848
1.013099
1.012375
1.011678
1.011008
1.010368
1.009756
1.009173
1.008619
1.008095
1.007598
1.007128
1.006684
1.006266
1.005873
1.005502
1.005154
1.004827
1.004520
1.004231
1.003961
1.003707
1.003469
1.003247
1.003037
1.002842
1.002657
1.002487
1.002322
1.002176
1.002026
1.001905
1.001761
1.001671
1.001521
1.001474
1.001297
1.001314
1.001080
1.001194
1.000860
1.001119
1.000626
1.001095
1.000370
1.001125
1.000082
1.016198
1.003032
1.014429
1.005655
1.013363
1.007882
1.012920
1.009795
1.013015
1.011480
1.013547
1.013024
1.014419
1.014499
1.015537
1.015956
1.016820
1.017414
1.018198
1.018868
1.019607
1.020291
1.020984
1.021638
1.022267
1.022852
1.023393
1.023876
1.024299
1.024652
1.024932
1.025134
1.025253
1.025288
1.025237
1.025102
1.024884
1.024586
1.024211
1.023766
1.023257
1.022689
1.022070
1.021408
1.020710
1.019984
1.019236
1.018474
1.017704
1.016932
1.016162
1.015401
1.014652
1.013918
1.013202
1.012507
1.011835
1.011188
1.010565
1.009968
1.009398
1.008854
1.008335
1.007843
1.007376
1.006933
1.006515
1.006119
1.005745
1.005393
1.005061
1.004748
1.004453
1.004176
1.003915
1.003670
1.003440
1.003223
1.003020
1.002827
1.002650
1.002477
1.002324
1.002166
1.002039
1.001886
1.001792
1.001632
1.001583
1.001394
1.001414
1.001162
1.001287
1.000926
1.001208
1.000676
1.001182
1.000399
1.001215
1.000088
1.016902
1.003129
1.015017
1.005821
1.013852
1.008090
1.013324
1.010017
1.013342
1.011691
1.013803
1.013200
1.014600
1.014621
1.015638
1.016004
1.016833
1.017375
1.018113
1.018729
1.019415
1.020044
1.020682
1.021279
1.021855
1.022387
1.022878
1.023316
1.023697
1.024016
1.024267
1.024446
1.024551
1.024579
1.024530
1.024405
1.024203
1.023929
1.023586
1.023177
1.022709
1.022187
1.021617
1.021005
1.020359
1.019685
1.018989
1.018277
1.017555
1.016829
1.016103
1.015382
1.014670
1.013970
1.013285
1.012617
1.011969
1.011342
1.010736
1.010154
1.009596
1.009061
1.008550
1.008062
1.007598
1.007157
1.006739
1.006342
1.005966
1.005610
1.005274
1.004956
1.004656
1.004373
1.004106
1.003854
1.003618
1.003394
1.003184
1.002984
1.002800
1.002621
1.002461
1.002296
1.002164
1.002003
1.001905
1.001736
1.001686
1.001484
1.001507
1.001239
1.001373
1.000989
1.001290
1.000721
1.001264
1.000427
1.001300
1.000094
1.017554
1.003218
1.015559
1.005975
1.014301
1.008281
1.013693
1.010219
1.013640
1.011880
1.014032
1.013356
1.014760
1.014725
1.015723
1.016041
1.016836
1.017330
1.018026
1.018594
1.019233
1.019812
1.020401
1.020949
1.021476
1.021963
1.022410
1.022807
1.023153
1.023440
1.023666
1.023826
1.023919
1.023941
1.023893
1.023776
1.023589
1.023336
1.023019
1.022642
1.022210
1.021727
1.021200
1.020633
1.020032
1.019404
1.018754
1.018087
1.017409
1.016724
1.016038
1.015354
1.014676
1.014007
1.013350
1.012708
1.012082
1.011474
1.010886
1.010318
1.009771
1.009246
1.008742
1.008260
1.007800
1.007361
1.006943
1.006546
1.006168
1.005810
1.005470
1.005149
1.004844
1.004556
1.004284
1.004027
1.003784
1.003554
1.003338
1.003132
1.002942
1.002756
1.002591
1.002418
1.002281
1.002114
1.002012
1.001834
1.001782
1.001570
1.001596
1.001312
1.001456
1.001048
1.001369
1.000765
1.001342
1.000453
1.001381
1.000100
1.018137
1.003296
1.016045
1.006108
1.014701
1.008446
1.014020
1.010393
1.013901
1.012043
1.014231
1.013489
1.014896
1.014811
1.015793
1.016067
1.016832
1.017285
1.017944
1.018469
1.019066
1.019602
1.020148
1.020653
1.021140
1.021586
1.021996
1.022359
1.022674
1.022935
1.023139
1.023283
1.023365
1.023382
1.023335
1.023224
1.023050
1.022814
1.022520
1.022170
1.021769
1.021320
1.020829
1.020300
1.019739
1.019151
1.018540
1.017912
1.017272
1.016624
1.015973
1.015321
1.014674
1.014033
1.013401
1.012782
1.012176
1.011586
1.011014
1.010459
1.009923
1.009407
1.008910
1.008434
1.007977
1.007541
1.007124
1.006727
1.006348
1.005988
1.005646
1.005321
1.005013
1.004720
1.004444
1.004181
1.003933
1.003698
1.003477
1.003265
1.003070
1.002878
1.002708
1.002529
1.002388
1.002214
1.002109
1.001923
1.001870
1.001648
1.001676
1.001378
1.001531
1.001101
1.001441
1.000805
1.001413
1.000476
1.001454
1.000105
1.018681
1.003370
1.016494
1.006233
1.015071
1.008600
1.014321
1.010554
1.014140
1.012192
1.014411
1.013608
1.015017
1.014886
1.015851
1.016085
1.016824
1.017237
1.017862
1.018348
1.018909
1.019405
1.019913
1.020380
1.020829
1.021240
1.021616
1.021949
1.022237
1.022475
1.022660
1.022789
1.022861
1.022874
1.022828
1.022722
1.022559
1.022338
1.022064
1.021737
1.021363
1.020944
1.020485
1.019990
1.019464
1.018911
1.018337
1.017744
1.017139
1.016524
1.015904
1.015283
1.014663
1.014048
1.013440
1.012842
1.012256
1.011683
1.011125
1.010583
1.010058
1.009551
1.009062
1.008591
1.008139
1.007705
1.007290
1.006893
1.006514
1.006153
1.005809
1.005481
1.005170
1.004874
1.004593
1.004326
1.004074
1.003834
1.003608
1.003391
1.003191
1.002994
1.002819
1.002635
1.002489
1.002309
1.002201
1.002008
1.001954
1.001723
1.001753
1.001442
1.001602
1.001153
1.001509
1.000843
1.001480
1.000499
1.001525
1.000110
1.019147
1.003430
1.016881
1.006336
1.015389
1.008727
1.014578
1.010687
1.014343
1.012314
1.014562
1.013705
1.015117
1.014945
1.015897
1.016096
1.016812
1.017193
1.017789
1.018242
1.018771
1.019234
1.019710
1.020145
1.020563
1.020944
1.021293
1.021600
1.021866
1.022084
1.022253
1.022370
1.022434
1.022444
1.022398
1.022297
1.022143
1.021935
1.021677
1.021370
1.021018
1.020624
1.020192
1.019726
1.019229
1.018706
1.018161
1.017599
1.017022
1.016435
1.015842
1.015246
1.014651
1.014058
1.013470
1.012891
1.012321
1.011763
1.011218
1.010688
1.010172
1.009673
1.009190
1.008724
1.008276
1.007845
1.007432
1.007035
1.006656
1.006294
1.005948
1.005619
1.005305
1.005006
1.004722
1.004451
1.004195
1.003951
1.003721
1.003500
1.003295
1.003093
1.002915
1.002726
1.002577
1.002391
1.002280
1.002081
1.002027
1.001787
1.001820
1.001497
1.001664
1.001197
1.001569
1.000876
1.001540
1.000519
1.001586
1.000115
1.019593
1.003491
1.017248
1.006439
1.015689
1.008851
1.014820
1.010816
1.014532
1.012430
1.014703
1.013795
1.015209
1.014999
1.015937
1.016104
1.016798
1.017147
1.017717
1.018139
1.018638
1.019070
1.019516
1.019922
1.020312
1.020665
1.020989
1.021273
1.021518
1.021718
1.021873
1.021979
1.022036
1.022042
1.021996
1.021900
1.021753
1.021557
1.021313
1.021024
1.020692
1.020321
1.019913
1.019472
1.019002
1.018506
1.017989
1.017454
1.016904
1.016344
1.015776
1.015204
1.014631
1.014059
1.013492
1.012930
1.012377
1.011833
1.011301
1.010781
1.010276
1.009784
1.009308
1.008848
1.008404
1.007976
1.007565
1.007170
1.006791
1.006428
1.006082
1.005750
1.005434
1.005132
1.004845
1.004572
1.004312
1.004064
1.003830
1.003605
1.003397
1.003191
1.003008
1.002815
1.002662
1.002472
1.002358
1.002153
1.002098
1.001850
1.001885
1.001551
1.001725
1.001241
1.001626
1.000909
1.001597
1.000538
1.001646
1.000119
1.019944
1.003533
1.017539
1.006511
1.015927
1.008942
1.015011
1.010910
1.014681
1.012517
1.014812
1.013863
1.015278
1.015038
1.015967
1.016107
1.016784
1.017109
1.017658
1.018055
1.018532
1.018940
1.019363
1.019745
1.020113
1.020446
1.020750
1.021016
1.021245
1.021431
1.021575
1.021673
1.021724
1.021727
1.021682
1.021589
1.021448
1.021261
1.021028
1.020753
1.020437
1.020083
1.019694
1.019274
1.018825
1.018351
1.017855
1.017341
1.016813
1.016273
1.015725
1.015172
1.014616
1.014061
1.013509
1.012961
1.012420
1.011888
1.011366
1.010855
1.010357
1.009872
1.009401
1.008945
1.008505
1.008079
1.007669
1.007275
1.006897
1.006534
1.006186
1.005853
1.005535
1.005232
1.004942
1.004666
1.004404
1.004153
1.003916
1.003688
1.003476
1.003267
1.003081
1.002885
1.002729
1.002535
1.002420
1.002210
1.002154
1.001900
1.001937
1.001593
1.001774
1.001276
1.001673
1.000934
1.001644
1.000553
1.001694
1.000123
1.020305
1.003585
1.017834
1.006597
1.016166
1.009043
1.015203
1.011013
1.014831
1.012608
1.014922
1.013932
1.015348
1.015077
1.015994
1.016109
1.016768
1.017068
1.017596
1.017969
1.018423
1.018807
1.019207
1.019566
1.019912
1.020224
1.020508
1.020757
1.020970
1.021143
1.021276
1.021365
1.021411
1.021411
1.021366
1.021276
1.021141
1.020962
1.020740
1.020478
1.020177
1.019840
1.019470
1.019068
1.018640
1.018186
1.017712
1.017220
1.016712
1.016193
1.015665
1.015131
1.014593
1.014055
1.013519
1.012986
1.012458
1.011938
1.011427
1.010925
1.010435
1.009958
1.009493
1.009042
1.008605
1.008183
1.007775
1.007382
1.007004
1.006641
1.006293
1.005960
1.005640
1.005335
1.005043
1.004765
1.004500
1.004246
1.004006
1.003775
1.003560
1.003348
1.003159
1.002959
1.002800
1.002602
1.002485
1.002270
1.002213
1.001953
1.001991
1.001638
1.001824
1.001313
1.001721
1.000961
1.001692
1.000570
1.001744
1.000126
1.020537
1.003609
1.018028
1.006640
1.016325
1.009098
1.015329
1.011071
1.014928
1.012661
1.014992
1.013973
1.015391
1.015099
1.016011
1.016108
1.016756
1.017040
1.017554
1.017912
1.018351
1.018720
1.019105
1.019449
1.019781
1.020079
1.020351
1.020588
1.020791
1.020956
1.021081
1.021166
1.021207
1.021206
1.021161
1.021073
1.020942
1.020769
1.020554
1.020301
1.020010
1.019685
1.019326
1.018938
1.018523
1.018083
1.017623
1.017144
1.016651
1.016145
1.015629
1.015108
1.014582
1.014055
1.013528
1.013004
1.012485
1.011973
1.011468
1.010973
1.010488
1.010014
1.009553
1.009105
1.008671
1.008250
1.007843
1.007451
1.007074
1.006711
1.006362
1.006027
1.005707
1.005400
1.005107
1.004827
1.004560
1.004305
1.004063
1.003830
1.003613
1.003398
1.003208
1.003005
1.002845
1.002644
1.002526
1.002308
1.002251
1.001986
1.002026
1.001667
1.001857
1.001336
1.001753
1.000978
1.001724
1.000580
1.001777
1.000128
1.020829
1.003654
1.018264
1.006712
1.016515
1.009182
1.015481
1.011155
1.015046
1.012735
1.015077
1.014028
1.015445
1.015129
1.016031
1.016107
1.016741
1.017006
1.017503
1.017841
1.018263
1.018613
1.018979
1.019306
1.019621
1.019903
1.020160
1.020384
1.020575
1.020729
1.020846
1.020924
1.020961
1.020958
1.020913
1.020827
1.020699
1.020532
1.020326
1.020083
1.019803
1.019490
1.019146
1.018772
1.018373
1.017949
1.017505
1.017043
1.016566
1.016076
1.015576
1.015070
1.014558
1.014045
1.013531
1.013019
1.012511
1.012008
1.011512
1.011025
1.010547
1.010080
1.009624
1.009180
1.008749
1.008331
1.007927
1.007536
1.007160
1.006797
1.006448
1.006113
1.005792
1.005484
1.005189
1.004907
1.004639
1.004381
1.004137
1.003901
1.003682
1.003465
1.003272
1.003066
1.002904
1.002700
1.002579
1.002358
1.002300
1.002030
1.002071
1.001704
1.001899
1.001366
1.001793
1.001001
1.001763
1.000594
1.001818
1.000131
1.020932
1.003659
1.018354
1.006724
1.016590
1.009201
1.015540
1.011177
1.015091
1.012755
1.015109
1.014044
1.015464
1.015137
1.016037
1.016105
1.016734
1.016991
1.017483
1.017814
1.018228
1.018571
1.018931
1.019251
1.019560
1.019836
1.020087
1.020306
1.020492
1.020642
1.020756
1.020832
1.020868
1.020863
1.020819
1.020734
1.020609
1.020444
1.020242
1.020002
1.019728
1.019420
1.019081
1.018714
1.018320
1.017903
1.017466
1.017010
1.016539
1.016055
1.015562
1.015061
1.014555
1.014046
1.013537
1.013029
1.012524
1.012025
1.011532
1.011048
1.010572
1.010107
1.009652
1.009210
1.008780
1.008362
1.007958
1.007568
1.007191
1.006829
1.006479
1.006144
1.005822
1.005514
1.005218
1.004936
1.004666
1.004407
1.004163
1.003926
1.003706
1.003487
1.003293
1.003087
1.002924
1.002718
1.002598
1.002374
1.002317
1.002045
1.002087
1.001717
1.001914
1.001376
1.001808
1.001008
1.001778
1.000598
1.001834
1.000133
1.021174
1.003700
1.018546
1.006787
1.016743
1.009273
1.015662
1.011247
1.015185
1.012816
1.015177
1.014089
1.015506
1.015161
1.016052
1.016104
1.016721
1.016963
1.017440
1.017756
1.018156
1.018484
1.018830
1.019136
1.019431
1.019694
1.019934
1.020141
1.020318
1.020460
1.020567
1.020638
1.020670
1.020664
1.020619
1.020535
1.020413
1.020254
1.020057
1.019825
1.019559
1.019261
1.018933
1.018578
1.018196
1.017792
1.017367
1.016925
1.016467
1.015996
1.015515
1.015026
1.014532
1.014034
1.013535
1.013037
1.012542
1.012051
1.011566
1.011088
1.010618
1.010158
1.009708
1.009269
1.008842
1.008428
1.008026
1.007637
1.007261
1.006899
1.006550
1.006214
1.005892
1.005582
1.005286
1.005002
1.004731
1.004470
1.004224
1.003985
1.003763
1.003542
1.003347
1.003138
1.002973
1.002765
1.002643
1.002416
1.002358
1.002081
1.002124
1.001748
1.001948
1.001402
1.001840
1.001028
1.001810
1.000609
1.001867
1.000134
1.021136
1.003685
1.018522
1.006768
1.016726
1.009254
1.015649
1.011231
1.015174
1.012803
1.015169
1.014079
1.015500
1.015155
1.016050
1.016103
1.016722
1.016965
1.017445
1.017763
1.018165
1.018494
1.018842
1.019149
1.019446
1.019711
1.019952
1.020161
1.020338
1.020482
1.020589
1.020660
1.020693
1.020688
1.020643
1.020560
1.020437
1.020277
1.020081
1.019848
1.019582
1.019283
1.018954
1.018598
1.018215
1.017810
1.017384
1.016940
1.016480
1.016008
1.015525
1.015035
1.014539
1.014040
1.013540
1.013040
1.012543
1.012051
1.011565
1.011085
1.010615
1.010153
1.009703
1.009263
1.008835
1.008420
1.008018
1.007628
1.007252
1.006889
1.006540
1.006204
1.005882
1.005572
1.005276
1.004992
1.004721
1.004461
1.004214
1.003976
1.003754
1.003534
1.003338
1.003130
1.002965
1.002757
1.002636
1.002409
1.002352
1.002075
1.002119
1.001743
1.001944
1.001398
1.001837
1.001024
1.001807
1.000607
1.001863
1.000135
1.021361
1.003726
1.018698
1.006830
1.016866
1.009323
1.015760
1.011298
1.015260
1.012861
1.015231
1.014122
1.015538
1.015178
1.016063
1.016102
1.016710
1.016939
1.017406
1.017710
1.018098
1.018415
1.018749
1.019044
1.019329
1.019582
1.019812
1.020011
1.020180
1.020316
1.020418
1.020484
1.020514
1.020506
1.020462
1.020379
1.020260
1.020104
1.019912
1.019686
1.019428
1.019138
1.018819
1.018472
1.018101
1.017706
1.017292
1.016860
1.016412
1.015951
1.015480
1.015001
1.014516
1.014027
1.013536
1.013046
1.012557
1.012073
1.011593
1.011120
1.010655
1.010199
1.009753
1.009317
1.008892
1.008479
1.008079
1.007691
1.007316
1.006954
1.006605
1.006269
1.005946
1.005636
1.005338
1.005053
1.004781
1.004519
1.004271
1.004031
1.003807
1.003585
1.003388
1.003177
1.003011
1.002800
1.002677
1.002448
1.002390
1.002110
1.002153
1.001773
1.001976
1.001422
1.001866
1.001043
1.001836
1.000618
1.001894
1.000136
