# v - 100 ites
-0.000027
-0.000018
-0.000032
-0.000029
-0.000038
-0.000038
-0.000044
-0.000045
-0.000049
-0.000051
-0.000054
-0.000056
-0.000058
-0.000059
-0.000060
-0.000060
-0.000060
-0.000060
-0.000059
-0.000058
-0.000056
-0.000053
-0.000051
-0.000047
-0.000044
-0.000040
-0.000035
-0.000030
-0.000025
-0.000019
-0.000014
-0.000008
-0.000001
0.000005
0.000011
0.000017
0.000024
0.000030
0.000036
0.000041
0.000047
0.000052
0.000057
0.000061
0.000066
0.000069
0.000073
0.000075
0.000078
0.000080
0.000082
0.000083
0.000084
0.000084
0.000084
0.000084
0.000084
0.000083
0.000082
0.000081
0.000079
0.000078
0.000076
0.000074
0.000072
0.000070
0.000068
0.000066
0.000064
0.000062
0.000059
0.000057
0.000055
0.000053
0.000051
0.000049
0.000046
0.000044
0.000043
0.000041
0.000039
0.000037
0.000036
0.000034
0.000032
0.000031
0.000030
0.000028
0.000027
0.000026
0.000025
0.000024
0.000023
0.000022
0.000021
0.000020
0.000020
0.000018
0.000019
0.000017
-0.000496
-0.000234
-0.000527
-0.000376
-0.000565
-0.000491
-0.000610
-0.000581
-0.000655
-0.000650
-0.000695
-0.000699
-0.000725
-0.000729
-0.000740
-0.000738
-0.000737
-0.000728
-0.000715
-0.000696
-0.000672
-0.000642
-0.000607
-0.000567
-0.000522
-0.000472
-0.000418
-0.000359
-0.000297
-0.000232
-0.000164
-0.000094
-0.000022
0.000051
0.000124
0.000196
0.000268
0.000338
0.000406
0.000472
0.000534
0.000593
0.000648
0.000699
0.000746
0.000787
0.000825
0.000857
0.000884
0.000907
0.000925
0.000939
0.000948
0.000953
0.000955
0.000952
0.000947
0.000938
0.000926
0.000912
0.000896
0.000878
0.000858
0.000837
0.000814
0.000791
0.000766
0.000742
0.000716
0.000691
0.000666
0.000640
0.000615
0.000590
0.000566
0.000542
0.000518
0.000496
0.000473
0.000452
0.000431
0.000411
0.000392
0.000373
0.000356
0.000338
0.000323
0.000306
0.000293
0.000277
0.000267
0.000250
0.000245
0.000225
0.000226
0.000200
0.000213
0.000176
0.000205
0.000148
-0.000597
-0.000280
-0.000636
-0.000450
-0.000680
-0.000586
-0.000733
-0.000695
-0.000786
-0.000778
-0.000834
-0.000838
-0.000870
-0.000874
-0.000888
-0.000887
-0.000886
-0.000875
-0.000860
-0.000837
-0.000809
-0.000774
-0.000732
-0.000684
-0.000630
-0.000571
-0.000505
-0.000435
-0.000360
-0.000282
-0.000200
-0.000116
-0.000029
0.000058
0.000146
0.000234
0.000320
0.000404
0.000486
0.000565
0.000640
0.000710
0.000776
0.000837
0.000892
0.000941
0.000985
0.001023
0.001056
0.001082
0.001103
0.001118
0.001129
0.001134
0.001135
0.001131
0.001123
0.001112
0.001097
0.001080
0.001060
0.001038
0.001013
0.000987
0.000960
0.000932
0.000902
0.000873
0.000842
0.000812
0.000782
0.000752
0.000722
0.000692
0.000663
0.000635
0.000607
0.000580
0.000554
0.000528
0.000504
0.000480
0.000457
0.000435
0.000415
0.000394
0.000376
0.000357
0.000341
0.000322
0.000311
0.000290
0.000284
0.000260
0.000263
0.000232
0.000247
0.000203
0.000238
0.000170
-0.000987
-0.000468
-0.001052
-0.000752
-0.001128
-0.000981
-0.001219
-0.001162
-0.001311
-0.001301
-0.001393
-0.001401
-0.001453
-0.001462
-0.001485
-0.001484
-0.001482
-0.001464
-0.001439
-0.001401
-0.001353
-0.001294
-0.001225
-0.001145
-0.001055
-0.000954
-0.000845
-0.000728
-0.000603
-0.000471
-0.000334
-0.000193
-0.000048
0.000099
0.000246
0.000392
0.000537
0.000678
0.000816
0.000947
0.001073
0.001191
0.001302
0.001403
0.001496
0.001580
0.001653
0.001717
0.001771
0.001816
0.001851
0.001877
0.001895
0.001904
0.001905
0.001899
0.001887
0.001868
0.001844
0.001815
0.001781
0.001744
0.001704
0.001660
0.001615
0.001567
0.001518
0.001468
0.001418
0.001367
0.001316
0.001265
0.001215
0.001165
0.001117
0.001069
0.001022
0.000977
0.000933
0.000890
0.000849
0.000809
0.000771
0.000734
0.000700
0.000665
0.000634
0.000602
0.000576
0.000544
0.000524
0.000491
0.000480
0.000441
0.000444
0.000393
0.000418
0.000346
0.000402
0.000290
-0.001161
-0.000544
-0.001235
-0.000873
-0.001320
-0.001139
-0.001423
-0.001350
-0.001528
-0.001513
-0.001622
-0.001630
-0.001692
-0.001702
-0.001730
-0.001728
-0.001727
-0.001707
-0.001678
-0.001635
-0.001580
-0.001512
-0.001432
-0.001339
-0.001234
-0.001118
-0.000991
-0.000854
-0.000709
-0.000555
-0.000395
-0.000230
-0.000061
0.000110
0.000282
0.000452
0.000621
0.000786
0.000945
0.001099
0.001244
0.001382
0.001509
0.001627
0.001734
0.001829
0.001914
0.001986
0.002048
0.002098
0.002137
0.002166
0.002184
0.002193
0.002193
0.002185
0.002169
0.002146
0.002116
0.002081
0.002041
0.001997
0.001949
0.001898
0.001845
0.001789
0.001732
0.001674
0.001615
0.001556
0.001497
0.001439
0.001381
0.001324
0.001268
0.001213
0.001159
0.001107
0.001057
0.001008
0.000961
0.000915
0.000872
0.000830
0.000790
0.000751
0.000716
0.000679
0.000649
0.000613
0.000591
0.000552
0.000541
0.000495
0.000500
0.000440
0.000470
0.000386
0.000452
0.000322
-0.001507
-0.000713
-0.001607
-0.001146
-0.001722
-0.001495
-0.001862
-0.001773
-0.002004
-0.001988
-0.002130
-0.002144
-0.002226
-0.002241
-0.002278
-0.002277
-0.002276
-0.002250
-0.002214
-0.002157
-0.002086
-0.001997
-0.001891
-0.001769
-0.001631
-0.001478
-0.001311
-0.001130
-0.000938
-0.000735
-0.000523
-0.000305
-0.000082
0.000145
0.000372
0.000598
0.000821
0.001039
0.001250
0.001453
0.001645
0.001827
0.001995
0.002150
0.002291
0.002417
0.002529
0.002624
0.002705
0.002771
0.002822
0.002859
0.002883
0.002894
0.002894
0.002882
0.002861
0.002830
0.002790
0.002744
0.002691
0.002632
0.002568
0.002501
0.002430
0.002357
0.002281
0.002205
0.002127
0.002049
0.001972
0.001894
0.001818
0.001743
0.001669
0.001597
0.001526
0.001458
0.001391
0.001327
0.001265
0.001205
0.001148
0.001092
0.001041
0.000989
0.000943
0.000894
0.000855
0.000808
0.000778
0.000728
0.000713
0.000653
0.000659
0.000582
0.000619
0.000511
0.000596
0.000428
-0.001732
-0.000813
-0.001844
-0.001307
-0.001973
-0.001705
-0.002129
-0.002023
-0.002290
-0.002270
-0.002435
-0.002449
-0.002545
-0.002562
-0.002607
-0.002607
-0.002608
-0.002579
-0.002539
-0.002476
-0.002396
-0.002294
-0.002175
-0.002036
-0.001879
-0.001704
-0.001512
-0.001305
-0.001085
-0.000852
-0.000609
-0.000358
-0.000102
0.000158
0.000419
0.000679
0.000934
0.001184
0.001426
0.001658
0.001878
0.002085
0.002277
0.002453
0.002613
0.002755
0.002880
0.002987
0.003077
0.003149
0.003205
0.003245
0.003269
0.003279
0.003276
0.003260
0.003233
0.003195
0.003148
0.003093
0.003031
0.002963
0.002889
0.002811
0.002729
0.002645
0.002558
0.002471
0.002382
0.002294
0.002205
0.002118
0.002031
0.001946
0.001862
0.001781
0.001701
0.001624
0.001549
0.001477
0.001407
0.001340
0.001276
0.001213
0.001155
0.001097
0.001046
0.000991
0.000948
0.000894
0.000862
0.000805
0.000788
0.000721
0.000729
0.000641
0.000684
0.000562
0.000659
0.000468
-0.002058
-0.000972
-0.002195
-0.001564
-0.002353
-0.002042
-0.002545
-0.002425
-0.002743
-0.002724
-0.002921
-0.002942
-0.003058
-0.003081
-0.003136
-0.003138
-0.003141
-0.003109
-0.003062
-0.002988
-0.002893
-0.002772
-0.002629
-0.002463
-0.002274
-0.002063
-0.001832
-0.001583
-0.001316
-0.001035
-0.000741
-0.000438
-0.000127
0.000187
0.000503
0.000817
0.001127
0.001430
0.001722
0.002002
0.002268
0.002517
0.002749
0.002961
0.003152
0.003323
0.003472
0.003600
0.003706
0.003792
0.003858
0.003904
0.003931
0.003941
0.003935
0.003914
0.003880
0.003833
0.003775
0.003707
0.003631
0.003547
0.003458
0.003363
0.003264
0.003162
0.003058
0.002952
0.002845
0.002739
0.002632
0.002527
0.002423
0.002321
0.002220
0.002123
0.002028
0.001935
0.001846
0.001759
0.001676
0.001596
0.001519
0.001445
0.001376
0.001307
0.001245
0.001180
0.001129
0.001065
0.001026
0.000959
0.000939
0.000860
0.000868
0.000765
0.000815
0.000671
0.000784
0.000561
-0.002321
-0.001093
-0.002474
-0.001757
-0.002651
-0.002295
-0.002866
-0.002728
-0.003089
-0.003066
-0.003292
-0.003316
-0.003449
-0.003478
-0.003542
-0.003547
-0.003553
-0.003519
-0.003469
-0.003387
-0.003282
-0.003148
-0.002988
-0.002801
-0.002589
-0.002351
-0.002091
-0.001808
-0.001506
-0.001187
-0.000854
-0.000509
-0.000156
0.000202
0.000561
0.000918
0.001269
0.001612
0.001944
0.002261
0.002561
0.002842
0.003102
0.003340
0.003554
0.003744
0.003909
0.004050
0.004167
0.004259
0.004329
0.004377
0.004404
0.004411
0.004400
0.004373
0.004330
0.004274
0.004205
0.004126
0.004037
0.003941
0.003838
0.003730
0.003617
0.003501
0.003383
0.003263
0.003143
0.003023
0.002904
0.002786
0.002669
0.002555
0.002443
0.002334
0.002229
0.002126
0.002026
0.001931
0.001838
0.001749
0.001665
0.001583
0.001506
0.001430
0.001362
0.001290
0.001234
0.001163
0.001121
0.001046
0.001025
0.000937
0.000946
0.000833
0.000888
0.000729
0.000855
0.000607
-0.002645
-0.001249
-0.002821
-0.002010
-0.003028
-0.002628
-0.003279
-0.003127
-0.003540
-0.003519
-0.003779
-0.003811
-0.003967
-0.004003
-0.004080
-0.004089
-0.004099
-0.004063
-0.004009
-0.003917
-0.003799
-0.003647
-0.003465
-0.003251
-0.003007
-0.002733
-0.002432
-0.002106
-0.001756
-0.001386
-0.001000
-0.000600
-0.000190
0.000225
0.000642
0.001057
0.001465
0.001863
0.002247
0.002614
0.002961
0.003285
0.003584
0.003857
0.004103
0.004320
0.004508
0.004667
0.004798
0.004902
0.004978
0.005029
0.005056
0.005061
0.005045
0.005009
0.004957
0.004889
0.004807
0.004713
0.004609
0.004496
0.004375
0.004249
0.004118
0.003984
0.003847
0.003709
0.003571
0.003432
0.003295
0.003160
0.003026
0.002896
0.002768
0.002643
0.002523
0.002405
0.002292
0.002183
0.002078
0.001977
0.001881
0.001788
0.001701
0.001615
0.001538
0.001457
0.001393
0.001313
0.001265
0.001181
0.001156
0.001058
0.001068
0.000940
0.001002
0.000823
0.000964
0.000687
-0.002939
-0.001386
-0.003135
-0.002230
-0.003364
-0.002918
-0.003645
-0.003476
-0.003939
-0.003917
-0.004210
-0.004249
-0.004426
-0.004470
-0.004560
-0.004574
-0.004589
-0.004554
-0.004497
-0.004399
-0.004271
-0.004104
-0.003903
-0.003666
-0.003394
-0.003089
-0.002752
-0.002386
-0.001994
-0.001578
-0.001142
-0.000691
-0.000229
0.000239
0.000709
0.001176
0.001636
0.002084
0.002515
0.002927
0.003315
0.003677
0.004011
0.004314
0.004586
0.004824
0.005030
0.005203
0.005344
0.005454
0.005533
0.005584
0.005608
0.005607
0.005583
0.005538
0.005474
0.005393
0.005297
0.005188
0.005068
0.004939
0.004802
0.004659
0.004511
0.004360
0.004207
0.004052
0.003898
0.003744
0.003592
0.003442
0.003294
0.003150
0.003009
0.002872
0.002739
0.002610
0.002486
0.002366
0.002251
0.002141
0.002036
0.001934
0.001839
0.001745
0.001662
0.001573
0.001503
0.001417
0.001365
0.001273
0.001246
0.001139
0.001150
0.001011
0.001079
0.000884
0.001038
0.000736
-0.003270
-0.001545
-0.003490
-0.002488
-0.003751
-0.003259
-0.004070
-0.003887
-0.004406
-0.004387
-0.004718
-0.004767
-0.004969
-0.005024
-0.005130
-0.005152
-0.005174
-0.005139
-0.005081
-0.004975
-0.004835
-0.004651
-0.004428
-0.004163
-0.003859
-0.003516
-0.003136
-0.002723
-0.002278
-0.001807
-0.001312
-0.000800
-0.000275
0.000258
0.000792
0.001323
0.001845
0.002353
0.002843
0.003308
0.003747
0.004155
0.004530
0.004869
0.005172
0.005437
0.005664
0.005854
0.006007
0.006124
0.006207
0.006258
0.006278
0.006271
0.006237
0.006180
0.006103
0.006006
0.005894
0.005767
0.005628
0.005479
0.005323
0.005160
0.004992
0.004821
0.004648
0.004474
0.004300
0.004128
0.003957
0.003789
0.003624
0.003463
0.003307
0.003154
0.003007
0.002864
0.002727
0.002594
0.002468
0.002345
0.002230
0.002117
0.002013
0.001909
0.001818
0.001721
0.001644
0.001549
0.001491
0.001391
0.001361
0.001245
0.001256
0.001105
0.001178
0.000966
0.001133
0.000804
-0.003592
-0.001696
-0.003835
-0.002733
-0.004123
-0.003584
-0.004479
-0.004280
-0.004855
-0.004839
-0.005207
-0.005267
-0.005496
-0.005562
-0.005686
-0.005717
-0.005748
-0.005717
-0.005658
-0.005548
-0.005398
-0.005199
-0.004956
-0.004665
-0.004330
-0.003950
-0.003529
-0.003068
-0.002572
-0.002045
-0.001491
-0.000917
-0.000328
0.000269
0.000869
0.001464
0.002049
0.002617
0.003164
0.003683
0.004171
0.004623
0.005038
0.005411
0.005743
0.006031
0.006277
0.006480
0.006642
0.006763
0.006846
0.006893
0.006907
0.006890
0.006844
0.006773
0.006680
0.006566
0.006435
0.006289
0.006130
0.005962
0.005785
0.005601
0.005413
0.005222
0.005030
0.004837
0.004645
0.004455
0.004267
0.004082
0.003902
0.003726
0.003555
0.003389
0.003228
0.003073
0.002924
0.002780
0.002643
0.002511
0.002385
0.002264
0.002152
0.002040
0.001941
0.001837
0.001754
0.001652
0.001590
0.001483
0.001451
0.001325
0.001338
0.001175
0.001254
0.001026
0.001206
0.000852
-0.003936
-0.001862
-0.004206
-0.003003
-0.004527
-0.003941
-0.004926
-0.004714
-0.005350
-0.005339
-0.005751
-0.005824
-0.006083
-0.006165
-0.006309
-0.006352
-0.006394
-0.006368
-0.006311
-0.006196
-0.006036
-0.005822
-0.005557
-0.005238
-0.004868
-0.004447
-0.003978
-0.003464
-0.002909
-0.002318
-0.001697
-0.001052
-0.000390
0.000282
0.000957
0.001626
0.002283
0.002921
0.003533
0.004114
0.004657
0.005160
0.005619
0.006031
0.006395
0.006709
0.006975
0.007192
0.007362
0.007488
0.007570
0.007612
0.007617
0.007588
0.007528
0.007441
0.007328
0.007194
0.007042
0.006874
0.006693
0.006501
0.006301
0.006094
0.005884
0.005670
0.005456
0.005242
0.005029
0.004819
0.004612
0.004409
0.004211
0.004018
0.003831
0.003650
0.003474
0.003305
0.003143
0.002987
0.002838
0.002695
0.002560
0.002428
0.002307
0.002186
0.002080
0.001967
0.001878
0.001768
0.001701
0.001586
0.001551
0.001417
0.001430
0.001256
0.001340
0.001096
0.001289
0.000910
-0.004282
-0.002026
-0.004578
-0.003270
-0.004932
-0.004298
-0.005374
-0.005149
-0.005848
-0.005844
-0.006300
-0.006388
-0.006680
-0.006780
-0.006947
-0.007004
-0.007061
-0.007042
-0.006989
-0.006872
-0.006705
-0.006476
-0.006190
-0.005844
-0.005439
-0.004976
-0.004459
-0.003889
-0.003273
-0.002615
-0.001922
-0.001202
-0.000462
0.000290
0.001044
0.001792
0.002526
0.003237
0.003918
0.004563
0.005165
0.005719
0.006223
0.006673
0.007068
0.007407
0.007690
0.007919
0.008095
0.008221
0.008299
0.008333
0.008325
0.008281
0.008203
0.008096
0.007961
0.007805
0.007628
0.007436
0.007230
0.007013
0.006789
0.006558
0.006324
0.006087
0.005851
0.005615
0.005382
0.005151
0.004926
0.004705
0.004489
0.004280
0.004077
0.003881
0.003692
0.003510
0.003336
0.003168
0.003008
0.002855
0.002710
0.002570
0.002440
0.002311
0.002197
0.002077
0.001982
0.001866
0.001795
0.001672
0.001636
0.001493
0.001507
0.001322
0.001412
0.001153
0.001357
0.000956
-0.004644
-0.002201
-0.004968
-0.003554
-0.005360
-0.004678
-0.005851
-0.005615
-0.006381
-0.006386
-0.006891
-0.006999
-0.007327
-0.007448
-0.007642
-0.007717
-0.007791
-0.007783
-0.007736
-0.007619
-0.007446
-0.007203
-0.006897
-0.006521
-0.006079
-0.005571
-0.005000
-0.004369
-0.003684
-0.002951
-0.002178
-0.001372
-0.000544
0.000297
0.001141
0.001979
0.002799
0.003592
0.004350
0.005066
0.005732
0.006344
0.006897
0.007388
0.007816
0.008180
0.008481
0.008721
0.008901
0.009025
0.009096
0.009119
0.009096
0.009033
0.008934
0.008803
0.008644
0.008460
0.008257
0.008037
0.007803
0.007559
0.007307
0.007050
0.006789
0.006528
0.006267
0.006007
0.005752
0.005500
0.005254
0.005013
0.004780
0.004553
0.004334
0.004122
0.003919
0.003723
0.003536
0.003356
0.003185
0.003021
0.002866
0.002716
0.002577
0.002440
0.002319
0.002192
0.002091
0.001967
0.001892
0.001762
0.001723
0.001572
0.001586
0.001391
0.001486
0.001212
0.001427
0.001004
-0.005012
-0.002377
-0.005365
-0.003843
-0.005796
-0.005065
-0.006338
-0.006091
-0.006928
-0.006944
-0.007502
-0.007631
-0.008001
-0.008145
-0.008371
-0.008467
-0.008563
-0.008569
-0.008533
-0.008418
-0.008241
-0.007987
-0.007661
-0.007256
-0.006776
-0.006221
-0.005593
-0.004897
-0.004138
-0.003324
-0.002463
-0.001565
-0.000640
0.000300
0.001243
0.002178
0.003092
0.003975
0.004817
0.005610
0.006345
0.007016
0.007620
0.008153
0.008613
0.009001
0.009318
0.009566
0.009747
0.009865
0.009926
0.009932
0.009890
0.009804
0.009679
0.009520
0.009332
0.009118
0.008884
0.008633
0.008369
0.008095
0.007814
0.007528
0.007240
0.006952
0.006665
0.006382
0.006103
0.005829
0.005562
0.005303
0.005050
0.004806
0.004571
0.004344
0.004126
0.003917
0.003717
0.003526
0.003344
0.003169
0.003005
0.002846
0.002700
0.002555
0.002427
0.002292
0.002186
0.002055
0.001976
0.001840
0.001798
0.001640
0.001655
0.001450
0.001549
0.001262
0.001488
0.001044
-0.005391
-0.002560
-0.005776
-0.004144
-0.006249
-0.005471
-0.006848
-0.006593
-0.007505
-0.007535
-0.008150
-0.008305
-0.008720
-0.008894
-0.009155
-0.009278
-0.009400
-0.009424
-0.009402
-0.009294
-0.009116
-0.008852
-0.008507
-0.008073
-0.007554
-0.006948
-0.006259
-0.005491
-0.004651
-0.003746
-0.002786
-0.001784
-0.000750
0.000301
0.001355
0.002399
0.003420
0.004403
0.005339
0.006216
0.007026
0.007763
0.008421
0.008998
0.009492
0.009904
0.010234
0.010487
0.010666
0.010775
0.010820
0.010806
0.010740
0.010626
0.010470
0.010279
0.010057
0.009810
0.009541
0.009256
0.008958
0.008650
0.008337
0.008020
0.007702
0.007385
0.007071
0.006762
0.006459
0.006162
0.005873
0.005593
0.005322
0.005060
0.004807
0.004565
0.004332
0.004110
0.003897
0.003694
0.003501
0.003316
0.003142
0.002975
0.002820
0.002667
0.002532
0.002391
0.002279
0.002142
0.002058
0.001915
0.001872
0.001706
0.001722
0.001508
0.001611
0.001312
0.001547
0.001083
-0.005777
-0.002747
-0.006194
-0.004451
-0.006712
-0.005886
-0.007372
-0.007110
-0.008101
-0.008149
-0.008825
-0.009010
-0.009475
-0.009683
-0.009986
-0.010140
-0.010294
-0.010342
-0.010339
-0.010242
-0.010067
-0.009797
-0.009434
-0.008972
-0.008412
-0.007753
-0.006999
-0.006154
-0.005224
-0.004220
-0.003151
-0.002033
-0.000878
0.000297
0.001476
0.002643
0.003781
0.004876
0.005914
0.006884
0.007776
0.008582
0.009298
0.009919
0.010446
0.010879
0.011221
0.011475
0.011647
0.011741
0.011765
0.011726
0.011628
0.011481
0.011290
0.011061
0.010800
0.010514
0.010206
0.009883
0.009547
0.009204
0.008855
0.008505
0.008155
0.007808
0.007466
0.007130
0.006801
0.006481
0.006170
0.005869
0.005578
0.005298
0.005029
0.004771
0.004524
0.004288
0.004062
0.003848
0.003644
0.003449
0.003266
0.003090
0.002928
0.002768
0.002627
0.002478
0.002361
0.002218
0.002131
0.001982
0.001937
0.001764
0.001780
0.001558
0.001665
0.001354
0.001598
0.001116
-0.006170
-0.002939
-0.006622
-0.004767
-0.007188
-0.006317
-0.007914
-0.007649
-0.008722
-0.008793
-0.009534
-0.009755
-0.010276
-0.010524
-0.010874
-0.011067
-0.011259
-0.011337
-0.011360
-0.011279
-0.011112
-0.010839
-0.010462
-0.009972
-0.009371
-0.008656
-0.007831
-0.006901
-0.005873
-0.004757
-0.003567
-0.002317
-0.001025
0.000290
0.001610
0.002915
0.004187
0.005407
0.006560
0.007632
0.008613
0.009494
0.010270
0.010938
0.011498
0.011950
0.012299
0.012550
0.012709
0.012783
0.012780
0.012707
0.012573
0.012385
0.012152
0.011879
0.011575
0.011244
0.010894
0.010528
0.010151
0.009768
0.009381
0.008995
0.008611
0.008232
0.007859
0.007495
0.007139
0.006794
0.006460
0.006138
0.005827
0.005529
0.005243
0.004969
0.004707
0.004458
0.004220
0.003994
0.003780
0.003575
0.003384
0.003199
0.003029
0.002862
0.002715
0.002560
0.002438
0.002289
0.002198
0.002044
0.001996
0.001818
0.001834
0.001603
0.001714
0.001392
0.001645
0.001146
-0.006568
-0.003134
-0.007056
-0.005089
-0.007673
-0.006758
-0.008470
-0.008205
-0.009365
-0.009461
-0.010275
-0.010536
-0.011119
-0.011414
-0.011819
-0.012057
-0.012294
-0.012410
-0.012466
-0.012408
-0.012256
-0.011984
-0.011596
-0.011081
-0.010439
-0.009666
-0.008766
-0.007744
-0.006607
-0.005367
-0.004040
-0.002643
-0.001196
0.000279
0.001758
0.003220
0.004641
0.006002
0.007282
0.008468
0.009546
0.010508
0.011348
0.012062
0.012652
0.013121
0.013472
0.013714
0.013853
0.013899
0.013860
0.013747
0.013568
0.013333
0.013050
0.012727
0.012372
0.011992
0.011593
0.011180
0.010758
0.010332
0.009904
0.009479
0.009059
0.008646
0.008242
0.007847
0.007465
0.007094
0.006737
0.006392
0.006062
0.005745
0.005442
0.005153
0.004877
0.004614
0.004364
0.004127
0.003903
0.003689
0.003489
0.003296
0.003119
0.002946
0.002792
0.002632
0.002505
0.002351
0.002257
0.002097
0.002048
0.001864
0.001880
0.001642
0.001757
0.001424
0.001685
0.001171
-0.006969
-0.003331
-0.007495
-0.005418
-0.008167
-0.007209
-0.009041
-0.008778
-0.010030
-0.010157
-0.011048
-0.011356
-0.012008
-0.012357
-0.012825
-0.013117
-0.013409
-0.013572
-0.013670
-0.013644
-0.013514
-0.013251
-0.012857
-0.012320
-0.011637
-0.010804
-0.009824
-0.008701
-0.007444
-0.006066
-0.004584
-0.003019
-0.001395
0.000262
0.001924
0.003565
0.005157
0.006676
0.008100
0.009412
0.010597
0.011645
0.012550
0.013312
0.013930
0.014409
0.014757
0.014981
0.015092
0.015101
0.015018
0.014854
0.014622
0.014330
0.013990
0.013609
0.013197
0.012761
0.012308
0.011843
0.011372
0.010899
0.010428
0.009961
0.009502
0.009053
0.008616
0.008191
0.007780
0.007383
0.007001
0.006635
0.006284
0.005949
0.005629
0.005324
0.005034
0.004759
0.004497
0.004249
0.004015
0.003792
0.003584
0.003384
0.003200
0.003020
0.002861
0.002696
0.002565
0.002406
0.002308
0.002144
0.002093
0.001903
0.001920
0.001676
0.001793
0.001452
0.001720
0.001192
-0.007370
-0.003530
-0.007936
-0.005750
-0.008665
-0.007669
-0.009621
-0.009366
-0.010713
-0.010877
-0.011850
-0.012213
-0.012942
-0.013354
-0.013893
-0.014250
-0.014607
-0.014828
-0.014977
-0.014994
-0.014895
-0.014650
-0.014257
-0.013702
-0.012980
-0.012085
-0.011020
-0.009787
-0.008396
-0.006863
-0.005206
-0.003451
-0.001624
0.000241
0.002112
0.003957
0.005743
0.007442
0.009027
0.010478
0.011779
0.012920
0.013894
0.014700
0.015342
0.015827
0.016162
0.016360
0.016432
0.016392
0.016254
0.016030
0.015733
0.015375
0.014968
0.014522
0.014046
0.013547
0.013034
0.012512
0.011987
0.011463
0.010945
0.010435
0.009935
0.009448
0.008976
0.008519
0.008079
0.007656
0.007250
0.006862
0.006491
0.006137
0.005800
0.005480
0.005176
0.004888
0.004616
0.004357
0.004114
0.003883
0.003667
0.003460
0.003270
0.003084
0.002920
0.002749
0.002614
0.002451
0.002351
0.002182
0.002130
0.001936
0.001952
0.001703
0.001822
0.001474
0.001748
0.001208
-0.007768
-0.003729
-0.008375
-0.006084
-0.009166
-0.008134
-0.010210
-0.009966
-0.011414
-0.011620
-0.012682
-0.013107
-0.013920
-0.014405
-0.015027
-0.015459
-0.015894
-0.016185
-0.016401
-0.016473
-0.016418
-0.016201
-0.015819
-0.015253
-0.014496
-0.013540
-0.012385
-0.011033
-0.009494
-0.007786
-0.005930
-0.003956
-0.001896
0.000211
0.002325
0.004407
0.006416
0.008320
0.010088
0.011695
0.013123
0.014362
0.015405
0.016255
0.016915
0.017394
0.017707
0.017865
0.017886
0.017784
0.017577
0.017280
0.016907
0.016472
0.015988
0.015466
0.014917
0.014349
0.013769
0.013185
0.012602
0.012024
0.011455
0.010898
0.010356
0.009830
0.009322
0.008832
0.008362
0.007912
0.007482
0.007071
0.006680
0.006308
0.005955
0.005621
0.005304
0.005003
0.004720
0.004452
0.004200
0.003961
0.003737
0.003524
0.003328
0.003137
0.002969
0.002794
0.002655
0.002488
0.002385
0.002213
0.002159
0.001961
0.001978
0.001724
0.001845
0.001491
0.001769
0.001220
-0.008160
-0.003927
-0.008810
-0.006417
-0.009665
-0.008602
-0.010803
-0.010575
-0.012127
-0.012381
-0.013540
-0.014034
-0.014942
-0.015509
-0.016226
-0.016747
-0.017273
-0.017649
-0.017945
-0.018088
-0.018092
-0.017917
-0.017557
-0.016989
-0.016202
-0.015186
-0.013935
-0.012454
-0.010751
-0.008846
-0.006762
-0.004536
-0.002207
0.000179
0.002573
0.004926
0.007193
0.009330
0.011303
0.013083
0.014649
0.015991
0.017104
0.017992
0.018661
0.019125
0.019401
0.019506
0.019459
0.019281
0.018990
0.018604
0.018142
0.017617
0.017045
0.016438
0.015808
0.015162
0.014510
0.013858
0.013211
0.012575
0.011953
0.011347
0.010760
0.010193
0.009648
0.009126
0.008626
0.008148
0.007694
0.007261
0.006850
0.006461
0.006092
0.005743
0.005413
0.005102
0.004808
0.004531
0.004271
0.004024
0.003795
0.003576
0.003375
0.003179
0.003006
0.002827
0.002686
0.002515
0.002410
0.002235
0.002180
0.001979
0.001996
0.001738
0.001861
0.001501
0.001783
0.001227
-0.008542
-0.004121
-0.009235
-0.006746
-0.010158
-0.009069
-0.011395
-0.011189
-0.012848
-0.013158
-0.014419
-0.014992
-0.016004
-0.016667
-0.017491
-0.018116
-0.018750
-0.019229
-0.019625
-0.019858
-0.019941
-0.019827
-0.019507
-0.018951
-0.018144
-0.017072
-0.015726
-0.014107
-0.012222
-0.010094
-0.007748
-0.005230
-0.002584
0.000130
0.002855
0.005529
0.008096
0.010505
0.012712
0.014686
0.016403
0.017854
0.019034
0.019951
0.020617
0.021050
0.021270
0.021301
0.021168
0.020892
0.020499
0.020008
0.019440
0.018811
0.018139
0.017436
0.016714
0.015983
0.015251
0.014525
0.013811
0.013113
0.012434
0.011777
0.011144
0.010536
0.009953
0.009397
0.008867
0.008362
0.007883
0.007429
0.006999
0.006593
0.006209
0.005846
0.005505
0.005183
0.004880
0.004594
0.004326
0.004074
0.003838
0.003614
0.003409
0.003209
0.003033
0.002851
0.002706
0.002533
0.002426
0.002249
0.002193
0.001989
0.002006
0.001745
0.001869
0.001506
0.001791
0.001229
-0.008909
-0.004310
-0.009645
-0.007068
-0.010639
-0.009529
-0.011980
-0.011802
-0.013571
-0.013944
-0.015313
-0.015975
-0.017102
-0.017872
-0.018819
-0.019563
-0.020324
-0.020926
-0.021443
-0.021788
-0.021971
-0.021939
-0.021677
-0.021149
-0.020334
-0.019211
-0.017765
-0.015997
-0.013908
-0.011527
-0.008881
-0.006024
-0.003011
0.000086
0.003195
0.006241
0.009153
0.011871
0.014341
0.016530
0.018409
0.019970
0.021213
0.022148
0.022795
0.023176
0.023321
0.023256
0.023014
0.022620
0.022104
0.021488
0.020798
0.020050
0.019264
0.018452
0.017630
0.016805
0.015987
0.015182
0.014396
0.013632
0.012894
0.012184
0.011503
0.010853
0.010232
0.009642
0.009082
0.008551
0.008048
0.007573
0.007125
0.006702
0.006304
0.005929
0.005576
0.005244
0.004933
0.004640
0.004366
0.004107
0.003867
0.003638
0.003429
0.003226
0.003047
0.002863
0.002716
0.002541
0.002433
0.002254
0.002197
0.001992
0.002008
0.001746
0.001871
0.001505
0.001791
0.001226
-0.009255
-0.004490
-0.010036
-0.007379
-0.011103
-0.009978
-0.012552
-0.012408
-0.014290
-0.014732
-0.016217
-0.016977
-0.018230
-0.019122
-0.020208
-0.021091
-0.022000
-0.022750
-0.023417
-0.023903
-0.024218
-0.024299
-0.024126
-0.023654
-0.022853
-0.021696
-0.020156
-0.018234
-0.015923
-0.013257
-0.010260
-0.007005
-0.003551
0.000006
0.003579
0.007073
0.010399
0.013483
0.016260
0.018691
0.020745
0.022419
0.023713
0.024648
0.025251
0.025553
0.025591
0.025399
0.025018
0.024477
0.023812
0.023049
0.022215
0.021330
0.020415
0.019483
0.018548
0.017621
0.016710
0.015820
0.014958
0.014126
0.013327
0.012562
0.011833
0.011139
0.010481
0.009857
0.009267
0.008711
0.008185
0.007691
0.007225
0.006787
0.006376
0.005989
0.005627
0.005286
0.004968
0.004668
0.004388
0.004125
0.003881
0.003649
0.003437
0.003231
0.003050
0.002863
0.002715
0.002539
0.002430
0.002250
0.002192
0.001986
0.002002
0.001739
0.001864
0.001498
0.001785
0.001218
-0.009575
-0.004660
-0.010401
-0.007674
-0.011541
-0.010410
-0.013103
-0.012998
-0.014994
-0.015514
-0.017120
-0.017989
-0.019378
-0.020407
-0.021648
-0.022690
-0.023771
-0.024693
-0.025537
-0.026194
-0.026673
-0.026897
-0.026844
-0.026453
-0.025687
-0.024507
-0.022875
-0.020788
-0.018227
-0.015236
-0.011834
-0.008113
-0.004144
-0.000047
0.004069
0.008083
0.011885
0.015385
0.018501
0.021196
0.023430
0.025210
0.026540
0.027453
0.027983
0.028173
0.028073
0.027721
0.027170
0.026453
0.025614
0.024679
0.023681
0.022641
0.021582
0.020516
0.019460
0.018422
0.017411
0.016432
0.015490
0.014587
0.013725
0.012905
0.012127
0.011391
0.010695
0.010039
0.009420
0.008839
0.008292
0.007779
0.007298
0.006846
0.006423
0.006026
0.005655
0.005307
0.004982
0.004677
0.004393
0.004126
0.003879
0.003644
0.003430
0.003222
0.003040
0.002852
0.002704
0.002527
0.002417
0.002236
0.002179
0.001973
0.001989
0.001726
0.001850
0.001485
0.001771
0.001205
-0.009863
-0.004815
-0.010732
-0.007947
-0.011947
-0.010816
-0.013624
-0.013565
-0.015675
-0.016279
-0.018012
-0.019001
-0.020538
-0.021719
-0.023135
-0.024360
-0.025641
-0.026770
-0.027831
-0.028702
-0.029393
-0.029813
-0.029933
-0.029676
-0.028992
-0.027830
-0.026131
-0.023889
-0.021063
-0.017705
-0.013830
-0.009550
-0.004948
-0.000184
0.004608
0.009268
0.013657
0.017663
0.021183
0.024179
0.026605
0.028483
0.029823
0.030674
0.031087
0.031116
0.030827
0.030267
0.029502
0.028568
0.027519
0.026381
0.025195
0.023978
0.022757
0.021544
0.020356
0.019199
0.018082
0.017009
0.015984
0.015008
0.014082
0.013207
0.012380
0.011602
0.010870
0.010182
0.009537
0.008932
0.008366
0.007836
0.007340
0.006876
0.006443
0.006038
0.005659
0.005306
0.004975
0.004667
0.004379
0.004110
0.003860
0.003624
0.003409
0.003200
0.003017
0.002830
0.002681
0.002504
0.002394
0.002214
0.002156
0.001951
0.001967
0.001706
0.001829
0.001466
0.001750
0.001188
-0.010112
-0.004953
-0.011022
-0.008193
-0.012311
-0.011190
-0.014104
-0.014098
-0.016320
-0.017015
-0.018878
-0.019996
-0.021692
-0.023040
-0.024648
-0.026078
-0.027586
-0.028951
-0.030265
-0.031390
-0.032337
-0.032996
-0.033332
-0.033252
-0.032684
-0.031565
-0.029807
-0.027401
-0.024276
-0.020500
-0.016068
-0.011131
-0.005783
-0.000233
0.005352
0.010762
0.015821
0.020393
0.024350
0.027660
0.030268
0.032219
0.033529
0.034276
0.034521
0.034339
0.033813
0.032999
0.031979
0.030790
0.029499
0.028130
0.026732
0.025319
0.023921
0.022549
0.021219
0.019936
0.018708
0.017538
0.016428
0.015379
0.014389
0.013459
0.012585
0.011766
0.011000
0.010283
0.009613
0.008987
0.008403
0.007858
0.007350
0.006876
0.006434
0.006022
0.005639
0.005280
0.004947
0.004636
0.004346
0.004076
0.003825
0.003588
0.003373
0.003165
0.002982
0.002795
0.002646
0.002470
0.002361
0.002182
0.002124
0.001922
0.001937
0.001678
0.001800
0.001440
0.001722
0.001166
-0.010314
-0.005069
-0.011264
-0.008406
-0.012625
-0.011522
-0.014533
-0.014585
-0.016916
-0.017708
-0.019705
-0.020960
-0.022826
-0.024358
-0.026181
-0.027843
-0.029615
-0.031260
-0.032882
-0.034322
-0.035601
-0.036582
-0.037229
-0.037419
-0.037064
-0.036077
-0.034330
-0.031806
-0.028386
-0.024152
-0.019067
-0.013328
-0.007039
-0.000481
0.006127
0.012508
0.018427
0.023715
0.028205
0.031878
0.034671
0.036665
0.037888
0.038455
0.038451
0.037974
0.037132
0.035989
0.034649
0.033148
0.031569
0.029931
0.028290
0.026656
0.025064
0.023518
0.022036
0.020620
0.019278
0.018008
0.016813
0.015690
0.014638
0.013655
0.012736
0.011879
0.011080
0.010337
0.009644
0.009000
0.008401
0.007844
0.007326
0.006844
0.006396
0.005979
0.005592
0.005231
0.004896
0.004584
0.004294
0.004023
0.003773
0.003537
0.003322
0.003115
0.002933
0.002748
0.002600
0.002426
0.002318
0.002141
0.002084
0.001884
0.001898
0.001644
0.001763
0.001409
0.001686
0.001139
-0.010463
-0.005161
-0.011449
-0.008578
-0.012878
-0.011801
-0.014897
-0.015012
-0.017446
-0.018339
-0.020470
-0.021870
-0.023913
-0.025640
-0.027694
-0.029610
-0.031673
-0.033631
-0.035603
-0.037406
-0.039072
-0.040434
-0.041454
-0.041978
-0.041890
-0.041081
-0.039366
-0.036727
-0.032969
-0.028204
-0.022345
-0.015651
-0.008239
-0.000488
0.007326
0.014826
0.021713
0.027780
0.032816
0.036836
0.039759
0.041729
0.042783
0.043089
0.042753
0.041904
0.040675
0.039142
0.037429
0.035572
0.033669
0.031731
0.029825
0.027953
0.026153
0.024424
0.022785
0.021233
0.019774
0.018405
0.017125
0.015931
0.014819
0.013785
0.012825
0.011933
0.011106
0.010339
0.009628
0.008969
0.008357
0.007791
0.007265
0.006778
0.006326
0.005907
0.005518
0.005157
0.004821
0.004510
0.004221
0.003951
0.003703
0.003469
0.003256
0.003051
0.002872
0.002688
0.002543
0.002371
0.002264
0.002091
0.002034
0.001838
0.001852
0.001602
0.001719
0.001372
0.001644
0.001107
-0.010551
-0.005223
-0.011568
-0.008704
-0.013060
-0.012019
-0.015185
-0.015367
-0.017895
-0.018892
-0.021155
-0.022707
-0.024934
-0.026872
-0.029178
-0.031376
-0.033774
-0.036098
-0.038494
-0.040746
-0.042914
-0.044785
-0.046336
-0.047362
-0.047728
-0.047281
-0.045766
-0.043148
-0.039118
-0.033815
-0.027054
-0.019178
-0.010306
-0.000962
0.008478
0.017502
0.025694
0.032795
0.038526
0.042952
0.045979
0.047846
0.048611
0.048514
0.047704
0.046343
0.044606
0.042571
0.040398
0.038108
0.035823
0.033539
0.031335
0.029199
0.027175
0.025252
0.023449
0.021757
0.020181
0.018713
0.017352
0.016090
0.014923
0.013843
0.012845
0.011923
0.011072
0.010285
0.009559
0.008889
0.008269
0.007696
0.007167
0.006677
0.006224
0.005804
0.005416
0.005056
0.004723
0.004413
0.004127
0.003861
0.003615
0.003384
0.003174
0.002973
0.002796
0.002616
0.002474
0.002306
0.002201
0.002031
0.001975
0.001784
0.001797
0.001554
0.001668
0.001330
0.001594
0.001071
-0.010571
-0.005252
-0.011613
-0.008775
-0.013160
-0.012164
-0.015380
-0.015631
-0.018242
-0.019343
-0.021732
-0.023435
-0.025848
-0.028000
-0.030569
-0.033064
-0.035821
-0.038539
-0.041402
-0.044152
-0.046887
-0.049339
-0.051504
-0.053121
-0.054023
-0.054024
-0.052752
-0.050184
-0.045830
-0.039890
-0.032038
-0.022727
-0.012089
-0.000842
0.010530
0.021293
0.030922
0.039092
0.045459
0.050191
0.053167
0.054778
0.055086
0.054443
0.053024
0.051038
0.048698
0.046085
0.043391
0.040621
0.037921
0.035265
0.032746
0.030335
0.028081
0.025961
0.023995
0.022166
0.020477
0.018916
0.017479
0.016155
0.014938
0.013818
0.012788
0.011842
0.010972
0.010172
0.009435
0.008758
0.008133
0.007558
0.007028
0.006539
0.006087
0.005671
0.005285
0.004929
0.004600
0.004295
0.004013
0.003751
0.003509
0.003283
0.003078
0.002881
0.002708
0.002532
0.002393
0.002229
0.002127
0.001962
0.001908
0.001722
0.001735
0.001499
0.001609
0.001281
0.001537
0.001031
-0.010516
-0.005244
-0.011576
-0.008784
-0.013167
-0.012224
-0.015470
-0.015791
-0.018470
-0.019672
-0.022180
-0.024033
-0.026632
-0.029007
-0.031855
-0.034672
-0.037833
-0.041002
-0.044424
-0.047781
-0.051245
-0.054466
-0.057500
-0.059992
-0.061777
-0.062586
-0.061934
-0.059759
-0.055323
-0.048864
-0.039792
-0.028697
-0.015682
-0.001773
0.012328
0.025608
0.037293
0.046976
0.054193
0.059275
0.062095
0.063255
0.062868
0.061420
0.059154
0.056321
0.053199
0.049851
0.046520
0.043177
0.039997
0.036920
0.034055
0.031348
0.028855
0.026533
0.024405
0.022441
0.020646
0.018998
0.017493
0.016114
0.014855
0.013703
0.012649
0.011685
0.010802
0.009994
0.009252
0.008573
0.007948
0.007375
0.006848
0.006363
0.005916
0.005505
0.005126
0.004775
0.004452
0.004153
0.003877
0.003621
0.003386
0.003166
0.002966
0.002774
0.002607
0.002436
0.002301
0.002143
0.002044
0.001884
0.001832
0.001652
0.001664
0.001437
0.001543
0.001228
0.001474
0.000986
-0.010379
-0.005195
-0.011448
-0.008724
-0.013072
-0.012188
-0.015439
-0.015827
-0.018555
-0.019851
-0.022461
-0.024455
-0.027229
-0.029818
-0.032943
-0.036080
-0.039654
-0.043287
-0.047299
-0.051302
-0.055558
-0.059623
-0.063624
-0.067112
-0.069898
-0.071665
-0.071717
-0.070033
-0.065462
-0.058367
-0.047771
-0.034430
-0.018489
-0.001346
0.016064
0.032179
0.046055
0.057164
0.064965
0.070093
0.072370
0.072763
0.071360
0.068868
0.065547
0.061716
0.057695
0.053530
0.049510
0.045554
0.041875
0.038366
0.035156
0.032155
0.029430
0.026916
0.024637
0.022552
0.020662
0.018939
0.017377
0.015955
0.014664
0.013489
0.012420
0.011446
0.010558
0.009748
0.009008
0.008332
0.007713
0.007146
0.006626
0.006149
0.005710
0.005307
0.004936
0.004595
0.004280
0.003989
0.003721
0.003473
0.003245
0.003032
0.002839
0.002654
0.002493
0.002328
0.002198
0.002046
0.001951
0.001798
0.001747
0.001575
0.001587
0.001369
0.001470
0.001168
0.001404
0.000938
-0.010153
-0.005101
-0.011223
-0.008588
-0.012863
-0.012045
-0.015273
-0.015725
-0.018479
-0.019858
-0.022552
-0.024676
-0.027613
-0.030411
-0.033814
-0.037281
-0.041304
-0.045448
-0.050148
-0.054915
-0.060172
-0.065324
-0.070676
-0.075595
-0.079993
-0.083385
-0.084932
-0.084544
-0.080534
-0.073327
-0.061222
-0.045128
-0.025088
-0.003186
0.019099
0.039614
0.056856
0.070156
0.078793
0.083893
0.085303
0.084478
0.081599
0.077599
0.072847
0.067682
0.062521
0.057340
0.052499
0.047832
0.043596
0.039615
0.036042
0.032741
0.029788
0.027089
0.024672
0.022477
0.020507
0.018724
0.017119
0.015666
0.014356
0.013169
0.012094
0.011120
0.010235
0.009431
0.008700
0.008033
0.007425
0.006869
0.006360
0.005895
0.005469
0.005077
0.004718
0.004387
0.004083
0.003803
0.003545
0.003306
0.003087
0.002883
0.002697
0.002520
0.002366
0.002209
0.002085
0.001939
0.001848
0.001703
0.001654
0.001491
0.001501
0.001295
0.001391
0.001104
0.001328
0.000885
-0.009836
-0.004960
-0.010894
-0.008371
-0.012533
-0.011785
-0.014959
-0.015467
-0.018218
-0.019664
-0.022415
-0.024644
-0.027717
-0.030694
-0.034349
-0.038117
-0.042568
-0.047202
-0.052586
-0.058120
-0.064410
-0.070706
-0.077500
-0.083997
-0.090164
-0.095435
-0.098653
-0.099831
-0.096383
-0.088995
-0.074904
-0.055119
-0.029947
-0.002115
0.026350
0.051757
0.072403
0.087398
0.096035
0.100317
0.100003
0.097346
0.092429
0.086562
0.080094
0.073426
0.067014
0.060757
0.055072
0.049690
0.044913
0.040480
0.036573
0.033000
0.029848
0.026992
0.024463
0.022184
0.020156
0.018332
0.016703
0.015237
0.013921
0.012736
0.011668
0.010704
0.009832
0.009042
0.008326
0.007675
0.007083
0.006544
0.006052
0.005603
0.005191
0.004815
0.004470
0.004153
0.003862
0.003594
0.003348
0.003120
0.002912
0.002717
0.002542
0.002373
0.002227
0.002078
0.001960
0.001823
0.001737
0.001600
0.001554
0.001400
0.001409
0.001215
0.001305
0.001035
0.001246
0.000829
-0.009422
-0.004768
-0.010456
-0.008067
-0.012074
-0.011401
-0.014485
-0.015039
-0.017757
-0.019250
-0.022026
-0.024334
-0.027511
-0.030638
-0.034523
-0.038570
-0.043452
-0.048582
-0.054723
-0.061105
-0.068651
-0.076337
-0.085083
-0.093726
-0.102641
-0.110904
-0.117347
-0.121857
-0.120779
-0.114987
-0.099644
-0.075567
-0.042771
-0.005709
0.032081
0.065671
0.092063
0.110026
0.118704
0.121618
0.118663
0.113164
0.105349
0.096830
0.088105
0.079480
0.071546
0.064003
0.057368
0.051197
0.045856
0.040965
0.036738
0.032912
0.029588
0.026603
0.023990
0.021654
0.019593
0.017753
0.016119
0.014659
0.013355
0.012186
0.011138
0.010195
0.009346
0.008579
0.007886
0.007259
0.006689
0.006172
0.005701
0.005272
0.004880
0.004521
0.004193
0.003893
0.003617
0.003364
0.003131
0.002917
0.002720
0.002537
0.002372
0.002214
0.002076
0.001937
0.001827
0.001698
0.001617
0.001489
0.001446
0.001302
0.001311
0.001129
0.001213
0.000961
0.001158
0.000769
-0.008911
-0.004524
-0.009907
-0.007674
-0.011480
-0.010883
-0.013842
-0.014428
-0.017076
-0.018589
-0.021349
-0.023695
-0.026927
-0.030150
-0.034202
-0.038460
-0.043702
-0.049251
-0.056076
-0.063237
-0.071989
-0.081048
-0.091772
-0.102687
-0.114532
-0.126182
-0.136218
-0.144754
-0.146309
-0.142505
-0.125227
-0.094674
-0.052375
-0.003446
0.047225
0.089839
0.121404
0.140511
0.146859
0.146525
0.139198
0.129795
0.118245
0.106637
0.095366
0.084675
0.075181
0.066379
0.058848
0.051960
0.046131
0.040856
0.036380
0.032365
0.028927
0.025863
0.023212
0.020856
0.018798
0.016969
0.015357
0.013923
0.012651
0.011515
0.010500
0.009591
0.008776
0.008042
0.007381
0.006783
0.006243
0.005753
0.005308
0.004903
0.004534
0.004197
0.003889
0.003608
0.003350
0.003113
0.002896
0.002696
0.002513
0.002343
0.002189
0.002043
0.001915
0.001786
0.001683
0.001564
0.001489
0.001371
0.001331
0.001198
0.001206
0.001038
0.001116
0.000884
0.001065
0.000706
-0.008301
-0.004228
-0.009246
-0.007188
-0.010750
-0.010230
-0.013023
-0.013626
-0.016165
-0.017667
-0.020366
-0.022706
-0.025938
-0.029197
-0.033353
-0.037749
-0.043291
-0.049184
-0.056677
-0.064577
-0.074666
-0.085198
-0.098408
-0.112105
-0.128197
-0.144750
-0.161121
-0.177185
-0.185747
-0.189514
-0.174016
-0.136859
-0.078825
-0.010166
0.059570
0.118369
0.160333
0.182499
0.185137
0.179344
0.165197
0.149734
0.132975
0.117099
0.102658
0.089424
0.078188
0.068005
0.059577
0.051989
0.045731
0.040132
0.035475
0.031334
0.027843
0.024754
0.022112
0.019779
0.017759
0.015974
0.014412
0.013028
0.011807
0.010721
0.009756
0.008894
0.008123
0.007432
0.006811
0.006251
0.005746
0.005288
0.004874
0.004498
0.004156
0.003844
0.003559
0.003299
0.003061
0.002843
0.002644
0.002460
0.002292
0.002135
0.001994
0.001860
0.001743
0.001625
0.001531
0.001422
0.001354
0.001246
0.001209
0.001088
0.001095
0.000942
0.001013
0.000802
0.000966
0.000640
-0.007595
-0.003880
-0.008474
-0.006610
-0.009884
-0.009438
-0.012027
-0.012628
-0.015015
-0.016471
-0.019054
-0.021333
-0.024492
-0.027707
-0.031866
-0.036287
-0.041987
-0.048072
-0.056047
-0.064496
-0.075707
-0.087523
-0.103053
-0.119475
-0.139918
-0.161788
-0.185236
-0.210370
-0.227178
-0.241449
-0.226943
-0.177209
-0.100880
-0.006309
0.094175
0.171085
0.219524
0.238430
0.230837
0.215568
0.191693
0.168749
0.145962
0.125564
0.107913
0.092277
0.079477
0.068128
0.059003
0.050909
0.044385
0.038609
0.033893
0.029732
0.026275
0.023235
0.020664
0.018406
0.016467
0.014762
0.013279
0.011972
0.010824
0.009807
0.008906
0.008105
0.007390
0.006751
0.006179
0.005664
0.005200
0.004781
0.004402
0.004059
0.003747
0.003463
0.003204
0.002968
0.002753
0.002555
0.002374
0.002208
0.002056
0.001915
0.001788
0.001667
0.001562
0.001455
0.001371
0.001273
0.001212
0.001115
0.001082
0.000973
0.000979
0.000842
0.000906
0.000716
0.000864
0.000571
-0.006797
-0.003482
-0.007596
-0.005943
-0.008885
-0.008511
-0.010856
-0.011435
-0.013625
-0.014997
-0.017408
-0.019565
-0.022571
-0.025652
-0.029700
-0.034012
-0.039717
-0.045797
-0.054064
-0.062791
-0.074968
-0.087752
-0.105726
-0.124748
-0.150658
-0.178888
-0.213256
-0.252845
-0.287380
-0.329448
-0.331705
-0.272578
-0.158914
-0.017119
0.124014
0.234430
0.304192
0.322281
0.296170
0.263490
0.223883
0.189351
0.158619
0.132457
0.111324
0.093147
0.078959
0.066613
0.057023
0.048623
0.042023
0.036234
0.031595
0.027533
0.024204
0.021295
0.018860
0.016733
0.014921
0.013335
0.011963
0.010759
0.009706
0.008776
0.007956
0.007228
0.006581
0.006004
0.005488
0.005025
0.004608
0.004233
0.003894
0.003588
0.003309
0.003057
0.002827
0.002617
0.002425
0.002250
0.002090
0.001943
0.001809
0.001684
0.001572
0.001465
0.001372
0.001278
0.001204
0.001118
0.001063
0.000978
0.000949
0.000853
0.000859
0.000738
0.000794
0.000627
0.000757
0.000500
-0.005914
-0.003037
-0.006617
-0.005192
-0.007761
-0.007455
-0.009517
-0.010054
-0.012002
-0.013252
-0.015430
-0.017403
-0.020168
-0.023017
-0.026819
-0.030874
-0.036370
-0.042220
-0.050451
-0.059115
-0.071778
-0.085036
-0.104854
-0.125863
-0.156855
-0.191102
-0.237455
-0.293358
-0.350144
-0.435322
-0.452322
-0.362025
-0.215015
-0.017733
0.208545
0.362762
0.432027
0.426055
0.364875
0.308596
0.250823
0.204177
0.165940
0.134664
0.110792
0.090778
0.075783
0.062960
0.053298
0.044936
0.038517
0.032934
0.028539
0.024714
0.021622
0.018933
0.016705
0.014767
0.013128
0.011700
0.010471
0.009396
0.008460
0.007636
0.006911
0.006270
0.005701
0.005195
0.004743
0.004339
0.003975
0.003649
0.003354
0.003088
0.002847
0.002628
0.002428
0.002247
0.002082
0.001931
0.001793
0.001666
0.001550
0.001443
0.001346
0.001254
0.001174
0.001094
0.001030
0.000956
0.000909
0.000836
0.000811
0.000729
0.000734
0.000631
0.000678
0.000536
0.000647
0.000427
-0.004953
-0.002548
-0.005549
-0.004364
-0.006522
-0.006280
-0.008023
-0.008496
-0.010160
-0.011247
-0.013132
-0.014854
-0.017283
-0.019793
-0.023194
-0.026814
-0.031845
-0.037160
-0.044928
-0.052988
-0.065452
-0.078201
-0.098908
-0.120148
-0.155468
-0.193188
-0.253659
-0.326480
-0.421126
-0.598510
-0.673777
-0.548558
-0.313121
-0.049440
0.225380
0.471688
0.628793
0.611239
0.471306
0.362319
0.275289
0.211786
0.166203
0.130348
0.105004
0.084151
0.069274
0.056696
0.047526
0.039652
0.033746
0.028639
0.024685
0.021260
0.018524
0.016154
0.014207
0.012521
0.011102
0.009870
0.008816
0.007896
0.007097
0.006396
0.005781
0.005238
0.004758
0.004331
0.003950
0.003611
0.003306
0.003032
0.002785
0.002563
0.002361
0.002178
0.002012
0.001861
0.001724
0.001598
0.001483
0.001378
0.001282
0.001193
0.001112
0.001036
0.000970
0.000903
0.000850
0.000789
0.000751
0.000690
0.000669
0.000602
0.000606
0.000520
0.000560
0.000442
0.000534
0.000352
-0.003925
-0.002023
-0.004402
-0.003469
-0.005184
-0.005002
-0.006394
-0.006785
-0.008125
-0.009015
-0.010550
-0.011965
-0.013972
-0.016051
-0.018908
-0.021943
-0.026262
-0.030791
-0.037661
-0.044679
-0.056170
-0.067604
-0.087859
-0.107767
-0.145433
-0.183422
-0.257160
-0.339257
-0.486897
-0.770031
-0.736225
-0.328592
-0.042973
0.022602
0.094692
0.296014
0.621647
0.723098
0.540309
0.388686
0.280984
0.204829
0.155972
0.118229
0.093435
0.073262
0.059532
0.048020
0.039886
0.032948
0.027854
0.023473
0.020133
0.017252
0.014976
0.013012
0.011411
0.010029
0.008873
0.007872
0.007019
0.006276
0.005633
0.005070
0.004578
0.004143
0.003760
0.003420
0.003117
0.002847
0.002605
0.002388
0.002192
0.002016
0.001857
0.001712
0.001581
0.001462
0.001354
0.001254
0.001164
0.001081
0.001005
0.000935
0.000872
0.000812
0.000760
0.000708
0.000666
0.000618
0.000588
0.000540
0.000524
0.000471
0.000474
0.000407
0.000438
0.000346
0.000418
0.000275
-0.002844
-0.001468
-0.003192
-0.002519
-0.003764
-0.003637
-0.004651
-0.004943
-0.005926
-0.006585
-0.007720
-0.008771
-0.010268
-0.011819
-0.013975
-0.016255
-0.019564
-0.022996
-0.028373
-0.033737
-0.043030
-0.051805
-0.069040
-0.084158
-0.118812
-0.146356
-0.222687
-0.275799
-0.457714
-0.689122
-0.287591
0.263071
0.242688
-0.047241
-0.258382
-0.245070
0.222546
0.602609
0.476526
0.321002
0.235263
0.165664
0.125886
0.093254
0.073149
0.056483
0.045563
0.036379
0.030044
0.024647
0.020748
0.017401
0.014877
0.012705
0.011002
0.009535
0.008346
0.007321
0.006467
0.005729
0.005102
0.004556
0.004086
0.003674
0.003314
0.002998
0.002718
0.002471
0.002251
0.002055
0.001879
0.001722
0.001580
0.001453
0.001337
0.001233
0.001138
0.001052
0.000974
0.000902
0.000837
0.000777
0.000723
0.000672
0.000627
0.000584
0.000546
0.000508
0.000479
0.000444
0.000422
0.000388
0.000376
0.000338
0.000340
0.000292
0.000314
0.000248
0.000300
0.000197
-0.001723
-0.000890
-0.001934
-0.001528
-0.002283
-0.002209
-0.002826
-0.003007
-0.003607
-0.004014
-0.004713
-0.005362
-0.006292
-0.007255
-0.008610
-0.010035
-0.012147
-0.014305
-0.017814
-0.021193
-0.027462
-0.032916
-0.045145
-0.054026
-0.080559
-0.094221
-0.158759
-0.175287
-0.344756
-0.400972
0.129233
0.368570
0.170395
-0.031310
-0.158364
-0.299237
-0.116982
0.338758
0.343263
0.203032
0.158473
0.107501
0.083138
0.060342
0.047374
0.036089
0.029005
0.022942
0.018864
0.015373
0.012891
0.010761
0.009172
0.007806
0.006744
0.005831
0.005095
0.004462
0.003936
0.003483
0.003098
0.002765
0.002477
0.002226
0.002007
0.001814
0.001644
0.001494
0.001360
0.001241
0.001135
0.001040
0.000954
0.000877
0.000807
0.000744
0.000686
0.000634
0.000587
0.000544
0.000504
0.000468
0.000435
0.000405
0.000378
0.000352
0.000329
0.000306
0.000288
0.000267
0.000254
0.000234
0.000227
0.000204
0.000205
0.000176
0.000189
0.000149
0.000180
0.000119
-0.000577
-0.000298
-0.000648
-0.000512
-0.000765
-0.000740
-0.000947
-0.001008
-0.001210
-0.001347
-0.001581
-0.001799
-0.002111
-0.002434
-0.002888
-0.003366
-0.004072
-0.004796
-0.005974
-0.007109
-0.009241
-0.011067
-0.015372
-0.018257
-0.028179
-0.032090
-0.058061
-0.060593
-0.132630
-0.105341
0.125932
0.089704
-0.041816
-0.048284
-0.010439
-0.075717
-0.104075
0.092550
0.132786
0.069402
0.056313
0.036899
0.028667
0.020514
0.016050
0.012156
0.009739
0.007689
0.006313
0.005145
0.004314
0.003602
0.003071
0.002615
0.002260
0.001954
0.001708
0.001496
0.001319
0.001167
0.001038
0.000926
0.000830
0.000745
0.000672
0.000607
0.000550
0.000500
0.000455
0.000415
0.000380
0.000348
0.000319
0.000293
0.000270
0.000249
0.000229
0.000212
0.000196
0.000182
0.000169
0.000156
0.000145
0.000135
0.000126
0.000117
0.000110
0.000102
0.000096
0.000089
0.000085
0.000078
0.000076
0.000068
0.000068
0.000059
0.000063
0.000050
0.000060
0.000040
0.000577
0.000298
0.000648
0.000512
0.000765
0.000740
0.000947
0.001008
0.001210
0.001347
0.001581
0.001799
0.002111
0.002434
0.002888
0.003366
0.004072
0.004796
0.005974
0.007109
0.009241
0.011067
0.015372
0.018257
0.028179
0.032090
0.058061
0.060593
0.132630
0.105341
-0.125932
-0.089704
0.041816
0.048284
0.010439
0.075717
0.104075
-0.092550
-0.132786
-0.069402
-0.056313
-0.036899
-0.028667
-0.020514
-0.016050
-0.012156
-0.009739
-0.007689
-0.006313
-0.005145
-0.004314
-0.003602
-0.003071
-0.002615
-0.002260
-0.001954
-0.001708
-0.001496
-0.001319
-0.001167
-0.001038
-0.000926
-0.000830
-0.000745
-0.000672
-0.000607
-0.000550
-0.000500
-0.000455
-0.000415
-0.000380
-0.000348
-0.000319
-0.000293
-0.000270
-0.000249
-0.000229
-0.000212
-0.000196
-0.000182
-0.000169
-0.000156
-0.000145
-0.000135
-0.000126
-0.000117
-0.000110
-0.000102
-0.000096
-0.000089
-0.000085
-0.000078
-0.000076
-0.000068
-0.000068
-0.000059
-0.000063
-0.000050
-0.000060
-0.000040
0.001723
0.000890
0.001934
0.001528
0.002283
0.002209
0.002826
0.003007
0.003607
0.004014
0.004713
0.005362
0.006292
0.007255
0.008610
0.010035
0.012147
0.014305
0.017814
0.021193
0.027462
0.032916
0.045145
0.054026
0.080559
0.094221
0.158759
0.175287
0.344756
0.400972
-0.129233
-0.368570
-0.170395
0.031310
0.158364
0.299237
0.116982
-0.338758
-0.343263
-0.203032
-0.158473
-0.107501
-0.083138
-0.060342
-0.047374
-0.036089
-0.029005
-0.022942
-0.018864
-0.015373
-0.012891
-0.010761
-0.009172
-0.007806
-0.006744
-0.005831
-0.005095
-0.004462
-0.003936
-0.003483
-0.003098
-0.002765
-0.002477
-0.002226
-0.002007
-0.001814
-0.001644
-0.001494
-0.001360
-0.001241
-0.001135
-0.001040
-0.000954
-0.000877
-0.000807
-0.000744
-0.000686
-0.000634
-0.000587
-0.000544
-0.000504
-0.000468
-0.000435
-0.000405
-0.000378
-0.000352
-0.000329
-0.000306
-0.000288
-0.000267
-0.000254
-0.000234
-0.000227
-0.000204
-0.000205
-0.000176
-0.000189
-0.000149
-0.000180
-0.000119
0.002844
0.001468
0.003192
0.002519
0.003764
0.003637
0.004651
0.004943
0.005926
0.006585
0.007720
0.008771
0.010268
0.011819
0.013975
0.016255
0.019564
0.022996
0.028373
0.033737
0.043030
0.051805
0.069040
0.084158
0.118812
0.146356
0.222687
0.275799
0.457714
0.689122
0.287591
-0.263071
-0.242688
0.047241
0.258382
0.245070
-0.222546
-0.602609
-0.476526
-0.321002
-0.235263
-0.165664
-0.125886
-0.093254
-0.073149
-0.056483
-0.045563
-0.036379
-0.030044
-0.024647
-0.020748
-0.017401
-0.014877
-0.012705
-0.011002
-0.009535
-0.008346
-0.007321
-0.006467
-0.005729
-0.005102
-0.004556
-0.004086
-0.003674
-0.003314
-0.002998
-0.002718
-0.002471
-0.002251
-0.002055
-0.001879
-0.001722
-0.001580
-0.001453
-0.001337
-0.001233
-0.001138
-0.001052
-0.000974
-0.000902
-0.000837
-0.000777
-0.000723
-0.000672
-0.000627
-0.000584
-0.000546
-0.000508
-0.000479
-0.000444
-0.000422
-0.000388
-0.000376
-0.000338
-0.000340
-0.000292
-0.000314
-0.000248
-0.000300
-0.000197
0.003925
0.002023
0.004402
0.003469
0.005184
0.005002
0.006394
0.006785
0.008125
0.009015
0.010550
0.011965
0.013972
0.016051
0.018908
0.021943
0.026262
0.030791
0.037661
0.044679
0.056170
0.067604
0.087859
0.107767
0.145433
0.183422
0.257160
0.339257
0.486897
0.770031
0.736225
0.328592
0.042973
-0.022602
-0.094692
-0.296014
-0.621647
-0.723098
-0.540309
-0.388686
-0.280984
-0.204829
-0.155972
-0.118229
-0.093435
-0.073262
-0.059532
-0.048020
-0.039886
-0.032948
-0.027854
-0.023473
-0.020133
-0.017252
-0.014976
-0.013012
-0.011411
-0.010029
-0.008873
-0.007872
-0.007019
-0.006276
-0.005633
-0.005070
-0.004578
-0.004143
-0.003760
-0.003420
-0.003117
-0.002847
-0.002605
-0.002388
-0.002192
-0.002016
-0.001857
-0.001712
-0.001581
-0.001462
-0.001354
-0.001254
-0.001164
-0.001081
-0.001005
-0.000935
-0.000872
-0.000812
-0.000760
-0.000708
-0.000666
-0.000618
-0.000588
-0.000540
-0.000524
-0.000471
-0.000474
-0.000407
-0.000438
-0.000346
-0.000418
-0.000275
0.004953
0.002548
0.005549
0.004364
0.006522
0.006280
0.008023
0.008496
0.010160
0.011247
0.013132
0.014854
0.017283
0.019793
0.023194
0.026814
0.031845
0.037160
0.044928
0.052988
0.065452
0.078201
0.098908
0.120148
0.155468
0.193188
0.253659
0.326480
0.421126
0.598510
0.673777
0.548558
0.313121
0.049440
-0.225380
-0.471688
-0.628793
-0.611239
-0.471306
-0.362319
-0.275289
-0.211786
-0.166203
-0.130348
-0.105004
-0.084151
-0.069274
-0.056696
-0.047526
-0.039652
-0.033746
-0.028639
-0.024685
-0.021260
-0.018524
-0.016154
-0.014207
-0.012521
-0.011102
-0.009870
-0.008816
-0.007896
-0.007097
-0.006396
-0.005781
-0.005238
-0.004758
-0.004331
-0.003950
-0.003611
-0.003306
-0.003032
-0.002785
-0.002563
-0.002361
-0.002178
-0.002012
-0.001861
-0.001724
-0.001598
-0.001483
-0.001378
-0.001282
-0.001193
-0.001112
-0.001036
-0.000970
-0.000903
-0.000850
-0.000789
-0.000751
-0.000690
-0.000669
-0.000602
-0.000606
-0.000520
-0.000560
-0.000442
-0.000534
-0.000352
0.005914
0.003037
0.006617
0.005192
0.007761
0.007455
0.009517
0.010054
0.012002
0.013252
0.015430
0.017403
0.020168
0.023017
0.026819
0.030874
0.036370
0.042220
0.050451
0.059115
0.071778
0.085036
0.104854
0.125863
0.156855
0.191102
0.237455
0.293358
0.350144
0.435322
0.452322
0.362025
0.215015
0.017733
-0.208545
-0.362762
-0.432027
-0.426055
-0.364875
-0.308596
-0.250823
-0.204177
-0.165940
-0.134664
-0.110792
-0.090778
-0.075783
-0.062960
-0.053298
-0.044936
-0.038517
-0.032934
-0.028539
-0.024714
-0.021622
-0.018933
-0.016705
-0.014767
-0.013128
-0.011700
-0.010471
-0.009396
-0.008460
-0.007636
-0.006911
-0.006270
-0.005701
-0.005195
-0.004743
-0.004339
-0.003975
-0.003649
-0.003354
-0.003088
-0.002847
-0.002628
-0.002428
-0.002247
-0.002082
-0.001931
-0.001793
-0.001666
-0.001550
-0.001443
-0.001346
-0.001254
-0.001174
-0.001094
-0.001030
-0.000956
-0.000909
-0.000836
-0.000811
-0.000729
-0.000734
-0.000631
-0.000678
-0.000536
-0.000647
-0.000427
0.006797
0.003482
0.007596
0.005943
0.008885
0.008511
0.010856
0.011435
0.013625
0.014997
0.017408
0.019565
0.022571
0.025652
0.029700
0.034012
0.039717
0.045797
0.054064
0.062791
0.074968
0.087752
0.105726
0.124748
0.150658
0.178888
0.213256
0.252845
0.287380
0.329448
0.331705
0.272578
0.158914
0.017119
-0.124014
-0.234430
-0.304192
-0.322281
-0.296170
-0.263490
-0.223883
-0.189351
-0.158619
-0.132457
-0.111324
-0.093147
-0.078959
-0.066613
-0.057023
-0.048623
-0.042023
-0.036234
-0.031595
-0.027533
-0.024204
-0.021295
-0.018860
-0.016733
-0.014921
-0.013335
-0.011963
-0.010759
-0.009706
-0.008776
-0.007956
-0.007228
-0.006581
-0.006004
-0.005488
-0.005025
-0.004608
-0.004233
-0.003894
-0.003588
-0.003309
-0.003057
-0.002827
-0.002617
-0.002425
-0.002250
-0.002090
-0.001943
-0.001809
-0.001684
-0.001572
-0.001465
-0.001372
-0.001278
-0.001204
-0.001118
-0.001063
-0.000978
-0.000949
-0.000853
-0.000859
-0.000738
-0.000794
-0.000627
-0.000757
-0.000500
0.007595
0.003880
0.008474
0.006610
0.009884
0.009438
0.012027
0.012628
0.015015
0.016471
0.019054
0.021333
0.024492
0.027707
0.031866
0.036287
0.041987
0.048072
0.056047
0.064496
0.075707
0.087523
0.103053
0.119475
0.139918
0.161788
0.185236
0.210370
0.227178
0.241449
0.226943
0.177209
0.100880
0.006309
-0.094175
-0.171085
-0.219524
-0.238430
-0.230837
-0.215568
-0.191693
-0.168749
-0.145962
-0.125564
-0.107913
-0.092277
-0.079477
-0.068128
-0.059003
-0.050909
-0.044385
-0.038609
-0.033893
-0.029732
-0.026275
-0.023235
-0.020664
-0.018406
-0.016467
-0.014762
-0.013279
-0.011972
-0.010824
-0.009807
-0.008906
-0.008105
-0.007390
-0.006751
-0.006179
-0.005664
-0.005200
-0.004781
-0.004402
-0.004059
-0.003747
-0.003463
-0.003204
-0.002968
-0.002753
-0.002555
-0.002374
-0.002208
-0.002056
-0.001915
-0.001788
-0.001667
-0.001562
-0.001455
-0.001371
-0.001273
-0.001212
-0.001115
-0.001082
-0.000973
-0.000979
-0.000842
-0.000906
-0.000716
-0.000864
-0.000571
0.008301
0.004228
0.009246
0.007188
0.010750
0.010230
0.013023
0.013626
0.016165
0.017667
0.020366
0.022706
0.025938
0.029197
0.033353
0.037749
0.043291
0.049184
0.056677
0.064577
0.074666
0.085198
0.098408
0.112105
0.128197
0.144750
0.161121
0.177185
0.185747
0.189514
0.174016
0.136859
0.078825
0.010166
-0.059570
-0.118369
-0.160333
-0.182499
-0.185137
-0.179344
-0.165197
-0.149734
-0.132975
-0.117099
-0.102658
-0.089424
-0.078188
-0.068005
-0.059577
-0.051989
-0.045731
-0.040132
-0.035475
-0.031334
-0.027843
-0.024754
-0.022112
-0.019779
-0.017759
-0.015974
-0.014412
-0.013028
-0.011807
-0.010721
-0.009756
-0.008894
-0.008123
-0.007432
-0.006811
-0.006251
-0.005746
-0.005288
-0.004874
-0.004498
-0.004156
-0.003844
-0.003559
-0.003299
-0.003061
-0.002843
-0.002644
-0.002460
-0.002292
-0.002135
-0.001994
-0.001860
-0.001743
-0.001625
-0.001531
-0.001422
-0.001354
-0.001246
-0.001209
-0.001088
-0.001095
-0.000942
-0.001013
-0.000802
-0.000966
-0.000640
0.008911
0.004524
0.009907
0.007674
0.011480
0.010883
0.013842
0.014428
0.017076
0.018589
0.021349
0.023695
0.026927
0.030150
0.034202
0.038460
0.043702
0.049251
0.056076
0.063237
0.071989
0.081048
0.091772
0.102687
0.114532
0.126182
0.136218
0.144754
0.146309
0.142505
0.125227
0.094674
0.052375
0.003446
-0.047225
-0.089839
-0.121404
-0.140511
-0.146859
-0.146525
-0.139198
-0.129795
-0.118245
-0.106637
-0.095366
-0.084675
-0.075181
-0.066379
-0.058848
-0.051960
-0.046131
-0.040856
-0.036380
-0.032365
-0.028927
-0.025863
-0.023212
-0.020856
-0.018798
-0.016969
-0.015357
-0.013923
-0.012651
-0.011515
-0.010500
-0.009591
-0.008776
-0.008042
-0.007381
-0.006783
-0.006243
-0.005753
-0.005308
-0.004903
-0.004534
-0.004197
-0.003889
-0.003608
-0.003350
-0.003113
-0.002896
-0.002696
-0.002513
-0.002343
-0.002189
-0.002043
-0.001915
-0.001786
-0.001683
-0.001564
-0.001489
-0.001371
-0.001331
-0.001198
-0.001206
-0.001038
-0.001116
-0.000884
-0.001065
-0.000706
0.009422
0.004768
0.010456
0.008067
0.012074
0.011401
0.014485
0.015039
0.017757
0.019250
0.022026
0.024334
0.027511
0.030638
0.034523
0.038570
0.043452
0.048582
0.054723
0.061105
0.068651
0.076337
0.085083
0.093726
0.102641
0.110904
0.117347
0.121857
0.120779
0.114987
0.099644
0.075567
0.042771
0.005709
-0.032081
-0.065671
-0.092063
-0.110026
-0.118704
-0.121618
-0.118663
-0.113164
-0.105349
-0.096830
-0.088105
-0.079480
-0.071546
-0.064003
-0.057368
-0.051197
-0.045856
-0.040965
-0.036738
-0.032912
-0.029588
-0.026603
-0.023990
-0.021654
-0.019593
-0.017753
-0.016119
-0.014659
-0.013355
-0.012186
-0.011138
-0.010195
-0.009346
-0.008579
-0.007886
-0.007259
-0.006689
-0.006172
-0.005701
-0.005272
-0.004880
-0.004521
-0.004193
-0.003893
-0.003617
-0.003364
-0.003131
-0.002917
-0.002720
-0.002537
-0.002372
-0.002214
-0.002076
-0.001937
-0.001827
-0.001698
-0.001617
-0.001489
-0.001446
-0.001302
-0.001311
-0.001129
-0.001213
-0.000961
-0.001158
-0.000769
0.009836
0.004960
0.010894
0.008371
0.012533
0.011785
0.014959
0.015467
0.018218
0.019664
0.022415
0.024644
0.027717
0.030694
0.034349
0.038117
0.042568
0.047202
0.052586
0.058120
0.064410
0.070706
0.077500
0.083997
0.090164
0.095435
0.098653
0.099831
0.096383
0.088995
0.074904
0.055119
0.029947
0.002115
-0.026350
-0.051757
-0.072403
-0.087398
-0.096035
-0.100317
-0.100003
-0.097346
-0.092429
-0.086562
-0.080094
-0.073426
-0.067014
-0.060757
-0.055072
-0.049690
-0.044913
-0.040480
-0.036573
-0.033000
-0.029848
-0.026992
-0.024463
-0.022184
-0.020156
-0.018332
-0.016703
-0.015237
-0.013921
-0.012736
-0.011668
-0.010704
-0.009832
-0.009042
-0.008326
-0.007675
-0.007083
-0.006544
-0.006052
-0.005603
-0.005191
-0.004815
-0.004470
-0.004153
-0.003862
-0.003594
-0.003348
-0.003120
-0.002912
-0.002717
-0.002542
-0.002373
-0.002227
-0.002078
-0.001960
-0.001823
-0.001737
-0.001600
-0.001554
-0.001400
-0.001409
-0.001215
-0.001305
-0.001035
-0.001246
-0.000829
0.010153
0.005101
0.011223
0.008588
0.012863
0.012045
0.015273
0.015725
0.018479
0.019858
0.022552
0.024676
0.027613
0.030411
0.033814
0.037281
0.041304
0.045448
0.050148
0.054915
0.060172
0.065324
0.070676
0.075595
0.079993
0.083385
0.084932
0.084544
0.080534
0.073327
0.061222
0.045128
0.025088
0.003186
-0.019099
-0.039614
-0.056856
-0.070156
-0.078793
-0.083893
-0.085303
-0.084478
-0.081599
-0.077599
-0.072847
-0.067682
-0.062521
-0.057340
-0.052499
-0.047832
-0.043596
-0.039615
-0.036042
-0.032741
-0.029788
-0.027089
-0.024672
-0.022477
-0.020507
-0.018724
-0.017119
-0.015666
-0.014356
-0.013169
-0.012094
-0.011120
-0.010235
-0.009431
-0.008700
-0.008033
-0.007425
-0.006869
-0.006360
-0.005895
-0.005469
-0.005077
-0.004718
-0.004387
-0.004083
-0.003803
-0.003545
-0.003306
-0.003087
-0.002883
-0.002697
-0.002520
-0.002366
-0.002209
-0.002085
-0.001939
-0.001848
-0.001703
-0.001654
-0.001491
-0.001501
-0.001295
-0.001391
-0.001104
-0.001328
-0.000885
0.010379
0.005195
0.011448
0.008724
0.013072
0.012188
0.015439
0.015827
0.018555
0.019851
0.022461
0.024455
0.027229
0.029818
0.032943
0.036080
0.039654
0.043287
0.047299
0.051302
0.055558
0.059623
0.063624
0.067112
0.069898
0.071665
0.071717
0.070033
0.065462
0.058367
0.047771
0.034430
0.018489
0.001346
-0.016064
-0.032179
-0.046055
-0.057164
-0.064965
-0.070093
-0.072370
-0.072763
-0.071360
-0.068868
-0.065547
-0.061716
-0.057695
-0.053530
-0.049510
-0.045554
-0.041875
-0.038366
-0.035156
-0.032155
-0.029430
-0.026916
-0.024637
-0.022552
-0.020662
-0.018939
-0.017377
-0.015955
-0.014664
-0.013489
-0.012420
-0.011446
-0.010558
-0.009748
-0.009008
-0.008332
-0.007713
-0.007146
-0.006626
-0.006149
-0.005710
-0.005307
-0.004936
-0.004595
-0.004280
-0.003989
-0.003721
-0.003473
-0.003245
-0.003032
-0.002839
-0.002654
-0.002493
-0.002328
-0.002198
-0.002046
-0.001951
-0.001798
-0.001747
-0.001575
-0.001587
-0.001369
-0.001470
-0.001168
-0.001404
-0.000938
0.010516
0.005244
0.011576
0.008784
0.013167
0.012224
0.015470
0.015791
0.018470
0.019672
0.022180
0.024033
0.026632
0.029007
0.031855
0.034672
0.037833
0.041002
0.044424
0.047781
0.051245
0.054466
0.057500
0.059992
0.061777
0.062586
0.061934
0.059759
0.055323
0.048864
0.039792
0.028697
0.015682
0.001773
-0.012328
-0.025608
-0.037293
-0.046976
-0.054193
-0.059275
-0.062095
-0.063255
-0.062868
-0.061420
-0.059154
-0.056321
-0.053199
-0.049851
-0.046520
-0.043177
-0.039997
-0.036920
-0.034055
-0.031348
-0.028855
-0.026533
-0.024405
-0.022441
-0.020646
-0.018998
-0.017493
-0.016114
-0.014855
-0.013703
-0.012649
-0.011685
-0.010802
-0.009994
-0.009252
-0.008573
-0.007948
-0.007375
-0.006848
-0.006363
-0.005916
-0.005505
-0.005126
-0.004775
-0.004452
-0.004153
-0.003877
-0.003621
-0.003386
-0.003166
-0.002966
-0.002774
-0.002607
-0.002436
-0.002301
-0.002143
-0.002044
-0.001884
-0.001832
-0.001652
-0.001664
-0.001437
-0.001543
-0.001228
-0.001474
-0.000986
0.010571
0.005252
0.011613
0.008775
0.013160
0.012164
0.015380
0.015631
0.018242
0.019343
0.021732
0.023435
0.025848
0.028000
0.030569
0.033064
0.035821
0.038539
0.041402
0.044152
0.046887
0.049339
0.051504
0.053121
0.054023
0.054024
0.052752
0.050184
0.045830
0.039890
0.032038
0.022727
0.012089
0.000842
-0.010530
-0.021293
-0.030922
-0.039092
-0.045459
-0.050191
-0.053167
-0.054778
-0.055086
-0.054443
-0.053024
-0.051038
-0.048698
-0.046085
-0.043391
-0.040621
-0.037921
-0.035265
-0.032746
-0.030335
-0.028081
-0.025961
-0.023995
-0.022166
-0.020477
-0.018916
-0.017479
-0.016155
-0.014938
-0.013818
-0.012788
-0.011842
-0.010972
-0.010172
-0.009435
-0.008758
-0.008133
-0.007558
-0.007028
-0.006539
-0.006087
-0.005671
-0.005285
-0.004929
-0.004600
-0.004295
-0.004013
-0.003751
-0.003509
-0.003283
-0.003078
-0.002881
-0.002708
-0.002532
-0.002393
-0.002229
-0.002127
-0.001962
-0.001908
-0.001722
-0.001735
-0.001499
-0.001609
-0.001281
-0.001537
-0.001031
0.010551
0.005223
0.011568
0.008704
0.013060
0.012019
0.015185
0.015367
0.017895
0.018892
0.021155
0.022707
0.024934
0.026872
0.029178
0.031376
0.033774
0.036098
0.038494
0.040746
0.042914
0.044785
0.046336
0.047362
0.047728
0.047281
0.045766
0.043148
0.039118
0.033815
0.027054
0.019178
0.010306
0.000962
-0.008478
-0.017502
-0.025694
-0.032795
-0.038526
-0.042952
-0.045979
-0.047846
-0.048611
-0.048514
-0.047704
-0.046343
-0.044606
-0.042571
-0.040398
-0.038108
-0.035823
-0.033539
-0.031335
-0.029199
-0.027175
-0.025252
-0.023449
-0.021757
-0.020181
-0.018713
-0.017352
-0.016090
-0.014923
-0.013843
-0.012845
-0.011923
-0.011072
-0.010285
-0.009559
-0.008889
-0.008269
-0.007696
-0.007167
-0.006677
-0.006224
-0.005804
-0.005416
-0.005056
-0.004723
-0.004413
-0.004127
-0.003861
-0.003615
-0.003384
-0.003174
-0.002973
-0.002796
-0.002616
-0.002474
-0.002306
-0.002201
-0.002031
-0.001975
-0.001784
-0.001797
-0.001554
-0.001668
-0.001330
-0.001594
-0.001071
0.010463
0.005161
0.011449
0.008578
0.012878
0.011801
0.014897
0.015012
0.017446
0.018339
0.020470
0.021870
0.023913
0.025640
0.027694
0.029610
0.031673
0.033631
0.035603
0.037406
0.039072
0.040434
0.041454
0.041978
0.041890
0.041081
0.039366
0.036727
0.032969
0.028204
0.022345
0.015651
0.008239
0.000488
-0.007326
-0.014826
-0.021713
-0.027780
-0.032816
-0.036836
-0.039759
-0.041729
-0.042783
-0.043089
-0.042753
-0.041904
-0.040675
-0.039142
-0.037429
-0.035572
-0.033669
-0.031731
-0.029825
-0.027953
-0.026153
-0.024424
-0.022785
-0.021233
-0.019774
-0.018405
-0.017125
-0.015931
-0.014819
-0.013785
-0.012825
-0.011933
-0.011106
-0.010339
-0.009628
-0.008969
-0.008357
-0.007791
-0.007265
-0.006778
-0.006326
-0.005907
-0.005518
-0.005157
-0.004821
-0.004510
-0.004221
-0.003951
-0.003703
-0.003469
-0.003256
-0.003051
-0.002872
-0.002688
-0.002543
-0.002371
-0.002264
-0.002091
-0.002034
-0.001838
-0.001852
-0.001602
-0.001719
-0.001372
-0.001644
-0.001107
0.010314
0.005069
0.011264
0.008406
0.012625
0.011522
0.014533
0.014585
0.016916
0.017708
0.019705
0.020960
0.022826
0.024358
0.026181
0.027843
0.029615
0.031260
0.032882
0.034322
0.035601
0.036582
0.037229
0.037419
0.037064
0.036077
0.034330
0.031806
0.028386
0.024152
0.019067
0.013328
0.007039
0.000481
-0.006127
-0.012508
-0.018427
-0.023715
-0.028205
-0.031878
-0.034671
-0.036665
-0.037888
-0.038455
-0.038451
-0.037974
-0.037132
-0.035989
-0.034649
-0.033148
-0.031569
-0.029931
-0.028290
-0.026656
-0.025064
-0.023518
-0.022036
-0.020620
-0.019278
-0.018008
-0.016813
-0.015690
-0.014638
-0.013655
-0.012736
-0.011879
-0.011080
-0.010337
-0.009644
-0.009000
-0.008401
-0.007844
-0.007326
-0.006844
-0.006396
-0.005979
-0.005592
-0.005231
-0.004896
-0.004584
-0.004294
-0.004023
-0.003773
-0.003537
-0.003322
-0.003115
-0.002933
-0.002748
-0.002600
-0.002426
-0.002318
-0.002141
-0.002084
-0.001884
-0.001898
-0.001644
-0.001763
-0.001409
-0.001686
-0.001139
0.010112
0.004953
0.011022
0.008193
0.012311
0.011190
0.014104
0.014098
0.016320
0.017015
0.018878
0.019996
0.021692
0.023040
0.024648
0.026078
0.027586
0.028951
0.030265
0.031390
0.032337
0.032996
0.033332
0.033252
0.032684
0.031565
0.029807
0.027401
0.024276
0.020500
0.016068
0.011131
0.005783
0.000233
-0.005352
-0.010762
-0.015821
-0.020393
-0.024350
-0.027660
-0.030268
-0.032219
-0.033530
-0.034276
-0.034521
-0.034339
-0.033813
-0.032999
-0.031979
-0.030790
-0.029499
-0.028130
-0.026732
-0.025319
-0.023921
-0.022549
-0.021219
-0.019936
-0.018708
-0.017538
-0.016428
-0.015379
-0.014389
-0.013459
-0.012585
-0.011766
-0.011000
-0.010283
-0.009613
-0.008987
-0.008403
-0.007858
-0.007350
-0.006876
-0.006434
-0.006022
-0.005639
-0.005280
-0.004947
-0.004636
-0.004346
-0.004076
-0.003825
-0.003588
-0.003373
-0.003165
-0.002982
-0.002795
-0.002646
-0.002470
-0.002361
-0.002182
-0.002124
-0.001922
-0.001937
-0.001678
-0.001800
-0.001440
-0.001722
-0.001166
0.009863
0.004815
0.010732
0.007947
0.011947
0.010816
0.013624
0.013565
0.015675
0.016279
0.018012
0.019001
0.020538
0.021719
0.023135
0.024360
0.025641
0.026770
0.027831
0.028702
0.029393
0.029813
0.029933
0.029676
0.028992
0.027830
0.026131
0.023889
0.021063
0.017705
0.013830
0.009550
0.004948
0.000184
-0.004608
-0.009268
-0.013657
-0.017663
-0.021183
-0.024179
-0.026605
-0.028483
-0.029823
-0.030674
-0.031087
-0.031116
-0.030827
-0.030267
-0.029502
-0.028568
-0.027519
-0.026381
-0.025195
-0.023978
-0.022757
-0.021544
-0.020356
-0.019199
-0.018082
-0.017009
-0.015984
-0.015008
-0.014082
-0.013207
-0.012380
-0.011602
-0.010870
-0.010182
-0.009537
-0.008932
-0.008366
-0.007836
-0.007340
-0.006876
-0.006443
-0.006038
-0.005659
-0.005306
-0.004975
-0.004667
-0.004379
-0.004110
-0.003860
-0.003624
-0.003409
-0.003200
-0.003017
-0.002830
-0.002681
-0.002504
-0.002394
-0.002214
-0.002156
-0.001951
-0.001967
-0.001706
-0.001829
-0.001466
-0.001750
-0.001188
0.009575
0.004660
0.010401
0.007674
0.011541
0.010410
0.013103
0.012998
0.014994
0.015514
0.017120
0.017989
0.019378
0.020407
0.021648
0.022690
0.023771
0.024693
0.025537
0.026194
0.026673
0.026897
0.026844
0.026453
0.025687
0.024507
0.022875
0.020788
0.018227
0.015236
0.011834
0.008113
0.004144
0.000047
-0.004069
-0.008083
-0.011885
-0.015385
-0.018501
-0.021196
-0.023430
-0.025210
-0.026540
-0.027453
-0.027983
-0.028173
-0.028073
-0.027721
-0.027170
-0.026453
-0.025614
-0.024679
-0.023681
-0.022641
-0.021582
-0.020516
-0.019460
-0.018422
-0.017411
-0.016432
-0.015490
-0.014587
-0.013725
-0.012905
-0.012127
-0.011391
-0.010695
-0.010039
-0.009420
-0.008839
-0.008292
-0.007779
-0.007298
-0.006846
-0.006423
-0.006026
-0.005655
-0.005307
-0.004982
-0.004677
-0.004393
-0.004126
-0.003879
-0.003644
-0.003430
-0.003222
-0.003040
-0.002852
-0.002704
-0.002527
-0.002417
-0.002236
-0.002179
-0.001973
-0.001989
-0.001726
-0.001850
-0.001485
-0.001771
-0.001205
0.009255
0.004490
0.010036
0.007379
0.011103
0.009978
0.012552
0.012408
0.014290
0.014732
0.016217
0.016977
0.018230
0.019122
0.020208
0.021091
0.022000
0.022750
0.023417
0.023903
0.024218
0.024299
0.024126
0.023654
0.022853
0.021696
0.020156
0.018234
0.015923
0.013257
0.010260
0.007005
0.003551
-0.000006
-0.003579
-0.007073
-0.010399
-0.013483
-0.016260
-0.018691
-0.020745
-0.022419
-0.023713
-0.024648
-0.025251
-0.025553
-0.025591
-0.025399
-0.025018
-0.024477
-0.023812
-0.023049
-0.022215
-0.021330
-0.020415
-0.019483
-0.018548
-0.017621
-0.016710
-0.015820
-0.014958
-0.014126
-0.013327
-0.012562
-0.011833
-0.011139
-0.010481
-0.009857
-0.009267
-0.008711
-0.008185
-0.007691
-0.007225
-0.006787
-0.006376
-0.005989
-0.005627
-0.005286
-0.004968
-0.004668
-0.004388
-0.004125
-0.003881
-0.003649
-0.003437
-0.003231
-0.003050
-0.002863
-0.002715
-0.002539
-0.002430
-0.002250
-0.002192
-0.001986
-0.002002
-0.001739
-0.001864
-0.001498
-0.001785
-0.001218
0.008909
0.004310
0.009645
0.007068
0.010639
0.009529
0.011980
0.011802
0.013571
0.013944
0.015313
0.015975
0.017102
0.017872
0.018819
0.019563
0.020324
0.020926
0.021443
0.021788
0.021971
0.021939
0.021677
0.021149
0.020334
0.019211
0.017765
0.015997
0.013908
0.011527
0.008881
0.006024
0.003011
-0.000086
-0.003195
-0.006241
-0.009153
-0.011871
-0.014341
-0.016530
-0.018409
-0.019970
-0.021213
-0.022148
-0.022795
-0.023176
-0.023321
-0.023256
-0.023014
-0.022620
-0.022104
-0.021488
-0.020798
-0.020050
-0.019264
-0.018452
-0.017630
-0.016805
-0.015987
-0.015182
-0.014396
-0.013632
-0.012894
-0.012184
-0.011503
-0.010853
-0.010232
-0.009642
-0.009082
-0.008551
-0.008048
-0.007573
-0.007125
-0.006702
-0.006304
-0.005929
-0.005576
-0.005244
-0.004933
-0.004640
-0.004366
-0.004107
-0.003867
-0.003638
-0.003429
-0.003226
-0.003047
-0.002863
-0.002716
-0.002541
-0.002433
-0.002254
-0.002197
-0.001992
-0.002008
-0.001746
-0.001871
-0.001505
-0.001791
-0.001226
0.008542
0.004121
0.009235
0.006746
0.010158
0.009069
0.011395
0.011189
0.012848
0.013158
0.014419
0.014992
0.016004
0.016667
0.017491
0.018116
0.018750
0.019229
0.019625
0.019858
0.019941
0.019827
0.019507
0.018951
0.018144
0.017072
0.015726
0.014107
0.012222
0.010094
0.007748
0.005230
0.002584
-0.000130
-0.002855
-0.005529
-0.008096
-0.010505
-0.012712
-0.014686
-0.016403
-0.017854
-0.019034
-0.019951
-0.020617
-0.021050
-0.021270
-0.021301
-0.021168
-0.020892
-0.020499
-0.020008
-0.019440
-0.018811
-0.018139
-0.017436
-0.016714
-0.015983
-0.015251
-0.014525
-0.013811
-0.013113
-0.012434
-0.011777
-0.011144
-0.010536
-0.009953
-0.009397
-0.008867
-0.008362
-0.007883
-0.007429
-0.006999
-0.006593
-0.006209
-0.005846
-0.005505
-0.005183
-0.004880
-0.004594
-0.004326
-0.004074
-0.003838
-0.003614
-0.003409
-0.003209
-0.003033
-0.002851
-0.002706
-0.002533
-0.002426
-0.002249
-0.002193
-0.001989
-0.002006
-0.001745
-0.001869
-0.001506
-0.001791
-0.001229
0.008160
0.003927
0.008810
0.006417
0.009665
0.008602
0.010803
0.010575
0.012127
0.012381
0.013540
0.014034
0.014942
0.015509
0.016226
0.016747
0.017273
0.017649
0.017945
0.018088
0.018092
0.017917
0.017557
0.016989
0.016202
0.015186
0.013935
0.012454
0.010751
0.008846
0.006762
0.004536
0.002207
-0.000179
-0.002573
-0.004926
-0.007193
-0.009330
-0.011303
-0.013083
-0.014649
-0.015991
-0.017104
-0.017992
-0.018661
-0.019125
-0.019401
-0.019506
-0.019459
-0.019281
-0.018990
-0.018604
-0.018142
-0.017617
-0.017045
-0.016438
-0.015808
-0.015162
-0.014510
-0.013858
-0.013211
-0.012575
-0.011953
-0.011347
-0.010760
-0.010193
-0.009648
-0.009126
-0.008626
-0.008148
-0.007694
-0.007261
-0.006850
-0.006461
-0.006092
-0.005743
-0.005413
-0.005102
-0.004808
-0.004531
-0.004271
-0.004024
-0.003795
-0.003576
-0.003375
-0.003179
-0.003006
-0.002827
-0.002686
-0.002515
-0.002410
-0.002235
-0.002180
-0.001979
-0.001996
-0.001738
-0.001861
-0.001501
-0.001783
-0.001227
0.007768
0.003729
0.008375
0.006084
0.009166
0.008134
0.010210
0.009966
0.011414
0.011620
0.012682
0.013107
0.013920
0.014405
0.015027
0.015459
0.015894
0.016185
0.016401
0.016473
0.016418
0.016201
0.015819
0.015253
0.014496
0.013540
0.012385
0.011033
0.009494
0.007786
0.005930
0.003956
0.001896
-0.000211
-0.002325
-0.004407
-0.006416
-0.008320
-0.010088
-0.011695
-0.013123
-0.014362
-0.015405
-0.016255
-0.016915
-0.017394
-0.017707
-0.017865
-0.017886
-0.017784
-0.017577
-0.017280
-0.016907
-0.016472
-0.015988
-0.015466
-0.014917
-0.014349
-0.013769
-0.013185
-0.012602
-0.012024
-0.011455
-0.010898
-0.010356
-0.009830
-0.009322
-0.008832
-0.008362
-0.007912
-0.007482
-0.007071
-0.006680
-0.006308
-0.005955
-0.005621
-0.005304
-0.005003
-0.004720
-0.004452
-0.004200
-0.003961
-0.003737
-0.003524
-0.003328
-0.003137
-0.002969
-0.002794
-0.002655
-0.002488
-0.002385
-0.002213
-0.002159
-0.001961
-0.001978
-0.001724
-0.001845
-0.001491
-0.001769
-0.001220
0.007370
0.003530
0.007936
0.005750
0.008665
0.007669
0.009621
0.009366
0.010713
0.010877
0.011850
0.012213
0.012942
0.013354
0.013893
0.014250
0.014607
0.014828
0.014977
0.014994
0.014895
0.014650
0.014257
0.013702
0.012980
0.012085
0.011020
0.009787
0.008396
0.006863
0.005206
0.003451
0.001624
-0.000241
-0.002112
-0.003957
-0.005743
-0.007442
-0.009027
-0.010478
-0.011779
-0.012920
-0.013894
-0.014700
-0.015342
-0.015827
-0.016162
-0.016360
-0.016432
-0.016392
-0.016254
-0.016030
-0.015733
-0.015375
-0.014968
-0.014522
-0.014046
-0.013547
-0.013034
-0.012512
-0.011987
-0.011463
-0.010945
-0.010435
-0.009935
-0.009448
-0.008976
-0.008519
-0.008079
-0.007656
-0.007250
-0.006862
-0.006491
-0.006137
-0.005800
-0.005480
-0.005176
-0.004888
-0.004616
-0.004357
-0.004114
-0.003883
-0.003667
-0.003460
-0.003270
-0.003084
-0.002920
-0.002749
-0.002614
-0.002451
-0.002351
-0.002182
-0.002130
-0.001936
-0.001952
-0.001703
-0.001822
-0.001474
-0.001748
-0.001208
0.006969
0.003331
0.007495
0.005418
0.008167
0.007209
0.009041
0.008778
0.010030
0.010157
0.011048
0.011356
0.012008
0.012357
0.012825
0.013117
0.013409
0.013572
0.013670
0.013644
0.013514
0.013251
0.012857
0.012320
0.011637
0.010804
0.009824
0.008701
0.007444
0.006066
0.004584
0.003019
0.001395
-0.000262
-0.001924
-0.003565
-0.005157
-0.006676
-0.008100
-0.009412
-0.010597
-0.011645
-0.012550
-0.013312
-0.013930
-0.014409
-0.014757
-0.014981
-0.015092
-0.015101
-0.015018
-0.014854
-0.014622
-0.014330
-0.013990
-0.013609
-0.013197
-0.012761
-0.012308
-0.011843
-0.011372
-0.010899
-0.010428
-0.009961
-0.009502
-0.009053
-0.008616
-0.008191
-0.007780
-0.007383
-0.007001
-0.006635
-0.006284
-0.005949
-0.005629
-0.005324
-0.005034
-0.004759
-0.004497
-0.004249
-0.004015
-0.003792
-0.003584
-0.003384
-0.003200
-0.003020
-0.002861
-0.002696
-0.002565
-0.002406
-0.002308
-0.002144
-0.002093
-0.001903
-0.001920
-0.001676
-0.001793
-0.001452
-0.001720
-0.001192
0.006568
0.003134
0.007056
0.005089
0.007673
0.006758
0.008470
0.008205
0.009365
0.009461
0.010275
0.010536
0.011119
0.011414
0.011819
0.012057
0.012294
0.012410
0.012466
0.012408
0.012256
0.011984
0.011596
0.011081
0.010439
0.009666
0.008766
0.007744
0.006607
0.005367
0.004040
0.002643
0.001196
-0.000279
-0.001758
-0.003220
-0.004641
-0.006002
-0.007282
-0.008468
-0.009546
-0.010508
-0.011348
-0.012062
-0.012652
-0.013121
-0.013472
-0.013714
-0.013853
-0.013899
-0.013860
-0.013747
-0.013568
-0.013333
-0.013050
-0.012727
-0.012372
-0.011992
-0.011593
-0.011180
-0.010758
-0.010332
-0.009904
-0.009479
-0.009059
-0.008646
-0.008242
-0.007847
-0.007465
-0.007094
-0.006737
-0.006392
-0.006062
-0.005745
-0.005442
-0.005153
-0.004877
-0.004614
-0.004364
-0.004127
-0.003903
-0.003689
-0.003489
-0.003296
-0.003119
-0.002946
-0.002792
-0.002632
-0.002505
-0.002351
-0.002257
-0.002097
-0.002048
-0.001864
-0.001880
-0.001642
-0.001757
-0.001424
-0.001685
-0.001171
0.006170
0.002939
0.006622
0.004767
0.007188
0.006317
0.007914
0.007649
0.008722
0.008793
0.009534
0.009755
0.010276
0.010524
0.010874
0.011067
0.011259
0.011337
0.011360
0.011279
0.011112
0.010839
0.010462
0.009972
0.009371
0.008656
0.007831
0.006901
0.005873
0.004757
0.003567
0.002317
0.001025
-0.000290
-0.001610
-0.002915
-0.004187
-0.005407
-0.006560
-0.007632
-0.008613
-0.009494
-0.010270
-0.010938
-0.011498
-0.011950
-0.012299
-0.012550
-0.012709
-0.012783
-0.012780
-0.012707
-0.012573
-0.012385
-0.012152
-0.011879
-0.011575
-0.011244
-0.010894
-0.010528
-0.010151
-0.009768
-0.009381
-0.008995
-0.008611
-0.008232
-0.007859
-0.007495
-0.007139
-0.006794
-0.006460
-0.006138
-0.005827
-0.005529
-0.005243
-0.004969
-0.004707
-0.004458
-0.004220
-0.003994
-0.003780
-0.003575
-0.003384
-0.003199
-0.003029
-0.002862
-0.002715
-0.002560
-0.002438
-0.002289
-0.002198
-0.002044
-0.001996
-0.001818
-0.001834
-0.001603
-0.001714
-0.001392
-0.001645
-0.001146
0.005777
0.002747
0.006194
0.004451
0.006712
0.005886
0.007372
0.007110
0.008101
0.008149
0.008825
0.009010
0.009475
0.009683
0.009986
0.010140
0.010294
0.010342
0.010339
0.010242
0.010067
0.009797
0.009434
0.008972
0.008412
0.007753
0.006999
0.006154
0.005224
0.004220
0.003151
0.002033
0.000878
-0.000297
-0.001476
-0.002643
-0.003781
-0.004876
-0.005914
-0.006884
-0.007776
-0.008582
-0.009298
-0.009919
-0.010446
-0.010879
-0.011221
-0.011475
-0.011647
-0.011741
-0.011765
-0.011726
-0.011628
-0.011481
-0.011290
-0.011061
-0.010800
-0.010514
-0.010206
-0.009883
-0.009547
-0.009204
-0.008855
-0.008505
-0.008155
-0.007808
-0.007466
-0.007130
-0.006801
-0.006481
-0.006170
-0.005869
-0.005578
-0.005298
-0.005029
-0.004771
-0.004524
-0.004288
-0.004062
-0.003848
-0.003644
-0.003449
-0.003266
-0.003090
-0.002928
-0.002768
-0.002627
-0.002478
-0.002361
-0.002218
-0.002131
-0.001982
-0.001937
-0.001764
-0.001780
-0.001558
-0.001665
-0.001354
-0.001598
-0.001116
0.005391
0.002560
0.005776
0.004144
0.006249
0.005471
0.006848
0.006593
0.007505
0.007535
0.008150
0.008305
0.008720
0.008894
0.009155
0.009278
0.009400
0.009424
0.009402
0.009294
0.009116
0.008852
0.008507
0.008073
0.007554
0.006948
0.006259
0.005491
0.004651
0.003746
0.002786
0.001784
0.000750
-0.000301
-0.001355
-0.002399
-0.003420
-0.004403
-0.005339
-0.006216
-0.007026
-0.007763
-0.008421
-0.008998
-0.009492
-0.009904
-0.010234
-0.010487
-0.010666
-0.010775
-0.010820
-0.010806
-0.010740
-0.010626
-0.010470
-0.010279
-0.010057
-0.009810
-0.009541
-0.009256
-0.008958
-0.008650
-0.008337
-0.008020
-0.007702
-0.007385
-0.007071
-0.006762
-0.006459
-0.006162
-0.005873
-0.005593
-0.005322
-0.005060
-0.004807
-0.004565
-0.004332
-0.004110
-0.003897
-0.003694
-0.003501
-0.003316
-0.003142
-0.002975
-0.002820
-0.002667
-0.002532
-0.002391
-0.002279
-0.002142
-0.002058
-0.001915
-0.001872
-0.001706
-0.001722
-0.001508
-0.001611
-0.001312
-0.001547
-0.001083
0.005012
0.002377
0.005365
0.003843
0.005796
0.005065
0.006338
0.006091
0.006928
0.006944
0.007502
0.007631
0.008001
0.008145
0.008371
0.008467
0.008563
0.008569
0.008533
0.008418
0.008241
0.007987
0.007661
0.007256
0.006776
0.006221
0.005593
0.004897
0.004138
0.003324
0.002463
0.001565
0.000640
-0.000300
-0.001243
-0.002178
-0.003092
-0.003975
-0.004817
-0.005610
-0.006345
-0.007016
-0.007620
-0.008153
-0.008613
-0.009001
-0.009318
-0.009566
-0.009747
-0.009865
-0.009926
-0.009932
-0.009890
-0.009804
-0.009679
-0.009520
-0.009332
-0.009118
-0.008884
-0.008633
-0.008369
-0.008095
-0.007814
-0.007528
-0.007240
-0.006952
-0.006665
-0.006382
-0.006103
-0.005829
-0.005562
-0.005303
-0.005050
-0.004806
-0.004571
-0.004344
-0.004126
-0.003917
-0.003717
-0.003526
-0.003344
-0.003169
-0.003005
-0.002846
-0.002700
-0.002555
-0.002427
-0.002292
-0.002186
-0.002055
-0.001976
-0.001840
-0.001798
-0.001640
-0.001655
-0.001450
-0.001549
-0.001262
-0.001488
-0.001044
0.004644
0.002201
0.004968
0.003554
0.005360
0.004678
0.005851
0.005615
0.006381
0.006386
0.006891
0.006999
0.007327
0.007448
0.007642
0.007717
0.007791
0.007783
0.007736
0.007619
0.007446
0.007203
0.006897
0.006521
0.006079
0.005571
0.005000
0.004369
0.003684
0.002951
0.002178
0.001372
0.000544
-0.000297
-0.001141
-0.001979
-0.002799
-0.003592
-0.004350
-0.005066
-0.005732
-0.006344
-0.006897
-0.007388
-0.007816
-0.008180
-0.008481
-0.008721
-0.008901
-0.009025
-0.009096
-0.009119
-0.009096
-0.009033
-0.008934
-0.008803
-0.008644
-0.008460
-0.008257
-0.008037
-0.007803
-0.007559
-0.007307
-0.007050
-0.006789
-0.006528
-0.006267
-0.006007
-0.005752
-0.005500
-0.005254
-0.005013
-0.004780
-0.004553
-0.004334
-0.004122
-0.003919
-0.003723
-0.003536
-0.003356
-0.003185
-0.003021
-0.002866
-0.002716
-0.002577
-0.002440
-0.002319
-0.002192
-0.002091
-0.001967
-0.001892
-0.001762
-0.001723
-0.001572
-0.001586
-0.001391
-0.001486
-0.001212
-0.001427
-0.001004
0.004282
0.002026
0.004578
0.003270
0.004932
0.004298
0.005374
0.005149
0.005848
0.005844
0.006300
0.006388
0.006680
0.006780
0.006947
0.007004
0.007061
0.007042
0.006989
0.006872
0.006705
0.006476
0.006190
0.005844
0.005439
0.004976
0.004459
0.003889
0.003273
0.002615
0.001922
0.001202
0.000462
-0.000290
-0.001044
-0.001792
-0.002526
-0.003237
-0.003918
-0.004563
-0.005165
-0.005719
-0.006223
-0.006673
-0.007068
-0.007407
-0.007690
-0.007919
-0.008095
-0.008221
-0.008299
-0.008333
-0.008325
-0.008281
-0.008203
-0.008096
-0.007961
-0.007805
-0.007628
-0.007436
-0.007230
-0.007013
-0.006789
-0.006558
-0.006324
-0.006087
-0.005851
-0.005615
-0.005382
-0.005151
-0.004926
-0.004705
-0.004489
-0.004280
-0.004077
-0.003881
-0.003692
-0.003510
-0.003336
-0.003168
-0.003008
-0.002855
-0.002710
-0.002570
-0.002440
-0.002311
-0.002197
-0.002077
-0.001982
-0.001866
-0.001795
-0.001672
-0.001636
-0.001493
-0.001507
-0.001322
-0.001412
-0.001153
-0.001357
-0.000956
0.003936
0.001862
0.004206
0.003003
0.004527
0.003941
0.004926
0.004714
0.005350
0.005339
0.005751
0.005824
0.006083
0.006165
0.006309
0.006352
0.006394
0.006368
0.006311
0.006196
0.006036
0.005822
0.005557
0.005238
0.004868
0.004447
0.003978
0.003464
0.002909
0.002318
0.001697
0.001052
0.000390
-0.000282
-0.000957
-0.001626
-0.002283
-0.002921
-0.003533
-0.004114
-0.004657
-0.005160
-0.005619
-0.006031
-0.006395
-0.006709
-0.006975
-0.007192
-0.007362
-0.007488
-0.007570
-0.007612
-0.007617
-0.007588
-0.007528
-0.007441
-0.007328
-0.007194
-0.007042
-0.006874
-0.006693
-0.006501
-0.006301
-0.006094
-0.005884
-0.005670
-0.005456
-0.005242
-0.005029
-0.004819
-0.004612
-0.004409
-0.004211
-0.004018
-0.003831
-0.003650
-0.003474
-0.003305
-0.003143
-0.002987
-0.002838
-0.002695
-0.002560
-0.002428
-0.002307
-0.002186
-0.002080
-0.001967
-0.001878
-0.001768
-0.001701
-0.001586
-0.001551
-0.001417
-0.001430
-0.001256
-0.001340
-0.001096
-0.001289
-0.000910
0.003592
0.001696
0.003835
0.002733
0.004123
0.003584
0.004479
0.004280
0.004855
0.004839
0.005207
0.005267
0.005496
0.005562
0.005686
0.005717
0.005748
0.005717
0.005658
0.005548
0.005398
0.005199
0.004956
0.004665
0.004330
0.003950
0.003529
0.003068
0.002572
0.002045
0.001491
0.000917
0.000328
-0.000269
-0.000869
-0.001464
-0.002049
-0.002617
-0.003164
-0.003683
-0.004171
-0.004623
-0.005038
-0.005411
-0.005743
-0.006031
-0.006277
-0.006480
-0.006642
-0.006763
-0.006846
-0.006893
-0.006907
-0.006890
-0.006844
-0.006773
-0.006680
-0.006566
-0.006435
-0.006289
-0.006130
-0.005962
-0.005785
-0.005601
-0.005413
-0.005222
-0.005030
-0.004837
-0.004645
-0.004455
-0.004267
-0.004082
-0.003902
-0.003726
-0.003555
-0.003389
-0.003228
-0.003073
-0.002924
-0.002780
-0.002643
-0.002511
-0.002385
-0.002264
-0.002152
-0.002040
-0.001941
-0.001837
-0.001754
-0.001652
-0.001590
-0.001483
-0.001451
-0.001325
-0.001338
-0.001175
-0.001254
-0.001026
-0.001206
-0.000852
0.003270
0.001545
0.003490
0.002488
0.003751
0.003259
0.004070
0.003887
0.004406
0.004387
0.004718
0.004767
0.004969
0.005024
0.005130
0.005152
0.005174
0.005139
0.005081
0.004975
0.004835
0.004651
0.004428
0.004163
0.003859
0.003516
0.003136
0.002723
0.002278
0.001807
0.001312
0.000800
0.000275
-0.000258
-0.000792
-0.001323
-0.001845
-0.002353
-0.002843
-0.003308
-0.003747
-0.004155
-0.004530
-0.004869
-0.005172
-0.005437
-0.005664
-0.005854
-0.006007
-0.006124
-0.006207
-0.006258
-0.006278
-0.006271
-0.006237
-0.006180
-0.006103
-0.006006
-0.005894
-0.005767
-0.005628
-0.005479
-0.005323
-0.005160
-0.004992
-0.004821
-0.004648
-0.004474
-0.004300
-0.004128
-0.003957
-0.003789
-0.003624
-0.003463
-0.003307
-0.003154
-0.003007
-0.002864
-0.002727
-0.002594
-0.002468
-0.002345
-0.002230
-0.002117
-0.002013
-0.001909
-0.001818
-0.001721
-0.001644
-0.001549
-0.001491
-0.001391
-0.001361
-0.001245
-0.001256
-0.001105
-0.001178
-0.000966
-0.001133
-0.000804
0.002939
0.001386
0.003135
0.002230
0.003364
0.002918
0.003645
0.003476
0.003939
0.003917
0.004210
0.004249
0.004426
0.004470
0.004560
0.004574
0.004589
0.004554
0.004497
0.004399
0.004271
0.004104
0.003903
0.003666
0.003394
0.003089
0.002752
0.002386
0.001994
0.001578
0.001142
0.000691
0.000229
-0.000239
-0.000709
-0.001176
-0.001636
-0.002084
-0.002515
-0.002927
-0.003315
-0.003677
-0.004011
-0.004314
-0.004586
-0.004824
-0.005030
-0.005203
-0.005344
-0.005454
-0.005533
-0.005584
-0.005608
-0.005607
-0.005583
-0.005538
-0.005474
-0.005393
-0.005297
-0.005188
-0.005068
-0.004939
-0.004802
-0.004659
-0.004511
-0.004360
-0.004207
-0.004052
-0.003898
-0.003744
-0.003592
-0.003442
-0.003294
-0.003150
-0.003009
-0.002872
-0.002739
-0.002610
-0.002486
-0.002366
-0.002251
-0.002141
-0.002036
-0.001934
-0.001839
-0.001745
-0.001662
-0.001573
-0.001503
-0.001417
-0.001365
-0.001273
-0.001246
-0.001139
-0.001150
-0.001011
-0.001079
-0.000884
-0.001038
-0.000736
0.002645
0.001249
0.002821
0.002010
0.003028
0.002628
0.003279
0.003127
0.003540
0.003519
0.003779
0.003811
0.003967
0.004003
0.004080
0.004089
0.004099
0.004063
0.004009
0.003917
0.003799
0.003647
0.003465
0.003251
0.003007
0.002733
0.002432
0.002106
0.001756
0.001386
0.001000
0.000600
0.000190
-0.000225
-0.000642
-0.001057
-0.001465
-0.001863
-0.002247
-0.002614
-0.002961
-0.003285
-0.003584
-0.003857
-0.004103
-0.004320
-0.004508
-0.004667
-0.004798
-0.004902
-0.004978
-0.005029
-0.005056
-0.005061
-0.005045
-0.005009
-0.004957
-0.004889
-0.004807
-0.004713
-0.004609
-0.004496
-0.004375
-0.004249
-0.004118
-0.003984
-0.003847
-0.003709
-0.003571
-0.003432
-0.003295
-0.003160
-0.003026
-0.002896
-0.002768
-0.002643
-0.002523
-0.002405
-0.002292
-0.002183
-0.002078
-0.001977
-0.001881
-0.001788
-0.001701
-0.001615
-0.001538
-0.001457
-0.001393
-0.001313
-0.001265
-0.001181
-0.001156
-0.001058
-0.001068
-0.000940
-0.001002
-0.000823
-0.000964
-0.000687
0.002321
0.001093
0.002474
0.001757
0.002651
0.002295
0.002866
0.002728
0.003089
0.003066
0.003292
0.003316
0.003449
0.003478
0.003542
0.003547
0.003553
0.003519
0.003469
0.003387
0.003282
0.003148
0.002988
0.002801
0.002589
0.002351
0.002091
0.001808
0.001506
0.001187
0.000854
0.000509
0.000156
-0.000202
-0.000561
-0.000918
-0.001269
-0.001612
-0.001944
-0.002261
-0.002561
-0.002842
-0.003102
-0.003340
-0.003554
-0.003744
-0.003909
-0.004050
-0.004167
-0.004259
-0.004329
-0.004377
-0.004404
-0.004411
-0.004400
-0.004373
-0.004330
-0.004274
-0.004205
-0.004126
-0.004037
-0.003941
-0.003838
-0.003730
-0.003617
-0.003501
-0.003383
-0.003263
-0.003143
-0.003023
-0.002904
-0.002786
-0.002669
-0.002555
-0.002443
-0.002334
-0.002229
-0.002126
-0.002026
-0.001931
-0.001838
-0.001749
-0.001665
-0.001583
-0.001506
-0.001430
-0.001362
-0.001290
-0.001234
-0.001163
-0.001121
-0.001046
-0.001025
-0.000937
-0.000946
-0.000833
-0.000888
-0.000729
-0.000855
-0.000607
0.002058
0.000972
0.002195
0.001564
0.002353
0.002042
0.002545
0.002425
0.002743
0.002724
0.002921
0.002942
0.003058
0.003081
0.003136
0.003138
0.003141
0.003109
0.003062
0.002988
0.002893
0.002772
0.002629
0.002463
0.002274
0.002063
0.001832
0.001583
0.001316
0.001035
0.000741
0.000438
0.000127
-0.000187
-0.000503
-0.000817
-0.001127
-0.001430
-0.001722
-0.002002
-0.002268
-0.002517
-0.002749
-0.002961
-0.003152
-0.003323
-0.003472
-0.003600
-0.003706
-0.003792
-0.003858
-0.003904
-0.003931
-0.003941
-0.003935
-0.003914
-0.003880
-0.003833
-0.003775
-0.003707
-0.003631
-0.003547
-0.003458
-0.003363
-0.003264
-0.003162
-0.003058
-0.002952
-0.002845
-0.002739
-0.002632
-0.002527
-0.002423
-0.002321
-0.002220
-0.002123
-0.002028
-0.001935
-0.001846
-0.001759
-0.001676
-0.001596
-0.001519
-0.001445
-0.001376
-0.001307
-0.001245
-0.001180
-0.001129
-0.001065
-0.001026
-0.000959
-0.000939
-0.000860
-0.000868
-0.000765
-0.000815
-0.000671
-0.000784
-0.000561
0.001732
0.000813
0.001844
0.001307
0.001973
0.001705
0.002129
0.002023
0.002290
0.002270
0.002435
0.002449
0.002545
0.002562
0.002607
0.002607
0.002608
0.002579
0.002539
0.002476
0.002396
0.002294
0.002175
0.002036
0.001879
0.001704
0.001512
0.001305
0.001085
0.000852
0.000609
0.000358
0.000102
-0.000158
-0.000419
-0.000679
-0.000934
-0.001184
-0.001426
-0.001658
-0.001878
-0.002085
-0.002277
-0.002453
-0.002613
-0.002755
-0.002880
-0.002987
-0.003077
-0.003149
-0.003205
-0.003245
-0.003269
-0.003279
-0.003276
-0.003260
-0.003233
-0.003195
-0.003148
-0.003093
-0.003031
-0.002963
-0.002889
-0.002811
-0.002729
-0.002645
-0.002558
-0.002471
-0.002382
-0.002294
-0.002205
-0.002118
-0.002031
-0.001946
-0.001862
-0.001781
-0.001701
-0.001624
-0.001549
-0.001477
-0.001407
-0.001340
-0.001276
-0.001213
-0.001155
-0.001097
-0.001046
-0.000991
-0.000948
-0.000894
-0.000862
-0.000805
-0.000788
-0.000721
-0.000729
-0.000641
-0.000684
-0.000562
-0.000659
-0.000468
0.001507
0.000713
0.001607
0.001146
0.001722
0.001495
0.001862
0.001773
0.002004
0.001988
0.002130
0.002144
0.002226
0.002241
0.002278
0.002277
0.002276
0.002250
0.002214
0.002157
0.002086
0.001997
0.001891
0.001769
0.001631
0.001478
0.001311
0.001130
0.000938
0.000735
0.000523
0.000305
0.000082
-0.000145
-0.000372
-0.000598
-0.000821
-0.001039
-0.001250
-0.001453
-0.001645
-0.001827
-0.001995
-0.002150
-0.002291
-0.002417
-0.002529
-0.002624
-0.002705
-0.002771
-0.002822
-0.002859
-0.002883
-0.002894
-0.002894
-0.002882
-0.002861
-0.002830
-0.002790
-0.002744
-0.002691
-0.002632
-0.002568
-0.002501
-0.002430
-0.002357
-0.002281
-0.002205
-0.002127
-0.002049
-0.001972
-0.001894
-0.001818
-0.001743
-0.001669
-0.001597
-0.001526
-0.001458
-0.001391
-0.001327
-0.001265
-0.001205
-0.001148
-0.001092
-0.001041
-0.000989
-0.000943
-0.000894
-0.000855
-0.000808
-0.000778
-0.000728
-0.000713
-0.000653
-0.000659
-0.000582
-0.000619
-0.000511
-0.000596
-0.000428
0.001161
0.000544
0.001235
0.000873
0.001320
0.001139
0.001423
0.001350
0.001528
0.001513
0.001622
0.001630
0.001692
0.001702
0.001730
0.001728
0.001727
0.001707
0.001678
0.001635
0.001580
0.001512
0.001432
0.001339
0.001234
0.001118
0.000991
0.000854
0.000709
0.000555
0.000395
0.000230
0.000061
-0.000110
-0.000282
-0.000452
-0.000621
-0.000786
-0.000945
-0.001099
-0.001244
-0.001382
-0.001509
-0.001627
-0.001734
-0.001829
-0.001914
-0.001986
-0.002048
-0.002098
-0.002137
-0.002166
-0.002184
-0.002193
-0.002193
-0.002185
-0.002169
-0.002146
-0.002116
-0.002081
-0.002041
-0.001997
-0.001949
-0.001898
-0.001845
-0.001789
-0.001732
-0.001674
-0.001615
-0.001556
-0.001497
-0.001439
-0.001381
-0.001324
-0.001268
-0.001213
-0.001159
-0.001107
-0.001057
-0.001008
-0.000961
-0.000915
-0.000872
-0.000830
-0.000790
-0.000751
-0.000716
-0.000679
-0.000649
-0.000613
-0.000591
-0.000552
-0.000541
-0.000495
-0.000500
-0.000440
-0.000470
-0.000386
-0.000452
-0.000322
0.000987
0.000468
0.001052
0.000752
0.001128
0.000981
0.001219
0.001162
0.001311
0.001301
0.001393
0.001401
0.001453
0.001462
0.001485
0.001484
0.001482
0.001464
0.001439
0.001401
0.001353
0.001294
0.001225
0.001145
0.001055
0.000954
0.000845
0.000728
0.000603
0.000471
0.000334
0.000193
0.000048
-0.000099
-0.000246
-0.000392
-0.000537
-0.000678
-0.000816
-0.000947
-0.001073
-0.001191
-0.001302
-0.001403
-0.001496
-0.001580
-0.001653
-0.001717
-0.001771
-0.001816
-0.001851
-0.001877
-0.001895
-0.001904
-0.001905
-0.001899
-0.001887
-0.001868
-0.001844
-0.001815
-0.001781
-0.001744
-0.001704
-0.001660
-0.001615
-0.001567
-0.001518
-0.001468
-0.001418
-0.001367
-0.001316
-0.001265
-0.001215
-0.001165
-0.001117
-0.001069
-0.001022
-0.000977
-0.000933
-0.000890
-0.000849
-0.000809
-0.000771
-0.000734
-0.000700
-0.000665
-0.000634
-0.000602
-0.000576
-0.000544
-0.000524
-0.000491
-0.000480
-0.000441
-0.000444
-0.000393
-0.000418
-0.000346
-0.000402
-0.000290
0.000597
0.000280
0.000636
0.000450
0.000680
0.000586
0.000733
0.000695
0.000786
0.000778
0.000834
0.000838
0.000870
0.000874
0.000888
0.000887
0.000886
0.000875
0.000860
0.000837
0.000809
0.000774
0.000732
0.000684
0.000630
0.000571
0.000505
0.000435
0.000360
0.000282
0.000200
0.000116
0.000029
-0.000058
-0.000146
-0.000234
-0.000320
-0.000404
-0.000486
-0.000565
-0.000640
-0.000710
-0.000776
-0.000837
-0.000892
-0.000941
-0.000985
-0.001023
-0.001056
-0.001082
-0.001103
-0.001118
-0.001129
-0.001134
-0.001135
-0.001131
-0.001123
-0.001112
-0.001097
-0.001080
-0.001060
-0.001038
-0.001013
-0.000987
-0.000960
-0.000932
-0.000902
-0.000873
-0.000842
-0.000812
-0.000782
-0.000752
-0.000722
-0.000692
-0.000663
-0.000635
-0.000607
-0.000580
-0.000554
-0.000528
-0.000504
-0.000480
-0.000457
-0.000435
-0.000415
-0.000394
-0.000376
-0.000357
-0.000341
-0.000322
-0.000311
-0.000290
-0.000284
-0.000260
-0.000263
-0.000232
-0.000247
-0.000203
-0.000238
-0.000170
0.000496
0.000234
0.000527
0.000376
0.000565
0.000491
0.000610
0.000581
0.000655
0.000650
0.000695
0.000699
0.000725
0.000729
0.000740
0.000738
0.000737
0.000728
0.000715
0.000696
0.000672
0.000642
0.000607
0.000567
0.000522
0.000472
0.000418
0.000359
0.000297
0.000232
0.000164
0.000094
0.000022
-0.000051
-0.000124
-0.000196
-0.000268
-0.000338
-0.000406
-0.000472
-0.000534
-0.000593
-0.000648
-0.000699
-0.000746
-0.000787
-0.000825
-0.000857
-0.000884
-0.000907
-0.000925
-0.000939
-0.000948
-0.000953
-0.000955
-0.000952
-0.000947
-0.000938
-0.000926
-0.000912
-0.000896
-0.000878
-0.000858
-0.000837
-0.000814
-0.000791
-0.000766
-0.000742
-0.000716
-0.000691
-0.000666
-0.000640
-0.000615
-0.000590
-0.000566
-0.000542
-0.000518
-0.000496
-0.000473
-0.000452
-0.000431
-0.000411
-0.000392
-0.000373
-0.000356
-0.000338
-0.000323
-0.000306
-0.000293
-0.000277
-0.000267
-0.000250
-0.000245
-0.000225
-0.000226
-0.000200
-0.000213
-0.000176
-0.000205
-0.000148
0.000027
0.000018
0.000032
0.000029
0.000038
0.000038
0.000044
0.000045
0.000049
0.000051
0.000054
0.000056
0.000058
0.000059
0.000060
0.000060
0.000060
0.000060
0.000059
0.000058
0.000056
0.000053
0.000051
0.000047
0.000044
0.000040
0.000035
0.000030
0.000025
0.000019
0.000014
0.000008
0.000001
-0.000005
-0.000011
-0.000017
-0.000024
-0.000030
-0.000036
-0.000041
-0.000047
-0.000052
-0.000057
-0.000061
-0.000066
-0.000069
-0.000073
-0.000075
-0.000078
-0.000080
-0.000082
-0.000083
-0.000084
-0.000084
-0.000084
-0.000084
-0.000084
-0.000083
-0.000082
-0.000081
-0.000079
-0.000078
-0.000076
-0.000074
-0.000072
-0.000070
-0.000068
-0.000066
-0.000064
-0.000062
-0.000059
-0.000057
-0.000055
-0.000053
-0.000051
-0.000049
-0.000046
-0.000044
-0.000043
-0.000041
-0.000039
-0.000037
-0.000036
-0.000034
-0.000032
-0.000031
-0.000030
-0.000028
-0.000027
-0.000026
-0.000025
-0.000024
-0.000023
-0.000022
-0.000021
-0.000020
-0.000020
-0.000018
-0.000019
-0.000017
