# p - 800 ites
-0.064835
-0.008639
-0.056687
-0.015262
-0.050913
-0.020428
-0.046957
-0.024586
-0.044410
-0.028066
-0.042963
-0.031103
-0.042382
-0.033861
-0.042485
-0.036453
-0.043128
-0.038953
-0.044197
-0.041406
-0.045596
-0.043832
-0.047242
-0.046240
-0.049067
-0.048622
-0.051008
-0.050965
-0.053011
-0.053251
-0.055028
-0.055459
-0.057017
-0.057570
-0.058943
-0.059565
-0.060778
-0.061428
-0.062501
-0.063149
-0.064095
-0.064720
-0.065552
-0.066141
-0.066867
-0.067411
-0.068041
-0.068536
-0.069080
-0.069525
-0.069991
-0.070388
-0.070783
-0.071135
-0.071467
-0.071780
-0.072055
-0.072333
-0.072558
-0.072808
-0.072986
-0.073216
-0.073352
-0.073567
-0.073662
-0.073871
-0.073927
-0.074137
-0.074152
-0.074373
-0.074345
-0.074586
-0.074511
-0.074783
-0.074653
-0.074971
-0.074775
-0.075155
-0.074879
-0.075341
-0.074965
-0.075536
-0.075035
-0.075748
-0.075087
-0.075982
-0.075117
-0.076250
-0.075123
-0.076561
-0.075096
-0.076928
-0.075027
-0.077370
-0.074902
-0.077907
-0.074704
-0.078565
-0.074408
-0.079382
-0.063222
-0.008269
-0.055200
-0.014643
-0.049512
-0.019652
-0.045630
-0.023721
-0.043154
-0.027160
-0.041783
-0.030194
-0.041284
-0.032979
-0.041478
-0.035623
-0.042222
-0.038195
-0.043400
-0.040738
-0.044917
-0.043269
-0.046690
-0.045792
-0.048647
-0.048298
-0.050723
-0.050769
-0.052861
-0.053183
-0.055009
-0.055516
-0.057124
-0.057746
-0.059167
-0.059849
-0.061107
-0.061809
-0.062921
-0.063612
-0.064591
-0.065251
-0.066108
-0.066723
-0.067468
-0.068030
-0.068672
-0.069177
-0.069727
-0.070176
-0.070641
-0.071036
-0.071426
-0.071772
-0.072095
-0.072397
-0.072660
-0.072925
-0.073136
-0.073370
-0.073533
-0.073745
-0.073864
-0.074060
-0.074139
-0.074328
-0.074368
-0.074558
-0.074559
-0.074758
-0.074717
-0.074936
-0.074849
-0.075099
-0.074959
-0.075254
-0.075051
-0.075406
-0.075126
-0.075563
-0.075186
-0.075729
-0.075231
-0.075911
-0.075260
-0.076118
-0.075270
-0.076358
-0.075257
-0.076640
-0.075214
-0.076979
-0.075132
-0.077389
-0.074998
-0.077891
-0.074796
-0.078509
-0.074502
-0.079277
-0.064014
-0.008514
-0.055958
-0.015048
-0.050254
-0.020158
-0.046359
-0.024284
-0.043866
-0.027751
-0.042470
-0.030787
-0.041938
-0.033556
-0.042089
-0.036168
-0.042782
-0.038697
-0.043902
-0.041185
-0.045353
-0.043653
-0.047053
-0.046105
-0.048933
-0.048536
-0.050929
-0.050928
-0.052986
-0.053262
-0.055053
-0.055517
-0.057089
-0.057670
-0.059057
-0.059702
-0.060928
-0.061596
-0.062679
-0.063341
-0.064295
-0.064930
-0.065766
-0.066361
-0.067089
-0.067635
-0.068266
-0.068760
-0.069302
-0.069744
-0.070205
-0.070597
-0.070987
-0.071333
-0.071659
-0.071964
-0.072233
-0.072504
-0.072721
-0.072964
-0.073136
-0.073357
-0.073486
-0.073694
-0.073783
-0.073984
-0.074034
-0.074237
-0.074248
-0.074460
-0.074429
-0.074662
-0.074585
-0.074849
-0.074717
-0.075026
-0.074831
-0.075201
-0.074927
-0.075379
-0.075007
-0.075566
-0.075071
-0.075769
-0.075117
-0.075995
-0.075144
-0.076254
-0.075145
-0.076556
-0.075116
-0.076915
-0.075045
-0.077346
-0.074921
-0.077870
-0.074725
-0.078514
-0.074433
-0.079312
-0.062471
-0.008193
-0.054554
-0.014511
-0.048950
-0.019481
-0.045136
-0.023527
-0.042719
-0.026956
-0.041399
-0.029989
-0.040949
-0.032783
-0.041188
-0.035443
-0.041977
-0.038040
-0.043201
-0.040611
-0.044764
-0.043176
-0.046583
-0.045735
-0.048585
-0.048279
-0.050705
-0.050788
-0.052885
-0.053238
-0.055072
-0.055605
-0.057221
-0.057864
-0.059293
-0.059991
-0.061255
-0.061968
-0.063085
-0.063783
-0.064764
-0.065428
-0.066285
-0.066900
-0.067643
-0.068202
-0.068841
-0.069342
-0.069886
-0.070329
-0.070789
-0.071177
-0.071560
-0.071898
-0.072215
-0.072509
-0.072766
-0.073023
-0.073227
-0.073455
-0.073612
-0.073816
-0.073931
-0.074121
-0.074196
-0.074378
-0.074415
-0.074599
-0.074597
-0.074791
-0.074748
-0.074961
-0.074874
-0.075118
-0.074979
-0.075267
-0.075066
-0.075414
-0.075137
-0.075565
-0.075194
-0.075727
-0.075237
-0.075905
-0.075264
-0.076107
-0.075273
-0.076341
-0.075259
-0.076618
-0.075216
-0.076950
-0.075135
-0.077353
-0.075003
-0.077846
-0.074804
-0.078454
-0.074515
-0.079209
-0.062588
-0.008328
-0.054708
-0.014731
-0.049144
-0.019754
-0.045366
-0.023830
-0.042975
-0.027273
-0.041671
-0.030309
-0.041227
-0.033096
-0.041464
-0.035743
-0.042243
-0.038320
-0.043450
-0.040867
-0.044991
-0.043403
-0.046783
-0.045930
-0.048754
-0.048439
-0.050841
-0.050911
-0.052984
-0.053323
-0.055134
-0.055650
-0.057243
-0.057868
-0.059275
-0.059954
-0.061198
-0.061892
-0.062989
-0.063670
-0.064632
-0.065279
-0.066119
-0.066719
-0.067447
-0.067994
-0.068620
-0.069110
-0.069644
-0.070078
-0.070530
-0.070912
-0.071290
-0.071624
-0.071938
-0.072230
-0.072486
-0.072744
-0.072949
-0.073178
-0.073339
-0.073547
-0.073666
-0.073860
-0.073940
-0.074129
-0.074171
-0.074361
-0.074366
-0.074567
-0.074532
-0.074752
-0.074672
-0.074923
-0.074792
-0.075087
-0.074893
-0.075248
-0.074979
-0.075414
-0.075051
-0.075589
-0.075107
-0.075780
-0.075147
-0.075995
-0.075169
-0.076242
-0.075166
-0.076531
-0.075135
-0.076875
-0.075064
-0.077290
-0.074941
-0.077796
-0.074749
-0.078417
-0.074466
-0.079187
-0.060995
-0.008037
-0.053277
-0.014242
-0.047834
-0.019136
-0.044154
-0.023135
-0.041852
-0.026542
-0.040635
-0.029575
-0.040279
-0.032387
-0.040609
-0.035082
-0.041488
-0.037725
-0.042802
-0.040356
-0.044456
-0.042988
-0.046367
-0.045621
-0.048461
-0.048242
-0.050671
-0.050828
-0.052936
-0.053352
-0.055202
-0.055787
-0.057420
-0.058104
-0.059549
-0.060279
-0.061556
-0.062292
-0.063417
-0.064131
-0.065115
-0.065786
-0.066642
-0.067258
-0.067996
-0.068551
-0.069181
-0.069673
-0.070206
-0.070638
-0.071084
-0.071458
-0.071828
-0.072152
-0.072454
-0.072733
-0.072976
-0.073218
-0.073410
-0.073623
-0.073768
-0.073959
-0.074064
-0.074241
-0.074307
-0.074478
-0.074507
-0.074680
-0.074673
-0.074855
-0.074809
-0.075011
-0.074923
-0.075155
-0.075017
-0.075293
-0.075096
-0.075429
-0.075160
-0.075571
-0.075211
-0.075723
-0.075249
-0.075892
-0.075272
-0.076084
-0.075278
-0.076309
-0.075263
-0.076575
-0.075220
-0.076894
-0.075141
-0.077282
-0.075013
-0.077758
-0.074820
-0.078345
-0.074541
-0.079075
-0.060536
-0.008077
-0.052916
-0.014304
-0.047562
-0.019209
-0.043958
-0.023213
-0.041718
-0.026624
-0.040550
-0.029658
-0.040233
-0.032471
-0.040595
-0.035166
-0.041498
-0.037811
-0.042832
-0.040443
-0.044501
-0.043077
-0.046425
-0.045712
-0.048528
-0.048333
-0.050744
-0.050918
-0.053012
-0.053439
-0.055277
-0.055868
-0.057489
-0.058175
-0.059609
-0.060337
-0.061602
-0.062333
-0.063445
-0.064150
-0.065122
-0.065782
-0.066625
-0.067230
-0.067954
-0.068497
-0.069114
-0.069595
-0.070116
-0.070536
-0.070972
-0.071337
-0.071698
-0.072013
-0.072308
-0.072580
-0.072818
-0.073055
-0.073243
-0.073453
-0.073597
-0.073786
-0.073890
-0.074067
-0.074134
-0.074305
-0.074338
-0.074511
-0.074508
-0.074692
-0.074651
-0.074855
-0.074772
-0.075006
-0.074875
-0.075151
-0.074962
-0.075296
-0.075036
-0.075446
-0.075096
-0.075606
-0.075144
-0.075783
-0.075177
-0.075982
-0.075192
-0.076213
-0.075186
-0.076485
-0.075152
-0.076810
-0.075082
-0.077203
-0.074962
-0.077682
-0.074778
-0.078273
-0.074506
-0.079006
-0.058808
-0.007800
-0.051381
-0.013834
-0.046174
-0.018613
-0.042691
-0.022542
-0.040558
-0.025917
-0.039492
-0.028950
-0.039275
-0.031789
-0.039741
-0.034535
-0.040754
-0.037250
-0.042203
-0.039969
-0.043995
-0.042704
-0.046046
-0.045450
-0.048280
-0.048189
-0.050626
-0.050893
-0.053022
-0.053532
-0.055407
-0.056070
-0.057730
-0.058477
-0.059946
-0.060725
-0.062021
-0.062792
-0.063929
-0.064664
-0.065654
-0.066335
-0.067189
-0.067805
-0.068534
-0.069081
-0.069697
-0.070174
-0.070690
-0.071102
-0.071528
-0.071881
-0.072229
-0.072529
-0.072810
-0.073066
-0.073288
-0.073508
-0.073679
-0.073871
-0.073998
-0.074169
-0.074258
-0.074416
-0.074469
-0.074622
-0.074642
-0.074797
-0.074783
-0.074948
-0.074898
-0.075083
-0.074994
-0.075209
-0.075073
-0.075329
-0.075138
-0.075451
-0.075192
-0.075578
-0.075234
-0.075717
-0.075265
-0.075872
-0.075283
-0.076051
-0.075285
-0.076261
-0.075268
-0.076511
-0.075225
-0.076812
-0.075148
-0.077179
-0.075025
-0.077629
-0.074841
-0.078186
-0.074576
-0.078878
-0.057837
-0.007757
-0.050564
-0.013757
-0.045489
-0.018510
-0.042118
-0.022422
-0.040078
-0.025789
-0.039091
-0.028821
-0.038942
-0.031667
-0.039467
-0.034425
-0.040534
-0.037160
-0.042035
-0.039903
-0.043876
-0.042667
-0.045974
-0.045445
-0.048253
-0.048217
-0.050642
-0.050954
-0.053076
-0.053621
-0.055494
-0.056185
-0.057843
-0.058610
-0.060077
-0.060868
-0.062161
-0.062937
-0.064068
-0.064803
-0.065784
-0.066459
-0.067302
-0.067909
-0.068625
-0.069161
-0.069763
-0.070228
-0.070729
-0.071128
-0.071540
-0.071880
-0.072215
-0.072503
-0.072772
-0.073017
-0.073230
-0.073440
-0.073604
-0.073788
-0.073910
-0.074074
-0.074160
-0.074312
-0.074364
-0.074512
-0.074532
-0.074684
-0.074671
-0.074834
-0.074787
-0.074970
-0.074885
-0.075096
-0.074967
-0.075220
-0.075037
-0.075344
-0.075096
-0.075475
-0.075144
-0.075617
-0.075180
-0.075775
-0.075205
-0.075957
-0.075214
-0.076168
-0.075204
-0.076419
-0.075168
-0.076720
-0.075099
-0.077085
-0.074985
-0.077532
-0.074810
-0.078083
-0.074553
-0.078769
-0.055913
-0.007479
-0.048868
-0.013284
-0.043971
-0.017908
-0.040747
-0.021743
-0.038835
-0.025074
-0.037966
-0.028106
-0.037934
-0.030980
-0.038578
-0.033794
-0.039769
-0.036606
-0.041399
-0.039446
-0.043377
-0.042322
-0.045617
-0.045223
-0.048042
-0.048125
-0.050577
-0.050993
-0.053151
-0.053788
-0.055701
-0.056471
-0.058168
-0.059001
-0.060505
-0.061348
-0.062671
-0.063487
-0.064641
-0.065403
-0.066398
-0.067090
-0.067939
-0.068552
-0.069268
-0.069801
-0.070396
-0.070852
-0.071341
-0.071726
-0.072123
-0.072445
-0.072762
-0.073031
-0.073281
-0.073505
-0.073698
-0.073886
-0.074031
-0.074193
-0.074298
-0.074441
-0.074509
-0.074642
-0.074678
-0.074807
-0.074814
-0.074946
-0.074922
-0.075066
-0.075011
-0.075174
-0.075083
-0.075275
-0.075142
-0.075374
-0.075191
-0.075476
-0.075231
-0.075586
-0.075262
-0.075707
-0.075284
-0.075846
-0.075295
-0.076007
-0.075293
-0.076198
-0.075273
-0.076427
-0.075230
-0.076704
-0.075156
-0.077043
-0.075040
-0.077461
-0.074868
-0.077978
-0.074620
-0.078623
-0.054474
-0.007364
-0.047635
-0.013083
-0.042912
-0.017647
-0.039831
-0.021443
-0.038040
-0.024754
-0.037275
-0.027782
-0.037335
-0.030667
-0.038063
-0.033503
-0.039335
-0.036350
-0.041045
-0.039236
-0.043102
-0.042166
-0.045423
-0.045127
-0.047928
-0.048093
-0.050540
-0.051026
-0.053188
-0.053883
-0.055804
-0.056619
-0.058327
-0.059195
-0.060706
-0.061574
-0.062901
-0.063732
-0.064885
-0.065653
-0.066644
-0.067333
-0.068173
-0.068778
-0.069481
-0.070001
-0.070581
-0.071021
-0.071494
-0.071861
-0.072241
-0.072546
-0.072847
-0.073099
-0.073334
-0.073542
-0.073722
-0.073897
-0.074031
-0.074181
-0.074276
-0.074409
-0.074471
-0.074594
-0.074626
-0.074747
-0.074752
-0.074877
-0.074853
-0.074991
-0.074937
-0.075094
-0.075007
-0.075192
-0.075066
-0.075290
-0.075115
-0.075391
-0.075157
-0.075500
-0.075191
-0.075620
-0.075216
-0.075758
-0.075231
-0.075918
-0.075234
-0.076106
-0.075220
-0.076332
-0.075183
-0.076604
-0.075116
-0.076937
-0.075008
-0.077345
-0.074845
-0.077850
-0.074608
-0.078478
-0.052309
-0.007074
-0.045737
-0.012589
-0.041224
-0.017016
-0.038317
-0.020731
-0.036678
-0.024004
-0.036052
-0.027031
-0.036245
-0.029949
-0.037109
-0.032847
-0.038521
-0.035781
-0.040380
-0.038777
-0.042594
-0.041835
-0.045079
-0.044938
-0.047751
-0.048053
-0.050530
-0.051137
-0.053340
-0.054139
-0.056105
-0.057010
-0.058761
-0.059703
-0.061252
-0.062177
-0.063535
-0.064406
-0.065580
-0.066373
-0.067374
-0.068076
-0.068916
-0.069522
-0.070216
-0.070727
-0.071293
-0.071716
-0.072169
-0.072516
-0.072872
-0.073152
-0.073429
-0.073654
-0.073864
-0.074046
-0.074202
-0.074350
-0.074461
-0.074586
-0.074660
-0.074769
-0.074811
-0.074912
-0.074928
-0.075027
-0.075017
-0.075122
-0.075087
-0.075204
-0.075142
-0.075279
-0.075186
-0.075351
-0.075222
-0.075425
-0.075252
-0.075504
-0.075276
-0.075592
-0.075294
-0.075693
-0.075305
-0.075811
-0.075308
-0.075951
-0.075300
-0.076119
-0.075278
-0.076323
-0.075235
-0.076572
-0.075165
-0.076878
-0.075057
-0.077257
-0.074899
-0.077726
-0.074672
-0.078312
-0.050429
-0.006891
-0.044115
-0.012273
-0.039813
-0.016607
-0.037080
-0.020261
-0.035586
-0.023502
-0.035086
-0.026520
-0.035393
-0.029450
-0.036363
-0.032379
-0.037880
-0.035362
-0.039845
-0.038423
-0.042168
-0.041559
-0.044764
-0.044752
-0.047551
-0.047963
-0.050444
-0.051144
-0.053362
-0.054241
-0.056227
-0.057198
-0.058969
-0.059961
-0.061528
-0.062490
-0.063859
-0.064754
-0.065932
-0.066736
-0.067734
-0.068436
-0.069267
-0.069863
-0.070543
-0.071039
-0.071586
-0.071991
-0.072423
-0.072748
-0.073083
-0.073341
-0.073597
-0.073801
-0.073992
-0.074154
-0.074292
-0.074423
-0.074519
-0.074628
-0.074690
-0.074785
-0.074819
-0.074908
-0.074916
-0.075005
-0.074991
-0.075087
-0.075050
-0.075158
-0.075097
-0.075225
-0.075136
-0.075291
-0.075168
-0.075359
-0.075195
-0.075434
-0.075218
-0.075519
-0.075237
-0.075616
-0.075250
-0.075730
-0.075255
-0.075866
-0.075251
-0.076029
-0.075233
-0.076226
-0.075195
-0.076466
-0.075132
-0.076760
-0.075032
-0.077124
-0.074883
-0.077574
-0.074669
-0.078137
-0.047991
-0.006581
-0.041985
-0.011743
-0.037928
-0.015929
-0.035396
-0.019493
-0.034076
-0.022692
-0.033734
-0.025710
-0.034194
-0.028676
-0.035318
-0.031675
-0.036996
-0.034758
-0.039131
-0.037945
-0.041636
-0.041231
-0.044423
-0.044590
-0.047407
-0.047978
-0.050497
-0.051338
-0.053606
-0.054607
-0.056647
-0.057721
-0.059543
-0.060618
-0.062228
-0.063252
-0.064653
-0.065590
-0.066787
-0.067614
-0.068618
-0.069325
-0.070150
-0.070739
-0.071403
-0.071880
-0.072403
-0.072781
-0.073184
-0.073478
-0.073781
-0.074006
-0.074229
-0.074399
-0.074557
-0.074686
-0.074794
-0.074893
-0.074961
-0.075040
-0.075077
-0.075145
-0.075156
-0.075220
-0.075210
-0.075275
-0.075246
-0.075319
-0.075270
-0.075357
-0.075287
-0.075394
-0.075300
-0.075433
-0.075309
-0.075478
-0.075317
-0.075531
-0.075322
-0.075595
-0.075326
-0.075673
-0.075326
-0.075768
-0.075320
-0.075884
-0.075307
-0.076027
-0.075281
-0.076202
-0.075239
-0.076418
-0.075174
-0.076686
-0.075076
-0.077018
-0.074933
-0.077432
-0.074731
-0.077950
-0.045687
-0.006335
-0.039990
-0.011317
-0.036181
-0.015378
-0.033851
-0.018860
-0.032699
-0.022011
-0.032502
-0.025013
-0.033093
-0.027991
-0.034342
-0.031027
-0.036145
-0.034171
-0.038410
-0.037442
-0.041052
-0.040831
-0.043985
-0.044310
-0.047118
-0.047828
-0.050361
-0.051322
-0.053617
-0.054722
-0.056795
-0.057953
-0.059810
-0.060952
-0.062590
-0.063662
-0.065083
-0.066049
-0.067256
-0.068096
-0.069099
-0.069805
-0.070620
-0.071196
-0.071842
-0.072299
-0.072799
-0.073152
-0.073530
-0.073796
-0.074073
-0.074269
-0.074467
-0.074610
-0.074745
-0.074849
-0.074936
-0.075013
-0.075064
-0.075123
-0.075146
-0.075197
-0.075197
-0.075246
-0.075228
-0.075280
-0.075246
-0.075307
-0.075256
-0.075332
-0.075262
-0.075358
-0.075267
-0.075388
-0.075271
-0.075426
-0.075274
-0.075473
-0.075278
-0.075531
-0.075280
-0.075603
-0.075280
-0.075692
-0.075276
-0.075801
-0.075265
-0.075936
-0.075243
-0.076101
-0.075205
-0.076305
-0.075146
-0.076557
-0.075056
-0.076870
-0.074924
-0.077260
-0.074736
-0.077749
-0.042952
-0.005998
-0.037605
-0.010738
-0.034075
-0.014636
-0.031973
-0.018016
-0.031018
-0.021120
-0.030998
-0.024120
-0.031760
-0.027137
-0.033182
-0.030252
-0.035168
-0.033511
-0.037629
-0.036930
-0.040482
-0.040496
-0.043640
-0.044173
-0.047009
-0.047904
-0.050488
-0.051615
-0.053974
-0.055223
-0.057363
-0.058642
-0.060561
-0.061798
-0.063487
-0.064628
-0.066083
-0.067092
-0.068316
-0.069175
-0.070178
-0.070882
-0.071681
-0.072238
-0.072857
-0.073283
-0.073747
-0.074060
-0.074397
-0.074619
-0.074854
-0.075005
-0.075161
-0.075259
-0.075354
-0.075416
-0.075466
-0.075504
-0.075522
-0.075546
-0.075540
-0.075559
-0.075534
-0.075554
-0.075516
-0.075542
-0.075491
-0.075529
-0.075465
-0.075518
-0.075440
-0.075513
-0.075417
-0.075517
-0.075398
-0.075530
-0.075382
-0.075555
-0.075369
-0.075593
-0.075357
-0.075645
-0.075345
-0.075715
-0.075330
-0.075805
-0.075311
-0.075920
-0.075283
-0.076063
-0.075242
-0.076243
-0.075182
-0.076468
-0.075095
-0.076749
-0.074971
-0.077101
-0.074796
-0.077542
-0.040238
-0.005691
-0.035249
-0.010206
-0.032002
-0.013944
-0.030127
-0.017218
-0.029358
-0.020258
-0.029499
-0.023231
-0.030405
-0.026257
-0.031968
-0.029412
-0.034097
-0.032743
-0.036711
-0.036263
-0.039730
-0.039958
-0.043066
-0.043788
-0.046625
-0.047688
-0.050299
-0.051574
-0.053978
-0.055354
-0.057546
-0.058932
-0.060900
-0.062221
-0.063951
-0.065152
-0.066635
-0.067680
-0.068917
-0.069790
-0.070792
-0.071492
-0.072277
-0.072816
-0.073411
-0.073809
-0.074243
-0.074523
-0.074827
-0.075014
-0.075215
-0.075332
-0.075455
-0.075521
-0.075588
-0.075620
-0.075646
-0.075658
-0.075654
-0.075656
-0.075633
-0.075633
-0.075596
-0.075599
-0.075552
-0.075564
-0.075507
-0.075531
-0.075464
-0.075505
-0.075427
-0.075488
-0.075396
-0.075482
-0.075370
-0.075486
-0.075349
-0.075504
-0.075333
-0.075534
-0.075319
-0.075580
-0.075306
-0.075642
-0.075292
-0.075723
-0.075274
-0.075828
-0.075249
-0.075959
-0.075212
-0.076124
-0.075158
-0.076330
-0.075079
-0.076588
-0.074967
-0.076912
-0.074807
-0.077318
-0.037189
-0.005319
-0.032594
-0.009568
-0.029659
-0.013123
-0.028039
-0.016282
-0.027486
-0.019265
-0.027822
-0.022232
-0.028916
-0.025299
-0.030670
-0.028542
-0.033003
-0.032004
-0.035841
-0.035697
-0.039106
-0.039603
-0.042710
-0.043673
-0.046551
-0.047834
-0.050515
-0.051987
-0.054475
-0.056024
-0.058302
-0.059832
-0.061878
-0.063309
-0.065100
-0.066377
-0.067900
-0.068987
-0.070239
-0.071123
-0.072116
-0.072801
-0.073559
-0.074063
-0.074617
-0.074965
-0.075349
-0.075572
-0.075821
-0.075947
-0.076093
-0.076150
-0.076219
-0.076229
-0.076246
-0.076227
-0.076207
-0.076173
-0.076130
-0.076091
-0.076035
-0.075998
-0.075933
-0.075905
-0.075834
-0.075818
-0.075743
-0.075742
-0.075662
-0.075679
-0.075592
-0.075630
-0.075533
-0.075596
-0.075485
-0.075577
-0.075445
-0.075572
-0.075412
-0.075583
-0.075384
-0.075609
-0.075360
-0.075653
-0.075336
-0.075715
-0.075311
-0.075799
-0.075281
-0.075909
-0.075242
-0.076049
-0.075188
-0.076227
-0.075114
-0.076452
-0.075010
-0.076736
-0.074866
-0.077094
-0.034076
-0.004952
-0.029888
-0.008930
-0.027268
-0.012290
-0.025897
-0.015315
-0.025544
-0.018214
-0.026050
-0.021141
-0.027298
-0.024208
-0.029202
-0.027490
-0.031693
-0.031032
-0.034704
-0.034844
-0.038162
-0.038906
-0.041981
-0.043165
-0.046058
-0.047539
-0.050268
-0.051919
-0.054474
-0.056180
-0.058533
-0.060195
-0.062310
-0.063846
-0.065693
-0.067042
-0.068601
-0.069730
-0.070997
-0.071894
-0.072883
-0.073557
-0.074294
-0.074769
-0.075290
-0.075599
-0.075943
-0.076121
-0.076327
-0.076408
-0.076512
-0.076525
-0.076557
-0.076527
-0.076509
-0.076455
-0.076407
-0.076343
-0.076278
-0.076214
-0.076139
-0.076082
-0.076003
-0.075957
-0.075877
-0.075845
-0.075764
-0.075749
-0.075667
-0.075671
-0.075585
-0.075610
-0.075517
-0.075565
-0.075462
-0.075537
-0.075417
-0.075525
-0.075380
-0.075528
-0.075351
-0.075546
-0.075325
-0.075581
-0.075302
-0.075633
-0.075278
-0.075706
-0.075250
-0.075801
-0.075215
-0.075925
-0.075168
-0.076082
-0.075102
-0.076281
-0.075010
-0.076533
-0.074882
-0.076851
-0.030703
-0.004542
-0.026954
-0.008223
-0.024679
-0.011377
-0.023585
-0.014269
-0.023465
-0.017098
-0.024179
-0.020011
-0.025627
-0.023119
-0.027739
-0.026497
-0.030456
-0.030187
-0.033720
-0.034201
-0.037465
-0.038514
-0.041602
-0.043067
-0.046023
-0.047764
-0.050590
-0.052478
-0.055147
-0.057061
-0.059530
-0.061363
-0.063580
-0.065245
-0.067169
-0.068602
-0.070205
-0.071373
-0.072651
-0.073547
-0.074515
-0.075155
-0.075848
-0.076265
-0.076724
-0.076961
-0.077233
-0.077332
-0.077463
-0.077464
-0.077495
-0.077432
-0.077395
-0.077295
-0.077216
-0.077100
-0.076999
-0.076880
-0.076769
-0.076658
-0.076545
-0.076447
-0.076338
-0.076257
-0.076152
-0.076090
-0.075991
-0.075949
-0.075853
-0.075832
-0.075738
-0.075739
-0.075642
-0.075667
-0.075564
-0.075614
-0.075500
-0.075581
-0.075448
-0.075564
-0.075405
-0.075564
-0.075369
-0.075580
-0.075338
-0.075614
-0.075307
-0.075667
-0.075276
-0.075740
-0.075239
-0.075839
-0.075193
-0.075967
-0.075133
-0.076132
-0.075051
-0.076343
-0.074939
-0.076611
-0.027203
-0.004114
-0.023906
-0.007476
-0.021976
-0.010398
-0.021147
-0.013126
-0.021237
-0.015845
-0.022125
-0.018699
-0.023729
-0.021794
-0.025995
-0.025205
-0.028877
-0.028978
-0.032331
-0.033126
-0.036295
-0.037624
-0.040688
-0.042408
-0.045396
-0.047373
-0.050272
-0.052377
-0.055144
-0.057252
-0.059825
-0.061823
-0.064136
-0.065928
-0.067927
-0.069446
-0.071097
-0.072309
-0.073604
-0.074506
-0.075464
-0.076080
-0.076740
-0.077113
-0.077525
-0.077704
-0.077924
-0.077961
-0.078038
-0.077978
-0.077958
-0.077840
-0.077757
-0.077610
-0.077492
-0.077336
-0.077202
-0.077051
-0.076915
-0.076777
-0.076645
-0.076525
-0.076402
-0.076303
-0.076190
-0.076113
-0.076008
-0.075953
-0.075855
-0.075821
-0.075729
-0.075716
-0.075625
-0.075635
-0.075541
-0.075575
-0.075473
-0.075533
-0.075418
-0.075509
-0.075374
-0.075500
-0.075337
-0.075508
-0.075305
-0.075531
-0.075276
-0.075571
-0.075247
-0.075630
-0.075214
-0.075710
-0.075175
-0.075816
-0.075123
-0.075953
-0.075055
-0.076128
-0.074961
-0.076353
-0.023506
-0.003661
-0.020691
-0.006693
-0.019135
-0.009381
-0.018602
-0.011953
-0.018937
-0.014585
-0.020041
-0.017414
-0.021853
-0.020544
-0.024337
-0.024054
-0.027464
-0.027993
-0.031201
-0.032374
-0.035497
-0.037172
-0.040270
-0.042317
-0.045400
-0.047686
-0.050722
-0.053115
-0.056039
-0.058402
-0.061131
-0.063339
-0.065787
-0.067733
-0.069828
-0.071440
-0.073140
-0.074384
-0.075681
-0.076562
-0.077480
-0.078035
-0.078624
-0.078907
-0.079229
-0.079304
-0.079424
-0.079352
-0.079330
-0.079165
-0.079051
-0.078836
-0.078669
-0.078435
-0.078244
-0.078013
-0.077817
-0.077603
-0.077415
-0.077224
-0.077050
-0.076886
-0.076729
-0.076593
-0.076454
-0.076345
-0.076221
-0.076138
-0.076027
-0.075968
-0.075867
-0.075831
-0.075736
-0.075722
-0.075630
-0.075639
-0.075544
-0.075577
-0.075474
-0.075533
-0.075418
-0.075507
-0.075372
-0.075497
-0.075333
-0.075502
-0.075298
-0.075523
-0.075266
-0.075559
-0.075233
-0.075615
-0.075195
-0.075691
-0.075150
-0.075793
-0.075092
-0.075927
-0.075016
-0.076099
-0.019633
-0.003172
-0.017314
-0.005837
-0.016128
-0.008252
-0.015872
-0.010624
-0.016419
-0.013116
-0.017691
-0.015857
-0.019652
-0.018952
-0.022283
-0.022482
-0.025576
-0.026500
-0.029512
-0.031027
-0.034053
-0.036039
-0.039124
-0.041463
-0.044602
-0.047169
-0.050313
-0.052971
-0.056034
-0.058639
-0.061516
-0.063928
-0.066510
-0.068612
-0.070810
-0.072521
-0.074282
-0.075569
-0.076882
-0.077755
-0.078652
-0.079160
-0.079699
-0.079911
-0.080166
-0.080159
-0.080206
-0.080051
-0.079958
-0.079716
-0.079538
-0.079255
-0.079034
-0.078744
-0.078510
-0.078233
-0.078004
-0.077753
-0.077540
-0.077321
-0.077129
-0.076944
-0.076775
-0.076622
-0.076475
-0.076352
-0.076224
-0.076129
-0.076018
-0.075947
-0.075850
-0.075801
-0.075713
-0.075685
-0.075603
-0.075595
-0.075514
-0.075526
-0.075443
-0.075476
-0.075386
-0.075443
-0.075339
-0.075424
-0.075301
-0.075418
-0.075268
-0.075425
-0.075238
-0.075447
-0.075209
-0.075483
-0.075179
-0.075535
-0.075143
-0.075607
-0.075098
-0.075704
-0.075041
-0.075830
-0.015621
-0.002674
-0.013825
-0.004970
-0.013037
-0.007120
-0.013090
-0.009310
-0.013885
-0.011690
-0.015373
-0.014387
-0.017541
-0.017506
-0.020394
-0.021133
-0.023944
-0.025330
-0.028192
-0.030122
-0.033114
-0.035492
-0.038639
-0.041360
-0.044638
-0.047578
-0.050915
-0.053926
-0.057210
-0.060133
-0.063225
-0.065899
-0.068661
-0.070950
-0.073270
-0.075084
-0.076898
-0.078203
-0.079502
-0.080323
-0.081149
-0.081552
-0.081983
-0.082058
-0.082184
-0.082027
-0.081939
-0.081636
-0.081413
-0.081033
-0.080737
-0.080333
-0.080009
-0.079615
-0.079294
-0.078931
-0.078630
-0.078308
-0.078037
-0.077761
-0.077523
-0.077291
-0.077086
-0.076895
-0.076721
-0.076566
-0.076419
-0.076296
-0.076172
-0.076076
-0.075971
-0.075899
-0.075809
-0.075757
-0.075678
-0.075645
-0.075573
-0.075557
-0.075488
-0.075490
-0.075420
-0.075439
-0.075365
-0.075403
-0.075321
-0.075380
-0.075283
-0.075369
-0.075251
-0.075368
-0.075223
-0.075379
-0.075195
-0.075403
-0.075166
-0.075440
-0.075133
-0.075494
-0.075094
-0.075568
-0.011398
-0.002123
-0.010138
-0.004002
-0.009739
-0.005835
-0.010073
-0.007784
-0.011072
-0.009985
-0.012713
-0.012558
-0.015009
-0.015609
-0.017990
-0.019230
-0.021692
-0.023492
-0.026138
-0.028433
-0.031323
-0.034044
-0.037191
-0.040248
-0.043614
-0.046887
-0.050381
-0.053720
-0.057203
-0.060430
-0.063732
-0.066666
-0.069617
-0.072101
-0.074560
-0.076490
-0.078378
-0.079720
-0.081028
-0.081817
-0.082599
-0.082920
-0.083271
-0.083237
-0.083266
-0.082991
-0.082804
-0.082388
-0.082074
-0.081595
-0.081222
-0.080735
-0.080350
-0.079891
-0.079522
-0.079109
-0.078774
-0.078415
-0.078120
-0.077817
-0.077564
-0.077312
-0.077098
-0.076892
-0.076714
-0.076547
-0.076400
-0.076266
-0.076145
-0.076039
-0.075940
-0.075857
-0.075775
-0.075711
-0.075643
-0.075595
-0.075538
-0.075502
-0.075454
-0.075429
-0.075386
-0.075372
-0.075332
-0.075328
-0.075288
-0.075295
-0.075253
-0.075270
-0.075224
-0.075254
-0.075200
-0.075245
-0.075179
-0.075244
-0.075160
-0.075250
-0.075141
-0.075266
-0.075121
-0.075292
-0.007091
-0.001578
-0.006389
-0.003049
-0.006408
-0.004580
-0.007055
-0.006313
-0.008297
-0.008371
-0.010143
-0.010871
-0.012633
-0.013923
-0.015827
-0.017630
-0.019788
-0.022076
-0.024567
-0.027314
-0.030183
-0.033347
-0.036591
-0.040097
-0.043661
-0.047390
-0.051156
-0.054941
-0.058733
-0.062369
-0.065973
-0.069242
-0.072440
-0.075155
-0.077773
-0.079811
-0.081755
-0.083087
-0.084353
-0.085036
-0.085700
-0.085850
-0.086035
-0.085797
-0.085641
-0.085155
-0.084784
-0.084170
-0.083687
-0.083032
-0.082512
-0.081877
-0.081368
-0.080786
-0.080318
-0.079807
-0.079392
-0.078956
-0.078599
-0.078234
-0.077934
-0.077633
-0.077384
-0.077139
-0.076934
-0.076736
-0.076570
-0.076410
-0.076277
-0.076148
-0.076042
-0.075937
-0.075854
-0.075767
-0.075703
-0.075631
-0.075583
-0.075521
-0.075487
-0.075432
-0.075411
-0.075360
-0.075350
-0.075300
-0.075301
-0.075249
-0.075262
-0.075207
-0.075232
-0.075170
-0.075209
-0.075137
-0.075191
-0.075106
-0.075180
-0.075078
-0.075173
-0.075050
-0.075172
-0.075023
-0.002551
-0.000967
-0.002420
-0.001969
-0.002839
-0.003136
-0.003762
-0.004581
-0.005188
-0.006411
-0.007156
-0.008738
-0.009738
-0.011673
-0.013021
-0.015330
-0.017100
-0.019810
-0.022060
-0.025187
-0.027946
-0.031481
-0.034740
-0.038629
-0.042321
-0.046453
-0.050442
-0.054638
-0.058716
-0.062746
-0.066652
-0.070262
-0.073728
-0.076693
-0.079501
-0.081675
-0.083708
-0.085060
-0.086317
-0.086924
-0.087505
-0.087516
-0.087574
-0.087168
-0.086871
-0.086217
-0.085711
-0.084946
-0.084347
-0.083567
-0.082955
-0.082222
-0.081644
-0.080991
-0.080474
-0.079911
-0.079464
-0.078993
-0.078616
-0.078228
-0.077916
-0.077600
-0.077347
-0.077091
-0.076888
-0.076681
-0.076519
-0.076353
-0.076226
-0.076089
-0.075992
-0.075878
-0.075806
-0.075709
-0.075658
-0.075572
-0.075541
-0.075460
-0.075447
-0.075367
-0.075373
-0.075289
-0.075314
-0.075222
-0.075267
-0.075163
-0.075232
-0.075108
-0.075205
-0.075055
-0.075187
-0.075002
-0.075177
-0.074947
-0.075175
-0.074887
-0.075183
-0.074821
-0.075201
-0.074744
0.002019
-0.000375
0.001561
-0.000926
0.000714
-0.001751
-0.000517
-0.002940
-0.002169
-0.004587
-0.004316
-0.006800
-0.007062
-0.009700
-0.010530
-0.013414
-0.014853
-0.018069
-0.020154
-0.023765
-0.026515
-0.030548
-0.033947
-0.038368
-0.042336
-0.047032
-0.051404
-0.056176
-0.060695
-0.065265
-0.069602
-0.073656
-0.077470
-0.080727
-0.083743
-0.086030
-0.088111
-0.089403
-0.090565
-0.090979
-0.091362
-0.091101
-0.090908
-0.090200
-0.089638
-0.088691
-0.087938
-0.086910
-0.086096
-0.085094
-0.084304
-0.083392
-0.082672
-0.081877
-0.081250
-0.080579
-0.080048
-0.079494
-0.079054
-0.078603
-0.078245
-0.077881
-0.077594
-0.077302
-0.077074
-0.076838
-0.076660
-0.076468
-0.076332
-0.076174
-0.076072
-0.075938
-0.075866
-0.075748
-0.075703
-0.075594
-0.075573
-0.075467
-0.075470
-0.075360
-0.075388
-0.075268
-0.075323
-0.075187
-0.075273
-0.075111
-0.075235
-0.075039
-0.075208
-0.074966
-0.075191
-0.074890
-0.075185
-0.074806
-0.075192
-0.074712
-0.075212
-0.074603
-0.075250
-0.074474
0.006828
0.000294
0.005774
0.000263
0.004522
-0.000148
0.003033
-0.000995
0.001232
-0.002356
-0.000991
-0.004331
-0.003769
-0.007045
-0.007263
-0.010642
-0.011643
-0.015271
-0.017075
-0.021069
-0.023691
-0.028118
-0.031542
-0.036399
-0.040545
-0.045730
-0.050417
-0.055718
-0.060649
-0.065747
-0.070527
-0.075044
-0.079248
-0.082837
-0.086118
-0.088562
-0.090746
-0.092020
-0.093136
-0.093395
-0.093627
-0.093133
-0.092738
-0.091775
-0.091007
-0.089822
-0.088887
-0.087660
-0.086700
-0.085546
-0.084649
-0.083626
-0.082833
-0.081963
-0.081290
-0.080571
-0.080014
-0.079431
-0.078979
-0.078512
-0.078151
-0.077779
-0.077495
-0.077198
-0.076977
-0.076739
-0.076570
-0.076376
-0.076250
-0.076089
-0.075999
-0.075859
-0.075801
-0.075675
-0.075645
-0.075524
-0.075522
-0.075398
-0.075424
-0.075290
-0.075346
-0.075195
-0.075285
-0.075108
-0.075238
-0.075024
-0.075203
-0.074940
-0.075180
-0.074852
-0.075169
-0.074756
-0.075171
-0.074648
-0.075187
-0.074523
-0.075222
-0.074375
-0.075280
-0.074197
0.011610
0.000932
0.009945
0.001393
0.008266
0.001367
0.006486
0.000822
0.004489
-0.000303
0.002132
-0.002109
-0.000759
-0.004729
-0.004384
-0.008331
-0.008963
-0.013101
-0.014717
-0.019219
-0.021837
-0.026818
-0.030428
-0.035915
-0.040436
-0.046333
-0.051559
-0.057623
-0.063193
-0.069030
-0.074442
-0.079571
-0.084278
-0.088251
-0.091810
-0.094359
-0.096565
-0.097686
-0.098609
-0.098530
-0.098433
-0.097509
-0.096732
-0.095325
-0.094184
-0.092593
-0.091330
-0.089761
-0.088533
-0.087106
-0.085999
-0.084767
-0.083817
-0.082791
-0.082002
-0.081169
-0.080528
-0.079862
-0.079350
-0.078823
-0.078420
-0.078003
-0.077690
-0.077360
-0.077119
-0.076856
-0.076674
-0.076459
-0.076326
-0.076146
-0.076054
-0.075897
-0.075841
-0.075696
-0.075673
-0.075531
-0.075540
-0.075393
-0.075435
-0.075273
-0.075352
-0.075166
-0.075287
-0.075066
-0.075237
-0.074968
-0.075201
-0.074868
-0.075179
-0.074761
-0.075170
-0.074643
-0.075176
-0.074508
-0.075201
-0.074349
-0.075249
-0.074160
-0.075325
-0.073930
0.016625
0.001652
0.014346
0.002683
0.012271
0.003123
0.010263
0.002979
0.008166
0.002210
0.005802
0.000726
0.002963
-0.001615
-0.000590
-0.004997
-0.005123
-0.009642
-0.010916
-0.015784
-0.018231
-0.023617
-0.027249
-0.033226
-0.037979
-0.044475
-0.050142
-0.056901
-0.063075
-0.069644
-0.075723
-0.081512
-0.086805
-0.091240
-0.095175
-0.097906
-0.100219
-0.101246
-0.102040
-0.101668
-0.101298
-0.099988
-0.098889
-0.097096
-0.095655
-0.093732
-0.092227
-0.090402
-0.088999
-0.087390
-0.086167
-0.084817
-0.083798
-0.082701
-0.081877
-0.081004
-0.080351
-0.079667
-0.079157
-0.078624
-0.078230
-0.077816
-0.077515
-0.077191
-0.076964
-0.076706
-0.076540
-0.076329
-0.076211
-0.076033
-0.075957
-0.075797
-0.075758
-0.075607
-0.075602
-0.075450
-0.075479
-0.075316
-0.075382
-0.075198
-0.075305
-0.075090
-0.075246
-0.074986
-0.075200
-0.074881
-0.075169
-0.074770
-0.075151
-0.074649
-0.075148
-0.074512
-0.075162
-0.074353
-0.075197
-0.074164
-0.075259
-0.073937
-0.075355
-0.073659
0.021551
0.002330
0.018651
0.003893
0.016159
0.004761
0.013889
0.004972
0.011646
0.004501
0.009211
0.003261
0.006339
0.001099
0.002743
-0.002201
-0.001903
-0.006911
-0.007953
-0.013332
-0.015760
-0.021747
-0.025605
-0.032325
-0.037575
-0.044979
-0.051405
-0.059201
-0.066318
-0.073941
-0.080978
-0.087652
-0.093700
-0.098662
-0.102971
-0.105777
-0.108045
-0.108741
-0.109161
-0.108203
-0.107286
-0.105297
-0.103618
-0.101176
-0.099212
-0.096738
-0.094806
-0.092547
-0.090819
-0.088887
-0.087429
-0.085847
-0.084663
-0.083403
-0.082465
-0.081482
-0.080752
-0.079991
-0.079430
-0.078845
-0.078418
-0.077967
-0.077645
-0.077293
-0.077054
-0.076775
-0.076602
-0.076374
-0.076254
-0.076061
-0.075986
-0.075812
-0.075777
-0.075610
-0.075614
-0.075443
-0.075485
-0.075301
-0.075383
-0.075173
-0.075303
-0.075055
-0.075241
-0.074940
-0.075195
-0.074822
-0.075163
-0.074697
-0.075146
-0.074558
-0.075145
-0.074400
-0.075165
-0.074215
-0.075208
-0.073994
-0.075283
-0.073727
-0.075398
-0.073399
0.026685
0.003093
0.023168
0.005268
0.020301
0.006654
0.017845
0.007329
0.015566
0.007296
0.013215
0.006478
0.010509
0.004721
0.007126
0.001787
0.002686
-0.002639
-0.003241
-0.008936
-0.011111
-0.017487
-0.021328
-0.028584
-0.034111
-0.042250
-0.049283
-0.058017
-0.066032
-0.074713
-0.082787
-0.090453
-0.097421
-0.103063
-0.107923
-0.110934
-0.113280
-0.113724
-0.113842
-0.112340
-0.110928
-0.108304
-0.106111
-0.103090
-0.100695
-0.097767
-0.095523
-0.092947
-0.091018
-0.088885
-0.087315
-0.085618
-0.084383
-0.083067
-0.082117
-0.081113
-0.080393
-0.079634
-0.079094
-0.078521
-0.078118
-0.077683
-0.077386
-0.077051
-0.076836
-0.076572
-0.076421
-0.076204
-0.076105
-0.075918
-0.075863
-0.075692
-0.075676
-0.075507
-0.075530
-0.075353
-0.075415
-0.075218
-0.075324
-0.075095
-0.075253
-0.074977
-0.075197
-0.074860
-0.075156
-0.074736
-0.075130
-0.074602
-0.075118
-0.074450
-0.075124
-0.074274
-0.075151
-0.074066
-0.075205
-0.073817
-0.075293
-0.073513
-0.075427
-0.073138
0.031665
0.003801
0.027529
0.006542
0.024269
0.008399
0.021595
0.009484
0.019234
0.009822
0.016898
0.009342
0.014270
0.007880
0.010977
0.005163
0.006571
0.000813
0.000527
-0.005649
-0.007747
-0.014747
-0.018823
-0.026940
-0.033095
-0.042398
-0.050493
-0.060675
-0.070110
-0.080361
-0.089946
-0.098973
-0.107125
-0.113533
-0.118908
-0.121906
-0.124040
-0.123816
-0.123215
-0.120694
-0.118363
-0.114669
-0.111595
-0.107636
-0.104518
-0.100858
-0.098076
-0.094971
-0.092669
-0.090174
-0.088357
-0.086421
-0.085029
-0.083560
-0.082513
-0.081413
-0.080634
-0.079814
-0.079239
-0.078627
-0.078205
-0.077745
-0.077438
-0.077086
-0.076867
-0.076590
-0.076438
-0.076211
-0.076113
-0.075916
-0.075866
-0.075683
-0.075675
-0.075493
-0.075526
-0.075333
-0.075409
-0.075192
-0.075316
-0.075063
-0.075243
-0.074938
-0.075187
-0.074811
-0.075146
-0.074677
-0.075120
-0.074529
-0.075110
-0.074361
-0.075119
-0.074166
-0.075151
-0.073934
-0.075213
-0.073654
-0.075314
-0.073312
-0.075466
-0.072891
0.036812
0.004592
0.032069
0.007980
0.028466
0.010399
0.025662
0.012011
0.023344
0.012874
0.021201
0.012936
0.018886
0.012037
0.015994
0.009887
0.012026
0.006058
0.006365
-0.000022
-0.001713
-0.009033
-0.012982
-0.021647
-0.028083
-0.038275
-0.047180
-0.058650
-0.069438
-0.081286
-0.092552
-0.103168
-0.112844
-0.120329
-0.126539
-0.129747
-0.131839
-0.131025
-0.129754
-0.126220
-0.122994
-0.118250
-0.114360
-0.109543
-0.105822
-0.101561
-0.098399
-0.094924
-0.092419
-0.089725
-0.087824
-0.085800
-0.084396
-0.082905
-0.081883
-0.080796
-0.080060
-0.079270
-0.078741
-0.078164
-0.077787
-0.077361
-0.077094
-0.076771
-0.076587
-0.076334
-0.076212
-0.076003
-0.075933
-0.075748
-0.075721
-0.075545
-0.075558
-0.075378
-0.075431
-0.075234
-0.075331
-0.075105
-0.075252
-0.074982
-0.075190
-0.074860
-0.075142
-0.074732
-0.075107
-0.074593
-0.075087
-0.074438
-0.075082
-0.074258
-0.075098
-0.074047
-0.075138
-0.073793
-0.075209
-0.073487
-0.075324
-0.073110
-0.075493
-0.072645
0.041734
0.005316
0.036391
0.009293
0.032432
0.012219
0.029464
0.014296
0.027141
0.015609
0.025120
0.016121
0.023025
0.015667
0.020407
0.013927
0.016698
0.010403
0.011172
0.004394
0.002919
-0.004991
-0.009104
-0.018721
-0.025888
-0.037554
-0.047921
-0.061451
-0.074425
-0.088727
-0.102491
-0.115359
-0.127005
-0.135686
-0.142615
-0.145586
-0.147070
-0.144911
-0.142243
-0.136919
-0.132137
-0.125702
-0.120483
-0.114334
-0.109641
-0.104445
-0.100641
-0.096560
-0.093662
-0.090597
-0.088471
-0.086231
-0.084705
-0.083093
-0.082011
-0.080858
-0.080094
-0.079270
-0.078732
-0.078138
-0.077760
-0.077325
-0.077062
-0.076734
-0.076555
-0.076299
-0.076184
-0.075971
-0.075907
-0.075718
-0.075698
-0.075516
-0.075538
-0.075349
-0.075413
-0.075204
-0.075315
-0.075071
-0.075236
-0.074945
-0.075174
-0.074817
-0.075127
-0.074682
-0.075093
-0.074534
-0.075074
-0.074367
-0.075072
-0.074173
-0.075091
-0.073944
-0.075136
-0.073669
-0.075216
-0.073334
-0.075342
-0.072923
-0.075529
-0.072414
0.046765
0.006116
0.040842
0.010757
0.036582
0.014279
0.033546
0.016940
0.031356
0.018865
0.029651
0.020049
0.028042
0.020345
0.026062
0.019430
0.023105
0.016766
0.018360
0.011549
0.010752
0.002685
-0.001049
-0.011138
-0.018470
-0.031157
-0.042539
-0.057839
-0.072876
-0.089687
-0.106315
-0.121926
-0.136276
-0.146814
-0.155067
-0.158175
-0.159236
-0.155742
-0.151601
-0.144365
-0.137949
-0.129780
-0.123282
-0.115894
-0.110395
-0.104453
-0.100233
-0.095771
-0.092715
-0.089498
-0.087359
-0.085095
-0.083626
-0.082052
-0.081053
-0.079963
-0.079286
-0.078528
-0.078069
-0.077536
-0.077227
-0.076844
-0.076638
-0.076353
-0.076221
-0.075998
-0.075921
-0.075733
-0.075701
-0.075529
-0.075536
-0.075364
-0.075410
-0.075225
-0.075311
-0.075100
-0.075233
-0.074982
-0.075170
-0.074864
-0.075120
-0.074741
-0.075081
-0.074606
-0.075055
-0.074455
-0.075042
-0.074282
-0.075046
-0.074078
-0.075071
-0.073834
-0.075123
-0.073539
-0.075212
-0.073180
-0.075351
-0.072737
-0.075554
-0.072187
0.051497
0.006835
0.045009
0.012073
0.040440
0.016126
0.037303
0.019298
0.035192
0.021751
0.033728
0.023506
0.032506
0.024425
0.031033
0.024174
0.028653
0.022156
0.024445
0.017426
0.017119
0.008613
0.004951
-0.006078
-0.014109
-0.028586
-0.041890
-0.060135
-0.078595
-0.099426
-0.120441
-0.140120
-0.157996
-0.170575
-0.179848
-0.182148
-0.181633
-0.175373
-0.168461
-0.158014
-0.148939
-0.138106
-0.129642
-0.120418
-0.113680
-0.106619
-0.101708
-0.096625
-0.093224
-0.089691
-0.087403
-0.084993
-0.083476
-0.081845
-0.080845
-0.079740
-0.079081
-0.078327
-0.077891
-0.077369
-0.077082
-0.076709
-0.076523
-0.076247
-0.076131
-0.075914
-0.075851
-0.075666
-0.075646
-0.075474
-0.075493
-0.075318
-0.075375
-0.075183
-0.075282
-0.075061
-0.075208
-0.074943
-0.075148
-0.074824
-0.075100
-0.074697
-0.075064
-0.074557
-0.075039
-0.074399
-0.075028
-0.074216
-0.075034
-0.073999
-0.075063
-0.073739
-0.075121
-0.073425
-0.075217
-0.073041
-0.075367
-0.072566
-0.075586
-0.071977
0.056261
0.007617
0.049237
0.013516
0.044420
0.018181
0.041279
0.021975
0.039388
0.025115
0.038363
0.027667
0.037810
0.029536
0.037247
0.030415
0.036015
0.029703
0.033144
0.026379
0.027189
0.018846
0.016069
0.004834
-0.002958
-0.018452
-0.032831
-0.053447
-0.075030
-0.099941
-0.126114
-0.150970
-0.174084
-0.190209
-0.201698
-0.203776
-0.201694
-0.192344
-0.182163
-0.168018
-0.155955
-0.142276
-0.131869
-0.120946
-0.113227
-0.105346
-0.100079
-0.094704
-0.091279
-0.087723
-0.085555
-0.083237
-0.081884
-0.080380
-0.079541
-0.078562
-0.078043
-0.077399
-0.077079
-0.076647
-0.076452
-0.076151
-0.076037
-0.075817
-0.075757
-0.075582
-0.075563
-0.075409
-0.075425
-0.075274
-0.075321
-0.075160
-0.075242
-0.075057
-0.075178
-0.074957
-0.075125
-0.074855
-0.075082
-0.074746
-0.075046
-0.074625
-0.075019
-0.074487
-0.075002
-0.074327
-0.074997
-0.074138
-0.075009
-0.073912
-0.075044
-0.073640
-0.075108
-0.073309
-0.075214
-0.072903
-0.075374
-0.072400
-0.075608
-0.071774
0.060654
0.008307
0.053117
0.014788
0.048045
0.019988
0.044867
0.024322
0.043137
0.028052
0.042470
0.031287
0.042476
0.033968
0.042686
0.035810
0.042429
0.036199
0.040675
0.034009
0.035783
0.027352
0.025197
0.013291
0.005198
-0.012227
-0.028848
-0.053559
-0.080521
-0.112273
-0.146749
-0.179786
-0.209794
-0.229770
-0.242752
-0.242510
-0.236370
-0.221084
-0.205217
-0.185163
-0.168529
-0.150701
-0.137494
-0.124190
-0.115050
-0.105994
-0.100132
-0.094263
-0.090662
-0.086948
-0.084788
-0.082459
-0.081178
-0.079717
-0.078961
-0.078037
-0.077593
-0.076999
-0.076739
-0.076348
-0.076199
-0.075930
-0.075850
-0.075652
-0.075619
-0.075459
-0.075461
-0.075316
-0.075347
-0.075201
-0.075262
-0.075101
-0.075196
-0.075008
-0.075141
-0.074914
-0.075095
-0.074815
-0.075057
-0.074706
-0.075025
-0.074583
-0.075000
-0.074441
-0.074985
-0.074275
-0.074983
-0.074078
-0.074998
-0.073842
-0.075036
-0.073556
-0.075105
-0.073208
-0.075217
-0.072779
-0.075388
-0.072249
-0.075636
-0.071588
0.064987
0.009040
0.056975
0.016151
0.051711
0.021949
0.048586
0.026918
0.047147
0.031379
0.047024
0.035508
0.047865
0.039318
0.049254
0.042604
0.050585
0.044819
0.050867
0.044855
0.048404
0.040684
0.040323
0.028842
0.021998
0.003976
-0.013203
-0.040794
-0.072258
-0.110717
-0.155113
-0.199032
-0.240358
-0.267951
-0.284875
-0.282990
-0.271776
-0.248993
-0.225680
-0.198266
-0.176194
-0.153801
-0.137841
-0.122440
-0.112337
-0.102613
-0.096668
-0.090783
-0.087435
-0.083940
-0.082110
-0.080047
-0.079071
-0.077852
-0.077348
-0.076621
-0.076373
-0.075933
-0.075822
-0.075547
-0.075510
-0.075329
-0.075333
-0.075200
-0.075230
-0.075117
-0.075166
-0.075055
-0.075124
-0.075001
-0.075092
-0.074946
-0.075065
-0.074885
-0.075040
-0.074815
-0.075016
-0.074732
-0.074994
-0.074634
-0.074974
-0.074517
-0.074959
-0.074378
-0.074952
-0.074211
-0.074955
-0.074010
-0.074975
-0.073767
-0.075019
-0.073470
-0.075094
-0.073107
-0.075214
-0.072660
-0.075394
-0.072105
-0.075655
-0.071413
0.068880
0.009670
0.060425
0.017321
0.054964
0.023631
0.051857
0.029138
0.050643
0.034219
0.050968
0.039109
0.052516
0.043890
0.054926
0.048434
0.057663
0.052271
0.059786
0.054315
0.059545
0.052377
0.053692
0.042322
0.036393
0.016933
-0.001985
-0.034738
-0.074303
-0.124545
-0.186261
-0.248964
-0.305136
-0.340786
-0.360142
-0.351679
-0.329509
-0.293142
-0.257645
-0.218987
-0.189066
-0.160407
-0.140762
-0.122646
-0.111260
-0.100653
-0.094504
-0.088505
-0.085332
-0.081981
-0.080408
-0.078537
-0.077794
-0.076745
-0.076423
-0.075829
-0.075714
-0.075371
-0.075356
-0.075150
-0.075181
-0.075046
-0.075099
-0.074998
-0.075062
-0.074971
-0.075045
-0.074948
-0.075035
-0.074920
-0.075026
-0.074883
-0.075014
-0.074834
-0.075001
-0.074771
-0.074985
-0.074692
-0.074968
-0.074596
-0.074952
-0.074478
-0.074941
-0.074337
-0.074936
-0.074165
-0.074942
-0.073958
-0.074964
-0.073706
-0.075011
-0.073399
-0.075091
-0.073021
-0.075216
-0.072555
-0.075405
-0.071977
-0.075678
-0.071255
0.072614
0.010318
0.063759
0.018534
0.058159
0.025397
0.055148
0.031508
0.054265
0.037314
0.055191
0.043132
0.057675
0.049150
0.061465
0.055381
0.066179
0.061535
0.071071
0.066734
0.074586
0.068925
0.073474
0.063739
0.061174
0.042518
0.025233
-0.010056
-0.054917
-0.115691
-0.198185
-0.287041
-0.370873
-0.424795
-0.451394
-0.435677
-0.397157
-0.341557
-0.288675
-0.234934
-0.195311
-0.159765
-0.136772
-0.116672
-0.104879
-0.094251
-0.088648
-0.083186
-0.080713
-0.077942
-0.076970
-0.075578
-0.075295
-0.074606
-0.074618
-0.074285
-0.074410
-0.074255
-0.074410
-0.074338
-0.074490
-0.074452
-0.074592
-0.074559
-0.074687
-0.074645
-0.074766
-0.074704
-0.074826
-0.074735
-0.074869
-0.074741
-0.074895
-0.074723
-0.074909
-0.074683
-0.074914
-0.074619
-0.074912
-0.074533
-0.074908
-0.074422
-0.074905
-0.074283
-0.074906
-0.074111
-0.074918
-0.073901
-0.074945
-0.073643
-0.074996
-0.073327
-0.075081
-0.072938
-0.075213
-0.072457
-0.075410
-0.071859
-0.075694
-0.071111
0.075849
0.010855
0.066635
0.019539
0.060894
0.026856
0.057937
0.033463
0.057310
0.039865
0.058721
0.046452
0.061985
0.053513
0.066957
0.061202
0.073420
0.069429
0.080865
0.077573
0.088005
0.083822
0.091718
0.083668
0.084723
0.066700
0.050782
0.010820
-0.043793
-0.124068
-0.248493
-0.387398
-0.504703
-0.574905
-0.605435
-0.570005
-0.500168
-0.412258
-0.333086
-0.257600
-0.204838
-0.160551
-0.133520
-0.111246
-0.099100
-0.088575
-0.083627
-0.078777
-0.077030
-0.074834
-0.074429
-0.073466
-0.073581
-0.073187
-0.073468
-0.073333
-0.073636
-0.073612
-0.073886
-0.073900
-0.074132
-0.074151
-0.074344
-0.074349
-0.074514
-0.074496
-0.074643
-0.074596
-0.074738
-0.074656
-0.074803
-0.074681
-0.074846
-0.074676
-0.074872
-0.074643
-0.074884
-0.074584
-0.074888
-0.074500
-0.074888
-0.074389
-0.074888
-0.074249
-0.074892
-0.074074
-0.074906
-0.073859
-0.074936
-0.073594
-0.074990
-0.073270
-0.075078
-0.072869
-0.075215
-0.072373
-0.075418
-0.071756
-0.075712
-0.070985
0.078820
0.011383
0.069296
0.020532
0.063464
0.028313
0.060618
0.035444
0.060315
0.042495
0.062307
0.049947
0.066496
0.058215
0.072886
0.067646
0.081503
0.078449
0.092226
0.090468
0.104353
0.102549
0.115521
0.110910
0.118955
0.104954
0.096618
0.057512
0.002318
-0.092850
-0.267331
-0.474147
-0.656361
-0.762548
-0.799445
-0.736130
-0.619529
-0.488947
-0.375526
-0.271774
-0.203786
-0.151077
-0.121531
-0.098880
-0.087897
-0.078752
-0.075380
-0.071871
-0.071362
-0.070147
-0.070599
-0.070299
-0.070984
-0.071030
-0.071689
-0.071846
-0.072401
-0.072572
-0.073017
-0.073164
-0.073513
-0.073623
-0.073898
-0.073967
-0.074189
-0.074216
-0.074405
-0.074389
-0.074561
-0.074501
-0.074672
-0.074563
-0.074747
-0.074584
-0.074796
-0.074570
-0.074826
-0.074525
-0.074843
-0.074450
-0.074852
-0.074344
-0.074859
-0.074206
-0.074869
-0.074032
-0.074887
-0.073815
-0.074920
-0.073546
-0.074978
-0.073215
-0.075071
-0.072805
-0.075212
-0.072297
-0.075422
-0.071665
-0.075724
-0.070874
0.081252
0.011795
0.071462
0.021307
0.065539
0.029449
0.062761
0.036984
0.062696
0.044539
0.065133
0.052669
0.070052
0.061900
0.077597
0.072765
0.088037
0.085782
0.101676
0.101320
0.118538
0.119116
0.137413
0.136690
0.152916
0.144366
0.146317
0.109522
0.054289
-0.072671
-0.360657
-0.681949
-0.886416
-0.977759
-1.007697
-0.899767
-0.722788
-0.551640
-0.413191
-0.282890
-0.199219
-0.138346
-0.107041
-0.085204
-0.076298
-0.069227
-0.067816
-0.065862
-0.066662
-0.066431
-0.067692
-0.067990
-0.069168
-0.069577
-0.070537
-0.070916
-0.071659
-0.071968
-0.072530
-0.072764
-0.073188
-0.073354
-0.073678
-0.073783
-0.074038
-0.074088
-0.074299
-0.074298
-0.074486
-0.074434
-0.074617
-0.074513
-0.074707
-0.074545
-0.074765
-0.074538
-0.074802
-0.074497
-0.074824
-0.074424
-0.074837
-0.074319
-0.074846
-0.074181
-0.074858
-0.074004
-0.074878
-0.073783
-0.074913
-0.073510
-0.074973
-0.073172
-0.075068
-0.072755
-0.075213
-0.072236
-0.075428
-0.071590
-0.075737
-0.070782
0.083320
0.012168
0.073319
0.022013
0.067343
0.030492
0.064663
0.038416
0.064858
0.046466
0.067762
0.055274
0.073439
0.065489
0.082185
0.077839
0.094548
0.093191
0.111334
0.112550
0.133502
0.136837
0.161592
0.165783
0.193333
0.193435
0.214288
0.189933
0.158031
0.021187
-0.312957
-0.626801
-0.794894
-0.864980
-0.945998
-0.882156
-0.683050
-0.507796
-0.389027
-0.260066
-0.175212
-0.114060
-0.084905
-0.066597
-0.061298
-0.057438
-0.058628
-0.058699
-0.061074
-0.062029
-0.064219
-0.065214
-0.066950
-0.067778
-0.069081
-0.069720
-0.070679
-0.071154
-0.071857
-0.072200
-0.072718
-0.072957
-0.073345
-0.073499
-0.073798
-0.073882
-0.074125
-0.074147
-0.074358
-0.074322
-0.074522
-0.074428
-0.074635
-0.074480
-0.074711
-0.074487
-0.074761
-0.074456
-0.074792
-0.074389
-0.074811
-0.074288
-0.074826
-0.074151
-0.074842
-0.073975
-0.074865
-0.073753
-0.074903
-0.073477
-0.074965
-0.073135
-0.075063
-0.072711
-0.075212
-0.072185
-0.075431
-0.071529
-0.075745
-0.070707
0.084831
0.012428
0.074667
0.022503
0.068641
0.031215
0.066016
0.039405
0.066380
0.047795
0.069600
0.057073
0.075806
0.067981
0.085416
0.081412
0.099216
0.098537
0.118480
0.120974
0.145143
0.150943
0.181864
0.191098
0.231209
0.242372
0.289960
0.291022
0.316872
0.227944
-0.066761
-0.376080
-0.607256
-0.651758
-0.702825
-0.675584
-0.528349
-0.398161
-0.319464
-0.215719
-0.141276
-0.087331
-0.063241
-0.049736
-0.048336
-0.047670
-0.051294
-0.053192
-0.056935
-0.058886
-0.061833
-0.063374
-0.065534
-0.066670
-0.068217
-0.069034
-0.070138
-0.070720
-0.071510
-0.071918
-0.072491
-0.072770
-0.073193
-0.073373
-0.073695
-0.073795
-0.074053
-0.074085
-0.074307
-0.074277
-0.074486
-0.074395
-0.074608
-0.074454
-0.074691
-0.074466
-0.074745
-0.074438
-0.074780
-0.074373
-0.074801
-0.074273
-0.074818
-0.074135
-0.074835
-0.073958
-0.074859
-0.073734
-0.074898
-0.073455
-0.074962
-0.073109
-0.075061
-0.072680
-0.075212
-0.072148
-0.075434
-0.071483
-0.075753
-0.070651
0.085893
0.012621
0.075621
0.022870
0.069572
0.031761
0.067004
0.040158
0.067514
0.048817
0.070995
0.058471
0.077632
0.069936
0.087943
0.084234
0.102906
0.102781
0.124177
0.127678
0.154504
0.162175
0.198372
0.211281
0.262697
0.281687
0.355041
0.374490
0.461122
0.409789
0.050599
-0.327331
-0.595939
-0.600313
-0.570377
-0.503572
-0.396305
-0.299267
-0.245191
-0.169629
-0.106231
-0.062427
-0.043988
-0.035474
-0.037465
-0.039559
-0.045153
-0.048561
-0.053403
-0.056175
-0.059734
-0.061730
-0.064239
-0.065636
-0.067390
-0.068363
-0.069594
-0.070271
-0.071142
-0.071612
-0.072237
-0.072556
-0.073014
-0.073221
-0.073567
-0.073686
-0.073961
-0.074005
-0.074240
-0.074218
-0.074436
-0.074351
-0.074571
-0.074420
-0.074663
-0.074440
-0.074724
-0.074417
-0.074763
-0.074355
-0.074788
-0.074257
-0.074807
-0.074120
-0.074826
-0.073943
-0.074852
-0.073719
-0.074893
-0.073438
-0.074958
-0.073090
-0.075059
-0.072659
-0.075211
-0.072122
-0.075435
-0.071452
-0.075757
-0.070613
0.086405
0.012710
0.076079
0.023038
0.070014
0.032009
0.067466
0.040500
0.068038
0.049279
0.071635
0.059102
0.078465
0.070821
0.089100
0.085524
0.104616
0.104757
0.126884
0.130897
0.159130
0.167820
0.206989
0.222055
0.280275
0.304195
0.393913
0.425480
0.551036
0.514454
0.104180
-0.257853
-0.486208
-0.502621
-0.495602
-0.446754
-0.347974
-0.248402
-0.204805
-0.141796
-0.085749
-0.047899
-0.033397
-0.027831
-0.031859
-0.035464
-0.042138
-0.046337
-0.051754
-0.054941
-0.058807
-0.061025
-0.063702
-0.065220
-0.067068
-0.068110
-0.069395
-0.070112
-0.071016
-0.071510
-0.072155
-0.072489
-0.072960
-0.073176
-0.073531
-0.073655
-0.073936
-0.073984
-0.074222
-0.074203
-0.074423
-0.074339
-0.074562
-0.074412
-0.074656
-0.074433
-0.074718
-0.074410
-0.074759
-0.074349
-0.074785
-0.074251
-0.074804
-0.074115
-0.074824
-0.073937
-0.074850
-0.073712
-0.074891
-0.073431
-0.074956
-0.073082
-0.075058
-0.072648
-0.075211
-0.072109
-0.075437
-0.071437
-0.075760
-0.070594
0.086405
0.012710
0.076079
0.023038
0.070014
0.032009
0.067466
0.040500
0.068038
0.049279
0.071635
0.059102
0.078465
0.070821
0.089100
0.085524
0.104616
0.104757
0.126884
0.130897
0.159130
0.167820
0.206989
0.222055
0.280275
0.304195
0.393913
0.425480
0.551036
0.514454
0.104180
-0.257853
-0.486208
-0.502621
-0.495602
-0.446754
-0.347974
-0.248402
-0.204805
-0.141796
-0.085749
-0.047899
-0.033397
-0.027831
-0.031859
-0.035464
-0.042138
-0.046337
-0.051754
-0.054941
-0.058807
-0.061025
-0.063702
-0.065220
-0.067068
-0.068110
-0.069395
-0.070112
-0.071016
-0.071510
-0.072155
-0.072489
-0.072960
-0.073176
-0.073531
-0.073655
-0.073936
-0.073984
-0.074222
-0.074203
-0.074423
-0.074339
-0.074562
-0.074412
-0.074656
-0.074433
-0.074718
-0.074410
-0.074759
-0.074349
-0.074785
-0.074251
-0.074804
-0.074115
-0.074824
-0.073937
-0.074850
-0.073712
-0.074891
-0.073431
-0.074956
-0.073082
-0.075058
-0.072648
-0.075211
-0.072109
-0.075437
-0.071437
-0.075760
-0.070594
0.085893
0.012621
0.075621
0.022870
0.069572
0.031761
0.067004
0.040158
0.067514
0.048817
0.070995
0.058471
0.077632
0.069936
0.087943
0.084234
0.102906
0.102781
0.124177
0.127678
0.154504
0.162175
0.198372
0.211281
0.262697
0.281687
0.355041
0.374490
0.461122
0.409789
0.050599
-0.327331
-0.595939
-0.600313
-0.570377
-0.503572
-0.396305
-0.299267
-0.245191
-0.169629
-0.106231
-0.062427
-0.043988
-0.035474
-0.037465
-0.039559
-0.045153
-0.048561
-0.053403
-0.056175
-0.059734
-0.061730
-0.064239
-0.065636
-0.067390
-0.068363
-0.069594
-0.070271
-0.071142
-0.071612
-0.072237
-0.072556
-0.073014
-0.073221
-0.073567
-0.073686
-0.073961
-0.074005
-0.074240
-0.074218
-0.074436
-0.074351
-0.074571
-0.074420
-0.074663
-0.074440
-0.074724
-0.074417
-0.074763
-0.074355
-0.074788
-0.074257
-0.074807
-0.074120
-0.074826
-0.073943
-0.074852
-0.073719
-0.074893
-0.073438
-0.074958
-0.073090
-0.075059
-0.072659
-0.075211
-0.072122
-0.075435
-0.071452
-0.075757
-0.070613
0.084831
0.012428
0.074667
0.022503
0.068641
0.031215
0.066016
0.039405
0.066380
0.047795
0.069600
0.057073
0.075806
0.067981
0.085416
0.081412
0.099216
0.098537
0.118480
0.120974
0.145143
0.150943
0.181864
0.191098
0.231209
0.242372
0.289960
0.291022
0.316872
0.227944
-0.066761
-0.376080
-0.607256
-0.651758
-0.702825
-0.675584
-0.528349
-0.398161
-0.319464
-0.215719
-0.141276
-0.087331
-0.063241
-0.049736
-0.048336
-0.047670
-0.051294
-0.053192
-0.056935
-0.058886
-0.061833
-0.063374
-0.065534
-0.066670
-0.068217
-0.069034
-0.070138
-0.070720
-0.071510
-0.071918
-0.072491
-0.072770
-0.073193
-0.073373
-0.073695
-0.073795
-0.074053
-0.074085
-0.074307
-0.074277
-0.074486
-0.074395
-0.074608
-0.074454
-0.074691
-0.074466
-0.074745
-0.074438
-0.074780
-0.074373
-0.074801
-0.074273
-0.074818
-0.074135
-0.074835
-0.073958
-0.074859
-0.073734
-0.074898
-0.073455
-0.074962
-0.073109
-0.075061
-0.072680
-0.075212
-0.072148
-0.075434
-0.071483
-0.075753
-0.070651
0.083320
0.012168
0.073319
0.022013
0.067343
0.030492
0.064663
0.038416
0.064858
0.046466
0.067762
0.055274
0.073439
0.065489
0.082185
0.077839
0.094548
0.093191
0.111334
0.112550
0.133502
0.136837
0.161592
0.165783
0.193333
0.193435
0.214288
0.189933
0.158031
0.021187
-0.312957
-0.626801
-0.794894
-0.864980
-0.945998
-0.882156
-0.683050
-0.507796
-0.389027
-0.260066
-0.175212
-0.114060
-0.084905
-0.066597
-0.061298
-0.057438
-0.058628
-0.058699
-0.061074
-0.062029
-0.064219
-0.065214
-0.066950
-0.067778
-0.069081
-0.069720
-0.070679
-0.071154
-0.071857
-0.072200
-0.072718
-0.072957
-0.073345
-0.073499
-0.073798
-0.073882
-0.074125
-0.074147
-0.074358
-0.074322
-0.074522
-0.074428
-0.074635
-0.074480
-0.074711
-0.074487
-0.074761
-0.074456
-0.074792
-0.074389
-0.074811
-0.074288
-0.074826
-0.074151
-0.074842
-0.073975
-0.074865
-0.073753
-0.074903
-0.073477
-0.074965
-0.073135
-0.075063
-0.072711
-0.075212
-0.072185
-0.075431
-0.071529
-0.075745
-0.070707
0.081252
0.011795
0.071462
0.021307
0.065539
0.029449
0.062761
0.036984
0.062696
0.044539
0.065133
0.052669
0.070052
0.061900
0.077597
0.072765
0.088037
0.085782
0.101676
0.101320
0.118538
0.119116
0.137413
0.136690
0.152916
0.144366
0.146317
0.109522
0.054289
-0.072671
-0.360657
-0.681949
-0.886416
-0.977759
-1.007697
-0.899767
-0.722788
-0.551640
-0.413191
-0.282890
-0.199219
-0.138346
-0.107041
-0.085204
-0.076298
-0.069227
-0.067816
-0.065862
-0.066662
-0.066431
-0.067692
-0.067990
-0.069168
-0.069577
-0.070537
-0.070916
-0.071659
-0.071968
-0.072530
-0.072764
-0.073188
-0.073354
-0.073678
-0.073783
-0.074038
-0.074088
-0.074299
-0.074298
-0.074486
-0.074434
-0.074617
-0.074513
-0.074707
-0.074545
-0.074765
-0.074538
-0.074802
-0.074497
-0.074824
-0.074424
-0.074837
-0.074319
-0.074846
-0.074181
-0.074858
-0.074004
-0.074878
-0.073783
-0.074913
-0.073510
-0.074973
-0.073172
-0.075068
-0.072755
-0.075213
-0.072236
-0.075428
-0.071590
-0.075737
-0.070782
0.078820
0.011383
0.069296
0.020532
0.063464
0.028313
0.060618
0.035444
0.060315
0.042495
0.062307
0.049947
0.066496
0.058215
0.072886
0.067646
0.081503
0.078449
0.092226
0.090468
0.104353
0.102549
0.115521
0.110910
0.118955
0.104954
0.096618
0.057512
0.002318
-0.092850
-0.267331
-0.474147
-0.656361
-0.762548
-0.799445
-0.736130
-0.619529
-0.488947
-0.375526
-0.271774
-0.203786
-0.151077
-0.121531
-0.098880
-0.087897
-0.078752
-0.075380
-0.071871
-0.071362
-0.070147
-0.070599
-0.070299
-0.070984
-0.071030
-0.071689
-0.071846
-0.072401
-0.072572
-0.073017
-0.073164
-0.073513
-0.073623
-0.073898
-0.073967
-0.074189
-0.074216
-0.074405
-0.074389
-0.074561
-0.074501
-0.074672
-0.074563
-0.074747
-0.074584
-0.074796
-0.074570
-0.074826
-0.074525
-0.074843
-0.074450
-0.074852
-0.074344
-0.074859
-0.074206
-0.074869
-0.074032
-0.074887
-0.073815
-0.074920
-0.073546
-0.074978
-0.073215
-0.075071
-0.072805
-0.075212
-0.072297
-0.075422
-0.071665
-0.075724
-0.070874
0.075849
0.010855
0.066635
0.019539
0.060894
0.026856
0.057937
0.033463
0.057310
0.039865
0.058721
0.046452
0.061985
0.053513
0.066957
0.061202
0.073420
0.069429
0.080865
0.077573
0.088005
0.083822
0.091718
0.083668
0.084723
0.066700
0.050782
0.010820
-0.043793
-0.124068
-0.248493
-0.387398
-0.504703
-0.574905
-0.605435
-0.570005
-0.500168
-0.412258
-0.333086
-0.257600
-0.204838
-0.160551
-0.133520
-0.111246
-0.099100
-0.088575
-0.083627
-0.078777
-0.077030
-0.074834
-0.074429
-0.073466
-0.073581
-0.073187
-0.073468
-0.073333
-0.073636
-0.073612
-0.073886
-0.073900
-0.074132
-0.074151
-0.074344
-0.074349
-0.074514
-0.074496
-0.074643
-0.074596
-0.074738
-0.074656
-0.074803
-0.074681
-0.074846
-0.074676
-0.074872
-0.074643
-0.074884
-0.074584
-0.074888
-0.074500
-0.074888
-0.074389
-0.074888
-0.074249
-0.074892
-0.074074
-0.074906
-0.073859
-0.074936
-0.073594
-0.074990
-0.073270
-0.075078
-0.072869
-0.075215
-0.072373
-0.075418
-0.071756
-0.075712
-0.070985
0.072614
0.010318
0.063759
0.018534
0.058159
0.025397
0.055148
0.031508
0.054265
0.037314
0.055191
0.043132
0.057675
0.049150
0.061465
0.055381
0.066179
0.061535
0.071071
0.066734
0.074586
0.068925
0.073474
0.063739
0.061174
0.042518
0.025233
-0.010056
-0.054917
-0.115691
-0.198185
-0.287041
-0.370873
-0.424795
-0.451394
-0.435677
-0.397157
-0.341557
-0.288675
-0.234934
-0.195311
-0.159765
-0.136772
-0.116672
-0.104879
-0.094251
-0.088648
-0.083186
-0.080713
-0.077942
-0.076970
-0.075578
-0.075295
-0.074606
-0.074618
-0.074285
-0.074410
-0.074255
-0.074410
-0.074338
-0.074490
-0.074452
-0.074592
-0.074559
-0.074687
-0.074645
-0.074766
-0.074704
-0.074826
-0.074735
-0.074869
-0.074741
-0.074895
-0.074723
-0.074909
-0.074683
-0.074914
-0.074619
-0.074912
-0.074533
-0.074908
-0.074422
-0.074905
-0.074283
-0.074906
-0.074111
-0.074918
-0.073901
-0.074945
-0.073643
-0.074996
-0.073327
-0.075081
-0.072938
-0.075213
-0.072457
-0.075410
-0.071859
-0.075694
-0.071111
0.068880
0.009670
0.060425
0.017321
0.054964
0.023631
0.051857
0.029138
0.050643
0.034219
0.050968
0.039109
0.052516
0.043890
0.054926
0.048434
0.057663
0.052271
0.059786
0.054315
0.059545
0.052377
0.053692
0.042322
0.036393
0.016933
-0.001985
-0.034738
-0.074303
-0.124545
-0.186261
-0.248964
-0.305136
-0.340786
-0.360142
-0.351679
-0.329509
-0.293142
-0.257645
-0.218987
-0.189066
-0.160407
-0.140762
-0.122646
-0.111260
-0.100653
-0.094504
-0.088505
-0.085332
-0.081981
-0.080408
-0.078537
-0.077794
-0.076745
-0.076423
-0.075829
-0.075714
-0.075371
-0.075356
-0.075150
-0.075181
-0.075046
-0.075099
-0.074998
-0.075062
-0.074971
-0.075045
-0.074948
-0.075035
-0.074920
-0.075026
-0.074883
-0.075014
-0.074834
-0.075001
-0.074771
-0.074985
-0.074692
-0.074968
-0.074596
-0.074952
-0.074478
-0.074941
-0.074337
-0.074936
-0.074165
-0.074942
-0.073958
-0.074964
-0.073706
-0.075011
-0.073399
-0.075091
-0.073021
-0.075216
-0.072555
-0.075405
-0.071977
-0.075678
-0.071255
0.064987
0.009040
0.056975
0.016151
0.051711
0.021949
0.048586
0.026918
0.047147
0.031379
0.047024
0.035508
0.047865
0.039318
0.049254
0.042604
0.050585
0.044819
0.050867
0.044855
0.048404
0.040684
0.040323
0.028842
0.021998
0.003976
-0.013203
-0.040794
-0.072258
-0.110717
-0.155113
-0.199032
-0.240358
-0.267951
-0.284875
-0.282990
-0.271776
-0.248993
-0.225680
-0.198266
-0.176194
-0.153801
-0.137841
-0.122440
-0.112337
-0.102613
-0.096668
-0.090783
-0.087435
-0.083940
-0.082110
-0.080047
-0.079071
-0.077852
-0.077348
-0.076621
-0.076373
-0.075933
-0.075822
-0.075547
-0.075510
-0.075329
-0.075333
-0.075200
-0.075230
-0.075117
-0.075166
-0.075055
-0.075124
-0.075001
-0.075092
-0.074946
-0.075065
-0.074885
-0.075040
-0.074815
-0.075016
-0.074732
-0.074994
-0.074634
-0.074974
-0.074517
-0.074959
-0.074378
-0.074952
-0.074211
-0.074955
-0.074010
-0.074975
-0.073767
-0.075019
-0.073470
-0.075094
-0.073107
-0.075214
-0.072660
-0.075394
-0.072105
-0.075655
-0.071413
0.060654
0.008307
0.053117
0.014788
0.048045
0.019988
0.044867
0.024322
0.043137
0.028052
0.042470
0.031287
0.042476
0.033968
0.042686
0.035810
0.042429
0.036199
0.040675
0.034009
0.035783
0.027352
0.025197
0.013291
0.005198
-0.012227
-0.028848
-0.053559
-0.080521
-0.112273
-0.146749
-0.179786
-0.209794
-0.229770
-0.242752
-0.242510
-0.236370
-0.221084
-0.205217
-0.185163
-0.168529
-0.150701
-0.137494
-0.124190
-0.115050
-0.105994
-0.100132
-0.094263
-0.090662
-0.086948
-0.084788
-0.082459
-0.081178
-0.079717
-0.078961
-0.078037
-0.077593
-0.076999
-0.076739
-0.076348
-0.076199
-0.075930
-0.075850
-0.075652
-0.075619
-0.075459
-0.075461
-0.075316
-0.075347
-0.075201
-0.075262
-0.075101
-0.075196
-0.075008
-0.075141
-0.074914
-0.075095
-0.074815
-0.075057
-0.074706
-0.075025
-0.074583
-0.075000
-0.074441
-0.074985
-0.074275
-0.074983
-0.074078
-0.074998
-0.073842
-0.075036
-0.073556
-0.075105
-0.073208
-0.075217
-0.072779
-0.075388
-0.072249
-0.075636
-0.071588
0.056261
0.007617
0.049237
0.013516
0.044420
0.018181
0.041279
0.021975
0.039388
0.025115
0.038363
0.027667
0.037810
0.029536
0.037247
0.030415
0.036015
0.029703
0.033144
0.026379
0.027189
0.018846
0.016069
0.004834
-0.002958
-0.018452
-0.032831
-0.053447
-0.075030
-0.099941
-0.126114
-0.150970
-0.174084
-0.190209
-0.201698
-0.203776
-0.201694
-0.192344
-0.182163
-0.168018
-0.155955
-0.142276
-0.131869
-0.120946
-0.113227
-0.105346
-0.100079
-0.094704
-0.091279
-0.087723
-0.085555
-0.083237
-0.081884
-0.080380
-0.079541
-0.078562
-0.078043
-0.077399
-0.077079
-0.076647
-0.076452
-0.076151
-0.076037
-0.075817
-0.075757
-0.075582
-0.075563
-0.075409
-0.075425
-0.075274
-0.075321
-0.075160
-0.075242
-0.075057
-0.075178
-0.074957
-0.075125
-0.074855
-0.075082
-0.074746
-0.075046
-0.074625
-0.075019
-0.074487
-0.075002
-0.074327
-0.074997
-0.074138
-0.075009
-0.073912
-0.075044
-0.073640
-0.075108
-0.073309
-0.075214
-0.072903
-0.075374
-0.072400
-0.075608
-0.071774
0.051497
0.006835
0.045009
0.012073
0.040440
0.016126
0.037303
0.019298
0.035192
0.021751
0.033728
0.023506
0.032506
0.024425
0.031033
0.024174
0.028653
0.022156
0.024445
0.017426
0.017119
0.008613
0.004951
-0.006078
-0.014109
-0.028586
-0.041890
-0.060135
-0.078595
-0.099426
-0.120441
-0.140120
-0.157996
-0.170575
-0.179848
-0.182148
-0.181633
-0.175373
-0.168461
-0.158014
-0.148939
-0.138106
-0.129642
-0.120418
-0.113680
-0.106619
-0.101708
-0.096625
-0.093224
-0.089691
-0.087403
-0.084993
-0.083476
-0.081845
-0.080845
-0.079740
-0.079081
-0.078327
-0.077891
-0.077369
-0.077082
-0.076709
-0.076523
-0.076247
-0.076131
-0.075914
-0.075851
-0.075666
-0.075646
-0.075474
-0.075493
-0.075318
-0.075375
-0.075183
-0.075282
-0.075061
-0.075208
-0.074943
-0.075148
-0.074824
-0.075100
-0.074697
-0.075064
-0.074557
-0.075039
-0.074399
-0.075028
-0.074216
-0.075034
-0.073999
-0.075063
-0.073739
-0.075121
-0.073425
-0.075217
-0.073041
-0.075367
-0.072566
-0.075586
-0.071977
0.046765
0.006116
0.040842
0.010757
0.036582
0.014279
0.033546
0.016940
0.031356
0.018865
0.029651
0.020049
0.028042
0.020345
0.026062
0.019430
0.023105
0.016766
0.018360
0.011549
0.010752
0.002685
-0.001049
-0.011138
-0.018470
-0.031157
-0.042539
-0.057839
-0.072876
-0.089687
-0.106315
-0.121926
-0.136276
-0.146814
-0.155067
-0.158175
-0.159236
-0.155742
-0.151601
-0.144365
-0.137949
-0.129780
-0.123282
-0.115894
-0.110395
-0.104453
-0.100233
-0.095771
-0.092715
-0.089498
-0.087359
-0.085095
-0.083626
-0.082052
-0.081053
-0.079963
-0.079286
-0.078528
-0.078069
-0.077536
-0.077227
-0.076844
-0.076638
-0.076353
-0.076221
-0.075998
-0.075921
-0.075733
-0.075701
-0.075529
-0.075536
-0.075364
-0.075410
-0.075225
-0.075311
-0.075100
-0.075233
-0.074982
-0.075170
-0.074864
-0.075120
-0.074741
-0.075081
-0.074606
-0.075055
-0.074455
-0.075042
-0.074282
-0.075046
-0.074078
-0.075071
-0.073834
-0.075123
-0.073539
-0.075212
-0.073180
-0.075351
-0.072737
-0.075554
-0.072187
0.041734
0.005316
0.036391
0.009293
0.032432
0.012219
0.029464
0.014296
0.027141
0.015609
0.025120
0.016121
0.023025
0.015667
0.020407
0.013927
0.016698
0.010403
0.011172
0.004394
0.002919
-0.004991
-0.009104
-0.018721
-0.025888
-0.037554
-0.047921
-0.061451
-0.074425
-0.088727
-0.102491
-0.115359
-0.127005
-0.135686
-0.142615
-0.145586
-0.147070
-0.144911
-0.142243
-0.136919
-0.132137
-0.125702
-0.120483
-0.114334
-0.109641
-0.104445
-0.100641
-0.096560
-0.093662
-0.090597
-0.088471
-0.086231
-0.084705
-0.083093
-0.082011
-0.080858
-0.080094
-0.079270
-0.078732
-0.078138
-0.077760
-0.077325
-0.077062
-0.076734
-0.076555
-0.076299
-0.076184
-0.075971
-0.075907
-0.075718
-0.075698
-0.075516
-0.075538
-0.075349
-0.075413
-0.075204
-0.075315
-0.075071
-0.075236
-0.074945
-0.075174
-0.074817
-0.075127
-0.074682
-0.075093
-0.074534
-0.075074
-0.074367
-0.075072
-0.074173
-0.075091
-0.073944
-0.075136
-0.073669
-0.075216
-0.073334
-0.075342
-0.072923
-0.075529
-0.072414
0.036812
0.004592
0.032069
0.007980
0.028466
0.010399
0.025662
0.012011
0.023344
0.012874
0.021201
0.012936
0.018886
0.012037
0.015994
0.009887
0.012026
0.006058
0.006365
-0.000022
-0.001713
-0.009033
-0.012982
-0.021647
-0.028083
-0.038275
-0.047180
-0.058650
-0.069438
-0.081286
-0.092552
-0.103168
-0.112844
-0.120329
-0.126539
-0.129747
-0.131839
-0.131025
-0.129754
-0.126220
-0.122994
-0.118250
-0.114360
-0.109543
-0.105822
-0.101561
-0.098399
-0.094924
-0.092419
-0.089725
-0.087824
-0.085800
-0.084396
-0.082905
-0.081883
-0.080796
-0.080060
-0.079270
-0.078741
-0.078164
-0.077787
-0.077361
-0.077094
-0.076771
-0.076587
-0.076334
-0.076212
-0.076003
-0.075933
-0.075748
-0.075721
-0.075545
-0.075558
-0.075378
-0.075431
-0.075234
-0.075331
-0.075105
-0.075252
-0.074982
-0.075190
-0.074860
-0.075142
-0.074732
-0.075107
-0.074593
-0.075087
-0.074438
-0.075082
-0.074258
-0.075098
-0.074047
-0.075138
-0.073793
-0.075209
-0.073487
-0.075324
-0.073110
-0.075493
-0.072645
0.031665
0.003801
0.027529
0.006542
0.024269
0.008399
0.021595
0.009484
0.019234
0.009822
0.016898
0.009342
0.014270
0.007880
0.010977
0.005163
0.006571
0.000813
0.000527
-0.005649
-0.007747
-0.014747
-0.018823
-0.026940
-0.033095
-0.042398
-0.050493
-0.060675
-0.070110
-0.080361
-0.089946
-0.098973
-0.107125
-0.113533
-0.118908
-0.121906
-0.124040
-0.123816
-0.123215
-0.120694
-0.118363
-0.114669
-0.111595
-0.107636
-0.104518
-0.100858
-0.098076
-0.094971
-0.092669
-0.090174
-0.088357
-0.086421
-0.085029
-0.083560
-0.082513
-0.081413
-0.080634
-0.079814
-0.079239
-0.078627
-0.078205
-0.077745
-0.077438
-0.077086
-0.076867
-0.076590
-0.076438
-0.076211
-0.076113
-0.075916
-0.075866
-0.075683
-0.075675
-0.075493
-0.075526
-0.075333
-0.075409
-0.075192
-0.075316
-0.075063
-0.075243
-0.074938
-0.075187
-0.074811
-0.075146
-0.074677
-0.075120
-0.074529
-0.075110
-0.074361
-0.075119
-0.074166
-0.075151
-0.073934
-0.075213
-0.073654
-0.075314
-0.073312
-0.075466
-0.072891
0.026685
0.003093
0.023168
0.005268
0.020301
0.006654
0.017845
0.007329
0.015566
0.007296
0.013215
0.006478
0.010509
0.004721
0.007126
0.001787
0.002686
-0.002639
-0.003241
-0.008936
-0.011111
-0.017487
-0.021328
-0.028584
-0.034111
-0.042250
-0.049283
-0.058017
-0.066032
-0.074713
-0.082787
-0.090453
-0.097421
-0.103063
-0.107923
-0.110934
-0.113280
-0.113724
-0.113842
-0.112340
-0.110928
-0.108304
-0.106111
-0.103090
-0.100695
-0.097767
-0.095523
-0.092947
-0.091018
-0.088885
-0.087315
-0.085618
-0.084383
-0.083067
-0.082117
-0.081113
-0.080393
-0.079634
-0.079094
-0.078521
-0.078118
-0.077683
-0.077386
-0.077051
-0.076836
-0.076572
-0.076421
-0.076204
-0.076105
-0.075918
-0.075863
-0.075692
-0.075676
-0.075507
-0.075530
-0.075353
-0.075415
-0.075218
-0.075324
-0.075095
-0.075253
-0.074977
-0.075197
-0.074860
-0.075156
-0.074736
-0.075130
-0.074602
-0.075118
-0.074450
-0.075124
-0.074274
-0.075151
-0.074066
-0.075205
-0.073817
-0.075293
-0.073513
-0.075427
-0.073138
0.021551
0.002330
0.018651
0.003893
0.016159
0.004761
0.013889
0.004972
0.011646
0.004501
0.009211
0.003261
0.006339
0.001099
0.002743
-0.002201
-0.001903
-0.006911
-0.007953
-0.013332
-0.015760
-0.021747
-0.025605
-0.032325
-0.037575
-0.044979
-0.051405
-0.059201
-0.066318
-0.073941
-0.080978
-0.087652
-0.093700
-0.098662
-0.102971
-0.105777
-0.108045
-0.108741
-0.109161
-0.108203
-0.107286
-0.105297
-0.103618
-0.101176
-0.099212
-0.096738
-0.094806
-0.092547
-0.090819
-0.088887
-0.087429
-0.085847
-0.084663
-0.083403
-0.082465
-0.081482
-0.080752
-0.079991
-0.079430
-0.078845
-0.078418
-0.077967
-0.077645
-0.077293
-0.077054
-0.076775
-0.076602
-0.076374
-0.076254
-0.076061
-0.075986
-0.075812
-0.075777
-0.075610
-0.075614
-0.075443
-0.075485
-0.075301
-0.075383
-0.075173
-0.075303
-0.075055
-0.075241
-0.074940
-0.075195
-0.074822
-0.075163
-0.074697
-0.075146
-0.074558
-0.075145
-0.074400
-0.075165
-0.074215
-0.075208
-0.073994
-0.075283
-0.073727
-0.075398
-0.073399
0.016625
0.001652
0.014346
0.002683
0.012271
0.003123
0.010263
0.002979
0.008166
0.002210
0.005802
0.000726
0.002963
-0.001615
-0.000590
-0.004997
-0.005123
-0.009642
-0.010916
-0.015784
-0.018231
-0.023617
-0.027249
-0.033226
-0.037979
-0.044475
-0.050142
-0.056901
-0.063075
-0.069644
-0.075723
-0.081512
-0.086805
-0.091240
-0.095175
-0.097906
-0.100219
-0.101246
-0.102040
-0.101668
-0.101298
-0.099988
-0.098889
-0.097096
-0.095655
-0.093732
-0.092227
-0.090402
-0.088999
-0.087390
-0.086167
-0.084817
-0.083798
-0.082701
-0.081877
-0.081004
-0.080351
-0.079667
-0.079157
-0.078624
-0.078230
-0.077816
-0.077515
-0.077191
-0.076964
-0.076706
-0.076540
-0.076329
-0.076211
-0.076033
-0.075957
-0.075797
-0.075758
-0.075607
-0.075602
-0.075450
-0.075479
-0.075316
-0.075382
-0.075198
-0.075305
-0.075090
-0.075246
-0.074986
-0.075200
-0.074881
-0.075169
-0.074770
-0.075151
-0.074649
-0.075148
-0.074512
-0.075162
-0.074353
-0.075197
-0.074164
-0.075259
-0.073937
-0.075355
-0.073659
0.011610
0.000932
0.009945
0.001393
0.008266
0.001367
0.006486
0.000822
0.004489
-0.000303
0.002132
-0.002109
-0.000759
-0.004729
-0.004384
-0.008331
-0.008963
-0.013101
-0.014717
-0.019219
-0.021837
-0.026818
-0.030428
-0.035915
-0.040436
-0.046333
-0.051559
-0.057623
-0.063193
-0.069030
-0.074442
-0.079571
-0.084278
-0.088251
-0.091810
-0.094359
-0.096565
-0.097686
-0.098609
-0.098530
-0.098433
-0.097509
-0.096732
-0.095325
-0.094184
-0.092593
-0.091330
-0.089761
-0.088533
-0.087106
-0.085999
-0.084767
-0.083817
-0.082791
-0.082002
-0.081169
-0.080528
-0.079862
-0.079350
-0.078823
-0.078420
-0.078003
-0.077690
-0.077360
-0.077119
-0.076856
-0.076674
-0.076459
-0.076326
-0.076146
-0.076054
-0.075897
-0.075841
-0.075696
-0.075673
-0.075531
-0.075540
-0.075393
-0.075435
-0.075273
-0.075352
-0.075166
-0.075287
-0.075066
-0.075237
-0.074968
-0.075201
-0.074868
-0.075179
-0.074761
-0.075170
-0.074643
-0.075176
-0.074508
-0.075201
-0.074349
-0.075249
-0.074160
-0.075325
-0.073930
0.006828
0.000294
0.005774
0.000263
0.004522
-0.000148
0.003033
-0.000995
0.001232
-0.002356
-0.000991
-0.004331
-0.003769
-0.007045
-0.007263
-0.010642
-0.011643
-0.015271
-0.017075
-0.021069
-0.023691
-0.028118
-0.031542
-0.036399
-0.040545
-0.045730
-0.050417
-0.055718
-0.060649
-0.065747
-0.070527
-0.075044
-0.079248
-0.082837
-0.086118
-0.088562
-0.090746
-0.092020
-0.093136
-0.093395
-0.093627
-0.093133
-0.092738
-0.091775
-0.091007
-0.089822
-0.088887
-0.087660
-0.086700
-0.085546
-0.084649
-0.083626
-0.082833
-0.081963
-0.081290
-0.080571
-0.080014
-0.079431
-0.078979
-0.078512
-0.078151
-0.077779
-0.077495
-0.077198
-0.076977
-0.076739
-0.076570
-0.076376
-0.076250
-0.076089
-0.075999
-0.075859
-0.075801
-0.075675
-0.075645
-0.075524
-0.075522
-0.075398
-0.075424
-0.075290
-0.075346
-0.075195
-0.075285
-0.075108
-0.075238
-0.075024
-0.075203
-0.074940
-0.075180
-0.074852
-0.075169
-0.074756
-0.075171
-0.074648
-0.075187
-0.074523
-0.075222
-0.074375
-0.075280
-0.074197
0.002019
-0.000375
0.001561
-0.000926
0.000714
-0.001751
-0.000517
-0.002940
-0.002169
-0.004587
-0.004316
-0.006800
-0.007062
-0.009700
-0.010530
-0.013414
-0.014853
-0.018069
-0.020154
-0.023765
-0.026515
-0.030548
-0.033947
-0.038368
-0.042336
-0.047032
-0.051404
-0.056176
-0.060695
-0.065265
-0.069602
-0.073656
-0.077470
-0.080727
-0.083743
-0.086030
-0.088111
-0.089403
-0.090565
-0.090979
-0.091362
-0.091101
-0.090908
-0.090200
-0.089638
-0.088691
-0.087938
-0.086910
-0.086096
-0.085094
-0.084304
-0.083392
-0.082672
-0.081877
-0.081250
-0.080579
-0.080048
-0.079494
-0.079054
-0.078603
-0.078245
-0.077881
-0.077594
-0.077302
-0.077074
-0.076838
-0.076660
-0.076468
-0.076332
-0.076174
-0.076072
-0.075938
-0.075866
-0.075748
-0.075703
-0.075594
-0.075573
-0.075467
-0.075470
-0.075360
-0.075388
-0.075268
-0.075323
-0.075187
-0.075273
-0.075111
-0.075235
-0.075039
-0.075208
-0.074966
-0.075191
-0.074890
-0.075185
-0.074806
-0.075192
-0.074712
-0.075212
-0.074603
-0.075250
-0.074474
-0.002551
-0.000967
-0.002420
-0.001969
-0.002839
-0.003136
-0.003762
-0.004581
-0.005188
-0.006411
-0.007156
-0.008738
-0.009738
-0.011673
-0.013021
-0.015330
-0.017100
-0.019810
-0.022060
-0.025187
-0.027946
-0.031481
-0.034740
-0.038629
-0.042321
-0.046453
-0.050442
-0.054638
-0.058716
-0.062746
-0.066652
-0.070262
-0.073728
-0.076693
-0.079501
-0.081675
-0.083708
-0.085060
-0.086317
-0.086924
-0.087505
-0.087516
-0.087574
-0.087168
-0.086871
-0.086217
-0.085711
-0.084946
-0.084347
-0.083567
-0.082955
-0.082222
-0.081644
-0.080991
-0.080474
-0.079911
-0.079464
-0.078993
-0.078616
-0.078228
-0.077916
-0.077600
-0.077347
-0.077091
-0.076888
-0.076681
-0.076519
-0.076353
-0.076226
-0.076089
-0.075992
-0.075878
-0.075806
-0.075709
-0.075658
-0.075572
-0.075541
-0.075460
-0.075447
-0.075367
-0.075373
-0.075289
-0.075314
-0.075222
-0.075267
-0.075163
-0.075232
-0.075108
-0.075205
-0.075055
-0.075187
-0.075002
-0.075177
-0.074947
-0.075175
-0.074887
-0.075183
-0.074821
-0.075201
-0.074744
-0.007091
-0.001578
-0.006389
-0.003049
-0.006408
-0.004580
-0.007055
-0.006313
-0.008297
-0.008371
-0.010143
-0.010871
-0.012633
-0.013923
-0.015827
-0.017630
-0.019788
-0.022076
-0.024567
-0.027314
-0.030183
-0.033347
-0.036591
-0.040097
-0.043661
-0.047390
-0.051156
-0.054941
-0.058733
-0.062369
-0.065973
-0.069242
-0.072440
-0.075155
-0.077773
-0.079811
-0.081755
-0.083087
-0.084353
-0.085036
-0.085700
-0.085850
-0.086035
-0.085797
-0.085641
-0.085155
-0.084784
-0.084170
-0.083687
-0.083032
-0.082512
-0.081877
-0.081368
-0.080786
-0.080318
-0.079807
-0.079392
-0.078956
-0.078599
-0.078234
-0.077934
-0.077633
-0.077384
-0.077139
-0.076934
-0.076736
-0.076570
-0.076410
-0.076277
-0.076148
-0.076042
-0.075937
-0.075854
-0.075767
-0.075703
-0.075631
-0.075583
-0.075521
-0.075487
-0.075432
-0.075411
-0.075360
-0.075350
-0.075300
-0.075301
-0.075249
-0.075262
-0.075207
-0.075232
-0.075170
-0.075209
-0.075137
-0.075191
-0.075106
-0.075180
-0.075078
-0.075173
-0.075050
-0.075172
-0.075023
-0.011398
-0.002123
-0.010138
-0.004002
-0.009739
-0.005835
-0.010073
-0.007784
-0.011072
-0.009985
-0.012713
-0.012558
-0.015009
-0.015609
-0.017990
-0.019230
-0.021692
-0.023492
-0.026138
-0.028433
-0.031323
-0.034044
-0.037191
-0.040248
-0.043614
-0.046887
-0.050381
-0.053720
-0.057203
-0.060430
-0.063732
-0.066666
-0.069617
-0.072101
-0.074560
-0.076490
-0.078378
-0.079720
-0.081028
-0.081817
-0.082599
-0.082920
-0.083271
-0.083237
-0.083266
-0.082991
-0.082804
-0.082388
-0.082074
-0.081595
-0.081222
-0.080735
-0.080350
-0.079891
-0.079522
-0.079109
-0.078774
-0.078415
-0.078120
-0.077817
-0.077564
-0.077312
-0.077098
-0.076892
-0.076714
-0.076547
-0.076400
-0.076266
-0.076145
-0.076039
-0.075940
-0.075857
-0.075775
-0.075711
-0.075643
-0.075595
-0.075538
-0.075502
-0.075454
-0.075429
-0.075386
-0.075372
-0.075332
-0.075328
-0.075288
-0.075295
-0.075253
-0.075270
-0.075224
-0.075254
-0.075200
-0.075245
-0.075179
-0.075244
-0.075160
-0.075250
-0.075141
-0.075266
-0.075121
-0.075292
-0.015621
-0.002674
-0.013825
-0.004970
-0.013037
-0.007120
-0.013090
-0.009310
-0.013885
-0.011690
-0.015373
-0.014387
-0.017541
-0.017506
-0.020394
-0.021133
-0.023944
-0.025330
-0.028192
-0.030122
-0.033114
-0.035492
-0.038639
-0.041360
-0.044638
-0.047578
-0.050915
-0.053926
-0.057210
-0.060133
-0.063225
-0.065899
-0.068661
-0.070950
-0.073270
-0.075084
-0.076898
-0.078203
-0.079502
-0.080323
-0.081149
-0.081552
-0.081983
-0.082058
-0.082184
-0.082027
-0.081939
-0.081636
-0.081413
-0.081033
-0.080737
-0.080333
-0.080009
-0.079615
-0.079294
-0.078931
-0.078630
-0.078308
-0.078037
-0.077761
-0.077523
-0.077291
-0.077086
-0.076895
-0.076721
-0.076566
-0.076419
-0.076296
-0.076172
-0.076076
-0.075971
-0.075899
-0.075809
-0.075757
-0.075678
-0.075645
-0.075573
-0.075557
-0.075488
-0.075490
-0.075420
-0.075439
-0.075365
-0.075403
-0.075321
-0.075380
-0.075283
-0.075369
-0.075251
-0.075368
-0.075223
-0.075379
-0.075195
-0.075403
-0.075166
-0.075440
-0.075133
-0.075494
-0.075094
-0.075568
-0.019633
-0.003172
-0.017314
-0.005837
-0.016128
-0.008252
-0.015872
-0.010624
-0.016419
-0.013116
-0.017691
-0.015857
-0.019652
-0.018952
-0.022283
-0.022482
-0.025576
-0.026500
-0.029512
-0.031027
-0.034053
-0.036039
-0.039124
-0.041463
-0.044602
-0.047169
-0.050313
-0.052971
-0.056034
-0.058639
-0.061516
-0.063928
-0.066510
-0.068612
-0.070810
-0.072521
-0.074282
-0.075569
-0.076882
-0.077755
-0.078652
-0.079160
-0.079699
-0.079911
-0.080166
-0.080159
-0.080206
-0.080051
-0.079958
-0.079716
-0.079538
-0.079255
-0.079034
-0.078744
-0.078510
-0.078233
-0.078004
-0.077753
-0.077540
-0.077321
-0.077129
-0.076944
-0.076775
-0.076622
-0.076475
-0.076352
-0.076224
-0.076129
-0.076018
-0.075947
-0.075850
-0.075801
-0.075713
-0.075685
-0.075603
-0.075595
-0.075514
-0.075526
-0.075443
-0.075476
-0.075386
-0.075443
-0.075339
-0.075424
-0.075301
-0.075418
-0.075268
-0.075425
-0.075238
-0.075447
-0.075209
-0.075483
-0.075179
-0.075535
-0.075143
-0.075607
-0.075098
-0.075704
-0.075041
-0.075830
-0.023506
-0.003661
-0.020691
-0.006693
-0.019135
-0.009381
-0.018602
-0.011953
-0.018937
-0.014585
-0.020041
-0.017414
-0.021853
-0.020544
-0.024337
-0.024054
-0.027464
-0.027993
-0.031201
-0.032374
-0.035497
-0.037172
-0.040270
-0.042317
-0.045400
-0.047686
-0.050722
-0.053115
-0.056039
-0.058402
-0.061131
-0.063339
-0.065787
-0.067733
-0.069828
-0.071440
-0.073140
-0.074384
-0.075681
-0.076562
-0.077480
-0.078035
-0.078624
-0.078907
-0.079229
-0.079304
-0.079424
-0.079352
-0.079330
-0.079165
-0.079051
-0.078836
-0.078669
-0.078435
-0.078244
-0.078013
-0.077817
-0.077603
-0.077415
-0.077224
-0.077050
-0.076886
-0.076729
-0.076593
-0.076454
-0.076345
-0.076221
-0.076138
-0.076027
-0.075968
-0.075867
-0.075831
-0.075736
-0.075722
-0.075630
-0.075639
-0.075544
-0.075577
-0.075474
-0.075533
-0.075418
-0.075507
-0.075372
-0.075497
-0.075333
-0.075502
-0.075298
-0.075523
-0.075266
-0.075559
-0.075233
-0.075615
-0.075195
-0.075691
-0.075150
-0.075793
-0.075092
-0.075927
-0.075016
-0.076099
-0.027203
-0.004114
-0.023906
-0.007476
-0.021976
-0.010398
-0.021147
-0.013126
-0.021237
-0.015845
-0.022125
-0.018699
-0.023729
-0.021794
-0.025995
-0.025205
-0.028877
-0.028978
-0.032331
-0.033126
-0.036295
-0.037624
-0.040688
-0.042408
-0.045396
-0.047373
-0.050272
-0.052377
-0.055144
-0.057252
-0.059825
-0.061823
-0.064136
-0.065928
-0.067927
-0.069446
-0.071097
-0.072309
-0.073604
-0.074506
-0.075464
-0.076080
-0.076740
-0.077113
-0.077525
-0.077704
-0.077924
-0.077961
-0.078038
-0.077978
-0.077958
-0.077840
-0.077757
-0.077610
-0.077492
-0.077336
-0.077202
-0.077051
-0.076915
-0.076777
-0.076645
-0.076525
-0.076402
-0.076303
-0.076190
-0.076113
-0.076008
-0.075953
-0.075855
-0.075821
-0.075729
-0.075716
-0.075625
-0.075635
-0.075541
-0.075575
-0.075473
-0.075533
-0.075418
-0.075509
-0.075374
-0.075500
-0.075337
-0.075508
-0.075305
-0.075531
-0.075276
-0.075571
-0.075247
-0.075630
-0.075214
-0.075710
-0.075175
-0.075816
-0.075123
-0.075953
-0.075055
-0.076128
-0.074961
-0.076353
-0.030703
-0.004542
-0.026954
-0.008223
-0.024679
-0.011377
-0.023585
-0.014269
-0.023465
-0.017098
-0.024179
-0.020011
-0.025627
-0.023119
-0.027739
-0.026497
-0.030456
-0.030187
-0.033720
-0.034201
-0.037465
-0.038514
-0.041602
-0.043067
-0.046023
-0.047764
-0.050590
-0.052478
-0.055147
-0.057061
-0.059530
-0.061363
-0.063580
-0.065245
-0.067169
-0.068602
-0.070205
-0.071373
-0.072651
-0.073547
-0.074515
-0.075155
-0.075848
-0.076265
-0.076724
-0.076961
-0.077233
-0.077332
-0.077463
-0.077464
-0.077495
-0.077432
-0.077395
-0.077295
-0.077216
-0.077100
-0.076999
-0.076880
-0.076769
-0.076658
-0.076545
-0.076447
-0.076338
-0.076257
-0.076152
-0.076090
-0.075991
-0.075949
-0.075853
-0.075832
-0.075738
-0.075739
-0.075642
-0.075667
-0.075564
-0.075614
-0.075500
-0.075581
-0.075448
-0.075564
-0.075405
-0.075564
-0.075369
-0.075580
-0.075338
-0.075614
-0.075307
-0.075667
-0.075276
-0.075740
-0.075239
-0.075839
-0.075193
-0.075967
-0.075133
-0.076132
-0.075051
-0.076343
-0.074939
-0.076611
-0.034076
-0.004952
-0.029888
-0.008930
-0.027268
-0.012290
-0.025897
-0.015315
-0.025544
-0.018214
-0.026050
-0.021141
-0.027298
-0.024208
-0.029202
-0.027490
-0.031693
-0.031032
-0.034704
-0.034844
-0.038162
-0.038906
-0.041981
-0.043165
-0.046058
-0.047539
-0.050268
-0.051919
-0.054474
-0.056180
-0.058533
-0.060195
-0.062310
-0.063846
-0.065693
-0.067042
-0.068601
-0.069730
-0.070997
-0.071894
-0.072883
-0.073557
-0.074294
-0.074769
-0.075290
-0.075599
-0.075943
-0.076121
-0.076327
-0.076408
-0.076512
-0.076525
-0.076557
-0.076527
-0.076509
-0.076455
-0.076407
-0.076343
-0.076278
-0.076214
-0.076139
-0.076082
-0.076003
-0.075957
-0.075877
-0.075845
-0.075764
-0.075749
-0.075667
-0.075671
-0.075585
-0.075610
-0.075517
-0.075565
-0.075462
-0.075537
-0.075417
-0.075525
-0.075380
-0.075528
-0.075351
-0.075546
-0.075325
-0.075581
-0.075302
-0.075633
-0.075278
-0.075706
-0.075250
-0.075801
-0.075215
-0.075925
-0.075168
-0.076082
-0.075102
-0.076281
-0.075010
-0.076533
-0.074882
-0.076851
-0.037189
-0.005319
-0.032594
-0.009568
-0.029659
-0.013123
-0.028039
-0.016282
-0.027486
-0.019265
-0.027822
-0.022232
-0.028916
-0.025299
-0.030670
-0.028542
-0.033003
-0.032004
-0.035841
-0.035697
-0.039106
-0.039603
-0.042710
-0.043673
-0.046551
-0.047834
-0.050515
-0.051987
-0.054475
-0.056024
-0.058302
-0.059832
-0.061878
-0.063309
-0.065100
-0.066377
-0.067900
-0.068987
-0.070239
-0.071123
-0.072116
-0.072801
-0.073559
-0.074063
-0.074617
-0.074965
-0.075349
-0.075572
-0.075821
-0.075947
-0.076093
-0.076150
-0.076219
-0.076229
-0.076246
-0.076227
-0.076207
-0.076173
-0.076130
-0.076091
-0.076035
-0.075998
-0.075933
-0.075905
-0.075834
-0.075818
-0.075743
-0.075742
-0.075662
-0.075679
-0.075592
-0.075630
-0.075533
-0.075596
-0.075485
-0.075577
-0.075445
-0.075572
-0.075412
-0.075583
-0.075384
-0.075609
-0.075360
-0.075653
-0.075336
-0.075715
-0.075311
-0.075799
-0.075281
-0.075909
-0.075242
-0.076049
-0.075188
-0.076227
-0.075114
-0.076452
-0.075010
-0.076736
-0.074866
-0.077094
-0.040238
-0.005691
-0.035249
-0.010206
-0.032002
-0.013944
-0.030127
-0.017218
-0.029358
-0.020258
-0.029499
-0.023231
-0.030405
-0.026257
-0.031968
-0.029412
-0.034097
-0.032743
-0.036711
-0.036263
-0.039730
-0.039958
-0.043066
-0.043788
-0.046625
-0.047688
-0.050299
-0.051574
-0.053978
-0.055354
-0.057546
-0.058932
-0.060900
-0.062221
-0.063951
-0.065152
-0.066635
-0.067680
-0.068917
-0.069790
-0.070792
-0.071492
-0.072277
-0.072816
-0.073411
-0.073809
-0.074243
-0.074523
-0.074827
-0.075014
-0.075215
-0.075332
-0.075455
-0.075521
-0.075588
-0.075620
-0.075646
-0.075658
-0.075654
-0.075656
-0.075633
-0.075633
-0.075596
-0.075599
-0.075552
-0.075564
-0.075507
-0.075531
-0.075464
-0.075505
-0.075427
-0.075488
-0.075396
-0.075482
-0.075370
-0.075486
-0.075349
-0.075504
-0.075333
-0.075534
-0.075319
-0.075580
-0.075306
-0.075642
-0.075292
-0.075723
-0.075274
-0.075828
-0.075249
-0.075959
-0.075212
-0.076124
-0.075158
-0.076330
-0.075079
-0.076588
-0.074967
-0.076912
-0.074807
-0.077318
-0.042952
-0.005998
-0.037605
-0.010738
-0.034075
-0.014636
-0.031973
-0.018016
-0.031018
-0.021120
-0.030998
-0.024120
-0.031760
-0.027137
-0.033182
-0.030252
-0.035168
-0.033511
-0.037629
-0.036930
-0.040482
-0.040496
-0.043640
-0.044173
-0.047009
-0.047904
-0.050488
-0.051615
-0.053974
-0.055223
-0.057363
-0.058642
-0.060561
-0.061798
-0.063487
-0.064628
-0.066083
-0.067092
-0.068316
-0.069175
-0.070178
-0.070882
-0.071681
-0.072238
-0.072857
-0.073283
-0.073747
-0.074060
-0.074397
-0.074619
-0.074854
-0.075005
-0.075161
-0.075259
-0.075354
-0.075416
-0.075466
-0.075504
-0.075522
-0.075546
-0.075540
-0.075559
-0.075534
-0.075554
-0.075516
-0.075542
-0.075491
-0.075529
-0.075465
-0.075518
-0.075440
-0.075513
-0.075417
-0.075517
-0.075398
-0.075530
-0.075382
-0.075555
-0.075369
-0.075593
-0.075357
-0.075645
-0.075345
-0.075715
-0.075330
-0.075805
-0.075311
-0.075920
-0.075283
-0.076063
-0.075242
-0.076243
-0.075182
-0.076468
-0.075095
-0.076749
-0.074971
-0.077101
-0.074796
-0.077542
-0.045687
-0.006335
-0.039990
-0.011317
-0.036181
-0.015378
-0.033851
-0.018860
-0.032699
-0.022011
-0.032502
-0.025013
-0.033093
-0.027991
-0.034342
-0.031027
-0.036145
-0.034171
-0.038410
-0.037442
-0.041052
-0.040831
-0.043985
-0.044310
-0.047118
-0.047828
-0.050361
-0.051322
-0.053617
-0.054722
-0.056795
-0.057953
-0.059810
-0.060952
-0.062590
-0.063662
-0.065083
-0.066049
-0.067256
-0.068096
-0.069099
-0.069805
-0.070620
-0.071196
-0.071842
-0.072299
-0.072799
-0.073152
-0.073530
-0.073796
-0.074073
-0.074269
-0.074467
-0.074610
-0.074745
-0.074849
-0.074936
-0.075013
-0.075064
-0.075123
-0.075146
-0.075197
-0.075197
-0.075246
-0.075228
-0.075280
-0.075246
-0.075307
-0.075256
-0.075332
-0.075262
-0.075358
-0.075267
-0.075388
-0.075271
-0.075426
-0.075274
-0.075473
-0.075278
-0.075531
-0.075280
-0.075603
-0.075280
-0.075692
-0.075276
-0.075801
-0.075265
-0.075936
-0.075243
-0.076101
-0.075205
-0.076305
-0.075146
-0.076557
-0.075056
-0.076870
-0.074924
-0.077260
-0.074736
-0.077749
-0.047991
-0.006581
-0.041985
-0.011743
-0.037928
-0.015929
-0.035396
-0.019493
-0.034076
-0.022692
-0.033734
-0.025710
-0.034194
-0.028676
-0.035318
-0.031675
-0.036996
-0.034758
-0.039131
-0.037945
-0.041636
-0.041231
-0.044423
-0.044590
-0.047407
-0.047978
-0.050497
-0.051338
-0.053606
-0.054607
-0.056647
-0.057721
-0.059543
-0.060618
-0.062228
-0.063252
-0.064653
-0.065590
-0.066787
-0.067614
-0.068618
-0.069325
-0.070150
-0.070739
-0.071403
-0.071880
-0.072403
-0.072781
-0.073184
-0.073478
-0.073781
-0.074006
-0.074229
-0.074399
-0.074557
-0.074686
-0.074794
-0.074893
-0.074961
-0.075040
-0.075077
-0.075145
-0.075156
-0.075220
-0.075210
-0.075275
-0.075246
-0.075319
-0.075270
-0.075357
-0.075287
-0.075394
-0.075300
-0.075433
-0.075309
-0.075478
-0.075317
-0.075531
-0.075322
-0.075595
-0.075326
-0.075673
-0.075326
-0.075768
-0.075320
-0.075884
-0.075307
-0.076027
-0.075281
-0.076202
-0.075239
-0.076418
-0.075174
-0.076686
-0.075076
-0.077018
-0.074933
-0.077432
-0.074731
-0.077950
-0.050429
-0.006891
-0.044115
-0.012273
-0.039813
-0.016607
-0.037080
-0.020261
-0.035586
-0.023502
-0.035086
-0.026520
-0.035393
-0.029450
-0.036363
-0.032379
-0.037880
-0.035362
-0.039845
-0.038423
-0.042168
-0.041559
-0.044764
-0.044752
-0.047551
-0.047963
-0.050444
-0.051144
-0.053362
-0.054241
-0.056227
-0.057198
-0.058969
-0.059961
-0.061528
-0.062490
-0.063859
-0.064754
-0.065932
-0.066736
-0.067734
-0.068436
-0.069267
-0.069863
-0.070543
-0.071039
-0.071586
-0.071991
-0.072423
-0.072748
-0.073083
-0.073341
-0.073597
-0.073801
-0.073992
-0.074154
-0.074292
-0.074423
-0.074519
-0.074628
-0.074690
-0.074785
-0.074819
-0.074908
-0.074916
-0.075005
-0.074991
-0.075087
-0.075050
-0.075158
-0.075097
-0.075225
-0.075136
-0.075291
-0.075168
-0.075359
-0.075195
-0.075434
-0.075218
-0.075519
-0.075237
-0.075616
-0.075250
-0.075730
-0.075255
-0.075866
-0.075251
-0.076029
-0.075233
-0.076226
-0.075195
-0.076466
-0.075132
-0.076760
-0.075032
-0.077124
-0.074883
-0.077574
-0.074669
-0.078137
-0.052309
-0.007074
-0.045737
-0.012589
-0.041224
-0.017016
-0.038317
-0.020731
-0.036678
-0.024004
-0.036052
-0.027031
-0.036245
-0.029949
-0.037109
-0.032847
-0.038521
-0.035781
-0.040380
-0.038777
-0.042594
-0.041835
-0.045079
-0.044938
-0.047751
-0.048053
-0.050530
-0.051137
-0.053340
-0.054139
-0.056105
-0.057010
-0.058761
-0.059703
-0.061252
-0.062177
-0.063535
-0.064406
-0.065580
-0.066373
-0.067374
-0.068076
-0.068916
-0.069522
-0.070216
-0.070727
-0.071293
-0.071716
-0.072169
-0.072516
-0.072872
-0.073152
-0.073429
-0.073654
-0.073864
-0.074046
-0.074202
-0.074350
-0.074461
-0.074586
-0.074660
-0.074769
-0.074811
-0.074912
-0.074928
-0.075027
-0.075017
-0.075122
-0.075087
-0.075204
-0.075142
-0.075279
-0.075186
-0.075351
-0.075222
-0.075425
-0.075252
-0.075504
-0.075276
-0.075592
-0.075294
-0.075693
-0.075305
-0.075811
-0.075308
-0.075951
-0.075300
-0.076119
-0.075278
-0.076323
-0.075235
-0.076572
-0.075165
-0.076878
-0.075057
-0.077257
-0.074899
-0.077726
-0.074672
-0.078312
-0.054474
-0.007364
-0.047635
-0.013083
-0.042912
-0.017647
-0.039831
-0.021443
-0.038040
-0.024754
-0.037275
-0.027782
-0.037335
-0.030667
-0.038063
-0.033503
-0.039335
-0.036350
-0.041045
-0.039236
-0.043102
-0.042166
-0.045423
-0.045127
-0.047928
-0.048093
-0.050540
-0.051026
-0.053188
-0.053883
-0.055804
-0.056619
-0.058327
-0.059195
-0.060706
-0.061574
-0.062901
-0.063732
-0.064885
-0.065653
-0.066644
-0.067333
-0.068173
-0.068778
-0.069481
-0.070001
-0.070581
-0.071021
-0.071494
-0.071861
-0.072241
-0.072546
-0.072847
-0.073099
-0.073334
-0.073542
-0.073722
-0.073897
-0.074031
-0.074181
-0.074276
-0.074409
-0.074471
-0.074594
-0.074626
-0.074747
-0.074752
-0.074877
-0.074853
-0.074991
-0.074937
-0.075094
-0.075007
-0.075192
-0.075066
-0.075290
-0.075115
-0.075391
-0.075157
-0.075500
-0.075191
-0.075620
-0.075216
-0.075758
-0.075231
-0.075918
-0.075234
-0.076106
-0.075220
-0.076332
-0.075183
-0.076604
-0.075116
-0.076937
-0.075008
-0.077345
-0.074845
-0.077850
-0.074608
-0.078478
-0.055913
-0.007479
-0.048868
-0.013284
-0.043971
-0.017908
-0.040747
-0.021743
-0.038835
-0.025074
-0.037966
-0.028106
-0.037934
-0.030980
-0.038578
-0.033794
-0.039769
-0.036606
-0.041399
-0.039446
-0.043377
-0.042322
-0.045617
-0.045223
-0.048042
-0.048125
-0.050577
-0.050993
-0.053151
-0.053788
-0.055701
-0.056471
-0.058168
-0.059001
-0.060505
-0.061348
-0.062671
-0.063487
-0.064641
-0.065403
-0.066398
-0.067090
-0.067939
-0.068552
-0.069268
-0.069801
-0.070396
-0.070852
-0.071341
-0.071726
-0.072123
-0.072445
-0.072762
-0.073031
-0.073281
-0.073505
-0.073698
-0.073886
-0.074031
-0.074193
-0.074298
-0.074441
-0.074509
-0.074642
-0.074678
-0.074807
-0.074814
-0.074946
-0.074922
-0.075066
-0.075011
-0.075174
-0.075083
-0.075275
-0.075142
-0.075374
-0.075191
-0.075476
-0.075231
-0.075586
-0.075262
-0.075707
-0.075284
-0.075846
-0.075295
-0.076007
-0.075293
-0.076198
-0.075273
-0.076427
-0.075230
-0.076704
-0.075156
-0.077043
-0.075040
-0.077461
-0.074868
-0.077978
-0.074620
-0.078623
-0.057837
-0.007757
-0.050564
-0.013757
-0.045489
-0.018510
-0.042118
-0.022422
-0.040078
-0.025789
-0.039091
-0.028821
-0.038942
-0.031667
-0.039467
-0.034425
-0.040534
-0.037160
-0.042035
-0.039903
-0.043876
-0.042667
-0.045974
-0.045445
-0.048253
-0.048217
-0.050642
-0.050954
-0.053076
-0.053621
-0.055494
-0.056185
-0.057843
-0.058610
-0.060077
-0.060868
-0.062161
-0.062937
-0.064068
-0.064803
-0.065784
-0.066459
-0.067302
-0.067909
-0.068625
-0.069161
-0.069763
-0.070228
-0.070729
-0.071128
-0.071540
-0.071880
-0.072215
-0.072503
-0.072772
-0.073017
-0.073230
-0.073440
-0.073604
-0.073788
-0.073910
-0.074074
-0.074160
-0.074312
-0.074364
-0.074512
-0.074532
-0.074684
-0.074671
-0.074834
-0.074787
-0.074970
-0.074885
-0.075096
-0.074967
-0.075220
-0.075037
-0.075344
-0.075096
-0.075475
-0.075144
-0.075617
-0.075180
-0.075775
-0.075205
-0.075957
-0.075214
-0.076168
-0.075204
-0.076419
-0.075168
-0.076720
-0.075099
-0.077085
-0.074985
-0.077532
-0.074810
-0.078083
-0.074553
-0.078769
-0.058808
-0.007800
-0.051381
-0.013834
-0.046174
-0.018613
-0.042691
-0.022542
-0.040558
-0.025917
-0.039492
-0.028950
-0.039275
-0.031789
-0.039741
-0.034535
-0.040754
-0.037250
-0.042203
-0.039969
-0.043995
-0.042704
-0.046046
-0.045450
-0.048280
-0.048189
-0.050626
-0.050893
-0.053022
-0.053532
-0.055407
-0.056070
-0.057730
-0.058477
-0.059946
-0.060725
-0.062021
-0.062792
-0.063929
-0.064664
-0.065654
-0.066335
-0.067189
-0.067805
-0.068534
-0.069081
-0.069697
-0.070174
-0.070690
-0.071102
-0.071528
-0.071881
-0.072229
-0.072529
-0.072810
-0.073066
-0.073288
-0.073508
-0.073679
-0.073871
-0.073998
-0.074169
-0.074258
-0.074416
-0.074469
-0.074622
-0.074642
-0.074797
-0.074783
-0.074948
-0.074898
-0.075083
-0.074994
-0.075209
-0.075073
-0.075329
-0.075138
-0.075451
-0.075192
-0.075578
-0.075234
-0.075717
-0.075265
-0.075872
-0.075283
-0.076051
-0.075285
-0.076261
-0.075268
-0.076511
-0.075225
-0.076812
-0.075148
-0.077179
-0.075025
-0.077629
-0.074841
-0.078186
-0.074576
-0.078878
-0.060536
-0.008077
-0.052916
-0.014304
-0.047562
-0.019209
-0.043958
-0.023213
-0.041718
-0.026624
-0.040550
-0.029658
-0.040233
-0.032471
-0.040595
-0.035166
-0.041498
-0.037811
-0.042832
-0.040443
-0.044501
-0.043077
-0.046425
-0.045712
-0.048528
-0.048333
-0.050744
-0.050918
-0.053012
-0.053439
-0.055277
-0.055868
-0.057489
-0.058175
-0.059609
-0.060337
-0.061602
-0.062333
-0.063445
-0.064150
-0.065122
-0.065782
-0.066625
-0.067230
-0.067954
-0.068497
-0.069114
-0.069595
-0.070116
-0.070536
-0.070972
-0.071337
-0.071698
-0.072013
-0.072308
-0.072580
-0.072818
-0.073055
-0.073243
-0.073453
-0.073597
-0.073786
-0.073890
-0.074067
-0.074134
-0.074305
-0.074338
-0.074511
-0.074508
-0.074692
-0.074651
-0.074855
-0.074772
-0.075006
-0.074875
-0.075151
-0.074962
-0.075296
-0.075036
-0.075446
-0.075096
-0.075606
-0.075144
-0.075783
-0.075177
-0.075982
-0.075192
-0.076213
-0.075186
-0.076485
-0.075152
-0.076810
-0.075082
-0.077203
-0.074962
-0.077682
-0.074778
-0.078273
-0.074506
-0.079006
-0.060995
-0.008037
-0.053277
-0.014242
-0.047834
-0.019136
-0.044154
-0.023135
-0.041852
-0.026542
-0.040635
-0.029575
-0.040279
-0.032387
-0.040609
-0.035082
-0.041488
-0.037725
-0.042802
-0.040356
-0.044456
-0.042988
-0.046367
-0.045621
-0.048461
-0.048242
-0.050671
-0.050828
-0.052936
-0.053352
-0.055202
-0.055787
-0.057420
-0.058104
-0.059549
-0.060279
-0.061556
-0.062292
-0.063417
-0.064131
-0.065115
-0.065786
-0.066642
-0.067258
-0.067996
-0.068551
-0.069181
-0.069673
-0.070206
-0.070638
-0.071084
-0.071458
-0.071828
-0.072152
-0.072454
-0.072733
-0.072976
-0.073218
-0.073410
-0.073623
-0.073768
-0.073959
-0.074064
-0.074241
-0.074307
-0.074478
-0.074507
-0.074680
-0.074673
-0.074855
-0.074809
-0.075011
-0.074923
-0.075155
-0.075017
-0.075293
-0.075096
-0.075429
-0.075160
-0.075571
-0.075211
-0.075723
-0.075249
-0.075892
-0.075272
-0.076084
-0.075278
-0.076309
-0.075263
-0.076575
-0.075220
-0.076894
-0.075141
-0.077282
-0.075013
-0.077758
-0.074820
-0.078345
-0.074541
-0.079075
-0.062588
-0.008328
-0.054708
-0.014731
-0.049144
-0.019754
-0.045366
-0.023830
-0.042975
-0.027273
-0.041671
-0.030309
-0.041227
-0.033096
-0.041464
-0.035743
-0.042243
-0.038320
-0.043450
-0.040867
-0.044991
-0.043403
-0.046783
-0.045930
-0.048754
-0.048439
-0.050841
-0.050911
-0.052984
-0.053323
-0.055134
-0.055650
-0.057243
-0.057868
-0.059275
-0.059954
-0.061198
-0.061892
-0.062989
-0.063670
-0.064632
-0.065279
-0.066119
-0.066719
-0.067447
-0.067994
-0.068620
-0.069110
-0.069644
-0.070078
-0.070530
-0.070912
-0.071290
-0.071624
-0.071938
-0.072230
-0.072486
-0.072744
-0.072949
-0.073178
-0.073339
-0.073547
-0.073666
-0.073860
-0.073940
-0.074129
-0.074171
-0.074361
-0.074366
-0.074567
-0.074532
-0.074752
-0.074672
-0.074923
-0.074792
-0.075087
-0.074893
-0.075248
-0.074979
-0.075414
-0.075051
-0.075589
-0.075107
-0.075780
-0.075147
-0.075995
-0.075169
-0.076242
-0.075166
-0.076531
-0.075135
-0.076875
-0.075064
-0.077290
-0.074941
-0.077796
-0.074749
-0.078417
-0.074466
-0.079187
-0.062471
-0.008193
-0.054554
-0.014511
-0.048950
-0.019481
-0.045136
-0.023527
-0.042719
-0.026956
-0.041399
-0.029989
-0.040949
-0.032783
-0.041188
-0.035443
-0.041977
-0.038040
-0.043201
-0.040611
-0.044764
-0.043176
-0.046583
-0.045735
-0.048585
-0.048279
-0.050705
-0.050788
-0.052885
-0.053238
-0.055072
-0.055605
-0.057221
-0.057864
-0.059293
-0.059991
-0.061255
-0.061968
-0.063085
-0.063783
-0.064764
-0.065428
-0.066285
-0.066900
-0.067643
-0.068202
-0.068841
-0.069342
-0.069886
-0.070329
-0.070789
-0.071177
-0.071560
-0.071898
-0.072215
-0.072509
-0.072766
-0.073023
-0.073227
-0.073455
-0.073612
-0.073816
-0.073931
-0.074121
-0.074196
-0.074378
-0.074415
-0.074599
-0.074597
-0.074791
-0.074748
-0.074961
-0.074874
-0.075118
-0.074979
-0.075267
-0.075066
-0.075414
-0.075137
-0.075565
-0.075194
-0.075727
-0.075237
-0.075905
-0.075264
-0.076107
-0.075273
-0.076341
-0.075259
-0.076618
-0.075216
-0.076950
-0.075135
-0.077353
-0.075003
-0.077846
-0.074804
-0.078454
-0.074515
-0.079209
-0.064014
-0.008514
-0.055958
-0.015048
-0.050254
-0.020158
-0.046359
-0.024284
-0.043866
-0.027751
-0.042470
-0.030787
-0.041938
-0.033556
-0.042089
-0.036168
-0.042782
-0.038697
-0.043902
-0.041185
-0.045353
-0.043653
-0.047053
-0.046105
-0.048933
-0.048536
-0.050929
-0.050928
-0.052986
-0.053262
-0.055053
-0.055517
-0.057089
-0.057670
-0.059057
-0.059702
-0.060928
-0.061596
-0.062679
-0.063341
-0.064295
-0.064930
-0.065766
-0.066361
-0.067089
-0.067635
-0.068266
-0.068760
-0.069302
-0.069744
-0.070205
-0.070597
-0.070987
-0.071333
-0.071659
-0.071964
-0.072233
-0.072504
-0.072721
-0.072964
-0.073136
-0.073357
-0.073486
-0.073694
-0.073783
-0.073984
-0.074034
-0.074237
-0.074248
-0.074460
-0.074429
-0.074662
-0.074585
-0.074849
-0.074717
-0.075026
-0.074831
-0.075201
-0.074927
-0.075379
-0.075007
-0.075566
-0.075071
-0.075769
-0.075117
-0.075995
-0.075144
-0.076254
-0.075145
-0.076556
-0.075116
-0.076915
-0.075045
-0.077346
-0.074921
-0.077870
-0.074725
-0.078514
-0.074433
-0.079312
-0.063222
-0.008269
-0.055200
-0.014643
-0.049512
-0.019652
-0.045630
-0.023721
-0.043154
-0.027160
-0.041783
-0.030194
-0.041284
-0.032979
-0.041478
-0.035623
-0.042222
-0.038195
-0.043400
-0.040738
-0.044917
-0.043269
-0.046690
-0.045792
-0.048647
-0.048298
-0.050723
-0.050769
-0.052861
-0.053183
-0.055009
-0.055516
-0.057124
-0.057746
-0.059167
-0.059849
-0.061107
-0.061809
-0.062921
-0.063612
-0.064591
-0.065251
-0.066108
-0.066723
-0.067468
-0.068030
-0.068672
-0.069177
-0.069727
-0.070176
-0.070641
-0.071036
-0.071426
-0.071772
-0.072095
-0.072397
-0.072660
-0.072925
-0.073136
-0.073370
-0.073533
-0.073745
-0.073864
-0.074060
-0.074139
-0.074328
-0.074368
-0.074558
-0.074559
-0.074758
-0.074717
-0.074936
-0.074849
-0.075099
-0.074959
-0.075254
-0.075051
-0.075406
-0.075126
-0.075563
-0.075186
-0.075729
-0.075231
-0.075911
-0.075260
-0.076118
-0.075270
-0.076358
-0.075257
-0.076640
-0.075214
-0.076979
-0.075132
-0.077389
-0.074998
-0.077891
-0.074796
-0.078509
-0.074502
-0.079277
-0.064835
-0.008639
-0.056687
-0.015262
-0.050913
-0.020428
-0.046957
-0.024586
-0.044410
-0.028066
-0.042963
-0.031103
-0.042382
-0.033861
-0.042485
-0.036453
-0.043128
-0.038953
-0.044197
-0.041406
-0.045596
-0.043832
-0.047242
-0.046240
-0.049067
-0.048622
-0.051008
-0.050965
-0.053011
-0.053251
-0.055028
-0.055459
-0.057017
-0.057570
-0.058943
-0.059565
-0.060778
-0.061428
-0.062501
-0.063149
-0.064095
-0.064720
-0.065552
-0.066141
-0.066867
-0.067411
-0.068041
-0.068536
-0.069080
-0.069525
-0.069991
-0.070388
-0.070783
-0.071135
-0.071467
-0.071780
-0.072055
-0.072333
-0.072558
-0.072808
-0.072986
-0.073216
-0.073352
-0.073567
-0.073662
-0.073871
-0.073927
-0.074137
-0.074152
-0.074373
-0.074345
-0.074586
-0.074511
-0.074783
-0.074653
-0.074971
-0.074775
-0.075155
-0.074879
-0.075341
-0.074965
-0.075536
-0.075035
-0.075748
-0.075087
-0.075982
-0.075117
-0.076250
-0.075123
-0.076561
-0.075096
-0.076928
-0.075027
-0.077370
-0.074902
-0.077907
-0.074704
-0.078565
-0.074408
-0.079382
