# u - 800 ites
1.013306
1.002269
1.012411
1.004512
1.012295
1.006691
1.012685
1.008743
1.013384
1.010658
1.014288
1.012458
1.015333
1.014161
1.016468
1.015775
1.017650
1.017299
1.018839
1.018725
1.019999
1.020042
1.021097
1.021232
1.022100
1.022278
1.022981
1.023162
1.023713
1.023866
1.024275
1.024378
1.024652
1.024687
1.024833
1.024790
1.024813
1.024686
1.024595
1.024384
1.024188
1.023895
1.023605
1.023237
1.022865
1.022431
1.021990
1.021500
1.021003
1.020469
1.019931
1.019364
1.018797
1.018209
1.017626
1.017027
1.016439
1.015839
1.015256
1.014663
1.014094
1.013515
1.012966
1.012406
1.011884
1.011345
1.010856
1.010341
1.009887
1.009397
1.008982
1.008515
1.008143
1.007697
1.007370
1.006942
1.006663
1.006249
1.006021
1.005613
1.005442
1.005033
1.004924
1.004503
1.004465
1.004020
1.004064
1.003579
1.003718
1.003173
1.003428
1.002797
1.003193
1.002443
1.003015
1.002105
1.002898
1.001771
1.002853
1.001413
1.013049
1.002213
1.012196
1.004446
1.012133
1.006641
1.012574
1.008715
1.013315
1.010653
1.014256
1.012475
1.015333
1.014201
1.016499
1.015838
1.017710
1.017386
1.018927
1.018838
1.020115
1.020178
1.021238
1.021391
1.022265
1.022457
1.023165
1.023358
1.023913
1.024075
1.024486
1.024594
1.024868
1.024905
1.025048
1.025004
1.025022
1.024891
1.024793
1.024575
1.024370
1.024068
1.023767
1.023388
1.023004
1.022557
1.022103
1.021601
1.021092
1.020545
1.019994
1.019415
1.018836
1.018237
1.017643
1.017035
1.016437
1.015829
1.015237
1.014637
1.014061
1.013476
1.012922
1.012357
1.011831
1.011289
1.010796
1.010279
1.009822
1.009331
1.008915
1.008448
1.008074
1.007629
1.007301
1.006875
1.006595
1.006183
1.005955
1.005550
1.005378
1.004973
1.004862
1.004446
1.004406
1.003967
1.004007
1.003529
1.003664
1.003127
1.003375
1.002755
1.003142
1.002407
1.002964
1.002074
1.002845
1.001746
1.002797
1.001395
1.013116
1.002218
1.012230
1.004441
1.012142
1.006628
1.012567
1.008697
1.013300
1.010631
1.014236
1.012453
1.015312
1.014179
1.016479
1.015820
1.017694
1.017373
1.018917
1.018831
1.020112
1.020180
1.021245
1.021402
1.022281
1.022479
1.023192
1.023389
1.023949
1.024116
1.024532
1.024643
1.024921
1.024961
1.025107
1.025065
1.025085
1.024954
1.024856
1.024638
1.024431
1.024128
1.023825
1.023443
1.023056
1.022606
1.022149
1.021642
1.021129
1.020578
1.020023
1.019440
1.018857
1.018253
1.017656
1.017043
1.016442
1.015830
1.015236
1.014633
1.014054
1.013466
1.012910
1.012343
1.011816
1.011272
1.010778
1.010260
1.009803
1.009311
1.008895
1.008427
1.008054
1.007609
1.007281
1.006856
1.006576
1.006164
1.005936
1.005532
1.005361
1.004956
1.004847
1.004431
1.004392
1.003953
1.003994
1.003516
1.003652
1.003116
1.003365
1.002745
1.003133
1.002397
1.002957
1.002065
1.002841
1.001737
1.002795
1.001388
1.012880
1.002183
1.012038
1.004396
1.011993
1.006590
1.012459
1.008672
1.013229
1.010624
1.014199
1.012466
1.015307
1.014216
1.016505
1.015881
1.017752
1.017461
1.019007
1.018947
1.020233
1.020324
1.021396
1.021574
1.022460
1.022675
1.023396
1.023607
1.024174
1.024351
1.024771
1.024889
1.025169
1.025212
1.025356
1.025312
1.025328
1.025192
1.025087
1.024860
1.024643
1.024328
1.024013
1.023618
1.023217
1.022753
1.022280
1.021759
1.021230
1.020664
1.020094
1.019497
1.018900
1.018283
1.017673
1.017049
1.016436
1.015814
1.015211
1.014599
1.014012
1.013418
1.012856
1.012283
1.011751
1.011204
1.010707
1.010186
1.009727
1.009234
1.008816
1.008349
1.007974
1.007531
1.007202
1.006779
1.006499
1.006090
1.005862
1.005461
1.005289
1.004889
1.004778
1.004368
1.004326
1.003894
1.003932
1.003462
1.003593
1.003066
1.003308
1.002700
1.003078
1.002357
1.002903
1.002031
1.002786
1.001709
1.002738
1.001366
1.012854
1.002185
1.012003
1.004391
1.011953
1.006579
1.012419
1.008658
1.013192
1.010611
1.014168
1.012457
1.015287
1.014215
1.016499
1.015892
1.017762
1.017488
1.019036
1.018992
1.020283
1.020390
1.021468
1.021660
1.022555
1.022783
1.023512
1.023735
1.024309
1.024495
1.024922
1.025047
1.025331
1.025378
1.025524
1.025481
1.025495
1.025359
1.025249
1.025018
1.024795
1.024473
1.024149
1.023746
1.023335
1.022861
1.022377
1.021845
1.021305
1.020728
1.020147
1.019539
1.018932
1.018306
1.017686
1.017053
1.016433
1.015803
1.015192
1.014575
1.013983
1.013383
1.012817
1.012241
1.011706
1.011156
1.010656
1.010135
1.009674
1.009181
1.008762
1.008295
1.007921
1.007478
1.007150
1.006728
1.006448
1.006041
1.005813
1.005415
1.005243
1.004846
1.004735
1.004328
1.004286
1.003858
1.003895
1.003429
1.003559
1.003036
1.003277
1.002673
1.003049
1.002333
1.002876
1.002009
1.002761
1.001690
1.002715
1.001350
1.012590
1.002149
1.011785
1.004344
1.011779
1.006535
1.012287
1.008626
1.013100
1.010598
1.014116
1.012468
1.015273
1.014253
1.016525
1.015963
1.017828
1.017594
1.019145
1.019136
1.020435
1.020572
1.021661
1.021882
1.022788
1.023040
1.023780
1.024024
1.024607
1.024809
1.025242
1.025378
1.025665
1.025717
1.025861
1.025818
1.025826
1.025683
1.025563
1.025321
1.025084
1.024747
1.024406
1.023984
1.023553
1.023059
1.022555
1.022002
1.021441
1.020844
1.020242
1.019615
1.018988
1.018344
1.017707
1.017058
1.016422
1.015779
1.015155
1.014526
1.013923
1.013315
1.012741
1.012158
1.011616
1.011062
1.010558
1.010034
1.009571
1.009076
1.008656
1.008189
1.007814
1.007373
1.007044
1.006625
1.006345
1.005942
1.005714
1.005320
1.005148
1.004756
1.004644
1.004244
1.004200
1.003780
1.003813
1.003357
1.003481
1.002970
1.003203
1.002614
1.002977
1.002281
1.002806
1.001964
1.002692
1.001652
1.002645
1.001320
1.012472
1.002142
1.011675
1.004326
1.011679
1.006512
1.012201
1.008604
1.013031
1.010581
1.014066
1.012462
1.015246
1.014265
1.016525
1.015998
1.017860
1.017657
1.019210
1.019231
1.020537
1.020703
1.021802
1.022048
1.022967
1.023242
1.023995
1.024259
1.024854
1.025072
1.025514
1.025661
1.025953
1.026011
1.026157
1.026115
1.026119
1.025972
1.025844
1.025593
1.025344
1.024994
1.024638
1.024200
1.023752
1.023239
1.022716
1.022144
1.021564
1.020947
1.020327
1.019681
1.019037
1.018376
1.017723
1.017059
1.016410
1.015754
1.015119
1.014480
1.013868
1.013252
1.012670
1.012082
1.011536
1.010978
1.010470
1.009944
1.009479
1.008984
1.008562
1.008096
1.007721
1.007282
1.006953
1.006537
1.006257
1.005858
1.005630
1.005241
1.005069
1.004682
1.004570
1.004176
1.004131
1.003717
1.003748
1.003300
1.003421
1.002919
1.003146
1.002567
1.002924
1.002239
1.002756
1.001927
1.002644
1.001620
1.002599
1.001293
1.012170
1.002103
1.011421
1.004271
1.011472
1.006458
1.012039
1.008562
1.012914
1.010559
1.013994
1.012467
1.015221
1.014304
1.016548
1.016077
1.017935
1.017782
1.019340
1.019406
1.020723
1.020929
1.022044
1.022327
1.023263
1.023571
1.024341
1.024631
1.025241
1.025480
1.025932
1.026094
1.026391
1.026456
1.026601
1.026558
1.026555
1.026399
1.026258
1.025992
1.025723
1.025354
1.024973
1.024512
1.024036
1.023497
1.022946
1.022346
1.021737
1.021093
1.020445
1.019773
1.019104
1.018419
1.017743
1.017058
1.016389
1.015716
1.015064
1.014411
1.013786
1.013159
1.012566
1.011970
1.011416
1.010853
1.010340
1.009811
1.009342
1.008846
1.008422
1.007958
1.007581
1.007145
1.006816
1.006404
1.006125
1.005730
1.005503
1.005120
1.004948
1.004568
1.004455
1.004070
1.004022
1.003618
1.003646
1.003209
1.003324
1.002836
1.003054
1.002493
1.002836
1.002174
1.002670
1.001870
1.002560
1.001572
1.002514
1.001255
1.011965
1.002085
1.011238
1.004239
1.011313
1.006419
1.011906
1.008525
1.012808
1.010533
1.013919
1.012459
1.015181
1.014322
1.016549
1.016129
1.017981
1.017875
1.019437
1.019546
1.020874
1.021121
1.022252
1.022572
1.023526
1.023868
1.024656
1.024976
1.025602
1.025865
1.026330
1.026508
1.026813
1.026887
1.027032
1.026990
1.026982
1.026820
1.026666
1.026386
1.026099
1.025709
1.025306
1.024820
1.024318
1.023752
1.023172
1.022544
1.021907
1.021235
1.020560
1.019861
1.019166
1.018458
1.017759
1.017054
1.016365
1.015674
1.015007
1.014339
1.013702
1.013064
1.012462
1.011858
1.011297
1.010729
1.010212
1.009680
1.009209
1.008712
1.008288
1.007825
1.007448
1.007015
1.006687
1.006278
1.006000
1.005611
1.005384
1.005008
1.004836
1.004464
1.004350
1.003973
1.003924
1.003529
1.003554
1.003128
1.003237
1.002763
1.002973
1.002427
1.002760
1.002115
1.002598
1.001819
1.002490
1.001528
1.002446
1.001218
1.011618
1.002042
1.010942
1.004175
1.011066
1.006353
1.011709
1.008470
1.012661
1.010498
1.013823
1.012455
1.015140
1.014359
1.016567
1.016214
1.018063
1.018017
1.019587
1.019752
1.021096
1.021395
1.022547
1.022915
1.023892
1.024277
1.025088
1.025444
1.026090
1.026381
1.026861
1.027059
1.027371
1.027454
1.027599
1.027556
1.027538
1.027365
1.027193
1.026893
1.026581
1.026164
1.025729
1.025211
1.024674
1.024072
1.023456
1.022791
1.022117
1.021409
1.020698
1.019966
1.019239
1.018500
1.017773
1.017041
1.016328
1.015615
1.014927
1.014243
1.013589
1.012938
1.012324
1.011710
1.011141
1.010567
1.010044
1.009509
1.009034
1.008538
1.008112
1.007650
1.007274
1.006844
1.006516
1.006113
1.005836
1.005453
1.005228
1.004859
1.004687
1.004324
1.004210
1.003843
1.003792
1.003410
1.003430
1.003019
1.003121
1.002663
1.002862
1.002338
1.002654
1.002036
1.002496
1.001750
1.002390
1.001470
1.002346
1.001172
1.011330
1.002013
1.010687
1.004125
1.010846
1.006296
1.011525
1.008415
1.012514
1.010456
1.013718
1.012437
1.015081
1.014374
1.016561
1.016275
1.018118
1.018133
1.019709
1.019931
1.021292
1.021644
1.022818
1.023237
1.024241
1.024670
1.025508
1.025904
1.026574
1.026897
1.027395
1.027615
1.027938
1.028033
1.028180
1.028137
1.028111
1.027928
1.027738
1.027418
1.027081
1.026636
1.026169
1.025616
1.025043
1.024404
1.023748
1.023045
1.022332
1.021586
1.020839
1.020071
1.019310
1.018539
1.017783
1.017024
1.016285
1.015550
1.014842
1.014139
1.013470
1.012805
1.012180
1.011557
1.010979
1.010400
1.009872
1.009335
1.008857
1.008361
1.007934
1.007475
1.007099
1.006673
1.006347
1.005949
1.005674
1.005298
1.005074
1.004713
1.004542
1.004189
1.004074
1.003718
1.003665
1.003295
1.003311
1.002914
1.003010
1.002569
1.002759
1.002253
1.002556
1.001961
1.002403
1.001684
1.002300
1.001413
1.002257
1.001125
1.010929
1.001964
1.010343
1.004050
1.010555
1.006214
1.011287
1.008342
1.012331
1.010404
1.013592
1.012419
1.015017
1.014403
1.016567
1.016362
1.018201
1.018290
1.019877
1.020168
1.021549
1.021967
1.023170
1.023648
1.024684
1.025168
1.026038
1.026480
1.027179
1.027538
1.028058
1.028302
1.028637
1.028744
1.028890
1.028846
1.028808
1.028609
1.028396
1.028050
1.027678
1.027198
1.026690
1.026095
1.025475
1.024790
1.024087
1.023336
1.022576
1.021784
1.020992
1.020182
1.019381
1.018573
1.017781
1.016990
1.016222
1.015461
1.014729
1.014006
1.013317
1.012638
1.011999
1.011366
1.010779
1.010194
1.009660
1.009121
1.008640
1.008145
1.007717
1.007261
1.006886
1.006465
1.006141
1.005750
1.005476
1.005109
1.004886
1.004535
1.004365
1.004023
1.003908
1.003565
1.003509
1.003154
1.003165
1.002786
1.002873
1.002453
1.002630
1.002149
1.002434
1.001868
1.002285
1.001603
1.002185
1.001345
1.002143
1.001071
1.010560
1.001923
1.010017
1.003981
1.010273
1.006133
1.011048
1.008262
1.012137
1.010338
1.013447
1.012380
1.014929
1.014406
1.016544
1.016421
1.018254
1.018419
1.020016
1.020379
1.021783
1.022269
1.023503
1.024047
1.025119
1.025663
1.026569
1.027064
1.027795
1.028197
1.028743
1.029018
1.029367
1.029490
1.029639
1.029595
1.029546
1.029334
1.029097
1.028723
1.028317
1.027798
1.027246
1.026605
1.025937
1.025201
1.024447
1.023645
1.022834
1.021993
1.021153
1.020298
1.019454
1.018605
1.017776
1.016951
1.016152
1.015364
1.014607
1.013863
1.013156
1.012461
1.011808
1.011165
1.010569
1.009978
1.009439
1.008898
1.008416
1.007921
1.007494
1.007041
1.006667
1.006252
1.005930
1.005547
1.005276
1.004918
1.004697
1.004357
1.004188
1.003857
1.003742
1.003412
1.003355
1.003015
1.003022
1.002659
1.002739
1.002339
1.002504
1.002047
1.002316
1.001778
1.002172
1.001524
1.002076
1.001278
1.002036
1.001016
1.010100
1.001867
1.009619
1.003892
1.009931
1.006031
1.010763
1.008164
1.011910
1.010261
1.013282
1.012339
1.014835
1.014417
1.016530
1.016502
1.018331
1.018584
1.020195
1.020642
1.022075
1.022641
1.023913
1.024532
1.025647
1.026261
1.027210
1.027765
1.028534
1.028985
1.029559
1.029867
1.030232
1.030370
1.030519
1.030474
1.030409
1.030176
1.029908
1.029499
1.029048
1.028482
1.027877
1.027180
1.026452
1.025657
1.024841
1.023978
1.023108
1.022209
1.021314
1.020406
1.019513
1.018619
1.017747
1.016884
1.016051
1.015232
1.014448
1.013681
1.012953
1.012243
1.011576
1.010922
1.010317
1.009721
1.009177
1.008635
1.008150
1.007658
1.007231
1.006784
1.006412
1.006004
1.005685
1.005311
1.005043
1.004695
1.004477
1.004149
1.003982
1.003665
1.003550
1.003235
1.003176
1.002853
1.002855
1.002512
1.002583
1.002205
1.002357
1.001928
1.002176
1.001672
1.002039
1.001433
1.001947
1.001200
1.001907
1.000954
1.009650
1.001814
1.009221
1.003801
1.009582
1.005920
1.010462
1.008051
1.011660
1.010161
1.013088
1.012269
1.014705
1.014395
1.016478
1.016546
1.018370
1.018715
1.020341
1.020876
1.022339
1.022991
1.024305
1.025007
1.026171
1.026862
1.027861
1.028485
1.029300
1.029806
1.030416
1.030764
1.031150
1.031310
1.031463
1.031418
1.031339
1.031087
1.030787
1.030341
1.029844
1.029226
1.028562
1.027805
1.027012
1.026151
1.025268
1.024340
1.023404
1.022443
1.021487
1.020523
1.019576
1.018632
1.017716
1.016812
1.015942
1.015090
1.014278
1.013487
1.012738
1.012010
1.011329
1.010665
1.010051
1.009450
1.008901
1.008358
1.007873
1.007384
1.006958
1.006516
1.006148
1.005748
1.005432
1.005068
1.004804
1.004467
1.004253
1.003937
1.003773
1.003469
1.003355
1.003056
1.002995
1.002690
1.002687
1.002364
1.002427
1.002073
1.002212
1.001809
1.002039
1.001568
1.001909
1.001341
1.001821
1.001122
1.001783
1.000891
1.009127
1.001749
1.008763
1.003693
1.009184
1.005792
1.010122
1.007921
1.011379
1.010048
1.012873
1.012193
1.014567
1.014377
1.016430
1.016608
1.018429
1.018876
1.020523
1.021158
1.022659
1.023408
1.024774
1.025570
1.026791
1.027570
1.028628
1.029329
1.030196
1.030766
1.031415
1.031806
1.032215
1.032395
1.032550
1.032501
1.032401
1.032122
1.031781
1.031287
1.030731
1.030051
1.029317
1.028486
1.027616
1.026678
1.025716
1.024711
1.023700
1.022667
1.021643
1.020615
1.019608
1.018611
1.017644
1.016696
1.015787
1.014901
1.014059
1.013242
1.012473
1.011728
1.011033
1.010359
1.009737
1.009132
1.008580
1.008038
1.007553
1.007068
1.006645
1.006211
1.005846
1.005456
1.005146
1.004792
1.004534
1.004210
1.004000
1.003698
1.003537
1.003249
1.003136
1.002854
1.002792
1.002506
1.002499
1.002198
1.002252
1.001923
1.002048
1.001676
1.001884
1.001450
1.001761
1.001239
1.001677
1.001036
1.001641
1.000822
1.008596
1.001682
1.008292
1.003577
1.008765
1.005647
1.009753
1.007765
1.011061
1.009901
1.012615
1.012075
1.014380
1.014312
1.016331
1.016620
1.018438
1.018991
1.020659
1.021399
1.022942
1.023796
1.025219
1.026118
1.027406
1.028284
1.029409
1.030201
1.031131
1.031774
1.032473
1.032918
1.033357
1.033566
1.033727
1.033679
1.033560
1.033255
1.032871
1.032327
1.031709
1.030959
1.030148
1.029237
1.028283
1.027258
1.026211
1.025121
1.024028
1.022916
1.021817
1.020718
1.019647
1.018590
1.017570
1.016574
1.015622
1.014700
1.013826
1.012983
1.012191
1.011429
1.010719
1.010036
1.009406
1.008797
1.008242
1.007702
1.007217
1.006738
1.006319
1.005893
1.005533
1.005154
1.004849
1.004508
1.004255
1.003945
1.003740
1.003454
1.003296
1.003025
1.002913
1.002650
1.002586
1.002320
1.002308
1.002030
1.002075
1.001773
1.001883
1.001542
1.001730
1.001332
1.001614
1.001137
1.001536
1.000949
1.001501
1.000751
1.008005
1.001606
1.007771
1.003447
1.008303
1.005484
1.009347
1.007592
1.010714
1.009739
1.012335
1.011949
1.014181
1.014247
1.016233
1.016644
1.018462
1.019134
1.020829
1.021687
1.023281
1.024253
1.025743
1.026760
1.028125
1.029115
1.030320
1.031212
1.032213
1.032940
1.033694
1.034196
1.034667
1.034902
1.035066
1.035012
1.034866
1.034524
1.034085
1.033476
1.032780
1.031946
1.031043
1.030035
1.028981
1.027856
1.026708
1.025521
1.024334
1.023133
1.021950
1.020775
1.019632
1.018512
1.017435
1.016389
1.015393
1.014434
1.013527
1.012659
1.011845
1.011068
1.010345
1.009655
1.009019
1.008409
1.007854
1.007317
1.006836
1.006364
1.005950
1.005535
1.005183
1.004816
1.004519
1.004192
1.003946
1.003652
1.003454
1.003184
1.003031
1.002778
1.002669
1.002424
1.002360
1.002116
1.002100
1.001846
1.001882
1.001608
1.001703
1.001395
1.001561
1.001203
1.001453
1.001025
1.001380
1.000855
1.001347
1.000676
1.007392
1.001525
1.007223
1.003302
1.007807
1.005296
1.008899
1.007381
1.010316
1.009528
1.011995
1.011764
1.013916
1.014116
1.016063
1.016600
1.018415
1.019209
1.020933
1.021915
1.023564
1.024665
1.026230
1.027377
1.028830
1.029948
1.031245
1.032255
1.033343
1.034168
1.034992
1.035566
1.036080
1.036353
1.036528
1.036475
1.036304
1.035925
1.035429
1.034752
1.033972
1.033046
1.032040
1.030925
1.029760
1.028524
1.027266
1.025971
1.024679
1.023380
1.022105
1.020845
1.019625
1.018435
1.017295
1.016195
1.015152
1.014152
1.013212
1.012317
1.011480
1.010687
1.009951
1.009253
1.008611
1.008001
1.007446
1.006913
1.006437
1.005973
1.005567
1.005163
1.004819
1.004465
1.004177
1.003866
1.003628
1.003350
1.003159
1.002907
1.002759
1.002525
1.002419
1.002195
1.002131
1.001909
1.001888
1.001660
1.001687
1.001442
1.001522
1.001248
1.001391
1.001073
1.001292
1.000913
1.001225
1.000759
1.001194
1.000599
1.006730
1.001436
1.006633
1.003144
1.007274
1.005091
1.008418
1.007152
1.009888
1.009300
1.011632
1.011565
1.013635
1.013980
1.015890
1.016562
1.018379
1.019308
1.021069
1.022189
1.023905
1.025148
1.026803
1.028096
1.029653
1.030914
1.032319
1.033461
1.034647
1.035582
1.036484
1.037135
1.037694
1.038003
1.038183
1.038121
1.037914
1.037483
1.036912
1.036147
1.035263
1.034222
1.033093
1.031851
1.030555
1.029188
1.027802
1.026384
1.024976
1.023567
1.022191
1.020839
1.019536
1.018272
1.017068
1.015913
1.014822
1.013784
1.012812
1.011892
1.011036
1.010229
1.009484
1.008782
1.008139
1.007531
1.006980
1.006456
1.005987
1.005535
1.005138
1.004749
1.004416
1.004079
1.003802
1.003508
1.003280
1.003021
1.002838
1.002606
1.002464
1.002251
1.002149
1.001947
1.001883
1.001686
1.001661
1.001460
1.001477
1.001263
1.001327
1.001089
1.001208
1.000934
1.001119
1.000792
1.001058
1.000658
1.001029
1.000518
1.006034
1.001338
1.006007
1.002964
1.006697
1.004849
1.007880
1.006871
1.009393
1.009006
1.011189
1.011288
1.013265
1.013755
1.015620
1.016429
1.018244
1.019311
1.021109
1.022375
1.024161
1.025560
1.027314
1.028769
1.030445
1.031870
1.033401
1.034698
1.036005
1.037073
1.038073
1.038822
1.039444
1.039805
1.040002
1.039940
1.039701
1.039219
1.038570
1.037710
1.036712
1.035546
1.034280
1.032895
1.031454
1.029942
1.028413
1.026858
1.025320
1.023789
1.022302
1.020848
1.019454
1.018109
1.016835
1.015620
1.014478
1.013398
1.012392
1.011445
1.010569
1.009748
1.008994
1.008288
1.007643
1.007039
1.006493
1.005978
1.005517
1.005079
1.004693
1.004320
1.003998
1.003679
1.003414
1.003139
1.002922
1.002683
1.002509
1.002298
1.002163
1.001971
1.001873
1.001695
1.001631
1.001459
1.001430
1.001257
1.001265
1.001082
1.001131
1.000929
1.001025
1.000794
1.000945
1.000671
1.000891
1.000556
1.000865
1.000435
1.005300
1.001235
1.005345
1.002773
1.006086
1.004591
1.007311
1.006571
1.008867
1.008691
1.010719
1.010992
1.012873
1.013517
1.015339
1.016295
1.018115
1.019332
1.021178
1.022604
1.024476
1.026047
1.027919
1.029557
1.031372
1.032982
1.034661
1.036132
1.037576
1.038793
1.039902
1.040757
1.041443
1.041854
1.042060
1.041984
1.041695
1.041140
1.040388
1.039406
1.038265
1.036944
1.035512
1.033957
1.032343
1.030662
1.028970
1.027259
1.025576
1.023911
1.022303
1.020740
1.019251
1.017825
1.016480
1.015206
1.014016
1.012898
1.011862
1.010894
1.010003
1.009174
1.008416
1.007712
1.007072
1.006477
1.005940
1.005440
1.004992
1.004572
1.004200
1.003847
1.003541
1.003242
1.002992
1.002738
1.002535
1.002318
1.002156
1.001967
1.001841
1.001673
1.001580
1.001426
1.001364
1.001218
1.001186
1.001041
1.001041
1.000891
1.000924
1.000760
1.000832
1.000646
1.000763
1.000544
1.000715
1.000448
1.000692
1.000350
1.004522
1.001118
1.004637
1.002553
1.005419
1.004285
1.006671
1.006202
1.008255
1.008289
1.010147
1.010591
1.012364
1.013159
1.014928
1.016030
1.017848
1.019217
1.021109
1.022701
1.024665
1.026422
1.028423
1.030264
1.032238
1.034060
1.035912
1.037590
1.039203
1.040602
1.041852
1.042843
1.043621
1.044104
1.044336
1.044260
1.043927
1.043299
1.042439
1.041325
1.040026
1.038532
1.036915
1.035169
1.033362
1.031491
1.029616
1.027731
1.025886
1.024072
1.022330
1.020647
1.019054
1.017536
1.016115
1.014777
1.013535
1.012376
1.011308
1.010317
1.009411
1.008574
1.007812
1.007111
1.006476
1.005892
1.005366
1.004881
1.004447
1.004046
1.003691
1.003358
1.003068
1.002792
1.002557
1.002327
1.002138
1.001944
1.001794
1.001628
1.001512
1.001368
1.001281
1.001152
1.001093
1.000973
1.000939
1.000824
1.000815
1.000697
1.000715
1.000590
1.000638
1.000497
1.000580
1.000416
1.000540
1.000340
1.000519
1.000263
1.003713
1.000997
1.003900
1.002323
1.004722
1.003963
1.006000
1.005812
1.007610
1.007861
1.009542
1.010164
1.011827
1.012780
1.014498
1.015755
1.017578
1.019112
1.021063
1.022839
1.024912
1.026876
1.029030
1.031101
1.033261
1.035324
1.037378
1.039291
1.041097
1.042700
1.044108
1.045246
1.046119
1.046671
1.046918
1.046822
1.046419
1.045686
1.044681
1.043394
1.041897
1.040188
1.038345
1.036369
1.034335
1.032243
1.030158
1.028077
1.026053
1.024078
1.022193
1.020386
1.018685
1.017078
1.015584
1.014187
1.012899
1.011706
1.010615
1.009611
1.008697
1.007861
1.007104
1.006414
1.005792
1.005225
1.004717
1.004254
1.003842
1.003465
1.003131
1.002824
1.002555
1.002305
1.002089
1.001885
1.001713
1.001545
1.001409
1.001269
1.001164
1.001046
1.000967
1.000865
1.000808
1.000717
1.000680
1.000596
1.000578
1.000496
1.000498
1.000413
1.000436
1.000343
1.000389
1.000282
1.000357
1.000229
1.000340
1.000175
1.002855
1.000860
1.003110
1.002057
1.003959
1.003581
1.005244
1.005336
1.006859
1.007323
1.008808
1.009601
1.011137
1.012241
1.013895
1.015300
1.017119
1.018815
1.020821
1.022785
1.024971
1.027155
1.029477
1.031801
1.034174
1.036513
1.038806
1.040998
1.043043
1.044899
1.046511
1.047842
1.048851
1.049507
1.049796
1.049697
1.049232
1.048394
1.047235
1.045758
1.044040
1.042090
1.039993
1.037757
1.035466
1.033124
1.030804
1.028502
1.026279
1.024123
1.022080
1.020134
1.018317
1.016612
1.015037
1.013577
1.012240
1.011011
1.009895
1.008876
1.007955
1.007120
1.006369
1.005691
1.005083
1.004536
1.004047
1.003608
1.003217
1.002866
1.002554
1.002275
1.002028
1.001805
1.001610
1.001432
1.001279
1.001138
1.001017
1.000904
1.000811
1.000719
1.000648
1.000573
1.000520
1.000458
1.000419
1.000366
1.000341
1.000293
1.000280
1.000234
1.000233
1.000187
1.000199
1.000149
1.000175
1.000116
1.000161
1.000085
1.001974
1.000720
1.002297
1.001781
1.003171
1.003181
1.004457
1.004836
1.006072
1.006753
1.008037
1.009004
1.010411
1.011670
1.013262
1.014824
1.016645
1.018517
1.020591
1.022762
1.025082
1.027515
1.030034
1.032646
1.035268
1.037924
1.040496
1.043008
1.045329
1.047472
1.049314
1.050856
1.052007
1.052762
1.053076
1.052946
1.052381
1.051387
1.050019
1.048294
1.046295
1.044043
1.041635
1.039086
1.036493
1.033861
1.031273
1.028726
1.026284
1.023936
1.021729
1.019644
1.017713
1.015915
1.014270
1.012755
1.011382
1.010129
1.009001
1.007981
1.007066
1.006245
1.005511
1.004856
1.004273
1.003755
1.003295
1.002887
1.002526
1.002208
1.001925
1.001678
1.001459
1.001268
1.001097
1.000950
1.000818
1.000707
1.000604
1.000520
1.000440
1.000377
1.000315
1.000270
1.000220
1.000188
1.000149
1.000128
1.000095
1.000083
1.000055
1.000051
1.000025
1.000028
1.000003
1.000012
0.999987
1.000002
0.999977
0.999994
1.001038
1.000560
1.001425
1.001462
1.002306
1.002710
1.003572
1.004232
1.005159
1.006047
1.007106
1.008235
1.009492
1.010892
1.012402
1.014107
1.015916
1.017953
1.020086
1.022463
1.024919
1.027610
1.030341
1.033268
1.036172
1.039190
1.042093
1.044988
1.047651
1.050153
1.052296
1.054120
1.055477
1.056384
1.056763
1.056628
1.055973
1.054821
1.053227
1.051225
1.048909
1.046314
1.043552
1.040646
1.037708
1.034747
1.031857
1.029033
1.026347
1.023784
1.021395
1.019156
1.017100
1.015202
1.013479
1.011907
1.010494
1.009217
1.008077
1.007055
1.006148
1.005341
1.004627
1.003997
1.003440
1.002953
1.002522
1.002149
1.001819
1.001535
1.001283
1.001070
1.000878
1.000721
1.000576
1.000461
1.000351
1.000270
1.000186
1.000131
1.000066
1.000032
0.999980
0.999964
0.999919
0.999918
0.999878
0.999889
0.999849
0.999873
0.999830
0.999867
0.999817
0.999868
0.999808
0.999875
0.999801
0.999887
0.999795
0.999903
1.000089
1.000399
1.000537
1.001135
1.001420
1.002221
1.002656
1.003600
1.004208
1.005304
1.006132
1.007424
1.008526
1.010070
1.011499
1.013353
1.015155
1.017369
1.019576
1.022180
1.024795
1.027778
1.030759
1.034047
1.037281
1.040719
1.044009
1.047349
1.050410
1.053325
1.055812
1.057947
1.059521
1.060577
1.060996
1.060813
1.060007
1.058622
1.056720
1.054350
1.051628
1.048601
1.045405
1.042070
1.038727
1.035386
1.032156
1.029027
1.026081
1.023295
1.020723
1.018336
1.016166
1.014182
1.012399
1.010788
1.009355
1.008073
1.006941
1.005937
1.005055
1.004280
1.003601
1.003011
1.002495
1.002050
1.001662
1.001332
1.001042
1.000801
1.000586
1.000414
1.000257
1.000137
1.000022
0.999943
0.999859
0.999811
0.999748
0.999726
0.999677
0.999674
0.999633
0.999648
0.999610
0.999639
0.999599
0.999644
0.999598
0.999658
0.999601
0.999680
0.999606
0.999706
0.999610
0.999737
0.999613
0.999771
0.999610
0.999811
0.999084
1.000215
0.999585
1.000758
1.000451
1.001648
1.001629
1.002846
1.003108
1.004396
1.004966
1.006399
1.007320
1.008984
1.010304
1.012283
1.014053
1.016424
1.018685
1.021504
1.024272
1.027551
1.030793
1.034471
1.038074
1.041991
1.045738
1.049610
1.053167
1.056604
1.059545
1.062102
1.063994
1.065282
1.065805
1.065612
1.064669
1.063039
1.060795
1.058008
1.054821
1.051296
1.047598
1.043769
1.039961
1.036187
1.032571
1.029099
1.025862
1.022827
1.020055
1.017505
1.015211
1.013133
1.011287
1.009635
1.008182
1.006896
1.005772
1.004788
1.003933
1.003192
1.002552
1.002003
1.001529
1.001130
1.000785
1.000501
1.000253
1.000056
0.999880
0.999750
0.999628
0.999547
0.999463
0.999421
0.999363
0.999350
0.999309
0.999318
0.999287
0.999315
0.999286
0.999332
0.999300
0.999361
0.999322
0.999400
0.999347
0.999445
0.999373
0.999493
0.999396
0.999545
0.999414
0.999599
0.999426
0.999656
0.999427
0.999720
0.998075
1.000031
0.998627
1.000374
0.999467
1.001059
1.000575
1.002064
1.001971
1.003447
1.003752
1.005323
1.006058
1.007839
1.009049
1.011154
1.012897
1.015433
1.017762
1.020817
1.023764
1.027376
1.030924
1.035051
1.039089
1.043564
1.047851
1.052350
1.056490
1.060536
1.064001
1.067034
1.069270
1.070787
1.071377
1.071106
1.069932
1.067939
1.065222
1.061880
1.058091
1.053939
1.049626
1.045203
1.040852
1.036583
1.032540
1.028698
1.025159
1.021877
1.018915
1.016221
1.013828
1.011684
1.009804
1.008142
1.006698
1.005437
1.004351
1.003413
1.002610
1.001926
1.001344
1.000856
1.000442
1.000103
0.999815
0.999588
0.999393
0.999249
0.999121
0.999040
0.998959
0.998923
0.998875
0.998873
0.998846
0.998870
0.998853
0.998898
0.998885
0.998946
0.998931
0.999008
0.998985
0.999078
0.999040
0.999152
0.999094
0.999228
0.999143
0.999305
0.999185
0.999382
0.999217
0.999460
0.999238
0.999541
0.999244
0.999629
0.997010
0.999822
0.997603
0.999936
0.998394
1.000376
0.999398
1.001142
1.000665
1.002305
1.002314
1.003993
1.004506
1.006368
1.007430
1.009621
1.011297
1.013960
1.016321
1.019581
1.022685
1.026620
1.030475
1.035074
1.039587
1.044691
1.049611
1.054859
1.059728
1.064551
1.068717
1.072404
1.075148
1.077032
1.077792
1.077499
1.076105
1.073717
1.070464
1.066476
1.061983
1.057096
1.052064
1.046950
1.041972
1.037137
1.032609
1.028352
1.024477
1.020922
1.017754
1.014904
1.012405
1.010193
1.008279
1.006607
1.005176
1.003943
1.002897
1.002009
1.001262
1.000639
1.000118
0.999694
0.999341
0.999065
0.998836
0.998668
0.998527
0.998438
0.998359
0.998327
0.998289
0.998298
0.998287
0.998326
0.998329
0.998391
0.998399
0.998478
0.998485
0.998580
0.998578
0.998688
0.998672
0.998798
0.998761
0.998907
0.998844
0.999015
0.998916
0.999119
0.998977
0.999222
0.999023
0.999324
0.999054
0.999427
0.999064
0.999539
0.995953
0.999616
0.996583
0.999494
0.997315
0.999679
0.998202
1.000193
0.999326
1.001122
1.000827
1.002604
1.002890
1.004824
1.005734
1.008005
1.009614
1.012405
1.014807
1.018288
1.021573
1.025870
1.030083
1.035227
1.040300
1.046144
1.051816
1.057958
1.063696
1.069441
1.074432
1.078872
1.082177
1.084434
1.085310
1.084888
1.083119
1.080144
1.076143
1.071289
1.065883
1.060067
1.054153
1.048215
1.042511
1.037040
1.031989
1.027302
1.023097
1.019290
1.015949
1.012984
1.010425
1.008191
1.006290
1.004655
1.003282
1.002119
1.001152
1.000349
0.999690
0.999155
0.998721
0.998383
0.998113
0.997917
0.997762
0.997667
0.997592
0.997568
0.997546
0.997572
0.997583
0.997643
0.997673
0.997757
0.997795
0.997897
0.997933
0.998049
0.998077
0.998206
0.998220
0.998363
0.998356
0.998515
0.998481
0.998661
0.998593
0.998800
0.998690
0.998934
0.998769
0.999062
0.998831
0.999188
0.998871
0.999314
0.998885
0.999450
0.994845
0.999383
0.995500
0.998994
0.996147
0.998882
0.996876
0.999093
0.997802
0.999723
0.999088
1.000922
1.000935
1.002890
1.003594
1.005886
1.007368
1.010222
1.012603
1.016244
1.019658
1.024277
1.028822
1.034515
1.040178
1.046840
1.053379
1.060587
1.067408
1.074338
1.080442
1.085934
1.090083
1.092946
1.094108
1.093638
1.091496
1.087856
1.082976
1.077088
1.070588
1.063665
1.056707
1.049803
1.043259
1.037061
1.031420
1.026253
1.021686
1.017608
1.014084
1.010999
1.008381
1.006129
1.004248
1.002658
1.001348
1.000262
0.999381
0.998669
0.998102
0.997660
0.997318
0.997069
0.996883
0.996769
0.996690
0.996669
0.996661
0.996703
0.996739
0.996822
0.996883
0.996994
0.997066
0.997195
0.997267
0.997409
0.997473
0.997626
0.997676
0.997839
0.997868
0.998043
0.998045
0.998237
0.998206
0.998419
0.998347
0.998590
0.998468
0.998752
0.998567
0.998906
0.998642
0.999055
0.998692
0.999204
0.998711
0.999363
0.993759
0.999156
0.994434
0.998496
0.994984
0.998078
0.995541
0.997972
0.996256
0.998287
0.997306
0.999182
0.998914
1.000875
1.001363
1.003660
1.005007
1.007912
1.010272
1.014075
1.017633
1.022606
1.027533
1.033856
1.040210
1.047840
1.055417
1.063908
1.072043
1.080408
1.087850
1.094586
1.099694
1.103192
1.104564
1.103869
1.101090
1.096457
1.090343
1.083061
1.075138
1.066817
1.058586
1.050541
1.043044
1.036055
1.029805
1.024173
1.019287
1.014994
1.011358
1.008229
1.005630
1.003436
1.001648
1.000168
0.998985
0.998031
0.997286
0.996709
0.996274
0.995960
0.995738
0.995605
0.995526
0.995514
0.995528
0.995595
0.995666
0.995784
0.995887
0.996036
0.996153
0.996320
0.996438
0.996617
0.996727
0.996912
0.997006
0.997197
0.997270
0.997468
0.997514
0.997723
0.997735
0.997959
0.997932
0.998179
0.998103
0.998382
0.998249
0.998573
0.998367
0.998752
0.998457
0.998924
0.998517
0.999095
0.998540
0.999278
0.992630
0.998903
0.993312
0.997940
0.993737
0.997173
0.994079
0.996695
0.994520
0.996623
0.995253
0.997118
0.996516
0.998411
0.998615
1.000829
1.001954
1.004809
1.007046
1.010903
1.014502
1.019733
1.024961
1.031872
1.038906
1.047568
1.056304
1.066311
1.076069
1.086286
1.095551
1.104054
1.110631
1.115184
1.117058
1.116256
1.112795
1.106984
1.099359
1.090360
1.080693
1.070678
1.060927
1.051541
1.042944
1.035058
1.028133
1.021995
1.016772
1.012261
1.008518
1.005356
1.002791
1.000670
0.998989
0.997634
0.996590
0.995779
0.995180
0.994745
0.994448
0.994266
0.994169
0.994153
0.994184
0.994275
0.994382
0.994538
0.994689
0.994882
0.995052
0.995266
0.995438
0.995661
0.995825
0.996052
0.996199
0.996427
0.996551
0.996779
0.996875
0.997108
0.997170
0.997411
0.997434
0.997689
0.997666
0.997945
0.997867
0.998180
0.998036
0.998398
0.998173
0.998603
0.998278
0.998798
0.998347
0.998990
0.998375
0.999196
0.991538
0.998659
0.992221
0.997393
0.992512
0.996272
0.992626
0.995411
0.992778
0.994936
0.993174
0.995008
0.994062
0.995869
0.995773
0.997876
0.998759
1.001534
1.003628
1.007515
1.011148
1.016644
1.022201
1.029771
1.037591
1.047469
1.057597
1.069445
1.081206
1.093708
1.105225
1.115880
1.124182
1.129887
1.132160
1.130945
1.126331
1.118754
1.108995
1.097671
1.085731
1.073587
1.062001
1.051065
1.041265
1.032455
1.024896
1.018333
1.012884
1.008280
1.004562
1.001497
0.999088
0.997154
0.995684
0.994546
0.993722
0.993125
0.992733
0.992493
0.992380
0.992369
0.992430
0.992561
0.992724
0.992938
0.993157
0.993416
0.993658
0.993938
0.994182
0.994468
0.994702
0.994986
0.995200
0.995478
0.995665
0.995937
0.996093
0.996361
0.996482
0.996749
0.996829
0.997102
0.997137
0.997424
0.997405
0.997716
0.997636
0.997983
0.997829
0.998228
0.997985
0.998457
0.998103
0.998675
0.998182
0.998889
0.998215
0.999116
0.990416
0.998391
0.991088
0.996793
0.991215
0.995276
0.991058
0.993978
0.990857
0.993023
0.990825
0.992564
0.991212
0.992843
0.992359
0.994235
0.994758
0.997300
0.999098
1.002835
1.006319
1.011887
1.017591
1.025672
1.034158
1.045250
1.056842
1.070806
1.084998
1.100449
1.115052
1.128823
1.139828
1.147487
1.150693
1.149219
1.143265
1.133469
1.120977
1.106697
1.091910
1.077157
1.063377
1.050634
1.039469
1.029640
1.021407
1.014412
1.008756
1.004087
1.000430
0.997496
0.995279
0.993563
0.992330
0.991431
0.990846
0.990477
0.990302
0.990266
0.990342
0.990506
0.990727
0.991005
0.991302
0.991638
0.991967
0.992327
0.992659
0.993024
0.993342
0.993698
0.993992
0.994335
0.994597
0.994926
0.995152
0.995467
0.995654
0.995959
0.996103
0.996404
0.996502
0.996806
0.996851
0.997169
0.997155
0.997496
0.997414
0.997793
0.997630
0.998066
0.997805
0.998318
0.997937
0.998557
0.998025
0.998791
0.998062
0.999040
0.989350
0.998137
0.990003
0.996214
0.989962
0.994303
0.989525
0.992562
0.988961
0.991116
0.988484
0.990106
0.988339
0.989764
0.988874
0.990478
0.990608
0.992861
0.994318
0.997837
1.001121
1.006710
1.012531
1.021141
1.030355
1.042847
1.056174
1.072718
1.089952
1.109115
1.127649
1.145353
1.159642
1.169550
1.173572
1.171283
1.163082
1.149942
1.133565
1.115262
1.096770
1.078770
1.062403
1.047657
1.035107
1.024353
1.015624
1.008415
1.002789
0.998290
0.994918
0.992319
0.990475
0.989134
0.988276
0.987733
0.987486
0.987429
0.987542
0.987768
0.988082
0.988462
0.988877
0.989330
0.989783
0.990261
0.990716
0.991191
0.991624
0.992082
0.992481
0.992914
0.993273
0.993678
0.993993
0.994373
0.994641
0.995000
0.995219
0.995563
0.995731
0.996066
0.996181
0.996517
0.996574
0.996921
0.996912
0.997283
0.997200
0.997610
0.997439
0.997909
0.997631
0.998184
0.997777
0.998444
0.997875
0.998698
0.997915
0.998967
0.988271
0.997864
0.988894
0.995591
0.988658
0.993252
0.987902
0.991020
0.986914
0.989009
0.985901
0.987335
0.985089
0.986206
0.984809
0.985996
0.985584
0.987341
0.988240
0.991262
0.994052
0.999315
1.004894
1.013676
1.023265
1.036949
1.051876
1.071220
1.092008
1.115894
1.139822
1.163347
1.182951
1.196744
1.202608
1.199649
1.188575
1.170963
1.149373
1.125806
1.102609
1.080636
1.061224
1.044210
1.030163
1.018465
1.009282
1.001931
0.996422
0.992180
0.989174
0.986982
0.985571
0.984655
0.984210
0.984052
0.984163
0.984433
0.984844
0.985338
0.985893
0.986489
0.987097
0.987723
0.988330
0.988947
0.989524
0.990110
0.990641
0.991187
0.991665
0.992170
0.992591
0.993056
0.993420
0.993850
0.994157
0.994558
0.994808
0.995188
0.995380
0.995747
0.995879
0.996244
0.996312
0.996687
0.996683
0.997082
0.996998
0.997438
0.997259
0.997761
0.997468
0.998058
0.997627
0.998338
0.997733
0.998610
0.997778
0.998898
0.987266
0.997610
0.987855
0.995002
0.987424
0.992246
0.986349
0.989530
0.984937
0.986956
0.983381
0.984607
0.981879
0.982657
0.980735
0.981453
0.980456
0.981632
0.981898
0.984296
0.986476
0.991253
0.996444
1.005272
1.015136
1.030095
1.046796
1.069509
1.094776
1.124678
1.155736
1.186923
1.213214
1.231733
1.239396
1.234665
1.218817
1.194424
1.165366
1.134604
1.105324
1.078511
1.055694
1.036404
1.021119
1.008870
0.999700
0.992676
0.987728
0.984139
0.981845
0.980350
0.979617
0.979327
0.979460
0.979821
0.980400
0.981085
0.981866
0.982686
0.983529
0.984379
0.985210
0.986034
0.986815
0.987586
0.988298
0.989005
0.989642
0.990285
0.990845
0.991427
0.991913
0.992440
0.992856
0.993336
0.993684
0.994127
0.994409
0.994825
0.995040
0.995439
0.995588
0.995982
0.996061
0.996463
0.996465
0.996891
0.996806
0.997274
0.997088
0.997621
0.997314
0.997939
0.997485
0.998238
0.997600
0.998527
0.997648
0.998834
0.986270
0.997344
0.986816
0.994387
0.986171
0.991192
0.984747
0.987956
0.982863
0.984757
0.980685
0.981634
0.978366
0.978699
0.976153
0.976236
0.974488
0.974827
0.974189
0.975572
0.976718
0.980442
0.984624
0.992765
1.002091
1.017624
1.035338
1.061258
1.091303
1.128489
1.169303
1.212291
1.249870
1.276498
1.287748
1.280999
1.258456
1.224537
1.185132
1.144850
1.107934
1.075390
1.048782
1.027124
1.010698
0.998080
0.989144
0.982666
0.978482
0.975721
0.974280
0.973597
0.973627
0.974025
0.974780
0.975690
0.976756
0.977866
0.979019
0.980164
0.981292
0.982390
0.983438
0.984453
0.985399
0.986317
0.987157
0.987979
0.988715
0.989447
0.990085
0.990738
0.991286
0.991870
0.992334
0.992861
0.993246
0.993729
0.994039
0.994489
0.994726
0.995155
0.995320
0.995740
0.995829
0.996257
0.996263
0.996714
0.996629
0.997123
0.996930
0.997491
0.997172
0.997829
0.997354
0.998145
0.997476
0.998451
0.997529
0.998774
0.985366
0.997104
0.985867
0.993822
0.985017
0.990213
0.983258
0.986481
0.980917
0.982678
0.978130
0.978792
0.974998
0.974864
0.971688
0.971090
0.968556
0.967957
0.966323
0.966503
0.966427
0.968783
0.971626
0.978654
0.986973
1.002782
1.021121
1.050731
1.086556
1.132751
1.187471
1.247119
1.298891
1.334829
1.348909
1.337331
1.304154
1.256365
1.202581
1.149562
1.103094
1.064025
1.033803
1.010504
0.993958
0.982038
0.974338
0.969278
0.966583
0.965237
0.965117
0.965610
0.966688
0.967996
0.969544
0.971136
0.972789
0.974403
0.975991
0.977508
0.978957
0.980332
0.981620
0.982841
0.983967
0.985042
0.986018
0.986960
0.987799
0.988625
0.989343
0.990069
0.990678
0.991321
0.991832
0.992407
0.992829
0.993350
0.993689
0.994171
0.994431
0.994887
0.995068
0.995513
0.995613
0.996064
0.996076
0.996550
0.996464
0.996982
0.996784
0.997372
0.997040
0.997727
0.997233
0.998059
0.997363
0.998380
0.997419
0.998720
0.984498
0.996861
0.984947
0.993254
0.983884
0.989226
0.981776
0.984982
0.978951
0.980542
0.975505
0.975825
0.971466
0.970777
0.966893
0.965459
0.961988
0.960181
0.957271
0.955772
0.953961
0.954134
0.954722
0.959327
0.965084
0.979413
0.996009
1.028028
1.067965
1.123371
1.198442
1.285175
1.359015
1.405871
1.420963
1.401467
1.354496
1.289909
1.218778
1.151042
1.094304
1.048676
1.015210
0.990773
0.974685
0.964040
0.958110
0.954925
0.954088
0.954440
0.955845
0.957660
0.959881
0.962158
0.964532
0.966820
0.969064
0.971176
0.973187
0.975064
0.976819
0.978455
0.979966
0.981381
0.982672
0.983891
0.984991
0.986042
0.986976
0.987886
0.988676
0.989467
0.990132
0.990827
0.991382
0.991998
0.992454
0.993010
0.993375
0.993885
0.994165
0.994646
0.994841
0.995309
0.995418
0.995890
0.995907
0.996402
0.996316
0.996856
0.996653
0.997264
0.996922
0.997636
0.997125
0.997982
0.997261
0.998317
0.997320
0.998670
0.983738
0.996650
0.984138
0.992752
0.982879
0.988345
0.980452
0.983635
0.977182
0.978606
0.973122
0.973108
0.968221
0.966982
0.962419
0.960133
0.955729
0.952639
0.948396
0.945011
0.941265
0.938789
0.936619
0.937896
0.940041
0.951564
0.964479
0.998718
1.040541
1.107853
1.217757
1.337010
1.418932
1.458060
1.460861
1.427092
1.369219
1.294989
1.211265
1.130385
1.064917
1.015149
0.981647
0.959321
0.946563
0.939519
0.937143
0.937167
0.939162
0.941916
0.945353
0.948852
0.952474
0.955906
0.959239
0.962318
0.965221
0.967881
0.970350
0.972611
0.974689
0.976599
0.978343
0.979955
0.981416
0.982781
0.984006
0.985167
0.986194
0.987187
0.988048
0.988904
0.989623
0.990368
0.990964
0.991621
0.992109
0.992697
0.993087
0.993625
0.993922
0.994427
0.994635
0.995125
0.995242
0.995733
0.995754
0.996268
0.996183
0.996742
0.996535
0.997167
0.996816
0.997554
0.997028
0.997914
0.997170
0.998261
0.997232
0.998627
0.983039
0.996447
0.983389
0.992272
0.981940
0.987503
0.979200
0.982340
0.975488
0.976727
0.970808
0.970435
0.965019
0.963183
0.957913
0.954677
0.949264
0.944682
0.938921
0.933205
0.927092
0.921023
0.915102
0.911083
0.907389
0.912194
0.916661
0.947519
0.980026
1.061642
1.214496
1.344223
1.384585
1.367026
1.335683
1.294190
1.254567
1.213126
1.153919
1.083120
1.020917
0.972079
0.940921
0.922319
0.914342
0.912226
0.914486
0.918541
0.923929
0.929456
0.935142
0.940448
0.945526
0.950129
0.954408
0.958254
0.961784
0.964957
0.967850
0.970461
0.972832
0.974987
0.976937
0.978724
0.980333
0.981826
0.983159
0.984414
0.985523
0.986587
0.987509
0.988420
0.989185
0.989973
0.990605
0.991296
0.991812
0.992428
0.992839
0.993400
0.993713
0.994239
0.994458
0.994965
0.995090
0.995598
0.995623
0.996153
0.996068
0.996644
0.996434
0.997084
0.996724
0.997483
0.996944
0.997854
0.997091
0.998212
0.997156
0.998589
0.982463
0.996282
0.982769
0.991875
0.981156
0.986799
0.978150
0.981249
0.974059
0.975133
0.968843
0.968148
0.962272
0.959889
0.953992
0.949861
0.943524
0.937476
0.930269
0.922124
0.913625
0.903503
0.893490
0.882763
0.872032
0.866305
0.859528
0.878665
0.893361
1.000019
1.158050
1.144428
0.960869
0.803137
0.744997
0.746772
0.795458
0.867337
0.913044
0.916800
0.903943
0.885435
0.874186
0.869709
0.872668
0.879229
0.888409
0.897910
0.907559
0.916395
0.924657
0.931966
0.938616
0.944453
0.949714
0.954343
0.958504
0.962188
0.965498
0.968452
0.971107
0.973498
0.975644
0.977598
0.979348
0.980960
0.982396
0.983739
0.984922
0.986052
0.987031
0.987992
0.988800
0.989627
0.990291
0.991013
0.991553
0.992194
0.992624
0.993206
0.993533
0.994076
0.994306
0.994829
0.994960
0.995483
0.995511
0.996055
0.995971
0.996561
0.996347
0.997013
0.996647
0.997423
0.996873
0.997804
0.997025
0.998170
0.997091
0.998557
0.981973
0.996136
0.982238
0.991526
0.980482
0.986182
0.977238
0.980290
0.972808
0.973722
0.967102
0.966101
0.959809
0.956902
0.950426
0.945415
0.938208
0.930666
0.922063
0.911310
0.900424
0.885603
0.871242
0.851750
0.832709
0.809903
0.787197
0.771988
0.753689
0.819279
0.765399
0.389025
0.021582
-0.082659
-0.007474
0.133672
0.254653
0.398107
0.546739
0.640919
0.703830
0.742674
0.773093
0.798018
0.821355
0.842041
0.861020
0.877424
0.891992
0.904396
0.915282
0.924551
0.932682
0.939654
0.945795
0.951112
0.955818
0.959936
0.963597
0.966836
0.969725
0.972308
0.974615
0.976703
0.978566
0.980274
0.981790
0.983204
0.984446
0.985629
0.986651
0.987652
0.988494
0.989351
0.990041
0.990788
0.991347
0.992008
0.992453
0.993051
0.993390
0.993946
0.994184
0.994719
0.994856
0.995390
0.995421
0.995976
0.995892
0.996494
0.996278
0.996956
0.996585
0.997375
0.996816
0.997763
0.996971
0.998137
0.997040
0.998531
0.981612
0.996030
0.981847
0.991270
0.979983
0.985725
0.976561
0.979577
0.971875
0.972666
0.965799
0.964560
0.957952
0.954630
0.947709
0.941981
0.934094
0.925280
0.915561
0.902448
0.889598
0.870136
0.852018
0.822790
0.795833
0.751035
0.709800
0.639981
0.575809
0.483539
0.158414
-0.275041
-0.425178
-0.367556
-0.227017
-0.067807
0.017818
0.108957
0.254484
0.383365
0.497526
0.589234
0.663784
0.722071
0.768720
0.805262
0.834846
0.858423
0.877904
0.893750
0.907095
0.918155
0.927616
0.935591
0.942499
0.948411
0.953584
0.958073
0.962031
0.965510
0.968595
0.971340
0.973780
0.975980
0.977935
0.979723
0.981306
0.982776
0.984068
0.985293
0.986351
0.987384
0.988253
0.989136
0.989846
0.990612
0.991187
0.991864
0.992320
0.992931
0.993279
0.993846
0.994090
0.994635
0.994776
0.995319
0.995352
0.995916
0.995832
0.996443
0.996225
0.996912
0.996537
0.997338
0.996772
0.997733
0.996931
0.998112
0.997000
0.998511
0.981359
0.995953
0.981572
0.991086
0.979630
0.985398
0.976080
0.979065
0.971208
0.971906
0.964862
0.963444
0.956607
0.952970
0.945724
0.939446
0.931064
0.921248
0.910731
0.895682
0.881476
0.857995
0.837402
0.799246
0.767076
0.701415
0.646295
0.525494
0.419234
0.169478
-0.111170
-0.153121
-0.017272
0.010045
-0.020506
-0.043873
-0.012420
0.023017
0.101717
0.222757
0.355227
0.478676
0.582779
0.665110
0.729008
0.777590
0.815295
0.844404
0.867653
0.886121
0.901312
0.913700
0.924130
0.932824
0.940276
0.946603
0.952098
0.956840
0.960999
0.964640
0.967855
0.970706
0.973235
0.975508
0.977524
0.979363
0.980990
0.982498
0.983821
0.985073
0.986155
0.987209
0.988095
0.988994
0.989718
0.990496
0.991082
0.991768
0.992232
0.992852
0.993205
0.993780
0.994028
0.994579
0.994723
0.995272
0.995307
0.995876
0.995792
0.996409
0.996190
0.996884
0.996506
0.997314
0.996744
0.997712
0.996904
0.998095
0.996974
0.998498
0.981237
0.995916
0.981439
0.990998
0.979458
0.985240
0.975846
0.978817
0.970883
0.971536
0.964404
0.962898
0.955949
0.952155
0.944749
0.938189
0.929562
0.919218
0.908306
0.892193
0.877319
0.851518
0.829697
0.786160
0.751206
0.672769
0.609065
0.458162
0.320714
0.003741
-0.065122
0.192342
0.374381
0.320854
0.160539
0.000553
-0.009179
0.004239
0.037907
0.148896
0.287408
0.424778
0.542499
0.636161
0.708432
0.763011
0.804877
0.836880
0.862134
0.882009
0.898197
0.911301
0.922256
0.931338
0.939083
0.945634
0.951303
0.956181
0.960448
0.964175
0.967461
0.970370
0.972946
0.975258
0.977307
0.979174
0.980824
0.982352
0.983692
0.984959
0.986053
0.987118
0.988014
0.988921
0.989652
0.990437
0.991028
0.991720
0.992188
0.992812
0.993168
0.993746
0.993997
0.994551
0.994696
0.995248
0.995284
0.995856
0.995772
0.996392
0.996172
0.996869
0.996490
0.997301
0.996729
0.997702
0.996890
0.998087
0.996961
0.998492
0.981237
0.995916
0.981439
0.990998
0.979458
0.985240
0.975846
0.978817
0.970883
0.971536
0.964404
0.962898
0.955949
0.952155
0.944749
0.938189
0.929562
0.919218
0.908306
0.892193
0.877319
0.851518
0.829697
0.786160
0.751206
0.672769
0.609065
0.458162
0.320714
0.003741
-0.065122
0.192342
0.374381
0.320854
0.160539
0.000553
-0.009179
0.004239
0.037907
0.148896
0.287408
0.424778
0.542499
0.636161
0.708432
0.763011
0.804877
0.836880
0.862134
0.882009
0.898197
0.911301
0.922256
0.931338
0.939083
0.945634
0.951303
0.956181
0.960448
0.964175
0.967461
0.970370
0.972946
0.975258
0.977307
0.979174
0.980824
0.982352
0.983692
0.984959
0.986053
0.987118
0.988014
0.988921
0.989652
0.990437
0.991028
0.991720
0.992188
0.992812
0.993168
0.993746
0.993997
0.994551
0.994696
0.995248
0.995284
0.995856
0.995772
0.996392
0.996172
0.996869
0.996490
0.997301
0.996729
0.997702
0.996890
0.998087
0.996961
0.998492
0.981359
0.995953
0.981572
0.991086
0.979630
0.985398
0.976080
0.979065
0.971208
0.971906
0.964862
0.963444
0.956607
0.952970
0.945724
0.939446
0.931064
0.921248
0.910731
0.895682
0.881476
0.857995
0.837402
0.799246
0.767076
0.701415
0.646295
0.525494
0.419234
0.169478
-0.111170
-0.153121
-0.017272
0.010045
-0.020506
-0.043873
-0.012420
0.023017
0.101717
0.222757
0.355227
0.478676
0.582779
0.665110
0.729008
0.777590
0.815295
0.844404
0.867653
0.886121
0.901312
0.913700
0.924130
0.932824
0.940276
0.946603
0.952098
0.956840
0.960999
0.964640
0.967855
0.970706
0.973235
0.975508
0.977524
0.979363
0.980990
0.982498
0.983821
0.985073
0.986155
0.987209
0.988095
0.988994
0.989718
0.990496
0.991082
0.991768
0.992232
0.992852
0.993205
0.993780
0.994028
0.994579
0.994723
0.995272
0.995307
0.995876
0.995792
0.996409
0.996190
0.996884
0.996506
0.997314
0.996744
0.997712
0.996904
0.998095
0.996974
0.998498
0.981612
0.996030
0.981847
0.991270
0.979983
0.985725
0.976561
0.979577
0.971875
0.972666
0.965799
0.964560
0.957952
0.954630
0.947709
0.941981
0.934094
0.925280
0.915561
0.902448
0.889598
0.870136
0.852018
0.822790
0.795833
0.751035
0.709800
0.639981
0.575809
0.483539
0.158414
-0.275041
-0.425178
-0.367556
-0.227017
-0.067807
0.017818
0.108957
0.254484
0.383365
0.497526
0.589234
0.663784
0.722071
0.768720
0.805262
0.834846
0.858423
0.877904
0.893750
0.907095
0.918155
0.927616
0.935591
0.942499
0.948411
0.953584
0.958073
0.962031
0.965510
0.968595
0.971340
0.973780
0.975980
0.977935
0.979723
0.981306
0.982776
0.984068
0.985293
0.986351
0.987384
0.988253
0.989136
0.989846
0.990612
0.991187
0.991864
0.992320
0.992931
0.993279
0.993846
0.994090
0.994635
0.994776
0.995319
0.995352
0.995916
0.995832
0.996443
0.996225
0.996912
0.996537
0.997338
0.996772
0.997733
0.996931
0.998112
0.997000
0.998511
0.981973
0.996136
0.982238
0.991526
0.980482
0.986182
0.977238
0.980290
0.972808
0.973722
0.967102
0.966101
0.959809
0.956902
0.950426
0.945415
0.938208
0.930666
0.922063
0.911310
0.900424
0.885603
0.871242
0.851750
0.832709
0.809903
0.787197
0.771988
0.753689
0.819279
0.765399
0.389025
0.021582
-0.082659
-0.007474
0.133672
0.254653
0.398107
0.546739
0.640919
0.703830
0.742674
0.773093
0.798018
0.821355
0.842041
0.861020
0.877424
0.891992
0.904396
0.915282
0.924551
0.932682
0.939654
0.945795
0.951112
0.955818
0.959936
0.963597
0.966836
0.969725
0.972308
0.974615
0.976703
0.978566
0.980274
0.981790
0.983204
0.984446
0.985629
0.986651
0.987652
0.988494
0.989351
0.990041
0.990788
0.991347
0.992008
0.992453
0.993051
0.993390
0.993946
0.994184
0.994719
0.994856
0.995390
0.995421
0.995976
0.995892
0.996494
0.996278
0.996956
0.996585
0.997375
0.996816
0.997763
0.996971
0.998137
0.997040
0.998531
0.982463
0.996282
0.982769
0.991875
0.981156
0.986799
0.978150
0.981249
0.974059
0.975133
0.968843
0.968148
0.962272
0.959889
0.953992
0.949861
0.943524
0.937476
0.930269
0.922124
0.913625
0.903503
0.893490
0.882763
0.872032
0.866305
0.859528
0.878665
0.893361
1.000019
1.158050
1.144428
0.960869
0.803137
0.744997
0.746772
0.795458
0.867337
0.913044
0.916800
0.903943
0.885435
0.874186
0.869709
0.872668
0.879229
0.888409
0.897910
0.907559
0.916395
0.924657
0.931966
0.938616
0.944453
0.949714
0.954343
0.958504
0.962188
0.965498
0.968452
0.971107
0.973498
0.975644
0.977598
0.979348
0.980960
0.982396
0.983739
0.984922
0.986052
0.987031
0.987992
0.988800
0.989627
0.990291
0.991013
0.991553
0.992194
0.992624
0.993206
0.993533
0.994076
0.994306
0.994829
0.994960
0.995483
0.995511
0.996055
0.995971
0.996561
0.996347
0.997013
0.996647
0.997423
0.996873
0.997804
0.997025
0.998170
0.997091
0.998557
0.983039
0.996447
0.983389
0.992272
0.981940
0.987503
0.979200
0.982340
0.975488
0.976727
0.970808
0.970435
0.965019
0.963183
0.957913
0.954677
0.949264
0.944682
0.938921
0.933205
0.927092
0.921023
0.915102
0.911083
0.907389
0.912194
0.916661
0.947519
0.980026
1.061642
1.214496
1.344223
1.384585
1.367026
1.335683
1.294190
1.254567
1.213126
1.153919
1.083120
1.020917
0.972079
0.940921
0.922319
0.914342
0.912226
0.914486
0.918541
0.923929
0.929456
0.935142
0.940448
0.945526
0.950129
0.954408
0.958254
0.961784
0.964957
0.967850
0.970461
0.972832
0.974987
0.976937
0.978724
0.980333
0.981826
0.983159
0.984414
0.985523
0.986587
0.987509
0.988420
0.989185
0.989973
0.990605
0.991296
0.991812
0.992428
0.992839
0.993400
0.993713
0.994239
0.994458
0.994965
0.995090
0.995598
0.995623
0.996153
0.996068
0.996644
0.996434
0.997084
0.996724
0.997483
0.996944
0.997854
0.997091
0.998212
0.997156
0.998589
0.983738
0.996650
0.984138
0.992752
0.982879
0.988345
0.980452
0.983635
0.977182
0.978606
0.973122
0.973108
0.968221
0.966982
0.962419
0.960133
0.955729
0.952639
0.948396
0.945011
0.941265
0.938789
0.936619
0.937896
0.940041
0.951564
0.964479
0.998718
1.040541
1.107853
1.217757
1.337010
1.418932
1.458060
1.460861
1.427092
1.369219
1.294989
1.211265
1.130385
1.064917
1.015149
0.981647
0.959321
0.946563
0.939519
0.937143
0.937167
0.939162
0.941916
0.945353
0.948852
0.952474
0.955906
0.959239
0.962318
0.965221
0.967881
0.970350
0.972611
0.974689
0.976599
0.978343
0.979955
0.981416
0.982781
0.984006
0.985167
0.986194
0.987187
0.988048
0.988904
0.989623
0.990368
0.990964
0.991621
0.992109
0.992697
0.993087
0.993625
0.993922
0.994427
0.994635
0.995125
0.995242
0.995733
0.995754
0.996268
0.996183
0.996742
0.996535
0.997167
0.996816
0.997554
0.997028
0.997914
0.997170
0.998261
0.997232
0.998627
0.984498
0.996861
0.984947
0.993254
0.983884
0.989226
0.981776
0.984982
0.978951
0.980542
0.975505
0.975825
0.971466
0.970777
0.966893
0.965459
0.961988
0.960181
0.957271
0.955772
0.953961
0.954134
0.954722
0.959327
0.965084
0.979413
0.996009
1.028028
1.067965
1.123371
1.198442
1.285175
1.359015
1.405871
1.420963
1.401467
1.354496
1.289909
1.218778
1.151042
1.094304
1.048676
1.015210
0.990773
0.974685
0.964040
0.958110
0.954925
0.954088
0.954440
0.955845
0.957660
0.959881
0.962158
0.964532
0.966820
0.969064
0.971176
0.973187
0.975064
0.976819
0.978455
0.979966
0.981381
0.982672
0.983891
0.984991
0.986042
0.986976
0.987886
0.988676
0.989467
0.990132
0.990827
0.991382
0.991998
0.992454
0.993010
0.993375
0.993885
0.994165
0.994646
0.994841
0.995309
0.995418
0.995890
0.995907
0.996402
0.996316
0.996856
0.996653
0.997264
0.996922
0.997636
0.997125
0.997982
0.997261
0.998317
0.997320
0.998670
0.985366
0.997104
0.985867
0.993822
0.985017
0.990213
0.983258
0.986481
0.980917
0.982678
0.978130
0.978792
0.974998
0.974864
0.971688
0.971090
0.968556
0.967957
0.966323
0.966503
0.966427
0.968783
0.971626
0.978654
0.986973
1.002782
1.021121
1.050731
1.086556
1.132751
1.187471
1.247119
1.298891
1.334829
1.348909
1.337331
1.304154
1.256365
1.202581
1.149562
1.103094
1.064025
1.033803
1.010504
0.993958
0.982038
0.974338
0.969278
0.966583
0.965237
0.965117
0.965610
0.966688
0.967996
0.969544
0.971136
0.972789
0.974403
0.975991
0.977508
0.978957
0.980332
0.981620
0.982841
0.983967
0.985042
0.986018
0.986960
0.987799
0.988625
0.989343
0.990069
0.990678
0.991321
0.991832
0.992407
0.992829
0.993350
0.993689
0.994171
0.994431
0.994887
0.995068
0.995513
0.995613
0.996064
0.996076
0.996550
0.996464
0.996982
0.996784
0.997372
0.997040
0.997727
0.997233
0.998059
0.997363
0.998380
0.997419
0.998720
0.986270
0.997344
0.986816
0.994387
0.986171
0.991192
0.984747
0.987956
0.982863
0.984757
0.980685
0.981634
0.978366
0.978699
0.976153
0.976236
0.974488
0.974827
0.974189
0.975572
0.976718
0.980442
0.984624
0.992765
1.002091
1.017624
1.035338
1.061258
1.091303
1.128489
1.169303
1.212291
1.249870
1.276498
1.287748
1.280999
1.258456
1.224537
1.185132
1.144850
1.107934
1.075390
1.048782
1.027124
1.010698
0.998080
0.989144
0.982666
0.978482
0.975721
0.974280
0.973597
0.973627
0.974025
0.974780
0.975690
0.976756
0.977866
0.979019
0.980164
0.981292
0.982390
0.983438
0.984453
0.985399
0.986317
0.987157
0.987979
0.988715
0.989447
0.990085
0.990738
0.991286
0.991870
0.992334
0.992861
0.993246
0.993729
0.994039
0.994489
0.994726
0.995155
0.995320
0.995740
0.995829
0.996257
0.996263
0.996714
0.996629
0.997123
0.996930
0.997491
0.997172
0.997829
0.997354
0.998145
0.997476
0.998451
0.997529
0.998774
0.987266
0.997610
0.987855
0.995002
0.987424
0.992246
0.986349
0.989530
0.984937
0.986956
0.983381
0.984607
0.981879
0.982657
0.980735
0.981453
0.980456
0.981632
0.981898
0.984296
0.986476
0.991253
0.996444
1.005272
1.015136
1.030095
1.046796
1.069509
1.094776
1.124678
1.155736
1.186923
1.213214
1.231733
1.239396
1.234665
1.218817
1.194424
1.165366
1.134604
1.105324
1.078511
1.055694
1.036404
1.021119
1.008870
0.999700
0.992676
0.987728
0.984139
0.981845
0.980350
0.979617
0.979327
0.979460
0.979821
0.980400
0.981085
0.981866
0.982686
0.983529
0.984379
0.985210
0.986034
0.986815
0.987586
0.988298
0.989005
0.989642
0.990285
0.990845
0.991427
0.991913
0.992440
0.992856
0.993336
0.993684
0.994127
0.994409
0.994825
0.995040
0.995439
0.995588
0.995982
0.996061
0.996463
0.996465
0.996891
0.996806
0.997274
0.997088
0.997621
0.997314
0.997939
0.997485
0.998238
0.997600
0.998527
0.997648
0.998834
0.988271
0.997864
0.988894
0.995591
0.988658
0.993252
0.987902
0.991020
0.986914
0.989009
0.985901
0.987335
0.985089
0.986206
0.984809
0.985996
0.985584
0.987341
0.988240
0.991262
0.994052
0.999315
1.004894
1.013676
1.023265
1.036949
1.051876
1.071220
1.092008
1.115894
1.139822
1.163347
1.182951
1.196744
1.202608
1.199649
1.188575
1.170963
1.149373
1.125806
1.102609
1.080636
1.061224
1.044210
1.030163
1.018465
1.009282
1.001931
0.996422
0.992180
0.989174
0.986982
0.985571
0.984655
0.984210
0.984052
0.984163
0.984433
0.984844
0.985338
0.985893
0.986489
0.987097
0.987723
0.988330
0.988947
0.989524
0.990110
0.990641
0.991187
0.991665
0.992170
0.992591
0.993056
0.993420
0.993850
0.994157
0.994558
0.994808
0.995188
0.995380
0.995747
0.995879
0.996244
0.996312
0.996687
0.996683
0.997082
0.996998
0.997438
0.997259
0.997761
0.997468
0.998058
0.997627
0.998338
0.997733
0.998610
0.997778
0.998898
0.989350
0.998137
0.990003
0.996214
0.989962
0.994303
0.989525
0.992562
0.988961
0.991116
0.988484
0.990106
0.988339
0.989764
0.988874
0.990478
0.990608
0.992861
0.994318
0.997837
1.001121
1.006710
1.012531
1.021141
1.030355
1.042847
1.056174
1.072718
1.089952
1.109115
1.127649
1.145353
1.159642
1.169550
1.173572
1.171283
1.163082
1.149942
1.133565
1.115262
1.096770
1.078770
1.062403
1.047657
1.035107
1.024353
1.015624
1.008415
1.002789
0.998290
0.994918
0.992319
0.990475
0.989134
0.988276
0.987733
0.987486
0.987429
0.987542
0.987768
0.988082
0.988462
0.988877
0.989330
0.989783
0.990261
0.990716
0.991191
0.991624
0.992082
0.992481
0.992914
0.993273
0.993678
0.993993
0.994373
0.994641
0.995000
0.995219
0.995563
0.995731
0.996066
0.996181
0.996517
0.996574
0.996921
0.996912
0.997283
0.997200
0.997610
0.997439
0.997909
0.997631
0.998184
0.997777
0.998444
0.997875
0.998698
0.997915
0.998967
0.990416
0.998391
0.991088
0.996793
0.991215
0.995276
0.991058
0.993978
0.990857
0.993023
0.990825
0.992564
0.991212
0.992843
0.992359
0.994235
0.994758
0.997300
0.999098
1.002835
1.006319
1.011887
1.017591
1.025672
1.034158
1.045250
1.056842
1.070806
1.084998
1.100449
1.115052
1.128823
1.139828
1.147487
1.150693
1.149219
1.143265
1.133469
1.120977
1.106697
1.091910
1.077157
1.063377
1.050634
1.039469
1.029640
1.021407
1.014412
1.008756
1.004087
1.000430
0.997496
0.995279
0.993563
0.992330
0.991431
0.990846
0.990477
0.990302
0.990266
0.990342
0.990506
0.990727
0.991005
0.991302
0.991638
0.991967
0.992327
0.992659
0.993024
0.993342
0.993698
0.993992
0.994335
0.994597
0.994926
0.995152
0.995467
0.995654
0.995959
0.996103
0.996404
0.996502
0.996806
0.996851
0.997169
0.997155
0.997496
0.997414
0.997793
0.997630
0.998066
0.997805
0.998318
0.997937
0.998557
0.998025
0.998791
0.998062
0.999040
0.991538
0.998659
0.992221
0.997393
0.992512
0.996272
0.992626
0.995411
0.992778
0.994936
0.993174
0.995008
0.994062
0.995869
0.995773
0.997876
0.998759
1.001534
1.003628
1.007515
1.011148
1.016644
1.022201
1.029771
1.037591
1.047469
1.057597
1.069445
1.081206
1.093708
1.105225
1.115880
1.124182
1.129887
1.132160
1.130945
1.126331
1.118754
1.108995
1.097671
1.085731
1.073587
1.062001
1.051065
1.041265
1.032455
1.024896
1.018333
1.012884
1.008280
1.004562
1.001497
0.999088
0.997154
0.995684
0.994546
0.993722
0.993125
0.992733
0.992493
0.992380
0.992369
0.992430
0.992561
0.992724
0.992938
0.993157
0.993416
0.993658
0.993938
0.994182
0.994468
0.994702
0.994986
0.995200
0.995478
0.995665
0.995937
0.996093
0.996361
0.996482
0.996749
0.996829
0.997102
0.997137
0.997424
0.997405
0.997716
0.997636
0.997983
0.997829
0.998228
0.997985
0.998457
0.998103
0.998675
0.998182
0.998889
0.998215
0.999116
0.992630
0.998903
0.993312
0.997940
0.993737
0.997173
0.994079
0.996695
0.994520
0.996623
0.995253
0.997118
0.996516
0.998411
0.998615
1.000829
1.001954
1.004809
1.007046
1.010903
1.014502
1.019733
1.024961
1.031872
1.038906
1.047568
1.056304
1.066311
1.076069
1.086286
1.095551
1.104054
1.110631
1.115184
1.117058
1.116256
1.112795
1.106984
1.099359
1.090360
1.080693
1.070678
1.060927
1.051541
1.042944
1.035058
1.028133
1.021995
1.016772
1.012261
1.008518
1.005356
1.002791
1.000670
0.998989
0.997634
0.996590
0.995779
0.995180
0.994745
0.994448
0.994266
0.994169
0.994153
0.994184
0.994275
0.994382
0.994538
0.994689
0.994882
0.995052
0.995266
0.995438
0.995661
0.995825
0.996052
0.996199
0.996427
0.996551
0.996779
0.996875
0.997108
0.997170
0.997411
0.997434
0.997689
0.997666
0.997945
0.997867
0.998180
0.998036
0.998398
0.998173
0.998603
0.998278
0.998798
0.998347
0.998990
0.998375
0.999196
0.993759
0.999156
0.994434
0.998496
0.994984
0.998078
0.995541
0.997972
0.996256
0.998287
0.997306
0.999182
0.998914
1.000875
1.001363
1.003660
1.005007
1.007912
1.010272
1.014075
1.017633
1.022606
1.027533
1.033856
1.040210
1.047840
1.055417
1.063908
1.072043
1.080408
1.087850
1.094586
1.099694
1.103192
1.104564
1.103869
1.101090
1.096457
1.090343
1.083061
1.075138
1.066817
1.058586
1.050541
1.043044
1.036055
1.029805
1.024173
1.019287
1.014994
1.011358
1.008229
1.005630
1.003436
1.001648
1.000168
0.998985
0.998031
0.997286
0.996709
0.996274
0.995960
0.995738
0.995605
0.995526
0.995514
0.995528
0.995595
0.995666
0.995784
0.995887
0.996036
0.996153
0.996320
0.996438
0.996617
0.996727
0.996912
0.997006
0.997197
0.997270
0.997468
0.997514
0.997723
0.997735
0.997959
0.997932
0.998179
0.998103
0.998382
0.998249
0.998573
0.998367
0.998752
0.998457
0.998924
0.998517
0.999095
0.998540
0.999278
0.994845
0.999383
0.995500
0.998994
0.996147
0.998882
0.996876
0.999093
0.997802
0.999723
0.999088
1.000922
1.000935
1.002890
1.003594
1.005886
1.007368
1.010222
1.012603
1.016244
1.019658
1.024277
1.028822
1.034515
1.040178
1.046840
1.053379
1.060587
1.067408
1.074338
1.080442
1.085934
1.090083
1.092946
1.094108
1.093638
1.091496
1.087856
1.082976
1.077088
1.070588
1.063665
1.056707
1.049803
1.043259
1.037061
1.031420
1.026253
1.021686
1.017608
1.014084
1.010999
1.008381
1.006129
1.004248
1.002658
1.001348
1.000262
0.999381
0.998669
0.998102
0.997660
0.997318
0.997069
0.996883
0.996769
0.996690
0.996669
0.996661
0.996703
0.996739
0.996822
0.996883
0.996994
0.997066
0.997195
0.997267
0.997409
0.997473
0.997626
0.997676
0.997839
0.997868
0.998043
0.998045
0.998237
0.998206
0.998419
0.998347
0.998590
0.998468
0.998752
0.998567
0.998906
0.998642
0.999055
0.998692
0.999204
0.998711
0.999363
0.995953
0.999616
0.996583
0.999494
0.997315
0.999679
0.998202
1.000193
0.999326
1.001122
1.000827
1.002604
1.002890
1.004824
1.005734
1.008005
1.009614
1.012405
1.014807
1.018288
1.021573
1.025870
1.030083
1.035227
1.040300
1.046144
1.051816
1.057958
1.063696
1.069441
1.074432
1.078872
1.082177
1.084434
1.085310
1.084888
1.083119
1.080144
1.076143
1.071289
1.065883
1.060067
1.054153
1.048215
1.042511
1.037040
1.031989
1.027302
1.023097
1.019290
1.015949
1.012984
1.010425
1.008191
1.006290
1.004655
1.003282
1.002119
1.001152
1.000349
0.999690
0.999155
0.998721
0.998383
0.998113
0.997917
0.997762
0.997667
0.997592
0.997568
0.997546
0.997572
0.997583
0.997643
0.997673
0.997757
0.997795
0.997897
0.997933
0.998049
0.998077
0.998206
0.998220
0.998363
0.998356
0.998515
0.998481
0.998661
0.998593
0.998800
0.998690
0.998934
0.998769
0.999062
0.998831
0.999188
0.998871
0.999314
0.998885
0.999450
0.997010
0.999822
0.997603
0.999936
0.998394
1.000376
0.999398
1.001142
1.000665
1.002305
1.002314
1.003993
1.004506
1.006368
1.007430
1.009621
1.011297
1.013960
1.016321
1.019581
1.022685
1.026620
1.030475
1.035074
1.039587
1.044691
1.049611
1.054859
1.059728
1.064551
1.068717
1.072404
1.075148
1.077032
1.077792
1.077499
1.076105
1.073717
1.070464
1.066476
1.061983
1.057096
1.052064
1.046950
1.041972
1.037137
1.032609
1.028352
1.024477
1.020922
1.017754
1.014904
1.012405
1.010193
1.008279
1.006607
1.005176
1.003943
1.002897
1.002009
1.001262
1.000639
1.000118
0.999694
0.999341
0.999065
0.998836
0.998668
0.998527
0.998438
0.998359
0.998327
0.998289
0.998298
0.998287
0.998326
0.998329
0.998391
0.998399
0.998478
0.998485
0.998580
0.998578
0.998688
0.998672
0.998798
0.998761
0.998907
0.998844
0.999015
0.998916
0.999119
0.998977
0.999222
0.999023
0.999324
0.999054
0.999427
0.999064
0.999539
0.998075
1.000031
0.998627
1.000374
0.999467
1.001059
1.000575
1.002064
1.001971
1.003447
1.003752
1.005323
1.006058
1.007839
1.009049
1.011154
1.012897
1.015433
1.017762
1.020817
1.023764
1.027376
1.030924
1.035051
1.039089
1.043564
1.047851
1.052350
1.056490
1.060536
1.064001
1.067034
1.069270
1.070787
1.071377
1.071106
1.069932
1.067939
1.065222
1.061880
1.058091
1.053939
1.049626
1.045203
1.040852
1.036583
1.032540
1.028698
1.025159
1.021877
1.018915
1.016221
1.013828
1.011684
1.009804
1.008142
1.006698
1.005437
1.004351
1.003413
1.002610
1.001926
1.001344
1.000856
1.000442
1.000103
0.999815
0.999588
0.999393
0.999249
0.999121
0.999040
0.998959
0.998923
0.998875
0.998873
0.998846
0.998870
0.998853
0.998898
0.998885
0.998946
0.998931
0.999008
0.998985
0.999078
0.999040
0.999152
0.999094
0.999228
0.999143
0.999305
0.999185
0.999382
0.999217
0.999460
0.999238
0.999541
0.999244
0.999629
0.999084
1.000215
0.999585
1.000758
1.000451
1.001648
1.001629
1.002846
1.003108
1.004396
1.004966
1.006399
1.007320
1.008984
1.010304
1.012283
1.014053
1.016424
1.018685
1.021504
1.024272
1.027551
1.030793
1.034471
1.038074
1.041991
1.045738
1.049610
1.053167
1.056604
1.059545
1.062102
1.063994
1.065282
1.065805
1.065612
1.064669
1.063039
1.060795
1.058008
1.054821
1.051296
1.047598
1.043769
1.039961
1.036187
1.032571
1.029099
1.025862
1.022827
1.020055
1.017505
1.015211
1.013133
1.011287
1.009635
1.008182
1.006896
1.005772
1.004788
1.003933
1.003192
1.002552
1.002003
1.001529
1.001130
1.000785
1.000501
1.000253
1.000056
0.999880
0.999750
0.999628
0.999547
0.999463
0.999421
0.999363
0.999350
0.999309
0.999318
0.999287
0.999315
0.999286
0.999332
0.999300
0.999361
0.999322
0.999400
0.999347
0.999445
0.999373
0.999493
0.999396
0.999545
0.999414
0.999599
0.999426
0.999656
0.999427
0.999720
1.000089
1.000399
1.000537
1.001135
1.001420
1.002221
1.002656
1.003600
1.004208
1.005304
1.006132
1.007424
1.008526
1.010070
1.011499
1.013353
1.015155
1.017369
1.019576
1.022180
1.024795
1.027778
1.030759
1.034047
1.037281
1.040719
1.044009
1.047349
1.050410
1.053325
1.055812
1.057947
1.059521
1.060577
1.060996
1.060813
1.060007
1.058622
1.056720
1.054350
1.051628
1.048601
1.045405
1.042070
1.038727
1.035386
1.032156
1.029027
1.026081
1.023295
1.020723
1.018336
1.016166
1.014182
1.012399
1.010788
1.009355
1.008073
1.006941
1.005937
1.005055
1.004280
1.003601
1.003011
1.002495
1.002050
1.001662
1.001332
1.001042
1.000801
1.000586
1.000414
1.000257
1.000137
1.000022
0.999943
0.999859
0.999811
0.999748
0.999726
0.999677
0.999674
0.999633
0.999648
0.999610
0.999639
0.999599
0.999644
0.999598
0.999658
0.999601
0.999680
0.999606
0.999706
0.999610
0.999737
0.999613
0.999771
0.999610
0.999811
1.001038
1.000560
1.001425
1.001462
1.002306
1.002710
1.003572
1.004232
1.005159
1.006047
1.007106
1.008235
1.009492
1.010892
1.012402
1.014107
1.015916
1.017953
1.020086
1.022463
1.024919
1.027610
1.030341
1.033268
1.036172
1.039190
1.042093
1.044988
1.047651
1.050153
1.052296
1.054120
1.055477
1.056384
1.056763
1.056628
1.055973
1.054821
1.053227
1.051225
1.048909
1.046314
1.043552
1.040646
1.037708
1.034747
1.031857
1.029033
1.026347
1.023784
1.021395
1.019156
1.017100
1.015202
1.013479
1.011907
1.010494
1.009217
1.008077
1.007055
1.006148
1.005341
1.004627
1.003997
1.003440
1.002953
1.002522
1.002149
1.001819
1.001535
1.001283
1.001070
1.000878
1.000721
1.000576
1.000461
1.000351
1.000270
1.000186
1.000131
1.000066
1.000032
0.999980
0.999964
0.999919
0.999918
0.999878
0.999889
0.999849
0.999873
0.999830
0.999867
0.999817
0.999868
0.999808
0.999875
0.999801
0.999887
0.999795
0.999903
1.001974
1.000720
1.002297
1.001781
1.003171
1.003181
1.004457
1.004836
1.006072
1.006753
1.008037
1.009004
1.010411
1.011670
1.013262
1.014824
1.016645
1.018517
1.020591
1.022762
1.025082
1.027515
1.030034
1.032646
1.035268
1.037924
1.040496
1.043008
1.045329
1.047472
1.049314
1.050856
1.052007
1.052762
1.053076
1.052946
1.052381
1.051387
1.050019
1.048294
1.046295
1.044043
1.041635
1.039086
1.036493
1.033861
1.031273
1.028726
1.026284
1.023936
1.021729
1.019644
1.017713
1.015915
1.014270
1.012755
1.011382
1.010129
1.009001
1.007981
1.007066
1.006245
1.005511
1.004856
1.004273
1.003755
1.003295
1.002887
1.002526
1.002208
1.001925
1.001678
1.001459
1.001268
1.001097
1.000950
1.000818
1.000707
1.000604
1.000520
1.000440
1.000377
1.000315
1.000270
1.000220
1.000188
1.000149
1.000128
1.000095
1.000083
1.000055
1.000051
1.000025
1.000028
1.000003
1.000012
0.999987
1.000002
0.999977
0.999994
1.002855
1.000860
1.003110
1.002057
1.003959
1.003581
1.005244
1.005336
1.006859
1.007323
1.008808
1.009601
1.011137
1.012241
1.013895
1.015300
1.017119
1.018815
1.020821
1.022785
1.024971
1.027155
1.029477
1.031801
1.034174
1.036513
1.038806
1.040998
1.043043
1.044899
1.046511
1.047842
1.048851
1.049507
1.049796
1.049697
1.049232
1.048394
1.047235
1.045758
1.044040
1.042090
1.039993
1.037757
1.035466
1.033124
1.030804
1.028502
1.026279
1.024123
1.022080
1.020134
1.018317
1.016612
1.015037
1.013577
1.012240
1.011011
1.009895
1.008876
1.007955
1.007120
1.006369
1.005691
1.005083
1.004536
1.004047
1.003608
1.003217
1.002866
1.002554
1.002275
1.002028
1.001805
1.001610
1.001432
1.001279
1.001138
1.001017
1.000904
1.000811
1.000719
1.000648
1.000573
1.000520
1.000458
1.000419
1.000366
1.000341
1.000293
1.000280
1.000234
1.000233
1.000187
1.000199
1.000149
1.000175
1.000116
1.000161
1.000085
1.003713
1.000997
1.003900
1.002323
1.004722
1.003963
1.006000
1.005812
1.007610
1.007861
1.009542
1.010164
1.011827
1.012780
1.014498
1.015755
1.017578
1.019112
1.021063
1.022839
1.024912
1.026876
1.029030
1.031101
1.033261
1.035324
1.037378
1.039291
1.041097
1.042700
1.044108
1.045246
1.046119
1.046671
1.046918
1.046822
1.046419
1.045686
1.044681
1.043394
1.041897
1.040188
1.038345
1.036369
1.034335
1.032243
1.030158
1.028077
1.026053
1.024078
1.022193
1.020386
1.018685
1.017078
1.015584
1.014187
1.012899
1.011706
1.010615
1.009611
1.008697
1.007861
1.007104
1.006414
1.005792
1.005225
1.004717
1.004254
1.003842
1.003465
1.003131
1.002824
1.002555
1.002305
1.002089
1.001885
1.001713
1.001545
1.001409
1.001269
1.001164
1.001046
1.000967
1.000865
1.000808
1.000717
1.000680
1.000596
1.000578
1.000496
1.000498
1.000413
1.000436
1.000343
1.000389
1.000282
1.000357
1.000229
1.000340
1.000175
1.004522
1.001118
1.004637
1.002553
1.005419
1.004285
1.006671
1.006202
1.008255
1.008289
1.010147
1.010591
1.012364
1.013159
1.014928
1.016030
1.017848
1.019217
1.021109
1.022701
1.024665
1.026422
1.028423
1.030264
1.032238
1.034060
1.035912
1.037590
1.039203
1.040602
1.041852
1.042843
1.043621
1.044104
1.044336
1.044260
1.043927
1.043299
1.042439
1.041325
1.040026
1.038532
1.036915
1.035169
1.033362
1.031491
1.029616
1.027731
1.025886
1.024072
1.022330
1.020647
1.019054
1.017536
1.016115
1.014777
1.013535
1.012376
1.011308
1.010317
1.009411
1.008574
1.007812
1.007111
1.006476
1.005892
1.005366
1.004881
1.004447
1.004046
1.003691
1.003358
1.003068
1.002792
1.002557
1.002327
1.002138
1.001944
1.001794
1.001628
1.001512
1.001368
1.001281
1.001152
1.001093
1.000973
1.000939
1.000824
1.000815
1.000697
1.000715
1.000590
1.000638
1.000497
1.000580
1.000416
1.000540
1.000340
1.000519
1.000263
1.005300
1.001235
1.005345
1.002773
1.006086
1.004591
1.007311
1.006571
1.008867
1.008691
1.010719
1.010992
1.012873
1.013517
1.015339
1.016295
1.018115
1.019332
1.021178
1.022604
1.024476
1.026047
1.027919
1.029557
1.031372
1.032982
1.034661
1.036132
1.037576
1.038793
1.039902
1.040757
1.041443
1.041854
1.042060
1.041984
1.041695
1.041140
1.040388
1.039406
1.038265
1.036944
1.035512
1.033957
1.032343
1.030662
1.028970
1.027259
1.025576
1.023911
1.022303
1.020740
1.019251
1.017825
1.016480
1.015206
1.014016
1.012898
1.011862
1.010894
1.010003
1.009174
1.008416
1.007712
1.007072
1.006477
1.005940
1.005440
1.004992
1.004572
1.004200
1.003847
1.003541
1.003242
1.002992
1.002738
1.002535
1.002318
1.002156
1.001967
1.001841
1.001673
1.001580
1.001426
1.001364
1.001218
1.001186
1.001041
1.001041
1.000891
1.000924
1.000760
1.000832
1.000646
1.000763
1.000544
1.000715
1.000448
1.000692
1.000350
1.006034
1.001338
1.006007
1.002964
1.006697
1.004849
1.007880
1.006871
1.009393
1.009006
1.011189
1.011288
1.013265
1.013755
1.015620
1.016429
1.018244
1.019311
1.021109
1.022375
1.024161
1.025560
1.027314
1.028769
1.030445
1.031870
1.033401
1.034698
1.036005
1.037073
1.038073
1.038822
1.039444
1.039805
1.040002
1.039940
1.039701
1.039219
1.038570
1.037710
1.036712
1.035546
1.034280
1.032895
1.031454
1.029942
1.028413
1.026858
1.025320
1.023789
1.022302
1.020848
1.019454
1.018109
1.016835
1.015620
1.014478
1.013398
1.012392
1.011445
1.010569
1.009748
1.008994
1.008288
1.007643
1.007039
1.006493
1.005978
1.005517
1.005079
1.004693
1.004320
1.003998
1.003679
1.003414
1.003139
1.002922
1.002683
1.002509
1.002298
1.002163
1.001971
1.001873
1.001695
1.001631
1.001459
1.001430
1.001257
1.001265
1.001082
1.001131
1.000929
1.001025
1.000794
1.000945
1.000671
1.000891
1.000556
1.000865
1.000435
1.006730
1.001436
1.006633
1.003144
1.007274
1.005091
1.008418
1.007152
1.009888
1.009300
1.011632
1.011565
1.013635
1.013980
1.015890
1.016562
1.018379
1.019308
1.021069
1.022189
1.023905
1.025148
1.026803
1.028096
1.029653
1.030914
1.032319
1.033461
1.034647
1.035582
1.036484
1.037135
1.037694
1.038003
1.038183
1.038121
1.037914
1.037483
1.036912
1.036147
1.035263
1.034222
1.033093
1.031851
1.030555
1.029188
1.027802
1.026384
1.024976
1.023567
1.022191
1.020839
1.019536
1.018272
1.017068
1.015913
1.014822
1.013784
1.012812
1.011892
1.011036
1.010229
1.009484
1.008782
1.008139
1.007531
1.006980
1.006456
1.005987
1.005535
1.005138
1.004749
1.004416
1.004079
1.003802
1.003508
1.003280
1.003021
1.002838
1.002606
1.002464
1.002251
1.002149
1.001947
1.001883
1.001686
1.001661
1.001460
1.001477
1.001263
1.001327
1.001089
1.001208
1.000934
1.001119
1.000792
1.001058
1.000658
1.001029
1.000518
1.007392
1.001525
1.007223
1.003302
1.007807
1.005296
1.008899
1.007381
1.010316
1.009528
1.011995
1.011764
1.013916
1.014116
1.016063
1.016600
1.018415
1.019209
1.020933
1.021915
1.023564
1.024665
1.026230
1.027377
1.028830
1.029948
1.031245
1.032255
1.033343
1.034168
1.034992
1.035566
1.036080
1.036353
1.036528
1.036475
1.036304
1.035925
1.035429
1.034752
1.033972
1.033046
1.032040
1.030925
1.029760
1.028524
1.027266
1.025971
1.024679
1.023380
1.022105
1.020845
1.019625
1.018435
1.017295
1.016195
1.015152
1.014152
1.013212
1.012317
1.011480
1.010687
1.009951
1.009253
1.008611
1.008001
1.007446
1.006913
1.006437
1.005973
1.005567
1.005163
1.004819
1.004465
1.004177
1.003866
1.003628
1.003350
1.003159
1.002907
1.002759
1.002525
1.002419
1.002195
1.002131
1.001909
1.001888
1.001660
1.001687
1.001442
1.001522
1.001248
1.001391
1.001073
1.001292
1.000913
1.001225
1.000759
1.001194
1.000599
1.008005
1.001606
1.007771
1.003447
1.008303
1.005484
1.009347
1.007592
1.010714
1.009739
1.012335
1.011949
1.014181
1.014247
1.016233
1.016644
1.018462
1.019134
1.020829
1.021687
1.023281
1.024253
1.025743
1.026760
1.028125
1.029115
1.030320
1.031212
1.032213
1.032940
1.033694
1.034196
1.034667
1.034902
1.035066
1.035012
1.034866
1.034524
1.034085
1.033476
1.032780
1.031946
1.031043
1.030035
1.028981
1.027856
1.026708
1.025521
1.024334
1.023133
1.021950
1.020775
1.019632
1.018512
1.017435
1.016389
1.015393
1.014434
1.013527
1.012659
1.011845
1.011068
1.010345
1.009655
1.009019
1.008409
1.007854
1.007317
1.006836
1.006364
1.005950
1.005535
1.005183
1.004816
1.004519
1.004192
1.003946
1.003652
1.003454
1.003184
1.003031
1.002778
1.002669
1.002424
1.002360
1.002116
1.002100
1.001846
1.001882
1.001608
1.001703
1.001395
1.001561
1.001203
1.001453
1.001025
1.001380
1.000855
1.001347
1.000676
1.008596
1.001682
1.008292
1.003577
1.008765
1.005647
1.009753
1.007765
1.011061
1.009901
1.012615
1.012075
1.014380
1.014312
1.016331
1.016620
1.018438
1.018991
1.020659
1.021399
1.022942
1.023796
1.025219
1.026118
1.027406
1.028284
1.029409
1.030201
1.031131
1.031774
1.032473
1.032918
1.033357
1.033566
1.033727
1.033679
1.033560
1.033255
1.032871
1.032327
1.031709
1.030959
1.030148
1.029237
1.028283
1.027258
1.026211
1.025121
1.024028
1.022916
1.021817
1.020718
1.019647
1.018590
1.017570
1.016574
1.015622
1.014700
1.013826
1.012983
1.012191
1.011429
1.010719
1.010036
1.009406
1.008797
1.008242
1.007702
1.007217
1.006738
1.006319
1.005893
1.005533
1.005154
1.004849
1.004508
1.004255
1.003945
1.003740
1.003454
1.003296
1.003025
1.002913
1.002650
1.002586
1.002320
1.002308
1.002030
1.002075
1.001773
1.001883
1.001542
1.001730
1.001332
1.001614
1.001137
1.001536
1.000949
1.001501
1.000751
1.009127
1.001749
1.008763
1.003693
1.009184
1.005792
1.010122
1.007921
1.011379
1.010048
1.012873
1.012193
1.014567
1.014377
1.016430
1.016608
1.018429
1.018876
1.020523
1.021158
1.022659
1.023408
1.024774
1.025570
1.026791
1.027570
1.028628
1.029329
1.030196
1.030766
1.031415
1.031806
1.032215
1.032395
1.032550
1.032501
1.032401
1.032122
1.031781
1.031287
1.030731
1.030051
1.029317
1.028486
1.027616
1.026678
1.025716
1.024711
1.023700
1.022667
1.021643
1.020615
1.019608
1.018611
1.017644
1.016696
1.015787
1.014901
1.014059
1.013242
1.012473
1.011728
1.011033
1.010359
1.009737
1.009132
1.008580
1.008038
1.007553
1.007068
1.006645
1.006211
1.005846
1.005456
1.005146
1.004792
1.004534
1.004210
1.004000
1.003698
1.003537
1.003249
1.003136
1.002854
1.002792
1.002506
1.002499
1.002198
1.002252
1.001923
1.002048
1.001676
1.001884
1.001450
1.001761
1.001239
1.001677
1.001036
1.001641
1.000822
1.009650
1.001814
1.009221
1.003801
1.009582
1.005920
1.010462
1.008051
1.011660
1.010161
1.013088
1.012269
1.014705
1.014395
1.016478
1.016546
1.018370
1.018715
1.020341
1.020876
1.022339
1.022991
1.024305
1.025007
1.026171
1.026862
1.027861
1.028485
1.029300
1.029806
1.030416
1.030764
1.031150
1.031310
1.031463
1.031418
1.031339
1.031087
1.030787
1.030341
1.029844
1.029226
1.028562
1.027805
1.027012
1.026151
1.025268
1.024340
1.023404
1.022443
1.021487
1.020523
1.019576
1.018632
1.017716
1.016812
1.015942
1.015090
1.014278
1.013487
1.012738
1.012010
1.011329
1.010665
1.010051
1.009450
1.008901
1.008358
1.007873
1.007384
1.006958
1.006516
1.006148
1.005748
1.005432
1.005068
1.004804
1.004467
1.004253
1.003937
1.003773
1.003469
1.003355
1.003056
1.002995
1.002690
1.002687
1.002364
1.002427
1.002073
1.002212
1.001809
1.002039
1.001568
1.001909
1.001341
1.001821
1.001122
1.001783
1.000891
1.010100
1.001867
1.009619
1.003892
1.009931
1.006031
1.010763
1.008164
1.011910
1.010261
1.013282
1.012339
1.014835
1.014417
1.016530
1.016502
1.018331
1.018584
1.020195
1.020642
1.022075
1.022641
1.023913
1.024532
1.025647
1.026261
1.027210
1.027765
1.028534
1.028985
1.029559
1.029867
1.030232
1.030370
1.030519
1.030474
1.030409
1.030176
1.029908
1.029499
1.029048
1.028482
1.027877
1.027180
1.026452
1.025657
1.024841
1.023978
1.023108
1.022209
1.021314
1.020406
1.019513
1.018619
1.017747
1.016884
1.016051
1.015232
1.014448
1.013681
1.012953
1.012243
1.011576
1.010922
1.010317
1.009721
1.009177
1.008635
1.008150
1.007658
1.007231
1.006784
1.006412
1.006004
1.005685
1.005311
1.005043
1.004695
1.004477
1.004149
1.003982
1.003665
1.003550
1.003235
1.003176
1.002853
1.002855
1.002512
1.002583
1.002205
1.002357
1.001928
1.002176
1.001672
1.002039
1.001433
1.001947
1.001200
1.001907
1.000954
1.010560
1.001923
1.010017
1.003981
1.010273
1.006133
1.011048
1.008262
1.012137
1.010338
1.013447
1.012380
1.014929
1.014406
1.016544
1.016421
1.018254
1.018419
1.020016
1.020379
1.021783
1.022269
1.023503
1.024047
1.025119
1.025663
1.026569
1.027064
1.027795
1.028197
1.028743
1.029018
1.029367
1.029490
1.029639
1.029595
1.029546
1.029334
1.029097
1.028723
1.028317
1.027798
1.027246
1.026605
1.025937
1.025201
1.024447
1.023645
1.022834
1.021993
1.021153
1.020298
1.019454
1.018605
1.017776
1.016951
1.016152
1.015364
1.014607
1.013863
1.013156
1.012461
1.011808
1.011165
1.010569
1.009978
1.009439
1.008898
1.008416
1.007921
1.007494
1.007041
1.006667
1.006252
1.005930
1.005547
1.005276
1.004918
1.004697
1.004357
1.004188
1.003857
1.003742
1.003412
1.003355
1.003015
1.003022
1.002659
1.002739
1.002339
1.002504
1.002047
1.002316
1.001778
1.002172
1.001524
1.002076
1.001278
1.002036
1.001016
1.010929
1.001964
1.010343
1.004050
1.010555
1.006214
1.011287
1.008342
1.012331
1.010404
1.013592
1.012419
1.015017
1.014403
1.016567
1.016362
1.018201
1.018290
1.019877
1.020168
1.021549
1.021967
1.023170
1.023648
1.024684
1.025168
1.026038
1.026480
1.027179
1.027538
1.028058
1.028302
1.028637
1.028744
1.028890
1.028846
1.028808
1.028609
1.028396
1.028050
1.027678
1.027198
1.026690
1.026095
1.025475
1.024790
1.024087
1.023336
1.022576
1.021784
1.020992
1.020182
1.019381
1.018573
1.017781
1.016990
1.016222
1.015461
1.014729
1.014006
1.013317
1.012638
1.011999
1.011366
1.010779
1.010194
1.009660
1.009121
1.008640
1.008145
1.007717
1.007261
1.006886
1.006465
1.006141
1.005750
1.005476
1.005109
1.004886
1.004535
1.004365
1.004023
1.003908
1.003565
1.003509
1.003154
1.003165
1.002786
1.002873
1.002453
1.002630
1.002149
1.002434
1.001868
1.002285
1.001603
1.002185
1.001345
1.002143
1.001071
1.011330
1.002013
1.010687
1.004125
1.010846
1.006296
1.011525
1.008415
1.012514
1.010456
1.013718
1.012437
1.015081
1.014374
1.016561
1.016275
1.018118
1.018133
1.019709
1.019931
1.021292
1.021644
1.022818
1.023237
1.024241
1.024670
1.025508
1.025904
1.026574
1.026897
1.027395
1.027615
1.027938
1.028033
1.028180
1.028137
1.028111
1.027928
1.027738
1.027418
1.027081
1.026636
1.026169
1.025616
1.025043
1.024404
1.023748
1.023045
1.022332
1.021586
1.020839
1.020071
1.019310
1.018539
1.017783
1.017024
1.016285
1.015550
1.014842
1.014139
1.013470
1.012805
1.012180
1.011557
1.010979
1.010400
1.009872
1.009335
1.008857
1.008361
1.007934
1.007475
1.007099
1.006673
1.006347
1.005949
1.005674
1.005298
1.005074
1.004713
1.004542
1.004189
1.004074
1.003718
1.003665
1.003295
1.003311
1.002914
1.003010
1.002569
1.002759
1.002253
1.002556
1.001961
1.002403
1.001684
1.002300
1.001413
1.002257
1.001125
1.011618
1.002042
1.010942
1.004175
1.011066
1.006353
1.011709
1.008470
1.012661
1.010498
1.013823
1.012455
1.015140
1.014359
1.016567
1.016214
1.018063
1.018017
1.019587
1.019752
1.021096
1.021395
1.022547
1.022915
1.023892
1.024277
1.025088
1.025444
1.026090
1.026381
1.026861
1.027059
1.027371
1.027454
1.027599
1.027556
1.027538
1.027365
1.027193
1.026893
1.026581
1.026164
1.025729
1.025211
1.024674
1.024072
1.023456
1.022791
1.022117
1.021409
1.020698
1.019966
1.019239
1.018500
1.017773
1.017041
1.016328
1.015615
1.014927
1.014243
1.013589
1.012938
1.012324
1.011710
1.011141
1.010567
1.010044
1.009509
1.009034
1.008538
1.008112
1.007650
1.007274
1.006844
1.006516
1.006113
1.005836
1.005453
1.005228
1.004859
1.004687
1.004324
1.004210
1.003843
1.003792
1.003410
1.003430
1.003019
1.003121
1.002663
1.002862
1.002338
1.002654
1.002036
1.002496
1.001750
1.002390
1.001470
1.002346
1.001172
1.011965
1.002085
1.011238
1.004239
1.011313
1.006419
1.011906
1.008525
1.012808
1.010533
1.013919
1.012459
1.015181
1.014322
1.016549
1.016129
1.017981
1.017875
1.019437
1.019546
1.020874
1.021121
1.022252
1.022572
1.023526
1.023868
1.024656
1.024976
1.025602
1.025865
1.026330
1.026508
1.026813
1.026887
1.027032
1.026990
1.026982
1.026820
1.026666
1.026386
1.026099
1.025709
1.025306
1.024820
1.024318
1.023752
1.023172
1.022544
1.021907
1.021235
1.020560
1.019861
1.019166
1.018458
1.017759
1.017054
1.016365
1.015674
1.015007
1.014339
1.013702
1.013064
1.012462
1.011858
1.011297
1.010729
1.010212
1.009680
1.009209
1.008712
1.008288
1.007825
1.007448
1.007015
1.006687
1.006278
1.006000
1.005611
1.005384
1.005008
1.004836
1.004464
1.004350
1.003973
1.003924
1.003529
1.003554
1.003128
1.003237
1.002763
1.002973
1.002427
1.002760
1.002115
1.002598
1.001819
1.002490
1.001528
1.002446
1.001218
1.012170
1.002103
1.011421
1.004271
1.011472
1.006458
1.012039
1.008562
1.012914
1.010559
1.013994
1.012467
1.015221
1.014304
1.016548
1.016077
1.017935
1.017782
1.019340
1.019406
1.020723
1.020929
1.022044
1.022327
1.023263
1.023571
1.024341
1.024631
1.025241
1.025480
1.025932
1.026094
1.026391
1.026456
1.026601
1.026558
1.026555
1.026399
1.026258
1.025992
1.025723
1.025354
1.024973
1.024512
1.024036
1.023497
1.022946
1.022346
1.021737
1.021093
1.020445
1.019773
1.019104
1.018419
1.017743
1.017058
1.016389
1.015716
1.015064
1.014411
1.013786
1.013159
1.012566
1.011970
1.011416
1.010853
1.010340
1.009811
1.009342
1.008846
1.008422
1.007958
1.007581
1.007145
1.006816
1.006404
1.006125
1.005730
1.005503
1.005120
1.004948
1.004568
1.004455
1.004070
1.004022
1.003618
1.003646
1.003209
1.003324
1.002836
1.003054
1.002493
1.002836
1.002174
1.002670
1.001870
1.002560
1.001572
1.002514
1.001255
1.012472
1.002142
1.011675
1.004326
1.011679
1.006512
1.012201
1.008604
1.013031
1.010581
1.014066
1.012462
1.015246
1.014265
1.016525
1.015998
1.017860
1.017657
1.019210
1.019231
1.020537
1.020703
1.021802
1.022048
1.022967
1.023242
1.023995
1.024259
1.024854
1.025072
1.025514
1.025661
1.025953
1.026011
1.026157
1.026115
1.026119
1.025972
1.025844
1.025593
1.025344
1.024994
1.024638
1.024200
1.023752
1.023239
1.022716
1.022144
1.021564
1.020947
1.020327
1.019681
1.019037
1.018376
1.017723
1.017059
1.016410
1.015754
1.015119
1.014480
1.013868
1.013252
1.012670
1.012082
1.011536
1.010978
1.010470
1.009944
1.009479
1.008984
1.008562
1.008096
1.007721
1.007282
1.006953
1.006537
1.006257
1.005858
1.005630
1.005241
1.005069
1.004682
1.004570
1.004176
1.004131
1.003717
1.003748
1.003300
1.003421
1.002919
1.003146
1.002567
1.002924
1.002239
1.002756
1.001927
1.002644
1.001620
1.002599
1.001293
1.012590
1.002149
1.011785
1.004344
1.011779
1.006535
1.012287
1.008626
1.013100
1.010598
1.014116
1.012468
1.015273
1.014253
1.016525
1.015963
1.017828
1.017594
1.019145
1.019136
1.020435
1.020572
1.021661
1.021882
1.022788
1.023040
1.023780
1.024024
1.024607
1.024809
1.025242
1.025378
1.025665
1.025717
1.025861
1.025818
1.025826
1.025683
1.025563
1.025321
1.025084
1.024747
1.024406
1.023984
1.023553
1.023059
1.022555
1.022002
1.021441
1.020844
1.020242
1.019615
1.018988
1.018344
1.017707
1.017058
1.016422
1.015779
1.015155
1.014526
1.013923
1.013315
1.012741
1.012158
1.011616
1.011062
1.010558
1.010034
1.009571
1.009076
1.008656
1.008189
1.007814
1.007373
1.007044
1.006625
1.006345
1.005942
1.005714
1.005320
1.005148
1.004756
1.004644
1.004244
1.004200
1.003780
1.003813
1.003357
1.003481
1.002970
1.003203
1.002614
1.002977
1.002281
1.002806
1.001964
1.002692
1.001652
1.002645
1.001320
1.012854
1.002185
1.012003
1.004391
1.011953
1.006579
1.012419
1.008658
1.013192
1.010611
1.014168
1.012457
1.015287
1.014215
1.016499
1.015892
1.017762
1.017488
1.019036
1.018992
1.020283
1.020390
1.021468
1.021660
1.022555
1.022783
1.023512
1.023735
1.024309
1.024495
1.024922
1.025047
1.025331
1.025378
1.025524
1.025481
1.025495
1.025359
1.025249
1.025018
1.024795
1.024473
1.024149
1.023746
1.023335
1.022861
1.022377
1.021845
1.021305
1.020728
1.020147
1.019539
1.018932
1.018306
1.017686
1.017053
1.016433
1.015803
1.015192
1.014575
1.013983
1.013383
1.012817
1.012241
1.011706
1.011156
1.010656
1.010135
1.009674
1.009181
1.008762
1.008295
1.007921
1.007478
1.007150
1.006728
1.006448
1.006041
1.005813
1.005415
1.005243
1.004846
1.004735
1.004328
1.004286
1.003858
1.003895
1.003429
1.003559
1.003036
1.003277
1.002673
1.003049
1.002333
1.002876
1.002009
1.002761
1.001690
1.002715
1.001350
1.012880
1.002183
1.012038
1.004396
1.011993
1.006590
1.012459
1.008672
1.013229
1.010624
1.014199
1.012466
1.015307
1.014216
1.016505
1.015881
1.017752
1.017461
1.019007
1.018947
1.020233
1.020324
1.021396
1.021574
1.022460
1.022675
1.023396
1.023607
1.024174
1.024351
1.024771
1.024889
1.025169
1.025212
1.025356
1.025312
1.025328
1.025192
1.025087
1.024860
1.024643
1.024328
1.024013
1.023618
1.023217
1.022753
1.022280
1.021759
1.021230
1.020664
1.020094
1.019497
1.018900
1.018283
1.017673
1.017049
1.016436
1.015814
1.015211
1.014599
1.014012
1.013418
1.012856
1.012283
1.011751
1.011204
1.010707
1.010186
1.009727
1.009234
1.008816
1.008349
1.007974
1.007531
1.007202
1.006779
1.006499
1.006090
1.005862
1.005461
1.005289
1.004889
1.004778
1.004368
1.004326
1.003894
1.003932
1.003462
1.003593
1.003066
1.003308
1.002700
1.003078
1.002357
1.002903
1.002031
1.002786
1.001709
1.002738
1.001366
1.013116
1.002218
1.012230
1.004441
1.012142
1.006628
1.012567
1.008697
1.013300
1.010631
1.014236
1.012453
1.015312
1.014179
1.016479
1.015820
1.017694
1.017373
1.018917
1.018831
1.020112
1.020180
1.021245
1.021402
1.022281
1.022479
1.023192
1.023389
1.023949
1.024116
1.024532
1.024643
1.024921
1.024961
1.025107
1.025065
1.025085
1.024954
1.024856
1.024638
1.024431
1.024128
1.023825
1.023443
1.023056
1.022606
1.022149
1.021642
1.021129
1.020578
1.020023
1.019440
1.018857
1.018253
1.017656
1.017043
1.016442
1.015830
1.015236
1.014633
1.014054
1.013466
1.012910
1.012343
1.011816
1.011272
1.010778
1.010260
1.009803
1.009311
1.008895
1.008427
1.008054
1.007609
1.007281
1.006856
1.006576
1.006164
1.005936
1.005532
1.005361
1.004956
1.004847
1.004431
1.004392
1.003953
1.003994
1.003516
1.003652
1.003116
1.003365
1.002745
1.003133
1.002397
1.002957
1.002065
1.002841
1.001737
1.002795
1.001388
1.013049
1.002213
1.012196
1.004446
1.012133
1.006641
1.012574
1.008715
1.013315
1.010653
1.014256
1.012475
1.015333
1.014201
1.016499
1.015838
1.017710
1.017386
1.018927
1.018838
1.020115
1.020178
1.021238
1.021391
1.022265
1.022457
1.023165
1.023358
1.023913
1.024075
1.024486
1.024594
1.024868
1.024905
1.025048
1.025004
1.025022
1.024891
1.024793
1.024575
1.024370
1.024068
1.023767
1.023388
1.023004
1.022557
1.022103
1.021601
1.021092
1.020545
1.019994
1.019415
1.018836
1.018237
1.017643
1.017035
1.016437
1.015829
1.015237
1.014637
1.014061
1.013476
1.012922
1.012357
1.011831
1.011289
1.010796
1.010279
1.009822
1.009331
1.008915
1.008448
1.008074
1.007629
1.007301
1.006875
1.006595
1.006183
1.005955
1.005550
1.005378
1.004973
1.004862
1.004446
1.004406
1.003967
1.004007
1.003529
1.003664
1.003127
1.003375
1.002755
1.003142
1.002407
1.002964
1.002074
1.002845
1.001746
1.002797
1.001395
1.013306
1.002269
1.012411
1.004512
1.012295
1.006691
1.012685
1.008743
1.013384
1.010658
1.014288
1.012458
1.015333
1.014161
1.016468
1.015775
1.017650
1.017299
1.018839
1.018725
1.019999
1.020042
1.021097
1.021232
1.022100
1.022278
1.022981
1.023162
1.023713
1.023866
1.024275
1.024378
1.024652
1.024687
1.024833
1.024790
1.024813
1.024686
1.024595
1.024384
1.024188
1.023895
1.023605
1.023237
1.022865
1.022431
1.021990
1.021500
1.021003
1.020469
1.019931
1.019364
1.018797
1.018209
1.017626
1.017027
1.016439
1.015839
1.015256
1.014663
1.014094
1.013515
1.012966
1.012406
1.011884
1.011345
1.010856
1.010341
1.009887
1.009397
1.008982
1.008515
1.008143
1.007697
1.007370
1.006942
1.006663
1.006249
1.006021
1.005613
1.005442
1.005033
1.004924
1.004503
1.004465
1.004020
1.004064
1.003579
1.003718
1.003173
1.003428
1.002797
1.003193
1.002443
1.003015
1.002105
1.002898
1.001771
1.002853
1.001413
