# v - 800 ites
-0.000117
-0.000122
-0.000246
-0.000265
-0.000354
-0.000354
-0.000407
-0.000399
-0.000434
-0.000425
-0.000451
-0.000444
-0.000462
-0.000455
-0.000466
-0.000459
-0.000464
-0.000455
-0.000454
-0.000442
-0.000435
-0.000419
-0.000407
-0.000388
-0.000370
-0.000346
-0.000324
-0.000296
-0.000269
-0.000238
-0.000207
-0.000173
-0.000139
-0.000103
-0.000067
-0.000031
0.000006
0.000043
0.000079
0.000115
0.000149
0.000183
0.000214
0.000245
0.000273
0.000300
0.000324
0.000347
0.000367
0.000384
0.000400
0.000413
0.000424
0.000432
0.000439
0.000443
0.000445
0.000446
0.000445
0.000442
0.000438
0.000432
0.000426
0.000418
0.000409
0.000400
0.000390
0.000379
0.000368
0.000356
0.000345
0.000333
0.000321
0.000309
0.000297
0.000284
0.000273
0.000261
0.000250
0.000238
0.000228
0.000216
0.000207
0.000195
0.000187
0.000175
0.000169
0.000157
0.000152
0.000139
0.000136
0.000123
0.000122
0.000108
0.000109
0.000093
0.000099
0.000077
0.000096
0.000048
-0.000680
-0.000483
-0.001037
-0.000899
-0.001284
-0.001136
-0.001386
-0.001248
-0.001420
-0.001307
-0.001430
-0.001340
-0.001426
-0.001351
-0.001406
-0.001340
-0.001368
-0.001304
-0.001310
-0.001244
-0.001229
-0.001159
-0.001125
-0.001049
-0.000997
-0.000914
-0.000848
-0.000757
-0.000679
-0.000582
-0.000494
-0.000392
-0.000297
-0.000194
-0.000095
0.000008
0.000107
0.000207
0.000302
0.000397
0.000487
0.000573
0.000654
0.000731
0.000801
0.000866
0.000925
0.000978
0.001024
0.001064
0.001098
0.001126
0.001147
0.001163
0.001174
0.001179
0.001180
0.001176
0.001168
0.001156
0.001141
0.001122
0.001102
0.001078
0.001053
0.001025
0.000997
0.000966
0.000936
0.000903
0.000873
0.000839
0.000809
0.000774
0.000745
0.000710
0.000683
0.000648
0.000622
0.000587
0.000565
0.000530
0.000511
0.000475
0.000460
0.000423
0.000413
0.000374
0.000370
0.000328
0.000331
0.000284
0.000296
0.000241
0.000264
0.000200
0.000240
0.000152
0.000237
0.000067
-0.000832
-0.000629
-0.001348
-0.001216
-0.001719
-0.001552
-0.001873
-0.001708
-0.001928
-0.001792
-0.001950
-0.001842
-0.001953
-0.001863
-0.001935
-0.001853
-0.001891
-0.001811
-0.001818
-0.001735
-0.001713
-0.001622
-0.001575
-0.001474
-0.001403
-0.001291
-0.001199
-0.001076
-0.000966
-0.000833
-0.000709
-0.000569
-0.000435
-0.000291
-0.000152
-0.000007
0.000133
0.000274
0.000410
0.000544
0.000671
0.000794
0.000909
0.001019
0.001119
0.001212
0.001296
0.001372
0.001438
0.001496
0.001545
0.001585
0.001616
0.001640
0.001655
0.001664
0.001665
0.001660
0.001649
0.001632
0.001611
0.001585
0.001556
0.001522
0.001487
0.001448
0.001408
0.001365
0.001323
0.001277
0.001234
0.001186
0.001143
0.001094
0.001053
0.001004
0.000964
0.000916
0.000879
0.000831
0.000798
0.000750
0.000722
0.000673
0.000651
0.000600
0.000585
0.000532
0.000524
0.000467
0.000469
0.000406
0.000419
0.000348
0.000374
0.000291
0.000339
0.000226
0.000334
0.000109
-0.001318
-0.000955
-0.002059
-0.001808
-0.002578
-0.002293
-0.002788
-0.002516
-0.002856
-0.002634
-0.002878
-0.002701
-0.002872
-0.002725
-0.002835
-0.002704
-0.002762
-0.002636
-0.002647
-0.002517
-0.002486
-0.002348
-0.002278
-0.002126
-0.002022
-0.001855
-0.001721
-0.001538
-0.001379
-0.001183
-0.001003
-0.000798
-0.000604
-0.000394
-0.000193
0.000017
0.000218
0.000422
0.000616
0.000809
0.000990
0.001167
0.001330
0.001486
0.001628
0.001760
0.001878
0.001984
0.002076
0.002156
0.002224
0.002278
0.002321
0.002351
0.002371
0.002381
0.002380
0.002370
0.002353
0.002327
0.002295
0.002256
0.002213
0.002163
0.002112
0.002054
0.001997
0.001934
0.001874
0.001807
0.001745
0.001676
0.001615
0.001545
0.001486
0.001416
0.001360
0.001290
0.001239
0.001169
0.001124
0.001053
0.001016
0.000944
0.000914
0.000840
0.000821
0.000743
0.000735
0.000650
0.000656
0.000563
0.000586
0.000479
0.000523
0.000397
0.000474
0.000303
0.000467
0.000133
-0.001524
-0.001128
-0.002436
-0.002169
-0.003085
-0.002762
-0.003348
-0.003033
-0.003435
-0.003177
-0.003467
-0.003261
-0.003466
-0.003295
-0.003428
-0.003276
-0.003346
-0.003199
-0.003213
-0.003061
-0.003025
-0.002860
-0.002777
-0.002595
-0.002469
-0.002268
-0.002105
-0.001884
-0.001689
-0.001451
-0.001231
-0.000981
-0.000743
-0.000486
-0.000239
0.000018
0.000265
0.000516
0.000755
0.000991
0.001214
0.001431
0.001632
0.001823
0.001997
0.002158
0.002303
0.002432
0.002545
0.002643
0.002724
0.002790
0.002841
0.002878
0.002901
0.002911
0.002910
0.002897
0.002874
0.002841
0.002802
0.002752
0.002699
0.002637
0.002574
0.002503
0.002432
0.002355
0.002280
0.002198
0.002122
0.002038
0.001963
0.001877
0.001805
0.001719
0.001651
0.001566
0.001504
0.001419
0.001363
0.001278
0.001232
0.001145
0.001109
0.001020
0.000995
0.000902
0.000890
0.000790
0.000795
0.000685
0.000710
0.000585
0.000634
0.000487
0.000574
0.000374
0.000566
0.000169
-0.001966
-0.001435
-0.003099
-0.002736
-0.003900
-0.003476
-0.004222
-0.003815
-0.004328
-0.003996
-0.004365
-0.004101
-0.004361
-0.004142
-0.004311
-0.004116
-0.004206
-0.004018
-0.004037
-0.003844
-0.003798
-0.003590
-0.003485
-0.003255
-0.003097
-0.002843
-0.002638
-0.002360
-0.002114
-0.001815
-0.001538
-0.001223
-0.000924
-0.000600
-0.000291
0.000033
0.000342
0.000657
0.000956
0.001252
0.001531
0.001801
0.002052
0.002289
0.002506
0.002706
0.002885
0.003045
0.003184
0.003303
0.003403
0.003483
0.003544
0.003587
0.003614
0.003624
0.003620
0.003601
0.003571
0.003528
0.003477
0.003414
0.003346
0.003267
0.003187
0.003098
0.003009
0.002911
0.002818
0.002716
0.002621
0.002516
0.002422
0.002316
0.002226
0.002119
0.002035
0.001928
0.001851
0.001746
0.001678
0.001572
0.001514
0.001407
0.001362
0.001251
0.001222
0.001105
0.001093
0.000967
0.000975
0.000837
0.000870
0.000712
0.000777
0.000590
0.000702
0.000450
0.000693
0.000196
-0.002212
-0.001630
-0.003526
-0.003134
-0.004464
-0.003992
-0.004842
-0.004383
-0.004968
-0.004593
-0.005015
-0.004718
-0.005017
-0.004771
-0.004966
-0.004748
-0.004852
-0.004641
-0.004665
-0.004446
-0.004395
-0.004158
-0.004038
-0.003775
-0.003592
-0.003300
-0.003061
-0.002739
-0.002454
-0.002106
-0.001783
-0.001416
-0.001068
-0.000690
-0.000328
0.000050
0.000411
0.000778
0.001128
0.001473
0.001799
0.002113
0.002405
0.002681
0.002932
0.003164
0.003370
0.003554
0.003714
0.003850
0.003963
0.004053
0.004122
0.004169
0.004197
0.004205
0.004198
0.004173
0.004135
0.004082
0.004020
0.003944
0.003863
0.003770
0.003675
0.003570
0.003465
0.003351
0.003242
0.003122
0.003012
0.002889
0.002781
0.002657
0.002553
0.002429
0.002332
0.002209
0.002120
0.001998
0.001920
0.001798
0.001732
0.001609
0.001557
0.001431
0.001396
0.001263
0.001248
0.001106
0.001114
0.000957
0.000993
0.000815
0.000886
0.000677
0.000801
0.000518
0.000791
0.000229
-0.002626
-0.001924
-0.004160
-0.003686
-0.005253
-0.004693
-0.005697
-0.005156
-0.005846
-0.005405
-0.005904
-0.005556
-0.005909
-0.005621
-0.005852
-0.005597
-0.005722
-0.005475
-0.005504
-0.005249
-0.005189
-0.004912
-0.004771
-0.004462
-0.004247
-0.003903
-0.003622
-0.003242
-0.002904
-0.002493
-0.002112
-0.001677
-0.001264
-0.000817
-0.000389
0.000059
0.000487
0.000921
0.001334
0.001742
0.002127
0.002497
0.002841
0.003165
0.003461
0.003732
0.003973
0.004188
0.004373
0.004531
0.004661
0.004764
0.004841
0.004893
0.004922
0.004929
0.004917
0.004885
0.004837
0.004772
0.004696
0.004605
0.004508
0.004397
0.004283
0.004158
0.004035
0.003900
0.003771
0.003630
0.003500
0.003356
0.003228
0.003083
0.002961
0.002817
0.002702
0.002559
0.002455
0.002314
0.002222
0.002080
0.002003
0.001860
0.001800
0.001653
0.001612
0.001458
0.001441
0.001275
0.001285
0.001102
0.001145
0.000938
0.001021
0.000777
0.000923
0.000592
0.000910
0.000256
-0.002902
-0.002138
-0.004628
-0.004118
-0.005865
-0.005251
-0.006369
-0.005771
-0.006541
-0.006055
-0.006613
-0.006230
-0.006626
-0.006311
-0.006572
-0.006293
-0.006435
-0.006165
-0.006199
-0.005918
-0.005853
-0.005545
-0.005387
-0.005042
-0.004800
-0.004413
-0.004094
-0.003665
-0.003282
-0.002816
-0.002381
-0.001887
-0.001416
-0.000907
-0.000418
0.000092
0.000580
0.001075
0.001545
0.002009
0.002446
0.002867
0.003256
0.003622
0.003955
0.004260
0.004530
0.004770
0.004975
0.005149
0.005291
0.005402
0.005484
0.005537
0.005565
0.005567
0.005547
0.005505
0.005446
0.005368
0.005278
0.005171
0.005057
0.004928
0.004797
0.004653
0.004511
0.004357
0.004210
0.004049
0.003901
0.003739
0.003594
0.003431
0.003293
0.003131
0.003002
0.002842
0.002725
0.002567
0.002464
0.002306
0.002219
0.002060
0.001993
0.001830
0.001784
0.001614
0.001593
0.001411
0.001421
0.001219
0.001265
0.001037
0.001128
0.000860
0.001019
0.000656
0.001005
0.000285
-0.003300
-0.002426
-0.005246
-0.004665
-0.006644
-0.005951
-0.007218
-0.006546
-0.007419
-0.006875
-0.007508
-0.007080
-0.007532
-0.007182
-0.007481
-0.007170
-0.007335
-0.007034
-0.007076
-0.006762
-0.006691
-0.006345
-0.006168
-0.005778
-0.005503
-0.005064
-0.004701
-0.004212
-0.003773
-0.003240
-0.002741
-0.002175
-0.001634
-0.001049
-0.000488
0.000098
0.000659
0.001227
0.001768
0.002300
0.002801
0.003282
0.003727
0.004144
0.004524
0.004869
0.005176
0.005445
0.005676
0.005870
0.006028
0.006149
0.006238
0.006293
0.006319
0.006317
0.006289
0.006237
0.006165
0.006072
0.005965
0.005840
0.005707
0.005558
0.005406
0.005240
0.005077
0.004900
0.004731
0.004548
0.004380
0.004195
0.004030
0.003845
0.003689
0.003506
0.003360
0.003179
0.003047
0.002869
0.002753
0.002575
0.002478
0.002299
0.002223
0.002041
0.001989
0.001798
0.001776
0.001571
0.001582
0.001357
0.001408
0.001153
0.001255
0.000954
0.001133
0.000726
0.001117
0.000312
-0.003599
-0.002656
-0.005746
-0.005125
-0.007296
-0.006547
-0.007936
-0.007207
-0.008166
-0.007576
-0.008274
-0.007812
-0.008312
-0.007936
-0.008269
-0.007936
-0.008121
-0.007798
-0.007848
-0.007509
-0.007432
-0.007055
-0.006860
-0.006432
-0.006127
-0.005641
-0.005235
-0.004691
-0.004199
-0.003603
-0.003042
-0.002407
-0.001798
-0.001141
-0.000508
0.000150
0.000782
0.001419
0.002027
0.002623
0.003184
0.003721
0.004218
0.004682
0.005102
0.005483
0.005820
0.006114
0.006365
0.006573
0.006741
0.006867
0.006957
0.007010
0.007030
0.007018
0.006979
0.006912
0.006824
0.006713
0.006588
0.006442
0.006288
0.006118
0.005944
0.005756
0.005571
0.005373
0.005183
0.004979
0.004790
0.004584
0.004401
0.004196
0.004022
0.003820
0.003659
0.003460
0.003314
0.003119
0.002991
0.002797
0.002690
0.002495
0.002411
0.002213
0.002156
0.001948
0.001923
0.001701
0.001712
0.001468
0.001523
0.001248
0.001357
0.001033
0.001225
0.000786
0.001208
0.000338
-0.003987
-0.002941
-0.006357
-0.005674
-0.008075
-0.007254
-0.008791
-0.007994
-0.009056
-0.008415
-0.009190
-0.008691
-0.009248
-0.008843
-0.009217
-0.008860
-0.009071
-0.008723
-0.008784
-0.008417
-0.008336
-0.007925
-0.007711
-0.007240
-0.006901
-0.006362
-0.005908
-0.005301
-0.004748
-0.004080
-0.003447
-0.002732
-0.002045
-0.001304
-0.000588
0.000155
0.000870
0.001590
0.002276
0.002949
0.003581
0.004185
0.004743
0.005262
0.005732
0.006156
0.006530
0.006855
0.007130
0.007357
0.007537
0.007671
0.007763
0.007815
0.007829
0.007808
0.007757
0.007675
0.007570
0.007440
0.007293
0.007126
0.006949
0.006754
0.006557
0.006344
0.006136
0.005912
0.005699
0.005470
0.005259
0.005030
0.004825
0.004598
0.004405
0.004181
0.004002
0.003783
0.003622
0.003407
0.003265
0.003053
0.002934
0.002721
0.002628
0.002411
0.002348
0.002122
0.002093
0.001851
0.001862
0.001597
0.001656
0.001356
0.001474
0.001121
0.001330
0.000851
0.001311
0.000363
-0.004303
-0.003183
-0.006883
-0.006160
-0.008763
-0.007886
-0.009552
-0.008699
-0.009852
-0.009168
-0.010012
-0.009483
-0.010093
-0.009667
-0.010079
-0.009704
-0.009940
-0.009574
-0.009646
-0.009255
-0.009171
-0.008729
-0.008497
-0.007986
-0.007613
-0.007023
-0.006521
-0.005851
-0.005236
-0.004495
-0.003790
-0.002994
-0.002225
-0.001399
-0.000599
0.000230
0.001029
0.001831
0.002596
0.003343
0.004045
0.004713
0.005329
0.005900
0.006415
0.006877
0.007281
0.007631
0.007924
0.008162
0.008349
0.008484
0.008573
0.008616
0.008619
0.008582
0.008513
0.008411
0.008284
0.008130
0.007959
0.007766
0.007564
0.007343
0.007120
0.006881
0.006647
0.006398
0.006161
0.005908
0.005674
0.005421
0.005196
0.004948
0.004736
0.004492
0.004297
0.004059
0.003883
0.003650
0.003496
0.003267
0.003138
0.002909
0.002808
0.002575
0.002506
0.002264
0.002232
0.001974
0.001985
0.001702
0.001764
0.001444
0.001569
0.001193
0.001415
0.000906
0.001395
0.000386
-0.004686
-0.003468
-0.007493
-0.006714
-0.009547
-0.008605
-0.010419
-0.009506
-0.010764
-0.010035
-0.010959
-0.010400
-0.011073
-0.010625
-0.011084
-0.010692
-0.010959
-0.010576
-0.010664
-0.010251
-0.010167
-0.009695
-0.009446
-0.008893
-0.008486
-0.007841
-0.007287
-0.006549
-0.005866
-0.005045
-0.004258
-0.003372
-0.002511
-0.001588
-0.000691
0.000236
0.001132
0.002029
0.002885
0.003720
0.004503
0.005247
0.005931
0.006563
0.007131
0.007639
0.008081
0.008460
0.008776
0.009031
0.009226
0.009364
0.009451
0.009486
0.009478
0.009426
0.009339
0.009216
0.009066
0.008887
0.008690
0.008469
0.008239
0.007990
0.007739
0.007472
0.007211
0.006934
0.006671
0.006391
0.006133
0.005856
0.005608
0.005336
0.005103
0.004838
0.004624
0.004366
0.004174
0.003922
0.003754
0.003506
0.003366
0.003119
0.003009
0.002759
0.002684
0.002424
0.002389
0.002112
0.002123
0.001819
0.001885
0.001543
0.001676
0.001274
0.001511
0.000966
0.001489
0.000409
-0.005014
-0.003721
-0.008039
-0.007222
-0.010264
-0.009269
-0.011218
-0.010253
-0.011606
-0.010839
-0.011839
-0.011256
-0.011987
-0.011524
-0.012028
-0.011625
-0.011922
-0.011526
-0.011630
-0.011199
-0.011115
-0.010614
-0.010347
-0.009754
-0.009310
-0.008609
-0.008000
-0.007192
-0.006436
-0.005530
-0.004655
-0.003673
-0.002715
-0.001690
-0.000690
0.000341
0.001337
0.002333
0.003283
0.004206
0.005071
0.005889
0.006640
0.007329
0.007946
0.008493
0.008967
0.009369
0.009700
0.009962
0.010158
0.010291
0.010366
0.010386
0.010358
0.010283
0.010170
0.010019
0.009840
0.009630
0.009401
0.009149
0.008887
0.008606
0.008324
0.008026
0.007735
0.007429
0.007139
0.006832
0.006549
0.006246
0.005976
0.005680
0.005428
0.005141
0.004909
0.004632
0.004424
0.004155
0.003974
0.003710
0.003559
0.003296
0.003178
0.002913
0.002832
0.002557
0.002518
0.002225
0.002235
0.001916
0.001984
0.001623
0.001763
0.001339
0.001588
0.001015
0.001565
0.000428
-0.005393
-0.004007
-0.008648
-0.007784
-0.011055
-0.010004
-0.012102
-0.011083
-0.012544
-0.011741
-0.012825
-0.012221
-0.013021
-0.012548
-0.013105
-0.012695
-0.013031
-0.012628
-0.012755
-0.012310
-0.012232
-0.011707
-0.011426
-0.010793
-0.010315
-0.009559
-0.008893
-0.008010
-0.007177
-0.006179
-0.005209
-0.004122
-0.003054
-0.001915
-0.000799
0.000349
0.001461
0.002570
0.003629
0.004654
0.005615
0.006519
0.007348
0.008104
0.008780
0.009375
0.009887
0.010317
0.010668
0.010941
0.011141
0.011270
0.011336
0.011341
0.011293
0.011195
0.011056
0.010875
0.010665
0.010423
0.010161
0.009875
0.009580
0.009265
0.008950
0.008620
0.008298
0.007961
0.007641
0.007305
0.006995
0.006666
0.006372
0.006052
0.005778
0.005469
0.005218
0.004920
0.004696
0.004407
0.004213
0.003931
0.003768
0.003489
0.003362
0.003080
0.002992
0.002701
0.002659
0.002349
0.002359
0.002021
0.002092
0.001711
0.001857
0.001411
0.001672
0.001068
0.001647
0.000449
-0.005729
-0.004267
-0.009208
-0.008309
-0.011795
-0.010696
-0.012933
-0.011868
-0.013430
-0.012596
-0.013761
-0.013142
-0.014008
-0.013529
-0.014139
-0.013727
-0.014103
-0.013695
-0.013846
-0.013389
-0.013316
-0.012768
-0.012471
-0.011798
-0.011281
-0.010464
-0.009736
-0.008772
-0.007853
-0.006755
-0.005679
-0.004477
-0.003289
-0.002025
-0.000783
0.000491
0.001728
0.002956
0.004129
0.005260
0.006318
0.007309
0.008214
0.009034
0.009763
0.010399
0.010941
0.011391
0.011751
0.012024
0.012217
0.012331
0.012377
0.012355
0.012278
0.012146
0.011971
0.011752
0.011503
0.011220
0.010919
0.010593
0.010259
0.009906
0.009554
0.009187
0.008831
0.008461
0.008110
0.007744
0.007406
0.007049
0.006730
0.006386
0.006090
0.005759
0.005490
0.005172
0.004932
0.004626
0.004418
0.004119
0.003946
0.003652
0.003516
0.003220
0.003126
0.002821
0.002775
0.002451
0.002460
0.002107
0.002179
0.001783
0.001934
0.001469
0.001740
0.001111
0.001714
0.000464
-0.006102
-0.004553
-0.009815
-0.008876
-0.012592
-0.011444
-0.013831
-0.012722
-0.014395
-0.013536
-0.014791
-0.014163
-0.015106
-0.014629
-0.015302
-0.014897
-0.015322
-0.014920
-0.015104
-0.014646
-0.014588
-0.014024
-0.013720
-0.013012
-0.012461
-0.011588
-0.010797
-0.009752
-0.008743
-0.007540
-0.006350
-0.005021
-0.003702
-0.002299
-0.000914
0.000503
0.001882
0.003247
0.004552
0.005805
0.006977
0.008069
0.009064
0.009960
0.010752
0.011438
0.012018
0.012492
0.012868
0.013144
0.013332
0.013433
0.013459
0.013412
0.013304
0.013137
0.012925
0.012667
0.012377
0.012054
0.011711
0.011343
0.010969
0.010575
0.010185
0.009781
0.009389
0.008984
0.008601
0.008203
0.007836
0.007451
0.007106
0.006737
0.006418
0.006064
0.005776
0.005437
0.005181
0.004856
0.004634
0.004319
0.004134
0.003824
0.003679
0.003368
0.003268
0.002948
0.002898
0.002560
0.002567
0.002199
0.002273
0.001859
0.002015
0.001530
0.001813
0.001156
0.001784
0.000482
-0.006441
-0.004818
-0.010380
-0.009413
-0.013346
-0.012157
-0.014686
-0.013539
-0.015318
-0.014439
-0.015782
-0.015150
-0.016168
-0.015698
-0.016435
-0.016041
-0.016517
-0.016124
-0.016342
-0.015884
-0.015840
-0.015260
-0.014945
-0.014200
-0.013609
-0.012672
-0.011810
-0.010673
-0.009561
-0.008239
-0.006919
-0.005449
-0.003980
-0.002422
-0.000879
0.000695
0.002230
0.003743
0.005189
0.006570
0.007860
0.009053
0.010136
0.011103
0.011952
0.012677
0.013285
0.013771
0.014148
0.014414
0.014582
0.014655
0.014646
0.014559
0.014407
0.014193
0.013931
0.013622
0.013282
0.012907
0.012514
0.012098
0.011675
0.011236
0.010803
0.010356
0.009925
0.009482
0.009064
0.008633
0.008235
0.007821
0.007450
0.007054
0.006713
0.006336
0.006028
0.005670
0.005397
0.005055
0.004820
0.004489
0.004293
0.003969
0.003816
0.003492
0.003385
0.003053
0.002999
0.002648
0.002653
0.002272
0.002347
0.001920
0.002080
0.001579
0.001869
0.001192
0.001840
0.000494
-0.006805
-0.005101
-0.010980
-0.009981
-0.014141
-0.012914
-0.015593
-0.014414
-0.016307
-0.015415
-0.016856
-0.016230
-0.017335
-0.016883
-0.017697
-0.017327
-0.017868
-0.017498
-0.017766
-0.017322
-0.017306
-0.016724
-0.016411
-0.015641
-0.015019
-0.014026
-0.013097
-0.011870
-0.010654
-0.009207
-0.007749
-0.006126
-0.004492
-0.002762
-0.001040
0.000712
0.002425
0.004108
0.005718
0.007249
0.008677
0.009989
0.011177
0.012229
0.013147
0.013922
0.014565
0.015070
0.015452
0.015710
0.015861
0.015907
0.015864
0.015735
0.015538
0.015275
0.014963
0.014602
0.014208
0.013781
0.013337
0.012870
0.012399
0.011912
0.011434
0.010944
0.010472
0.009991
0.009537
0.009072
0.008643
0.008199
0.007800
0.007378
0.007014
0.006615
0.006287
0.005909
0.005619
0.005259
0.005010
0.004663
0.004457
0.004118
0.003956
0.003619
0.003506
0.003161
0.003102
0.002739
0.002743
0.002349
0.002424
0.001983
0.002147
0.001630
0.001928
0.001229
0.001897
0.000508
-0.007139
-0.005365
-0.011541
-0.010521
-0.014896
-0.013638
-0.016460
-0.015255
-0.017257
-0.016358
-0.017895
-0.017281
-0.018472
-0.018044
-0.018935
-0.018595
-0.019202
-0.018859
-0.019178
-0.018750
-0.018763
-0.018179
-0.017864
-0.017063
-0.016403
-0.015344
-0.014335
-0.013002
-0.011664
-0.010073
-0.008453
-0.006655
-0.004831
-0.002905
-0.000981
0.000971
0.002883
0.004753
0.006540
0.008228
0.009799
0.011231
0.012520
0.013649
0.014626
0.015438
0.016099
0.016605
0.016974
0.017205
0.017318
0.017317
0.017220
0.017032
0.016772
0.016444
0.016065
0.015637
0.015179
0.014687
0.014181
0.013654
0.013126
0.012585
0.012056
0.011518
0.011002
0.010479
0.009986
0.009485
0.009022
0.008547
0.008120
0.007672
0.007283
0.006862
0.006514
0.006116
0.005811
0.005434
0.005171
0.004810
0.004593
0.004242
0.004071
0.003722
0.003603
0.003248
0.003185
0.002811
0.002813
0.002408
0.002484
0.002031
0.002198
0.001668
0.001973
0.001256
0.001940
0.000516
-0.007490
-0.005641
-0.012123
-0.011081
-0.015678
-0.014393
-0.017365
-0.016141
-0.018262
-0.017366
-0.019009
-0.018418
-0.019709
-0.019320
-0.020305
-0.020012
-0.020705
-0.020409
-0.020799
-0.020409
-0.020472
-0.019906
-0.019610
-0.018796
-0.018115
-0.017003
-0.015925
-0.014493
-0.013032
-0.011294
-0.009504
-0.007515
-0.005483
-0.003338
-0.001184
0.000996
0.003137
0.005223
0.007217
0.009092
0.010832
0.012407
0.013818
0.015042
0.016091
0.016950
0.017640
0.018153
0.018513
0.018719
0.018796
0.018747
0.018595
0.018346
0.018022
0.017626
0.017179
0.016683
0.016157
0.015599
0.015029
0.014441
0.013855
0.013260
0.012678
0.012092
0.011531
0.010965
0.010433
0.009895
0.009400
0.008893
0.008438
0.007963
0.007551
0.007107
0.006739
0.006322
0.006000
0.005607
0.005331
0.004956
0.004728
0.004364
0.004186
0.003825
0.003700
0.003334
0.003267
0.002883
0.002883
0.002468
0.002544
0.002080
0.002249
0.001707
0.002017
0.001284
0.001983
0.000526
-0.007811
-0.005899
-0.012665
-0.011611
-0.016417
-0.015113
-0.018227
-0.016990
-0.019224
-0.018338
-0.020085
-0.019525
-0.020916
-0.020573
-0.021654
-0.021414
-0.022195
-0.021951
-0.022415
-0.022066
-0.022179
-0.021631
-0.021350
-0.020520
-0.019807
-0.018631
-0.017465
-0.015913
-0.014306
-0.012392
-0.010398
-0.008187
-0.005909
-0.003511
-0.001092
0.001347
0.003745
0.006071
0.008290
0.010363
0.012278
0.013995
0.015522
0.016828
0.017934
0.018820
0.019514
0.020008
0.020332
0.020486
0.020499
0.020375
0.020144
0.019810
0.019398
0.018913
0.018379
0.017797
0.017188
0.016550
0.015905
0.015245
0.014592
0.013933
0.013293
0.012653
0.012041
0.011430
0.010856
0.010279
0.009749
0.009209
0.008725
0.008223
0.007788
0.007321
0.006934
0.006499
0.006161
0.005752
0.005464
0.005075
0.004837
0.004462
0.004276
0.003906
0.003775
0.003400
0.003329
0.002937
0.002934
0.002511
0.002587
0.002114
0.002285
0.001734
0.002048
0.001303
0.002013
0.000531
-0.008140
-0.006163
-0.013217
-0.012152
-0.017168
-0.015851
-0.019111
-0.017871
-0.020227
-0.019363
-0.021226
-0.020712
-0.022219
-0.021940
-0.023137
-0.022973
-0.023866
-0.023702
-0.024268
-0.023991
-0.024185
-0.023686
-0.023451
-0.022632
-0.021914
-0.020697
-0.019461
-0.017803
-0.016053
-0.013963
-0.011756
-0.009304
-0.006756
-0.004074
-0.001353
0.001386
0.004084
0.006691
0.009179
0.011487
0.013612
0.015501
0.017170
0.018579
0.019758
0.020683
0.021391
0.021871
0.022162
0.022264
0.022213
0.022013
0.021700
0.021277
0.020775
0.020199
0.019575
0.018904
0.018210
0.017491
0.016769
0.016036
0.015315
0.014593
0.013894
0.013200
0.012538
0.011881
0.011265
0.010650
0.010085
0.009514
0.009001
0.008473
0.008014
0.007526
0.007120
0.006667
0.006313
0.005890
0.005589
0.005188
0.004940
0.004555
0.004361
0.003982
0.003845
0.003462
0.003388
0.002988
0.002983
0.002552
0.002627
0.002147
0.002319
0.001759
0.002077
0.001321
0.002041
0.000536
-0.008436
-0.006405
-0.013723
-0.012656
-0.017869
-0.016546
-0.019943
-0.018708
-0.021180
-0.020344
-0.022322
-0.021860
-0.023484
-0.023277
-0.024594
-0.024514
-0.025525
-0.025447
-0.026120
-0.025919
-0.026196
-0.025748
-0.025557
-0.024745
-0.024011
-0.022738
-0.021412
-0.019621
-0.017694
-0.015389
-0.012922
-0.010183
-0.007312
-0.004295
-0.001221
0.001862
0.004903
0.007823
0.010604
0.013162
0.015504
0.017560
0.019359
0.020850
0.022076
0.023008
0.023695
0.024123
0.024344
0.024355
0.024202
0.023891
0.023461
0.022918
0.022298
0.021604
0.020866
0.020086
0.019289
0.018473
0.017659
0.016842
0.016043
0.015249
0.014485
0.013731
0.013015
0.012308
0.011648
0.010992
0.010391
0.009787
0.009246
0.008691
0.008209
0.007699
0.007274
0.006804
0.006436
0.005999
0.005687
0.005275
0.005018
0.004623
0.004423
0.004036
0.003894
0.003505
0.003426
0.003022
0.003014
0.002578
0.002652
0.002167
0.002339
0.001774
0.002094
0.001330
0.002056
0.000537
-0.008732
-0.006647
-0.014225
-0.013159
-0.018564
-0.017244
-0.020780
-0.019561
-0.022156
-0.021364
-0.023467
-0.023077
-0.024836
-0.024724
-0.026184
-0.026217
-0.027377
-0.027421
-0.028239
-0.028156
-0.028561
-0.028208
-0.028106
-0.027345
-0.026639
-0.025348
-0.023961
-0.022061
-0.019971
-0.017454
-0.014717
-0.011668
-0.008439
-0.005043
-0.001561
0.001924
0.005370
0.008665
0.011798
0.014659
0.017265
0.019528
0.021489
0.023086
0.024378
0.025328
0.026001
0.026381
0.026531
0.026450
0.026192
0.025765
0.025214
0.024547
0.023804
0.022989
0.022135
0.021243
0.020340
0.019425
0.018520
0.017618
0.016741
0.015875
0.015047
0.014233
0.013464
0.012709
0.012005
0.011310
0.010674
0.010039
0.009469
0.008890
0.008385
0.007856
0.007413
0.006927
0.006546
0.006096
0.005773
0.005351
0.005085
0.004683
0.004476
0.004083
0.003936
0.003541
0.003459
0.003050
0.003039
0.002600
0.002672
0.002184
0.002355
0.001786
0.002107
0.001338
0.002068
0.000538
-0.008991
-0.006865
-0.014673
-0.013617
-0.019197
-0.017887
-0.021551
-0.020356
-0.023068
-0.022326
-0.024553
-0.024243
-0.026137
-0.026129
-0.027738
-0.027892
-0.029209
-0.029383
-0.030356
-0.030398
-0.030938
-0.030686
-0.030674
-0.029961
-0.029273
-0.027947
-0.026476
-0.024434
-0.022135
-0.019352
-0.016282
-0.012855
-0.009191
-0.005341
-0.001377
0.002578
0.006489
0.010204
0.013723
0.016904
0.019779
0.022237
0.024337
0.026007
0.027321
0.028241
0.028847
0.029124
0.029149
0.028921
0.028508
0.027916
0.027200
0.026369
0.025467
0.024499
0.023500
0.022473
0.021444
0.020412
0.019400
0.018401
0.017435
0.016491
0.015590
0.014712
0.013885
0.013079
0.012330
0.011595
0.010922
0.010256
0.009658
0.009054
0.008527
0.007979
0.007520
0.007019
0.006624
0.006163
0.005830
0.005400
0.005127
0.004718
0.004505
0.004107
0.003956
0.003558
0.003473
0.003061
0.003048
0.002607
0.002677
0.002187
0.002357
0.001787
0.002107
0.001337
0.002068
0.000535
-0.009239
-0.007074
-0.015101
-0.014059
-0.019805
-0.018515
-0.022305
-0.021147
-0.023981
-0.023306
-0.025669
-0.025458
-0.027508
-0.027630
-0.029416
-0.029729
-0.031241
-0.031592
-0.032769
-0.032993
-0.033728
-0.033639
-0.033787
-0.033188
-0.032584
-0.031286
-0.029784
-0.027642
-0.025162
-0.022126
-0.018711
-0.014878
-0.010728
-0.006359
-0.001830
0.002684
0.007154
0.011381
0.015373
0.018949
0.022157
0.024860
0.027139
0.028907
0.030262
0.031159
0.031702
0.031873
0.031768
0.031387
0.030811
0.030047
0.029159
0.028158
0.027091
0.025965
0.024819
0.023653
0.022497
0.021348
0.020230
0.019133
0.018081
0.017058
0.016087
0.015147
0.014265
0.013410
0.012617
0.011844
0.011138
0.010441
0.009818
0.009191
0.008644
0.008078
0.007604
0.007091
0.006684
0.006214
0.005872
0.005435
0.005155
0.004741
0.004523
0.004122
0.003967
0.003566
0.003478
0.003065
0.003050
0.002608
0.002676
0.002186
0.002354
0.001785
0.002103
0.001334
0.002063
0.000532
-0.009445
-0.007253
-0.015465
-0.014444
-0.020334
-0.019071
-0.022975
-0.021861
-0.024809
-0.024209
-0.026703
-0.026600
-0.028806
-0.029069
-0.031037
-0.031518
-0.033236
-0.033776
-0.035171
-0.035589
-0.036534
-0.036620
-0.036935
-0.036455
-0.035931
-0.034646
-0.033085
-0.030804
-0.028084
-0.024724
-0.020873
-0.016534
-0.011787
-0.006787
-0.001578
0.003594
0.008714
0.013517
0.018028
0.022018
0.025558
0.028480
0.030895
0.032702
0.034029
0.034827
0.035227
0.035212
0.034899
0.034290
0.033482
0.032483
0.031367
0.030145
0.028870
0.027550
0.026224
0.024893
0.023587
0.022303
0.021063
0.019858
0.018709
0.017601
0.016554
0.015548
0.014607
0.013701
0.012863
0.012052
0.011312
0.010586
0.009937
0.009289
0.008724
0.008142
0.007654
0.007129
0.006712
0.006234
0.005884
0.005442
0.005157
0.004740
0.004517
0.004114
0.003956
0.003555
0.003464
0.003052
0.003034
0.002594
0.002660
0.002173
0.002338
0.001772
0.002087
0.001323
0.002047
0.000525
-0.009628
-0.007416
-0.015790
-0.014796
-0.020814
-0.019589
-0.023600
-0.022544
-0.025609
-0.025101
-0.027737
-0.027764
-0.030147
-0.030578
-0.032763
-0.033452
-0.035424
-0.036208
-0.037888
-0.038573
-0.039811
-0.040161
-0.040742
-0.040480
-0.040139
-0.038968
-0.037440
-0.035096
-0.032191
-0.028536
-0.024244
-0.019364
-0.013942
-0.008209
-0.002191
0.003780
0.009698
0.015218
0.020377
0.024888
0.028846
0.032050
0.034645
0.036515
0.037826
0.038525
0.038774
0.038562
0.038027
0.037176
0.036122
0.034875
0.033521
0.032069
0.030580
0.029061
0.027552
0.026055
0.024599
0.023180
0.021820
0.020510
0.019267
0.018076
0.016957
0.015888
0.014892
0.013939
0.013060
0.012213
0.011443
0.010691
0.010020
0.009353
0.008771
0.008176
0.007676
0.007142
0.006717
0.006233
0.005877
0.005431
0.005141
0.004723
0.004497
0.004094
0.003933
0.003534
0.003441
0.003030
0.003010
0.002573
0.002637
0.002154
0.002316
0.001755
0.002066
0.001310
0.002025
0.000518
-0.009762
-0.007543
-0.016039
-0.015078
-0.021197
-0.020017
-0.024118
-0.023128
-0.026298
-0.025888
-0.028661
-0.028824
-0.031383
-0.031992
-0.034397
-0.035308
-0.037546
-0.038590
-0.040574
-0.041545
-0.043102
-0.043736
-0.044607
-0.044577
-0.044430
-0.043366
-0.041848
-0.039400
-0.036238
-0.032193
-0.027332
-0.021762
-0.015496
-0.008856
-0.001852
0.005074
0.011926
0.018258
0.024128
0.029177
0.033536
0.036969
0.039665
0.041497
0.042678
0.043157
0.043137
0.042608
0.041741
0.040547
0.039155
0.037581
0.035918
0.034178
0.032424
0.030664
0.028938
0.027247
0.025619
0.024049
0.022556
0.021128
0.019784
0.018506
0.017312
0.016177
0.015126
0.014125
0.013205
0.012324
0.011524
0.010749
0.010056
0.009373
0.008776
0.008171
0.007661
0.007120
0.006688
0.006200
0.005840
0.005392
0.005100
0.004681
0.004454
0.004053
0.003890
0.003493
0.003398
0.002992
0.002970
0.002539
0.002599
0.002123
0.002281
0.001728
0.002033
0.001288
0.001992
0.000507
-0.009862
-0.007643
-0.016228
-0.015306
-0.021504
-0.020379
-0.024560
-0.023648
-0.026922
-0.026626
-0.029543
-0.029863
-0.032617
-0.033434
-0.036094
-0.037269
-0.039829
-0.041198
-0.043567
-0.044917
-0.046904
-0.047945
-0.049247
-0.049599
-0.049806
-0.049011
-0.047657
-0.045245
-0.041932
-0.037567
-0.032145
-0.025842
-0.018615
-0.010904
-0.002699
0.005416
0.013443
0.020811
0.027585
0.033325
0.038198
0.041930
0.044767
0.046573
0.047618
0.047858
0.047542
0.046669
0.045442
0.043878
0.042127
0.040207
0.038221
0.036182
0.034158
0.032152
0.030208
0.028324
0.026527
0.024808
0.023186
0.021648
0.020208
0.018848
0.017583
0.016389
0.015287
0.014244
0.013289
0.012378
0.011553
0.010758
0.010048
0.009352
0.008744
0.008130
0.007613
0.007068
0.006632
0.006142
0.005779
0.005333
0.005039
0.004623
0.004394
0.003996
0.003833
0.003441
0.003344
0.002944
0.002920
0.002496
0.002553
0.002085
0.002239
0.001697
0.001995
0.001263
0.001954
0.000495
-0.009904
-0.007700
-0.016327
-0.015449
-0.021692
-0.020628
-0.024868
-0.024040
-0.027404
-0.027226
-0.030277
-0.030758
-0.033702
-0.034733
-0.037652
-0.039103
-0.041998
-0.043710
-0.046490
-0.048246
-0.050703
-0.052186
-0.053966
-0.054737
-0.055334
-0.054826
-0.053634
-0.051223
-0.047680
-0.042873
-0.036711
-0.029453
-0.020999
-0.011938
-0.002247
0.007309
0.016726
0.025273
0.033035
0.039470
0.044805
0.048726
0.051558
0.053162
0.053887
0.053698
0.052905
0.051517
0.049777
0.047708
0.045482
0.043117
0.040727
0.038322
0.035973
0.033680
0.031485
0.029383
0.027397
0.025517
0.023757
0.022101
0.020561
0.019117
0.017783
0.016530
0.015380
0.014296
0.013308
0.012371
0.011524
0.010712
0.009988
0.009282
0.008666
0.008047
0.007525
0.006979
0.006540
0.006052
0.005688
0.005245
0.004950
0.004539
0.004310
0.003918
0.003755
0.003370
0.003273
0.002880
0.002855
0.002439
0.002493
0.002036
0.002185
0.001655
0.001945
0.001231
0.001904
0.000480
-0.009899
-0.007720
-0.016345
-0.015517
-0.021775
-0.020780
-0.025061
-0.024329
-0.027775
-0.027727
-0.030914
-0.031571
-0.034721
-0.035990
-0.039199
-0.040968
-0.044256
-0.046382
-0.049669
-0.051939
-0.055010
-0.057095
-0.059553
-0.060959
-0.062197
-0.062234
-0.061470
-0.059313
-0.055748
-0.050656
-0.043805
-0.035547
-0.025686
-0.014995
-0.003444
0.007963
0.019180
0.029270
0.038315
0.045658
0.051589
0.055762
0.058602
0.059979
0.060337
0.059662
0.058331
0.056373
0.054071
0.051457
0.048723
0.045890
0.043080
0.040299
0.037621
0.035040
0.032597
0.030281
0.028114
0.026080
0.024190
0.022426
0.020796
0.019277
0.017880
0.016578
0.015385
0.014269
0.013254
0.012297
0.011434
0.010610
0.009877
0.009165
0.008545
0.007925
0.007402
0.006857
0.006419
0.005934
0.005572
0.005134
0.004841
0.004436
0.004209
0.003825
0.003662
0.003285
0.003188
0.002805
0.002778
0.002374
0.002425
0.001980
0.002123
0.001608
0.001889
0.001195
0.001849
0.000465
-0.009830
-0.007690
-0.016258
-0.015484
-0.021716
-0.020797
-0.025093
-0.024459
-0.027968
-0.028050
-0.031357
-0.032191
-0.035534
-0.037042
-0.040540
-0.042632
-0.046324
-0.048878
-0.052703
-0.055522
-0.059263
-0.062007
-0.065224
-0.067339
-0.069305
-0.069958
-0.069669
-0.067775
-0.064125
-0.058606
-0.050819
-0.041225
-0.029527
-0.016742
-0.002845
0.010840
0.024212
0.036066
0.046497
0.054712
0.061106
0.065308
0.067883
0.068730
0.068415
0.066958
0.064821
0.062053
0.058984
0.055652
0.052270
0.048857
0.045538
0.042315
0.039256
0.036351
0.033634
0.031088
0.028728
0.026534
0.024513
0.022641
0.020922
0.019332
0.017878
0.016530
0.015302
0.014159
0.013123
0.012150
0.011276
0.010446
0.009708
0.008995
0.008374
0.007756
0.007235
0.006695
0.006260
0.005783
0.005424
0.004994
0.004705
0.004309
0.004085
0.003710
0.003549
0.003183
0.003087
0.002715
0.002687
0.002295
0.002343
0.001913
0.002050
0.001553
0.001823
0.001153
0.001784
0.000447
-0.009700
-0.007611
-0.016069
-0.015352
-0.021522
-0.020682
-0.024970
-0.024441
-0.027996
-0.028215
-0.031634
-0.032651
-0.036190
-0.037953
-0.041759
-0.044207
-0.048354
-0.051402
-0.055864
-0.059348
-0.063933
-0.067531
-0.071779
-0.074904
-0.077978
-0.079658
-0.080298
-0.079130
-0.075809
-0.070212
-0.061657
-0.050716
-0.036894
-0.021513
-0.004583
0.012140
0.028397
0.042628
0.054895
0.064255
0.071235
0.075469
0.077709
0.077912
0.076796
0.074430
0.071374
0.067700
0.063789
0.059683
0.055615
0.051595
0.047755
0.044084
0.040648
0.037425
0.034445
0.031681
0.029143
0.026804
0.024665
0.022698
0.020905
0.019257
0.017757
0.016375
0.015120
0.013959
0.012909
0.011930
0.011051
0.010220
0.009483
0.008774
0.008157
0.007546
0.007030
0.006500
0.006071
0.005603
0.005250
0.004830
0.004547
0.004162
0.003942
0.003579
0.003421
0.003067
0.002972
0.002614
0.002585
0.002208
0.002253
0.001839
0.001970
0.001492
0.001750
0.001107
0.001712
0.000427
-0.009500
-0.007477
-0.015762
-0.015106
-0.021167
-0.020411
-0.024659
-0.024235
-0.027810
-0.028160
-0.031667
-0.032858
-0.036572
-0.038579
-0.042679
-0.045476
-0.050078
-0.053626
-0.058753
-0.062934
-0.068433
-0.072961
-0.078367
-0.082632
-0.086992
-0.089869
-0.091603
-0.091288
-0.088315
-0.082527
-0.072892
-0.060085
-0.043423
-0.024634
-0.003795
0.016740
0.036499
0.053456
0.067663
0.078017
0.085261
0.089071
0.090465
0.089493
0.087076
0.083349
0.078984
0.074082
0.069069
0.063988
0.059079
0.054343
0.049901
0.045729
0.041880
0.038320
0.035067
0.032083
0.029370
0.026892
0.024645
0.022594
0.020737
0.019041
0.017506
0.016100
0.014829
0.013659
0.012605
0.011626
0.010749
0.009925
0.009194
0.008495
0.007886
0.007288
0.006781
0.006263
0.005843
0.005388
0.005045
0.004638
0.004362
0.003990
0.003777
0.003427
0.003274
0.002934
0.002841
0.002498
0.002469
0.002108
0.002150
0.001755
0.001878
0.001422
0.001668
0.001054
0.001631
0.000405
-0.009228
-0.007284
-0.015335
-0.014740
-0.020647
-0.019976
-0.024152
-0.023833
-0.027403
-0.027879
-0.031452
-0.032810
-0.036684
-0.038930
-0.043323
-0.046478
-0.051563
-0.055649
-0.061524
-0.066504
-0.073100
-0.078767
-0.085673
-0.091466
-0.097665
-0.102372
-0.105964
-0.107356
-0.105565
-0.100372
-0.090146
-0.075620
-0.055662
-0.032504
-0.006398
0.019456
0.044083
0.064819
0.081617
0.093237
0.100735
0.103929
0.104202
0.101760
0.097765
0.092443
0.086583
0.080313
0.074099
0.067978
0.062192
0.056723
0.051678
0.047015
0.042771
0.038896
0.035392
0.032213
0.029349
0.026755
0.024420
0.022306
0.020403
0.018676
0.017122
0.015705
0.014430
0.013262
0.012213
0.011243
0.010377
0.009566
0.008848
0.008164
0.007569
0.006987
0.006493
0.005991
0.005584
0.005145
0.004813
0.004422
0.004156
0.003799
0.003593
0.003259
0.003112
0.002788
0.002698
0.002372
0.002342
0.002000
0.002038
0.001663
0.001779
0.001347
0.001580
0.000998
0.001544
0.000383
-0.008883
-0.007031
-0.014782
-0.014249
-0.019953
-0.019368
-0.023435
-0.023217
-0.026749
-0.027339
-0.030943
-0.032448
-0.036446
-0.038905
-0.043555
-0.047040
-0.052583
-0.057189
-0.063816
-0.069606
-0.077364
-0.084248
-0.092826
-0.100336
-0.108690
-0.115567
-0.121422
-0.124943
-0.124611
-0.120092
-0.108986
-0.091942
-0.067459
-0.038448
-0.005378
0.027316
0.057963
0.083032
0.102445
0.114854
0.121838
0.123469
0.121648
0.116814
0.110438
0.102852
0.094969
0.086934
0.079230
0.071872
0.065078
0.058796
0.053107
0.047936
0.043297
0.039118
0.035384
0.032033
0.029041
0.026356
0.023958
0.021803
0.019875
0.018137
0.016580
0.015168
0.013904
0.012751
0.011718
0.010768
0.009921
0.009132
0.008435
0.007772
0.007197
0.006636
0.006160
0.005679
0.005288
0.004869
0.004550
0.004178
0.003923
0.003585
0.003388
0.003072
0.002931
0.002625
0.002539
0.002231
0.002203
0.001880
0.001915
0.001563
0.001671
0.001265
0.001483
0.000936
0.001449
0.000358
-0.008456
-0.006711
-0.014093
-0.013622
-0.019071
-0.018568
-0.022487
-0.022363
-0.025819
-0.026507
-0.030103
-0.031728
-0.035807
-0.038447
-0.043315
-0.047099
-0.053077
-0.058189
-0.065595
-0.072232
-0.081291
-0.089556
-0.100170
-0.109819
-0.121074
-0.131014
-0.140376
-0.147580
-0.150389
-0.148341
-0.137759
-0.118939
-0.089199
-0.052335
-0.009403
0.033347
0.072698
0.103900
0.126724
0.139896
0.145868
0.145226
0.140599
0.132749
0.123489
0.113269
0.103099
0.093131
0.083836
0.075193
0.067380
0.060301
0.053996
0.048358
0.043367
0.038928
0.035006
0.031522
0.028439
0.025697
0.023266
0.021096
0.019167
0.017437
0.015896
0.014507
0.013267
0.012140
0.011136
0.010215
0.009396
0.008635
0.007965
0.007330
0.006779
0.006244
0.005791
0.005333
0.004962
0.004565
0.004263
0.003911
0.003670
0.003352
0.003166
0.002870
0.002736
0.002450
0.002368
0.002081
0.002053
0.001752
0.001784
0.001456
0.001556
0.001178
0.001380
0.000871
0.001348
0.000332
-0.007957
-0.006331
-0.013278
-0.012868
-0.018010
-0.017588
-0.021319
-0.021279
-0.024620
-0.025386
-0.028928
-0.030641
-0.034747
-0.037520
-0.042542
-0.046563
-0.052909
-0.058460
-0.066591
-0.074028
-0.084399
-0.094066
-0.106891
-0.118877
-0.133515
-0.147075
-0.160776
-0.172765
-0.179641
-0.180878
-0.171017
-0.149214
-0.112024
-0.064471
-0.008100
0.047999
0.098360
0.136541
0.162388
0.174931
0.178033
0.173125
0.163840
0.151410
0.138038
0.124288
0.111214
0.098920
0.087806
0.077766
0.068896
0.061033
0.054152
0.048101
0.042819
0.038184
0.034133
0.030572
0.027450
0.024697
0.022273
0.020125
0.018226
0.016534
0.015033
0.013686
0.012489
0.011406
0.010444
0.009564
0.008784
0.008062
0.007426
0.006826
0.006306
0.005803
0.005376
0.004948
0.004599
0.004228
0.003946
0.003619
0.003393
0.003098
0.002924
0.002649
0.002525
0.002260
0.002183
0.001918
0.001891
0.001614
0.001642
0.001340
0.001432
0.001084
0.001269
0.000801
0.001239
0.000305
-0.007372
-0.005880
-0.012319
-0.011967
-0.016748
-0.016400
-0.019897
-0.019927
-0.023104
-0.023918
-0.027347
-0.029101
-0.033159
-0.035998
-0.041084
-0.045253
-0.051864
-0.057747
-0.066515
-0.074652
-0.086327
-0.097382
-0.112659
-0.127245
-0.146103
-0.164279
-0.184190
-0.203663
-0.217818
-0.226581
-0.221801
-0.199809
-0.153598
-0.090445
-0.014008
0.062470
0.129091
0.177079
0.206367
0.216966
0.215297
0.204272
0.188842
0.170751
0.152517
0.134763
0.118501
0.103747
0.090772
0.079362
0.069496
0.060930
0.053562
0.047186
0.041696
0.036939
0.032826
0.029247
0.026137
0.023416
0.021037
0.018943
0.017102
0.015471
0.014031
0.012744
0.011605
0.010578
0.009668
0.008840
0.008107
0.007430
0.006836
0.006277
0.005792
0.005325
0.004929
0.004532
0.004210
0.003868
0.003607
0.003306
0.003098
0.002827
0.002667
0.002416
0.002301
0.002059
0.001988
0.001746
0.001721
0.001469
0.001494
0.001219
0.001301
0.000985
0.001153
0.000728
0.001126
0.000276
-0.006721
-0.005372
-0.011243
-0.010946
-0.015317
-0.015038
-0.018262
-0.018349
-0.021319
-0.022156
-0.025417
-0.027167
-0.031104
-0.033940
-0.038988
-0.043207
-0.049949
-0.056030
-0.065276
-0.073948
-0.086789
-0.099084
-0.116839
-0.134038
-0.157671
-0.181030
-0.208670
-0.238007
-0.261469
-0.281573
-0.285046
-0.260270
-0.199342
-0.114282
-0.010307
0.092863
0.179502
0.238150
0.269332
0.274433
0.263692
0.242430
0.217460
0.191267
0.166578
0.143917
0.124029
0.106683
0.091886
0.079240
0.068552
0.059467
0.051788
0.045250
0.039696
0.034943
0.030877
0.027374
0.024354
0.021732
0.019456
0.017464
0.015723
0.014187
0.012837
0.011636
0.010576
0.009624
0.008783
0.008019
0.007344
0.006724
0.006179
0.005669
0.005226
0.004801
0.004440
0.004080
0.003787
0.003478
0.003241
0.002969
0.002781
0.002537
0.002392
0.002166
0.002062
0.001845
0.001781
0.001564
0.001541
0.001315
0.001336
0.001090
0.001164
0.000881
0.001031
0.000650
0.001006
0.000246
-0.005986
-0.004795
-0.010027
-0.009781
-0.013686
-0.013467
-0.016368
-0.016492
-0.019198
-0.020018
-0.023036
-0.024717
-0.028428
-0.031160
-0.036023
-0.040138
-0.046806
-0.052858
-0.062307
-0.071197
-0.084886
-0.098024
-0.118053
-0.137520
-0.166402
-0.195179
-0.233028
-0.275743
-0.313404
-0.357447
-0.384012
-0.360921
-0.274590
-0.152728
-0.009721
0.128715
0.240549
0.312607
0.345197
0.341269
0.317646
0.283239
0.246739
0.211188
0.179247
0.151276
0.127614
0.107724
0.091254
0.077573
0.066272
0.056871
0.049060
0.042517
0.037031
0.032394
0.028466
0.025114
0.022247
0.019777
0.017644
0.015790
0.014176
0.012760
0.011520
0.010421
0.009454
0.008589
0.007826
0.007136
0.006527
0.005969
0.005479
0.005022
0.004626
0.004246
0.003924
0.003603
0.003342
0.003067
0.002857
0.002616
0.002449
0.002233
0.002105
0.001906
0.001813
0.001622
0.001565
0.001374
0.001353
0.001155
0.001173
0.000957
0.001021
0.000773
0.000904
0.000571
0.000883
0.000216
-0.005198
-0.004170
-0.008713
-0.008514
-0.011912
-0.011747
-0.014290
-0.014437
-0.016839
-0.017614
-0.020331
-0.021895
-0.025293
-0.027843
-0.032387
-0.036269
-0.042658
-0.048475
-0.057820
-0.066603
-0.080716
-0.094220
-0.116073
-0.137226
-0.171426
-0.205218
-0.255815
-0.313837
-0.370340
-0.458593
-0.513644
-0.460715
-0.319918
-0.156261
0.020842
0.184402
0.311595
0.395987
0.434058
0.420739
0.379073
0.325691
0.273398
0.226349
0.186458
0.153336
0.126434
0.104665
0.087176
0.073051
0.061644
0.052348
0.044754
0.038487
0.033299
0.028963
0.025325
0.022246
0.019632
0.017394
0.015474
0.013812
0.012372
0.011114
0.010015
0.009046
0.008194
0.007435
0.006767
0.006163
0.005632
0.005146
0.004720
0.004323
0.003979
0.003650
0.003372
0.003095
0.002869
0.002632
0.002450
0.002243
0.002099
0.001914
0.001803
0.001632
0.001552
0.001388
0.001339
0.001176
0.001157
0.000988
0.001003
0.000818
0.000873
0.000661
0.000773
0.000487
0.000754
0.000184
-0.004335
-0.003483
-0.007273
-0.007118
-0.009959
-0.009836
-0.011975
-0.012122
-0.014160
-0.014847
-0.017181
-0.018554
-0.021517
-0.023763
-0.027797
-0.031251
-0.037054
-0.042313
-0.051058
-0.059183
-0.072934
-0.085857
-0.108358
-0.129638
-0.167778
-0.204310
-0.268623
-0.339124
-0.427723
-0.592648
-0.667686
-0.532703
-0.298721
-0.105090
0.062519
0.209328
0.321275
0.412888
0.475134
0.473997
0.428705
0.363104
0.296531
0.237689
0.189359
0.151076
0.121308
0.098241
0.080343
0.066329
0.055281
0.046465
0.039380
0.033619
0.028905
0.025006
0.021763
0.019040
0.016742
0.014787
0.013118
0.011680
0.010439
0.009358
0.008418
0.007591
0.006866
0.006222
0.005655
0.005146
0.004697
0.004288
0.003930
0.003596
0.003308
0.003032
0.002799
0.002568
0.002379
0.002182
0.002030
0.001858
0.001738
0.001584
0.001492
0.001350
0.001283
0.001148
0.001107
0.000972
0.000956
0.000816
0.000828
0.000676
0.000721
0.000545
0.000638
0.000402
0.000622
0.000152
-0.003436
-0.002764
-0.005767
-0.005650
-0.007905
-0.007821
-0.009528
-0.009665
-0.011307
-0.011885
-0.013787
-0.014929
-0.017375
-0.019248
-0.022632
-0.025534
-0.030504
-0.034976
-0.042678
-0.049716
-0.062298
-0.073823
-0.095538
-0.115473
-0.155170
-0.192375
-0.268321
-0.347325
-0.491436
-0.723848
-0.657605
-0.261537
0.023595
0.061112
0.078917
0.134526
0.191383
0.278671
0.385045
0.429777
0.410623
0.355416
0.289246
0.227853
0.177014
0.137585
0.107804
0.085507
0.068726
0.055948
0.046097
0.038387
0.032284
0.027387
0.023422
0.020172
0.017490
0.015252
0.013375
0.011786
0.010434
0.009274
0.008276
0.007409
0.006657
0.005997
0.005420
0.004907
0.004457
0.004053
0.003697
0.003374
0.003090
0.002827
0.002599
0.002382
0.002198
0.002016
0.001867
0.001712
0.001593
0.001457
0.001363
0.001242
0.001169
0.001058
0.001006
0.000899
0.000867
0.000761
0.000749
0.000639
0.000649
0.000529
0.000564
0.000427
0.000499
0.000315
0.000487
0.000118
-0.002477
-0.001995
-0.004162
-0.004082
-0.005712
-0.005655
-0.006892
-0.006998
-0.008194
-0.008623
-0.010019
-0.010864
-0.012677
-0.014067
-0.016606
-0.018773
-0.022566
-0.025933
-0.031957
-0.037315
-0.047496
-0.056426
-0.074809
-0.090811
-0.126275
-0.158422
-0.231024
-0.305070
-0.474790
-0.604797
-0.235859
0.212775
0.173321
-0.076794
-0.152595
-0.051542
0.056784
0.120593
0.232802
0.316685
0.327043
0.293728
0.241244
0.189362
0.145368
0.111363
0.085944
0.067234
0.053382
0.043013
0.035132
0.029046
0.024280
0.020492
0.017449
0.014973
0.012940
0.011253
0.009843
0.008654
0.007647
0.006784
0.006045
0.005404
0.004849
0.004363
0.003938
0.003562
0.003233
0.002937
0.002677
0.002441
0.002234
0.002043
0.001877
0.001719
0.001586
0.001454
0.001346
0.001234
0.001147
0.001049
0.000981
0.000894
0.000841
0.000761
0.000723
0.000647
0.000623
0.000547
0.000538
0.000459
0.000466
0.000380
0.000405
0.000307
0.000359
0.000226
0.000350
0.000085
-0.001507
-0.001214
-0.002530
-0.002483
-0.003474
-0.003443
-0.004199
-0.004270
-0.005006
-0.005277
-0.006141
-0.006672
-0.007803
-0.008676
-0.010275
-0.011638
-0.014058
-0.016182
-0.020092
-0.023482
-0.030249
-0.035934
-0.048507
-0.058908
-0.083817
-0.105860
-0.157785
-0.212715
-0.335253
-0.307666
0.100005
0.319956
0.115300
-0.139518
-0.221829
-0.110192
0.014028
0.041510
0.111062
0.186528
0.204837
0.189078
0.156492
0.122885
0.093883
0.071436
0.054683
0.042434
0.033427
0.026747
0.021712
0.017858
0.014863
0.012499
0.010612
0.009084
0.007836
0.006803
0.005944
0.005221
0.004609
0.004087
0.003640
0.003253
0.002918
0.002625
0.002369
0.002143
0.001944
0.001766
0.001610
0.001468
0.001344
0.001229
0.001129
0.001034
0.000954
0.000875
0.000810
0.000742
0.000690
0.000631
0.000590
0.000538
0.000506
0.000458
0.000435
0.000389
0.000375
0.000329
0.000324
0.000276
0.000280
0.000229
0.000244
0.000184
0.000216
0.000136
0.000210
0.000051
-0.000498
-0.000401
-0.000838
-0.000823
-0.001151
-0.001140
-0.001390
-0.001411
-0.001654
-0.001741
-0.002026
-0.002199
-0.002572
-0.002857
-0.003387
-0.003834
-0.004641
-0.005342
-0.006662
-0.007790
-0.010116
-0.012033
-0.016447
-0.020056
-0.028976
-0.037002
-0.055870
-0.076921
-0.118904
-0.075989
0.087452
0.119820
0.013018
-0.073165
-0.098449
-0.059907
-0.010483
0.006021
0.033280
0.063054
0.071085
0.066091
0.054848
0.043087
0.032924
0.025039
0.019154
0.014846
0.011681
0.009332
0.007565
0.006213
0.005163
0.004336
0.003676
0.003142
0.002706
0.002346
0.002046
0.001795
0.001582
0.001401
0.001245
0.001111
0.000995
0.000894
0.000806
0.000728
0.000660
0.000599
0.000545
0.000496
0.000454
0.000415
0.000381
0.000348
0.000321
0.000294
0.000272
0.000249
0.000232
0.000212
0.000198
0.000180
0.000170
0.000153
0.000146
0.000130
0.000126
0.000110
0.000108
0.000093
0.000094
0.000077
0.000082
0.000062
0.000072
0.000046
0.000070
0.000017
0.000498
0.000401
0.000838
0.000823
0.001151
0.001140
0.001390
0.001411
0.001654
0.001741
0.002026
0.002199
0.002572
0.002857
0.003387
0.003834
0.004641
0.005342
0.006662
0.007790
0.010116
0.012033
0.016447
0.020056
0.028976
0.037002
0.055870
0.076921
0.118904
0.075989
-0.087452
-0.119820
-0.013018
0.073165
0.098449
0.059907
0.010483
-0.006021
-0.033280
-0.063054
-0.071085
-0.066091
-0.054848
-0.043087
-0.032924
-0.025039
-0.019154
-0.014846
-0.011681
-0.009332
-0.007565
-0.006213
-0.005163
-0.004336
-0.003676
-0.003142
-0.002706
-0.002346
-0.002046
-0.001795
-0.001582
-0.001401
-0.001245
-0.001111
-0.000995
-0.000894
-0.000806
-0.000728
-0.000660
-0.000599
-0.000545
-0.000496
-0.000454
-0.000415
-0.000381
-0.000348
-0.000321
-0.000294
-0.000272
-0.000249
-0.000232
-0.000212
-0.000198
-0.000180
-0.000170
-0.000153
-0.000146
-0.000130
-0.000126
-0.000110
-0.000108
-0.000093
-0.000094
-0.000077
-0.000082
-0.000062
-0.000072
-0.000046
-0.000070
-0.000017
0.001507
0.001214
0.002530
0.002483
0.003474
0.003443
0.004199
0.004270
0.005006
0.005277
0.006141
0.006672
0.007803
0.008676
0.010275
0.011638
0.014058
0.016182
0.020092
0.023482
0.030249
0.035934
0.048507
0.058908
0.083817
0.105860
0.157785
0.212715
0.335253
0.307666
-0.100005
-0.319956
-0.115300
0.139518
0.221829
0.110192
-0.014028
-0.041510
-0.111062
-0.186528
-0.204837
-0.189078
-0.156492
-0.122885
-0.093883
-0.071436
-0.054683
-0.042434
-0.033427
-0.026747
-0.021712
-0.017858
-0.014863
-0.012499
-0.010612
-0.009084
-0.007836
-0.006803
-0.005944
-0.005221
-0.004609
-0.004087
-0.003640
-0.003253
-0.002918
-0.002625
-0.002369
-0.002143
-0.001944
-0.001766
-0.001610
-0.001468
-0.001344
-0.001229
-0.001129
-0.001034
-0.000954
-0.000875
-0.000810
-0.000742
-0.000690
-0.000631
-0.000590
-0.000538
-0.000506
-0.000458
-0.000435
-0.000389
-0.000375
-0.000329
-0.000324
-0.000276
-0.000280
-0.000229
-0.000244
-0.000184
-0.000216
-0.000136
-0.000210
-0.000051
0.002477
0.001995
0.004162
0.004082
0.005712
0.005655
0.006892
0.006998
0.008194
0.008623
0.010019
0.010864
0.012677
0.014067
0.016606
0.018773
0.022566
0.025933
0.031957
0.037315
0.047496
0.056426
0.074809
0.090811
0.126275
0.158422
0.231024
0.305070
0.474790
0.604797
0.235859
-0.212775
-0.173321
0.076794
0.152595
0.051542
-0.056784
-0.120593
-0.232802
-0.316685
-0.327043
-0.293728
-0.241244
-0.189362
-0.145368
-0.111363
-0.085944
-0.067234
-0.053382
-0.043013
-0.035132
-0.029046
-0.024280
-0.020492
-0.017449
-0.014973
-0.012940
-0.011253
-0.009843
-0.008654
-0.007647
-0.006784
-0.006045
-0.005404
-0.004849
-0.004363
-0.003938
-0.003562
-0.003233
-0.002937
-0.002677
-0.002441
-0.002234
-0.002043
-0.001877
-0.001719
-0.001586
-0.001454
-0.001346
-0.001234
-0.001147
-0.001049
-0.000981
-0.000894
-0.000841
-0.000761
-0.000723
-0.000647
-0.000623
-0.000547
-0.000538
-0.000459
-0.000466
-0.000380
-0.000405
-0.000307
-0.000359
-0.000226
-0.000350
-0.000085
0.003436
0.002764
0.005767
0.005650
0.007905
0.007821
0.009528
0.009665
0.011307
0.011885
0.013787
0.014929
0.017375
0.019248
0.022632
0.025534
0.030504
0.034976
0.042678
0.049716
0.062298
0.073823
0.095538
0.115473
0.155170
0.192375
0.268321
0.347325
0.491436
0.723848
0.657605
0.261537
-0.023595
-0.061112
-0.078917
-0.134526
-0.191383
-0.278671
-0.385045
-0.429777
-0.410623
-0.355416
-0.289246
-0.227853
-0.177014
-0.137585
-0.107804
-0.085507
-0.068726
-0.055948
-0.046097
-0.038387
-0.032284
-0.027387
-0.023422
-0.020172
-0.017490
-0.015252
-0.013375
-0.011786
-0.010434
-0.009274
-0.008276
-0.007409
-0.006657
-0.005997
-0.005420
-0.004907
-0.004457
-0.004053
-0.003697
-0.003374
-0.003090
-0.002827
-0.002599
-0.002382
-0.002198
-0.002016
-0.001867
-0.001712
-0.001593
-0.001457
-0.001363
-0.001242
-0.001169
-0.001058
-0.001006
-0.000899
-0.000867
-0.000761
-0.000749
-0.000639
-0.000649
-0.000529
-0.000564
-0.000427
-0.000499
-0.000315
-0.000487
-0.000118
0.004335
0.003483
0.007273
0.007118
0.009959
0.009836
0.011975
0.012122
0.014160
0.014847
0.017181
0.018554
0.021517
0.023763
0.027797
0.031251
0.037054
0.042313
0.051058
0.059183
0.072934
0.085857
0.108358
0.129638
0.167778
0.204310
0.268623
0.339124
0.427723
0.592648
0.667686
0.532703
0.298721
0.105090
-0.062519
-0.209328
-0.321275
-0.412888
-0.475134
-0.473997
-0.428705
-0.363104
-0.296531
-0.237689
-0.189359
-0.151076
-0.121308
-0.098241
-0.080343
-0.066329
-0.055281
-0.046465
-0.039380
-0.033619
-0.028905
-0.025006
-0.021763
-0.019040
-0.016742
-0.014787
-0.013118
-0.011680
-0.010439
-0.009358
-0.008418
-0.007591
-0.006866
-0.006222
-0.005655
-0.005146
-0.004697
-0.004288
-0.003930
-0.003596
-0.003308
-0.003032
-0.002799
-0.002568
-0.002379
-0.002182
-0.002030
-0.001858
-0.001738
-0.001584
-0.001492
-0.001350
-0.001283
-0.001148
-0.001107
-0.000972
-0.000956
-0.000816
-0.000828
-0.000676
-0.000721
-0.000545
-0.000638
-0.000402
-0.000622
-0.000152
0.005198
0.004170
0.008713
0.008514
0.011912
0.011747
0.014290
0.014437
0.016839
0.017614
0.020331
0.021895
0.025293
0.027843
0.032387
0.036269
0.042658
0.048475
0.057820
0.066603
0.080716
0.094220
0.116073
0.137226
0.171426
0.205218
0.255815
0.313837
0.370340
0.458593
0.513644
0.460715
0.319918
0.156261
-0.020842
-0.184402
-0.311595
-0.395987
-0.434058
-0.420739
-0.379073
-0.325691
-0.273398
-0.226349
-0.186458
-0.153336
-0.126434
-0.104665
-0.087176
-0.073051
-0.061644
-0.052348
-0.044754
-0.038487
-0.033299
-0.028963
-0.025325
-0.022246
-0.019632
-0.017394
-0.015474
-0.013812
-0.012372
-0.011114
-0.010015
-0.009046
-0.008194
-0.007435
-0.006767
-0.006163
-0.005632
-0.005146
-0.004720
-0.004323
-0.003979
-0.003650
-0.003372
-0.003095
-0.002869
-0.002632
-0.002450
-0.002243
-0.002099
-0.001914
-0.001803
-0.001632
-0.001552
-0.001388
-0.001339
-0.001176
-0.001157
-0.000988
-0.001003
-0.000818
-0.000873
-0.000661
-0.000773
-0.000487
-0.000754
-0.000184
0.005986
0.004795
0.010027
0.009781
0.013686
0.013467
0.016368
0.016492
0.019198
0.020018
0.023036
0.024717
0.028428
0.031160
0.036023
0.040138
0.046806
0.052858
0.062307
0.071197
0.084886
0.098024
0.118053
0.137520
0.166402
0.195179
0.233028
0.275743
0.313404
0.357447
0.384012
0.360921
0.274590
0.152728
0.009721
-0.128715
-0.240549
-0.312607
-0.345197
-0.341269
-0.317646
-0.283239
-0.246739
-0.211188
-0.179247
-0.151276
-0.127614
-0.107724
-0.091254
-0.077573
-0.066272
-0.056871
-0.049060
-0.042517
-0.037031
-0.032394
-0.028466
-0.025114
-0.022247
-0.019777
-0.017644
-0.015790
-0.014176
-0.012760
-0.011520
-0.010421
-0.009454
-0.008589
-0.007826
-0.007136
-0.006527
-0.005969
-0.005479
-0.005022
-0.004626
-0.004246
-0.003924
-0.003603
-0.003342
-0.003067
-0.002857
-0.002616
-0.002449
-0.002233
-0.002105
-0.001906
-0.001813
-0.001622
-0.001565
-0.001374
-0.001353
-0.001155
-0.001173
-0.000957
-0.001021
-0.000773
-0.000904
-0.000571
-0.000883
-0.000216
0.006721
0.005372
0.011243
0.010946
0.015317
0.015038
0.018262
0.018349
0.021319
0.022156
0.025417
0.027167
0.031104
0.033940
0.038988
0.043207
0.049949
0.056030
0.065276
0.073948
0.086789
0.099084
0.116839
0.134038
0.157671
0.181030
0.208670
0.238007
0.261469
0.281573
0.285046
0.260270
0.199342
0.114282
0.010307
-0.092863
-0.179502
-0.238150
-0.269332
-0.274433
-0.263692
-0.242430
-0.217460
-0.191267
-0.166578
-0.143917
-0.124029
-0.106683
-0.091886
-0.079240
-0.068552
-0.059467
-0.051788
-0.045250
-0.039696
-0.034943
-0.030877
-0.027374
-0.024354
-0.021732
-0.019456
-0.017464
-0.015723
-0.014187
-0.012837
-0.011636
-0.010576
-0.009624
-0.008783
-0.008019
-0.007344
-0.006724
-0.006179
-0.005669
-0.005226
-0.004801
-0.004440
-0.004080
-0.003787
-0.003478
-0.003241
-0.002969
-0.002781
-0.002537
-0.002392
-0.002166
-0.002062
-0.001845
-0.001781
-0.001564
-0.001541
-0.001315
-0.001336
-0.001090
-0.001164
-0.000881
-0.001031
-0.000650
-0.001006
-0.000246
0.007372
0.005880
0.012319
0.011967
0.016748
0.016400
0.019897
0.019927
0.023104
0.023918
0.027347
0.029101
0.033159
0.035998
0.041084
0.045253
0.051864
0.057747
0.066515
0.074652
0.086327
0.097382
0.112659
0.127245
0.146103
0.164279
0.184190
0.203663
0.217818
0.226581
0.221801
0.199809
0.153598
0.090445
0.014008
-0.062470
-0.129091
-0.177079
-0.206367
-0.216966
-0.215297
-0.204272
-0.188842
-0.170751
-0.152517
-0.134763
-0.118501
-0.103747
-0.090772
-0.079362
-0.069496
-0.060930
-0.053562
-0.047186
-0.041696
-0.036939
-0.032826
-0.029247
-0.026137
-0.023416
-0.021037
-0.018943
-0.017102
-0.015471
-0.014031
-0.012744
-0.011605
-0.010578
-0.009668
-0.008840
-0.008107
-0.007430
-0.006836
-0.006277
-0.005792
-0.005325
-0.004929
-0.004532
-0.004210
-0.003868
-0.003607
-0.003306
-0.003098
-0.002827
-0.002667
-0.002416
-0.002301
-0.002059
-0.001988
-0.001746
-0.001721
-0.001469
-0.001494
-0.001219
-0.001301
-0.000985
-0.001153
-0.000728
-0.001126
-0.000276
0.007957
0.006331
0.013278
0.012868
0.018010
0.017588
0.021319
0.021279
0.024620
0.025386
0.028928
0.030641
0.034747
0.037520
0.042542
0.046563
0.052909
0.058460
0.066591
0.074028
0.084399
0.094066
0.106891
0.118877
0.133515
0.147075
0.160776
0.172765
0.179641
0.180878
0.171017
0.149214
0.112024
0.064471
0.008100
-0.047999
-0.098360
-0.136541
-0.162388
-0.174931
-0.178033
-0.173125
-0.163840
-0.151410
-0.138038
-0.124288
-0.111214
-0.098920
-0.087806
-0.077766
-0.068896
-0.061033
-0.054152
-0.048101
-0.042819
-0.038184
-0.034133
-0.030572
-0.027450
-0.024697
-0.022273
-0.020125
-0.018226
-0.016534
-0.015033
-0.013686
-0.012489
-0.011406
-0.010444
-0.009564
-0.008784
-0.008062
-0.007426
-0.006826
-0.006306
-0.005803
-0.005376
-0.004948
-0.004599
-0.004228
-0.003946
-0.003619
-0.003393
-0.003098
-0.002924
-0.002649
-0.002525
-0.002260
-0.002183
-0.001918
-0.001891
-0.001614
-0.001642
-0.001340
-0.001432
-0.001084
-0.001269
-0.000801
-0.001239
-0.000305
0.008456
0.006711
0.014093
0.013622
0.019071
0.018568
0.022487
0.022363
0.025819
0.026507
0.030103
0.031728
0.035807
0.038447
0.043315
0.047099
0.053077
0.058189
0.065595
0.072232
0.081291
0.089556
0.100170
0.109819
0.121074
0.131014
0.140376
0.147580
0.150389
0.148341
0.137759
0.118939
0.089199
0.052335
0.009403
-0.033347
-0.072698
-0.103900
-0.126724
-0.139896
-0.145868
-0.145226
-0.140599
-0.132749
-0.123489
-0.113269
-0.103099
-0.093131
-0.083836
-0.075193
-0.067380
-0.060301
-0.053996
-0.048358
-0.043367
-0.038928
-0.035006
-0.031522
-0.028439
-0.025697
-0.023266
-0.021096
-0.019167
-0.017437
-0.015896
-0.014507
-0.013267
-0.012140
-0.011136
-0.010215
-0.009396
-0.008635
-0.007965
-0.007330
-0.006779
-0.006244
-0.005791
-0.005333
-0.004962
-0.004565
-0.004263
-0.003911
-0.003670
-0.003352
-0.003166
-0.002870
-0.002736
-0.002450
-0.002368
-0.002081
-0.002053
-0.001752
-0.001784
-0.001456
-0.001556
-0.001178
-0.001380
-0.000871
-0.001348
-0.000332
0.008883
0.007031
0.014782
0.014249
0.019953
0.019368
0.023435
0.023217
0.026749
0.027339
0.030943
0.032448
0.036446
0.038905
0.043555
0.047040
0.052583
0.057189
0.063816
0.069606
0.077364
0.084248
0.092826
0.100336
0.108690
0.115567
0.121422
0.124943
0.124611
0.120092
0.108986
0.091942
0.067459
0.038448
0.005378
-0.027316
-0.057963
-0.083032
-0.102445
-0.114854
-0.121838
-0.123469
-0.121648
-0.116814
-0.110438
-0.102852
-0.094969
-0.086934
-0.079230
-0.071872
-0.065078
-0.058796
-0.053107
-0.047936
-0.043297
-0.039118
-0.035384
-0.032033
-0.029041
-0.026356
-0.023958
-0.021803
-0.019875
-0.018137
-0.016580
-0.015168
-0.013904
-0.012751
-0.011718
-0.010768
-0.009921
-0.009132
-0.008435
-0.007772
-0.007197
-0.006636
-0.006160
-0.005679
-0.005288
-0.004869
-0.004550
-0.004178
-0.003923
-0.003585
-0.003388
-0.003072
-0.002931
-0.002625
-0.002539
-0.002231
-0.002203
-0.001880
-0.001915
-0.001563
-0.001671
-0.001265
-0.001483
-0.000936
-0.001449
-0.000358
0.009228
0.007284
0.015335
0.014740
0.020647
0.019976
0.024152
0.023833
0.027403
0.027879
0.031452
0.032810
0.036684
0.038930
0.043323
0.046478
0.051563
0.055649
0.061524
0.066504
0.073100
0.078767
0.085673
0.091466
0.097665
0.102372
0.105964
0.107356
0.105565
0.100372
0.090146
0.075620
0.055662
0.032504
0.006398
-0.019456
-0.044083
-0.064819
-0.081617
-0.093237
-0.100735
-0.103929
-0.104202
-0.101760
-0.097765
-0.092443
-0.086583
-0.080313
-0.074099
-0.067978
-0.062192
-0.056723
-0.051678
-0.047015
-0.042771
-0.038896
-0.035392
-0.032213
-0.029349
-0.026755
-0.024420
-0.022306
-0.020403
-0.018676
-0.017122
-0.015705
-0.014430
-0.013262
-0.012213
-0.011243
-0.010377
-0.009566
-0.008848
-0.008164
-0.007569
-0.006987
-0.006493
-0.005991
-0.005584
-0.005145
-0.004813
-0.004422
-0.004156
-0.003799
-0.003593
-0.003259
-0.003112
-0.002788
-0.002698
-0.002372
-0.002342
-0.002000
-0.002038
-0.001663
-0.001779
-0.001347
-0.001580
-0.000998
-0.001544
-0.000383
0.009500
0.007477
0.015762
0.015106
0.021167
0.020411
0.024659
0.024235
0.027810
0.028160
0.031667
0.032858
0.036572
0.038579
0.042679
0.045476
0.050078
0.053626
0.058753
0.062934
0.068433
0.072961
0.078367
0.082632
0.086992
0.089869
0.091603
0.091288
0.088315
0.082527
0.072892
0.060085
0.043423
0.024634
0.003795
-0.016740
-0.036499
-0.053456
-0.067663
-0.078017
-0.085261
-0.089071
-0.090465
-0.089493
-0.087076
-0.083349
-0.078984
-0.074082
-0.069069
-0.063988
-0.059079
-0.054343
-0.049901
-0.045729
-0.041880
-0.038320
-0.035067
-0.032083
-0.029370
-0.026892
-0.024645
-0.022594
-0.020737
-0.019041
-0.017506
-0.016100
-0.014829
-0.013659
-0.012605
-0.011626
-0.010749
-0.009925
-0.009194
-0.008495
-0.007886
-0.007288
-0.006781
-0.006263
-0.005843
-0.005388
-0.005045
-0.004638
-0.004362
-0.003990
-0.003777
-0.003427
-0.003274
-0.002934
-0.002841
-0.002498
-0.002469
-0.002108
-0.002150
-0.001755
-0.001878
-0.001422
-0.001668
-0.001054
-0.001631
-0.000405
0.009700
0.007611
0.016069
0.015352
0.021522
0.020682
0.024970
0.024441
0.027996
0.028215
0.031634
0.032651
0.036190
0.037953
0.041759
0.044207
0.048354
0.051402
0.055864
0.059348
0.063933
0.067531
0.071779
0.074904
0.077978
0.079658
0.080298
0.079130
0.075809
0.070212
0.061657
0.050716
0.036894
0.021513
0.004583
-0.012140
-0.028397
-0.042628
-0.054895
-0.064255
-0.071235
-0.075469
-0.077709
-0.077912
-0.076796
-0.074430
-0.071374
-0.067700
-0.063789
-0.059683
-0.055615
-0.051595
-0.047755
-0.044084
-0.040648
-0.037425
-0.034445
-0.031681
-0.029143
-0.026804
-0.024665
-0.022698
-0.020905
-0.019257
-0.017757
-0.016375
-0.015120
-0.013959
-0.012909
-0.011930
-0.011051
-0.010220
-0.009483
-0.008774
-0.008157
-0.007546
-0.007030
-0.006500
-0.006071
-0.005603
-0.005250
-0.004830
-0.004547
-0.004162
-0.003942
-0.003579
-0.003421
-0.003067
-0.002972
-0.002614
-0.002585
-0.002208
-0.002253
-0.001839
-0.001970
-0.001492
-0.001750
-0.001107
-0.001712
-0.000427
0.009830
0.007690
0.016258
0.015484
0.021716
0.020797
0.025093
0.024459
0.027968
0.028050
0.031357
0.032191
0.035534
0.037042
0.040540
0.042632
0.046324
0.048878
0.052703
0.055522
0.059263
0.062007
0.065224
0.067339
0.069305
0.069958
0.069669
0.067775
0.064125
0.058606
0.050819
0.041225
0.029527
0.016742
0.002845
-0.010840
-0.024212
-0.036066
-0.046497
-0.054712
-0.061106
-0.065308
-0.067883
-0.068730
-0.068415
-0.066958
-0.064821
-0.062053
-0.058984
-0.055652
-0.052270
-0.048857
-0.045538
-0.042315
-0.039256
-0.036351
-0.033634
-0.031088
-0.028728
-0.026534
-0.024513
-0.022641
-0.020922
-0.019332
-0.017878
-0.016530
-0.015302
-0.014159
-0.013123
-0.012150
-0.011276
-0.010446
-0.009708
-0.008995
-0.008374
-0.007756
-0.007235
-0.006695
-0.006260
-0.005783
-0.005424
-0.004994
-0.004705
-0.004309
-0.004085
-0.003710
-0.003549
-0.003183
-0.003087
-0.002715
-0.002687
-0.002295
-0.002343
-0.001913
-0.002050
-0.001553
-0.001823
-0.001153
-0.001784
-0.000447
0.009899
0.007720
0.016345
0.015517
0.021775
0.020780
0.025061
0.024329
0.027775
0.027727
0.030914
0.031571
0.034721
0.035990
0.039199
0.040968
0.044256
0.046382
0.049669
0.051939
0.055010
0.057095
0.059553
0.060959
0.062197
0.062234
0.061470
0.059313
0.055748
0.050656
0.043805
0.035547
0.025686
0.014995
0.003444
-0.007963
-0.019180
-0.029270
-0.038315
-0.045658
-0.051589
-0.055762
-0.058602
-0.059979
-0.060337
-0.059662
-0.058331
-0.056373
-0.054071
-0.051457
-0.048723
-0.045890
-0.043080
-0.040299
-0.037621
-0.035040
-0.032597
-0.030281
-0.028114
-0.026080
-0.024190
-0.022426
-0.020796
-0.019277
-0.017880
-0.016578
-0.015385
-0.014269
-0.013254
-0.012297
-0.011434
-0.010610
-0.009877
-0.009165
-0.008545
-0.007925
-0.007402
-0.006857
-0.006419
-0.005934
-0.005572
-0.005134
-0.004841
-0.004436
-0.004209
-0.003825
-0.003662
-0.003285
-0.003188
-0.002805
-0.002778
-0.002374
-0.002425
-0.001980
-0.002123
-0.001608
-0.001889
-0.001195
-0.001849
-0.000465
0.009904
0.007700
0.016327
0.015449
0.021692
0.020628
0.024868
0.024040
0.027404
0.027226
0.030277
0.030758
0.033702
0.034733
0.037652
0.039103
0.041998
0.043710
0.046490
0.048246
0.050703
0.052186
0.053966
0.054737
0.055334
0.054826
0.053634
0.051223
0.047680
0.042873
0.036711
0.029453
0.020999
0.011938
0.002247
-0.007309
-0.016726
-0.025273
-0.033035
-0.039470
-0.044805
-0.048726
-0.051558
-0.053162
-0.053887
-0.053698
-0.052905
-0.051517
-0.049777
-0.047708
-0.045482
-0.043117
-0.040727
-0.038322
-0.035973
-0.033680
-0.031485
-0.029383
-0.027397
-0.025517
-0.023757
-0.022101
-0.020561
-0.019117
-0.017783
-0.016530
-0.015380
-0.014296
-0.013308
-0.012371
-0.011524
-0.010712
-0.009988
-0.009282
-0.008666
-0.008047
-0.007525
-0.006979
-0.006540
-0.006052
-0.005688
-0.005245
-0.004950
-0.004539
-0.004310
-0.003918
-0.003755
-0.003370
-0.003273
-0.002880
-0.002855
-0.002439
-0.002493
-0.002036
-0.002185
-0.001655
-0.001945
-0.001231
-0.001904
-0.000480
0.009862
0.007643
0.016228
0.015306
0.021504
0.020379
0.024560
0.023648
0.026922
0.026626
0.029543
0.029863
0.032617
0.033434
0.036094
0.037269
0.039829
0.041198
0.043567
0.044917
0.046904
0.047945
0.049247
0.049599
0.049806
0.049011
0.047657
0.045245
0.041932
0.037567
0.032145
0.025842
0.018615
0.010904
0.002699
-0.005416
-0.013443
-0.020811
-0.027585
-0.033325
-0.038198
-0.041930
-0.044767
-0.046573
-0.047618
-0.047858
-0.047542
-0.046669
-0.045442
-0.043878
-0.042127
-0.040207
-0.038221
-0.036182
-0.034158
-0.032152
-0.030208
-0.028324
-0.026527
-0.024808
-0.023186
-0.021648
-0.020208
-0.018848
-0.017583
-0.016389
-0.015287
-0.014244
-0.013289
-0.012378
-0.011553
-0.010758
-0.010048
-0.009352
-0.008744
-0.008130
-0.007613
-0.007068
-0.006632
-0.006142
-0.005779
-0.005333
-0.005039
-0.004623
-0.004394
-0.003996
-0.003833
-0.003441
-0.003344
-0.002944
-0.002920
-0.002496
-0.002553
-0.002085
-0.002239
-0.001697
-0.001995
-0.001263
-0.001954
-0.000495
0.009762
0.007543
0.016039
0.015078
0.021197
0.020017
0.024118
0.023128
0.026298
0.025888
0.028661
0.028824
0.031383
0.031992
0.034397
0.035308
0.037546
0.038590
0.040574
0.041545
0.043102
0.043736
0.044607
0.044577
0.044430
0.043366
0.041848
0.039400
0.036238
0.032193
0.027332
0.021762
0.015496
0.008856
0.001852
-0.005074
-0.011926
-0.018258
-0.024128
-0.029177
-0.033536
-0.036969
-0.039665
-0.041497
-0.042678
-0.043157
-0.043137
-0.042608
-0.041741
-0.040547
-0.039155
-0.037581
-0.035918
-0.034178
-0.032424
-0.030664
-0.028938
-0.027247
-0.025619
-0.024049
-0.022556
-0.021128
-0.019784
-0.018506
-0.017312
-0.016177
-0.015126
-0.014125
-0.013205
-0.012324
-0.011524
-0.010749
-0.010056
-0.009373
-0.008776
-0.008171
-0.007661
-0.007120
-0.006688
-0.006200
-0.005840
-0.005392
-0.005100
-0.004681
-0.004454
-0.004053
-0.003890
-0.003493
-0.003398
-0.002992
-0.002970
-0.002539
-0.002599
-0.002123
-0.002281
-0.001728
-0.002033
-0.001288
-0.001992
-0.000507
0.009628
0.007416
0.015790
0.014796
0.020814
0.019589
0.023600
0.022544
0.025609
0.025101
0.027737
0.027764
0.030147
0.030578
0.032763
0.033452
0.035424
0.036208
0.037888
0.038573
0.039811
0.040161
0.040742
0.040480
0.040139
0.038968
0.037440
0.035096
0.032191
0.028536
0.024244
0.019364
0.013942
0.008209
0.002191
-0.003780
-0.009698
-0.015218
-0.020377
-0.024888
-0.028846
-0.032050
-0.034645
-0.036515
-0.037826
-0.038525
-0.038774
-0.038562
-0.038027
-0.037176
-0.036122
-0.034875
-0.033521
-0.032069
-0.030580
-0.029061
-0.027552
-0.026055
-0.024599
-0.023180
-0.021820
-0.020510
-0.019267
-0.018076
-0.016957
-0.015888
-0.014892
-0.013939
-0.013060
-0.012213
-0.011443
-0.010691
-0.010020
-0.009353
-0.008771
-0.008176
-0.007676
-0.007142
-0.006717
-0.006233
-0.005877
-0.005431
-0.005141
-0.004723
-0.004497
-0.004094
-0.003933
-0.003534
-0.003441
-0.003030
-0.003010
-0.002573
-0.002637
-0.002154
-0.002316
-0.001755
-0.002066
-0.001310
-0.002025
-0.000518
0.009445
0.007253
0.015465
0.014444
0.020334
0.019071
0.022975
0.021861
0.024809
0.024209
0.026703
0.026600
0.028806
0.029069
0.031037
0.031518
0.033236
0.033776
0.035171
0.035589
0.036534
0.036620
0.036935
0.036455
0.035931
0.034646
0.033085
0.030804
0.028084
0.024724
0.020873
0.016534
0.011787
0.006787
0.001578
-0.003594
-0.008714
-0.013517
-0.018028
-0.022018
-0.025558
-0.028480
-0.030895
-0.032702
-0.034029
-0.034827
-0.035227
-0.035212
-0.034899
-0.034290
-0.033482
-0.032483
-0.031367
-0.030145
-0.028870
-0.027550
-0.026224
-0.024893
-0.023587
-0.022303
-0.021063
-0.019858
-0.018709
-0.017601
-0.016554
-0.015548
-0.014607
-0.013701
-0.012863
-0.012052
-0.011312
-0.010586
-0.009937
-0.009289
-0.008724
-0.008142
-0.007654
-0.007129
-0.006712
-0.006234
-0.005884
-0.005442
-0.005157
-0.004740
-0.004517
-0.004114
-0.003956
-0.003555
-0.003464
-0.003052
-0.003034
-0.002594
-0.002660
-0.002173
-0.002338
-0.001772
-0.002087
-0.001323
-0.002047
-0.000525
0.009239
0.007074
0.015101
0.014059
0.019805
0.018515
0.022305
0.021147
0.023981
0.023306
0.025669
0.025458
0.027508
0.027630
0.029416
0.029729
0.031241
0.031592
0.032769
0.032993
0.033728
0.033639
0.033787
0.033188
0.032584
0.031286
0.029784
0.027642
0.025162
0.022126
0.018711
0.014878
0.010728
0.006359
0.001830
-0.002684
-0.007154
-0.011381
-0.015373
-0.018949
-0.022157
-0.024860
-0.027139
-0.028907
-0.030262
-0.031159
-0.031702
-0.031873
-0.031768
-0.031387
-0.030811
-0.030047
-0.029159
-0.028158
-0.027091
-0.025965
-0.024819
-0.023653
-0.022497
-0.021348
-0.020230
-0.019133
-0.018081
-0.017058
-0.016087
-0.015147
-0.014265
-0.013410
-0.012617
-0.011844
-0.011138
-0.010441
-0.009818
-0.009191
-0.008644
-0.008078
-0.007604
-0.007091
-0.006684
-0.006214
-0.005872
-0.005435
-0.005155
-0.004741
-0.004523
-0.004122
-0.003967
-0.003566
-0.003478
-0.003065
-0.003050
-0.002608
-0.002676
-0.002186
-0.002354
-0.001785
-0.002103
-0.001334
-0.002063
-0.000532
0.008991
0.006865
0.014673
0.013617
0.019197
0.017887
0.021551
0.020356
0.023068
0.022326
0.024553
0.024243
0.026137
0.026129
0.027738
0.027892
0.029209
0.029383
0.030356
0.030398
0.030938
0.030686
0.030674
0.029961
0.029273
0.027947
0.026476
0.024434
0.022135
0.019352
0.016282
0.012855
0.009191
0.005341
0.001377
-0.002578
-0.006489
-0.010204
-0.013723
-0.016904
-0.019779
-0.022237
-0.024337
-0.026007
-0.027321
-0.028241
-0.028847
-0.029124
-0.029149
-0.028921
-0.028508
-0.027916
-0.027200
-0.026369
-0.025467
-0.024499
-0.023500
-0.022473
-0.021444
-0.020412
-0.019400
-0.018401
-0.017435
-0.016491
-0.015590
-0.014712
-0.013885
-0.013079
-0.012330
-0.011595
-0.010922
-0.010256
-0.009658
-0.009054
-0.008527
-0.007979
-0.007520
-0.007019
-0.006624
-0.006163
-0.005830
-0.005400
-0.005127
-0.004718
-0.004505
-0.004107
-0.003956
-0.003558
-0.003473
-0.003061
-0.003048
-0.002607
-0.002677
-0.002187
-0.002357
-0.001787
-0.002107
-0.001337
-0.002068
-0.000535
0.008732
0.006647
0.014225
0.013159
0.018564
0.017244
0.020780
0.019561
0.022156
0.021364
0.023467
0.023077
0.024836
0.024724
0.026184
0.026217
0.027377
0.027421
0.028239
0.028156
0.028561
0.028208
0.028106
0.027345
0.026639
0.025348
0.023961
0.022061
0.019971
0.017454
0.014717
0.011668
0.008439
0.005043
0.001561
-0.001924
-0.005370
-0.008665
-0.011798
-0.014659
-0.017265
-0.019528
-0.021489
-0.023086
-0.024378
-0.025328
-0.026001
-0.026381
-0.026531
-0.026450
-0.026192
-0.025765
-0.025214
-0.024547
-0.023804
-0.022989
-0.022135
-0.021243
-0.020340
-0.019425
-0.018520
-0.017618
-0.016741
-0.015875
-0.015047
-0.014233
-0.013464
-0.012709
-0.012005
-0.011310
-0.010674
-0.010039
-0.009469
-0.008890
-0.008385
-0.007856
-0.007413
-0.006927
-0.006546
-0.006096
-0.005773
-0.005351
-0.005085
-0.004683
-0.004476
-0.004083
-0.003936
-0.003541
-0.003459
-0.003050
-0.003039
-0.002600
-0.002672
-0.002184
-0.002355
-0.001786
-0.002107
-0.001338
-0.002068
-0.000538
0.008436
0.006405
0.013723
0.012656
0.017869
0.016546
0.019943
0.018708
0.021180
0.020344
0.022322
0.021860
0.023484
0.023277
0.024594
0.024514
0.025525
0.025447
0.026120
0.025919
0.026196
0.025748
0.025557
0.024745
0.024011
0.022738
0.021412
0.019621
0.017694
0.015389
0.012922
0.010183
0.007312
0.004295
0.001221
-0.001862
-0.004903
-0.007823
-0.010604
-0.013162
-0.015504
-0.017560
-0.019359
-0.020850
-0.022076
-0.023008
-0.023695
-0.024123
-0.024344
-0.024355
-0.024202
-0.023891
-0.023461
-0.022918
-0.022298
-0.021604
-0.020866
-0.020086
-0.019289
-0.018473
-0.017659
-0.016842
-0.016043
-0.015249
-0.014485
-0.013731
-0.013015
-0.012308
-0.011648
-0.010992
-0.010391
-0.009787
-0.009246
-0.008691
-0.008209
-0.007699
-0.007274
-0.006804
-0.006436
-0.005999
-0.005687
-0.005275
-0.005018
-0.004623
-0.004423
-0.004036
-0.003894
-0.003505
-0.003426
-0.003022
-0.003014
-0.002578
-0.002652
-0.002167
-0.002339
-0.001774
-0.002094
-0.001330
-0.002056
-0.000537
0.008140
0.006163
0.013217
0.012152
0.017168
0.015851
0.019111
0.017871
0.020227
0.019363
0.021226
0.020712
0.022219
0.021940
0.023137
0.022973
0.023866
0.023702
0.024268
0.023991
0.024185
0.023686
0.023451
0.022632
0.021914
0.020697
0.019461
0.017803
0.016053
0.013963
0.011756
0.009304
0.006756
0.004074
0.001353
-0.001386
-0.004084
-0.006691
-0.009179
-0.011487
-0.013612
-0.015501
-0.017170
-0.018579
-0.019758
-0.020683
-0.021391
-0.021871
-0.022162
-0.022264
-0.022213
-0.022013
-0.021700
-0.021277
-0.020775
-0.020199
-0.019575
-0.018904
-0.018210
-0.017491
-0.016769
-0.016036
-0.015315
-0.014593
-0.013894
-0.013200
-0.012538
-0.011881
-0.011265
-0.010650
-0.010085
-0.009514
-0.009001
-0.008473
-0.008014
-0.007526
-0.007120
-0.006667
-0.006313
-0.005890
-0.005589
-0.005188
-0.004940
-0.004555
-0.004361
-0.003982
-0.003845
-0.003462
-0.003388
-0.002988
-0.002983
-0.002552
-0.002627
-0.002147
-0.002319
-0.001759
-0.002077
-0.001321
-0.002041
-0.000536
0.007811
0.005899
0.012665
0.011611
0.016417
0.015113
0.018227
0.016990
0.019224
0.018338
0.020085
0.019525
0.020916
0.020573
0.021654
0.021414
0.022195
0.021951
0.022415
0.022066
0.022179
0.021631
0.021350
0.020520
0.019807
0.018631
0.017465
0.015913
0.014306
0.012392
0.010398
0.008187
0.005909
0.003511
0.001092
-0.001347
-0.003745
-0.006071
-0.008290
-0.010363
-0.012278
-0.013995
-0.015522
-0.016828
-0.017934
-0.018820
-0.019514
-0.020008
-0.020332
-0.020486
-0.020499
-0.020375
-0.020144
-0.019810
-0.019398
-0.018913
-0.018379
-0.017797
-0.017188
-0.016550
-0.015905
-0.015245
-0.014592
-0.013933
-0.013293
-0.012653
-0.012041
-0.011430
-0.010856
-0.010279
-0.009749
-0.009209
-0.008725
-0.008223
-0.007788
-0.007321
-0.006934
-0.006499
-0.006161
-0.005752
-0.005464
-0.005075
-0.004837
-0.004462
-0.004276
-0.003906
-0.003775
-0.003400
-0.003329
-0.002937
-0.002934
-0.002511
-0.002587
-0.002114
-0.002285
-0.001734
-0.002048
-0.001303
-0.002013
-0.000531
0.007490
0.005641
0.012123
0.011081
0.015678
0.014393
0.017365
0.016141
0.018262
0.017366
0.019009
0.018418
0.019709
0.019320
0.020305
0.020012
0.020705
0.020409
0.020799
0.020409
0.020472
0.019906
0.019610
0.018796
0.018115
0.017003
0.015925
0.014493
0.013032
0.011294
0.009504
0.007515
0.005483
0.003338
0.001184
-0.000996
-0.003137
-0.005223
-0.007217
-0.009092
-0.010832
-0.012407
-0.013818
-0.015042
-0.016091
-0.016950
-0.017640
-0.018153
-0.018513
-0.018719
-0.018796
-0.018747
-0.018595
-0.018346
-0.018022
-0.017626
-0.017179
-0.016683
-0.016157
-0.015599
-0.015029
-0.014441
-0.013855
-0.013260
-0.012678
-0.012092
-0.011531
-0.010965
-0.010433
-0.009895
-0.009400
-0.008893
-0.008438
-0.007963
-0.007551
-0.007107
-0.006739
-0.006322
-0.006000
-0.005607
-0.005331
-0.004956
-0.004728
-0.004364
-0.004186
-0.003825
-0.003700
-0.003334
-0.003267
-0.002883
-0.002883
-0.002468
-0.002544
-0.002080
-0.002249
-0.001707
-0.002017
-0.001284
-0.001983
-0.000526
0.007139
0.005365
0.011541
0.010521
0.014896
0.013638
0.016460
0.015255
0.017257
0.016358
0.017895
0.017281
0.018472
0.018044
0.018935
0.018595
0.019202
0.018859
0.019178
0.018750
0.018763
0.018179
0.017864
0.017063
0.016403
0.015344
0.014335
0.013002
0.011664
0.010073
0.008453
0.006655
0.004831
0.002905
0.000981
-0.000971
-0.002883
-0.004753
-0.006540
-0.008228
-0.009799
-0.011231
-0.012520
-0.013649
-0.014626
-0.015438
-0.016099
-0.016605
-0.016974
-0.017205
-0.017318
-0.017317
-0.017220
-0.017032
-0.016772
-0.016444
-0.016065
-0.015637
-0.015179
-0.014687
-0.014181
-0.013654
-0.013126
-0.012585
-0.012056
-0.011518
-0.011002
-0.010479
-0.009986
-0.009485
-0.009022
-0.008547
-0.008120
-0.007672
-0.007283
-0.006862
-0.006514
-0.006116
-0.005811
-0.005434
-0.005171
-0.004810
-0.004593
-0.004242
-0.004071
-0.003722
-0.003603
-0.003248
-0.003185
-0.002811
-0.002813
-0.002408
-0.002484
-0.002031
-0.002198
-0.001668
-0.001973
-0.001256
-0.001940
-0.000516
0.006805
0.005101
0.010980
0.009981
0.014141
0.012914
0.015593
0.014414
0.016307
0.015415
0.016856
0.016230
0.017335
0.016883
0.017697
0.017327
0.017868
0.017498
0.017766
0.017322
0.017306
0.016724
0.016411
0.015641
0.015019
0.014026
0.013097
0.011870
0.010654
0.009207
0.007749
0.006126
0.004492
0.002762
0.001040
-0.000712
-0.002425
-0.004108
-0.005718
-0.007249
-0.008677
-0.009989
-0.011177
-0.012229
-0.013147
-0.013922
-0.014565
-0.015070
-0.015452
-0.015710
-0.015861
-0.015907
-0.015864
-0.015735
-0.015538
-0.015275
-0.014963
-0.014602
-0.014208
-0.013781
-0.013337
-0.012870
-0.012399
-0.011912
-0.011434
-0.010944
-0.010472
-0.009991
-0.009537
-0.009072
-0.008643
-0.008199
-0.007800
-0.007378
-0.007014
-0.006615
-0.006287
-0.005909
-0.005619
-0.005259
-0.005010
-0.004663
-0.004457
-0.004118
-0.003956
-0.003619
-0.003506
-0.003161
-0.003102
-0.002739
-0.002743
-0.002349
-0.002424
-0.001983
-0.002147
-0.001630
-0.001928
-0.001229
-0.001897
-0.000508
0.006441
0.004818
0.010380
0.009413
0.013346
0.012157
0.014686
0.013539
0.015318
0.014439
0.015782
0.015150
0.016168
0.015698
0.016435
0.016041
0.016517
0.016124
0.016342
0.015884
0.015840
0.015260
0.014945
0.014200
0.013609
0.012672
0.011810
0.010673
0.009561
0.008239
0.006919
0.005449
0.003980
0.002422
0.000879
-0.000695
-0.002230
-0.003743
-0.005189
-0.006570
-0.007860
-0.009053
-0.010136
-0.011103
-0.011952
-0.012677
-0.013285
-0.013771
-0.014148
-0.014414
-0.014582
-0.014655
-0.014646
-0.014559
-0.014407
-0.014193
-0.013931
-0.013622
-0.013282
-0.012907
-0.012514
-0.012098
-0.011675
-0.011236
-0.010803
-0.010356
-0.009925
-0.009482
-0.009064
-0.008633
-0.008235
-0.007821
-0.007450
-0.007054
-0.006713
-0.006336
-0.006028
-0.005670
-0.005397
-0.005055
-0.004820
-0.004489
-0.004293
-0.003969
-0.003816
-0.003492
-0.003385
-0.003053
-0.002999
-0.002648
-0.002653
-0.002272
-0.002347
-0.001920
-0.002080
-0.001579
-0.001869
-0.001192
-0.001840
-0.000494
0.006102
0.004553
0.009815
0.008876
0.012592
0.011444
0.013831
0.012722
0.014395
0.013536
0.014791
0.014163
0.015106
0.014629
0.015302
0.014897
0.015322
0.014920
0.015104
0.014646
0.014588
0.014024
0.013720
0.013012
0.012461
0.011588
0.010797
0.009752
0.008743
0.007540
0.006350
0.005021
0.003702
0.002299
0.000914
-0.000503
-0.001882
-0.003247
-0.004552
-0.005805
-0.006977
-0.008069
-0.009064
-0.009960
-0.010752
-0.011438
-0.012018
-0.012492
-0.012868
-0.013144
-0.013332
-0.013433
-0.013459
-0.013412
-0.013304
-0.013137
-0.012925
-0.012667
-0.012377
-0.012054
-0.011711
-0.011343
-0.010969
-0.010575
-0.010185
-0.009781
-0.009389
-0.008984
-0.008601
-0.008203
-0.007836
-0.007451
-0.007106
-0.006737
-0.006418
-0.006064
-0.005776
-0.005437
-0.005181
-0.004856
-0.004634
-0.004319
-0.004134
-0.003824
-0.003679
-0.003368
-0.003268
-0.002948
-0.002898
-0.002560
-0.002567
-0.002199
-0.002273
-0.001859
-0.002015
-0.001530
-0.001813
-0.001156
-0.001784
-0.000482
0.005729
0.004267
0.009208
0.008309
0.011795
0.010696
0.012933
0.011868
0.013430
0.012596
0.013761
0.013142
0.014008
0.013529
0.014139
0.013727
0.014103
0.013695
0.013846
0.013389
0.013316
0.012768
0.012471
0.011798
0.011281
0.010464
0.009736
0.008772
0.007853
0.006755
0.005679
0.004477
0.003289
0.002025
0.000783
-0.000491
-0.001728
-0.002956
-0.004129
-0.005260
-0.006318
-0.007309
-0.008214
-0.009034
-0.009763
-0.010399
-0.010941
-0.011391
-0.011751
-0.012024
-0.012217
-0.012331
-0.012377
-0.012355
-0.012278
-0.012146
-0.011971
-0.011752
-0.011503
-0.011220
-0.010919
-0.010593
-0.010259
-0.009906
-0.009554
-0.009187
-0.008831
-0.008461
-0.008110
-0.007744
-0.007406
-0.007049
-0.006730
-0.006386
-0.006090
-0.005759
-0.005490
-0.005172
-0.004932
-0.004626
-0.004418
-0.004119
-0.003946
-0.003652
-0.003516
-0.003220
-0.003126
-0.002821
-0.002775
-0.002451
-0.002460
-0.002107
-0.002179
-0.001783
-0.001934
-0.001469
-0.001740
-0.001111
-0.001714
-0.000464
0.005393
0.004007
0.008648
0.007784
0.011055
0.010004
0.012102
0.011083
0.012544
0.011741
0.012825
0.012221
0.013021
0.012548
0.013105
0.012695
0.013031
0.012628
0.012755
0.012310
0.012232
0.011707
0.011426
0.010793
0.010315
0.009559
0.008893
0.008010
0.007177
0.006179
0.005209
0.004122
0.003054
0.001915
0.000799
-0.000349
-0.001461
-0.002570
-0.003629
-0.004654
-0.005615
-0.006519
-0.007348
-0.008104
-0.008780
-0.009375
-0.009887
-0.010317
-0.010668
-0.010941
-0.011141
-0.011270
-0.011336
-0.011341
-0.011293
-0.011195
-0.011056
-0.010875
-0.010665
-0.010423
-0.010161
-0.009875
-0.009580
-0.009265
-0.008950
-0.008620
-0.008298
-0.007961
-0.007641
-0.007305
-0.006995
-0.006666
-0.006372
-0.006052
-0.005778
-0.005469
-0.005218
-0.004920
-0.004696
-0.004407
-0.004213
-0.003931
-0.003768
-0.003489
-0.003362
-0.003080
-0.002992
-0.002701
-0.002659
-0.002349
-0.002359
-0.002021
-0.002092
-0.001711
-0.001857
-0.001411
-0.001672
-0.001068
-0.001647
-0.000449
0.005014
0.003721
0.008039
0.007222
0.010264
0.009269
0.011218
0.010253
0.011606
0.010839
0.011839
0.011256
0.011987
0.011524
0.012028
0.011625
0.011922
0.011526
0.011630
0.011199
0.011115
0.010614
0.010347
0.009754
0.009310
0.008609
0.008000
0.007192
0.006436
0.005530
0.004655
0.003673
0.002715
0.001690
0.000690
-0.000341
-0.001337
-0.002333
-0.003283
-0.004206
-0.005071
-0.005889
-0.006640
-0.007329
-0.007946
-0.008493
-0.008967
-0.009369
-0.009700
-0.009962
-0.010158
-0.010291
-0.010366
-0.010386
-0.010358
-0.010283
-0.010170
-0.010019
-0.009840
-0.009630
-0.009401
-0.009149
-0.008887
-0.008606
-0.008324
-0.008026
-0.007735
-0.007429
-0.007139
-0.006832
-0.006549
-0.006246
-0.005976
-0.005680
-0.005428
-0.005141
-0.004909
-0.004632
-0.004424
-0.004155
-0.003974
-0.003710
-0.003559
-0.003296
-0.003178
-0.002913
-0.002832
-0.002557
-0.002518
-0.002225
-0.002235
-0.001916
-0.001984
-0.001623
-0.001763
-0.001339
-0.001588
-0.001015
-0.001565
-0.000428
0.004686
0.003468
0.007493
0.006714
0.009547
0.008605
0.010419
0.009506
0.010764
0.010035
0.010959
0.010400
0.011073
0.010625
0.011084
0.010692
0.010959
0.010576
0.010664
0.010251
0.010167
0.009695
0.009446
0.008893
0.008486
0.007841
0.007287
0.006549
0.005866
0.005045
0.004258
0.003372
0.002511
0.001588
0.000691
-0.000236
-0.001132
-0.002029
-0.002885
-0.003720
-0.004503
-0.005247
-0.005931
-0.006563
-0.007131
-0.007639
-0.008081
-0.008460
-0.008776
-0.009031
-0.009226
-0.009364
-0.009451
-0.009486
-0.009478
-0.009426
-0.009339
-0.009216
-0.009066
-0.008887
-0.008690
-0.008469
-0.008239
-0.007990
-0.007739
-0.007472
-0.007211
-0.006934
-0.006671
-0.006391
-0.006133
-0.005856
-0.005608
-0.005336
-0.005103
-0.004838
-0.004624
-0.004366
-0.004174
-0.003922
-0.003754
-0.003506
-0.003366
-0.003119
-0.003009
-0.002759
-0.002684
-0.002424
-0.002389
-0.002112
-0.002123
-0.001819
-0.001885
-0.001543
-0.001676
-0.001274
-0.001511
-0.000966
-0.001489
-0.000409
0.004303
0.003183
0.006883
0.006160
0.008763
0.007886
0.009552
0.008699
0.009852
0.009168
0.010012
0.009483
0.010093
0.009667
0.010079
0.009704
0.009940
0.009574
0.009646
0.009255
0.009171
0.008729
0.008497
0.007986
0.007613
0.007023
0.006521
0.005851
0.005236
0.004495
0.003790
0.002994
0.002225
0.001399
0.000599
-0.000230
-0.001029
-0.001831
-0.002596
-0.003343
-0.004045
-0.004713
-0.005329
-0.005900
-0.006415
-0.006877
-0.007281
-0.007631
-0.007924
-0.008162
-0.008349
-0.008484
-0.008573
-0.008616
-0.008619
-0.008582
-0.008513
-0.008411
-0.008284
-0.008130
-0.007959
-0.007766
-0.007564
-0.007343
-0.007120
-0.006881
-0.006647
-0.006398
-0.006161
-0.005908
-0.005674
-0.005421
-0.005196
-0.004948
-0.004736
-0.004492
-0.004297
-0.004059
-0.003883
-0.003650
-0.003496
-0.003267
-0.003138
-0.002909
-0.002808
-0.002575
-0.002506
-0.002264
-0.002232
-0.001974
-0.001985
-0.001702
-0.001764
-0.001444
-0.001569
-0.001193
-0.001415
-0.000906
-0.001395
-0.000386
0.003987
0.002941
0.006357
0.005674
0.008075
0.007254
0.008791
0.007994
0.009056
0.008415
0.009190
0.008691
0.009248
0.008843
0.009217
0.008860
0.009071
0.008723
0.008784
0.008417
0.008336
0.007925
0.007711
0.007240
0.006901
0.006362
0.005908
0.005301
0.004748
0.004080
0.003447
0.002732
0.002045
0.001304
0.000588
-0.000155
-0.000870
-0.001590
-0.002276
-0.002949
-0.003581
-0.004185
-0.004743
-0.005262
-0.005732
-0.006156
-0.006530
-0.006855
-0.007130
-0.007357
-0.007537
-0.007671
-0.007763
-0.007815
-0.007829
-0.007808
-0.007757
-0.007675
-0.007570
-0.007440
-0.007293
-0.007126
-0.006949
-0.006754
-0.006557
-0.006344
-0.006136
-0.005912
-0.005699
-0.005470
-0.005259
-0.005030
-0.004825
-0.004598
-0.004405
-0.004181
-0.004002
-0.003783
-0.003622
-0.003407
-0.003265
-0.003053
-0.002934
-0.002721
-0.002628
-0.002411
-0.002348
-0.002122
-0.002093
-0.001851
-0.001862
-0.001597
-0.001656
-0.001356
-0.001474
-0.001121
-0.001330
-0.000851
-0.001311
-0.000363
0.003599
0.002656
0.005746
0.005125
0.007296
0.006547
0.007936
0.007207
0.008166
0.007576
0.008274
0.007812
0.008312
0.007936
0.008269
0.007936
0.008121
0.007798
0.007848
0.007509
0.007432
0.007055
0.006860
0.006432
0.006127
0.005641
0.005235
0.004691
0.004199
0.003603
0.003042
0.002407
0.001798
0.001141
0.000508
-0.000150
-0.000782
-0.001419
-0.002027
-0.002623
-0.003184
-0.003721
-0.004218
-0.004682
-0.005102
-0.005483
-0.005820
-0.006114
-0.006365
-0.006573
-0.006741
-0.006867
-0.006957
-0.007010
-0.007030
-0.007018
-0.006979
-0.006912
-0.006824
-0.006713
-0.006588
-0.006442
-0.006288
-0.006118
-0.005944
-0.005756
-0.005571
-0.005373
-0.005183
-0.004979
-0.004790
-0.004584
-0.004401
-0.004196
-0.004022
-0.003820
-0.003659
-0.003460
-0.003314
-0.003119
-0.002991
-0.002797
-0.002690
-0.002495
-0.002411
-0.002213
-0.002156
-0.001948
-0.001923
-0.001701
-0.001712
-0.001468
-0.001523
-0.001248
-0.001357
-0.001033
-0.001225
-0.000786
-0.001208
-0.000338
0.003300
0.002426
0.005246
0.004665
0.006644
0.005951
0.007218
0.006546
0.007419
0.006875
0.007508
0.007080
0.007532
0.007182
0.007481
0.007170
0.007335
0.007034
0.007076
0.006762
0.006691
0.006345
0.006168
0.005778
0.005503
0.005064
0.004701
0.004212
0.003773
0.003240
0.002741
0.002175
0.001634
0.001049
0.000488
-0.000098
-0.000659
-0.001227
-0.001768
-0.002300
-0.002801
-0.003282
-0.003727
-0.004144
-0.004524
-0.004869
-0.005176
-0.005445
-0.005676
-0.005870
-0.006028
-0.006149
-0.006238
-0.006293
-0.006319
-0.006317
-0.006289
-0.006237
-0.006165
-0.006072
-0.005965
-0.005840
-0.005707
-0.005558
-0.005406
-0.005240
-0.005077
-0.004900
-0.004731
-0.004548
-0.004380
-0.004195
-0.004030
-0.003845
-0.003689
-0.003506
-0.003360
-0.003179
-0.003047
-0.002869
-0.002753
-0.002575
-0.002478
-0.002299
-0.002223
-0.002041
-0.001989
-0.001798
-0.001776
-0.001571
-0.001582
-0.001357
-0.001408
-0.001153
-0.001255
-0.000954
-0.001133
-0.000726
-0.001117
-0.000312
0.002902
0.002138
0.004628
0.004118
0.005865
0.005251
0.006369
0.005771
0.006541
0.006055
0.006613
0.006230
0.006626
0.006311
0.006572
0.006293
0.006435
0.006165
0.006199
0.005918
0.005853
0.005545
0.005387
0.005042
0.004800
0.004413
0.004094
0.003665
0.003282
0.002816
0.002381
0.001887
0.001416
0.000907
0.000418
-0.000092
-0.000580
-0.001075
-0.001545
-0.002009
-0.002446
-0.002867
-0.003256
-0.003622
-0.003955
-0.004260
-0.004530
-0.004770
-0.004975
-0.005149
-0.005291
-0.005402
-0.005484
-0.005537
-0.005565
-0.005567
-0.005547
-0.005505
-0.005446
-0.005368
-0.005278
-0.005171
-0.005057
-0.004928
-0.004797
-0.004653
-0.004511
-0.004357
-0.004210
-0.004049
-0.003901
-0.003739
-0.003594
-0.003431
-0.003293
-0.003131
-0.003002
-0.002842
-0.002725
-0.002567
-0.002464
-0.002306
-0.002219
-0.002060
-0.001993
-0.001830
-0.001784
-0.001614
-0.001593
-0.001411
-0.001421
-0.001219
-0.001265
-0.001037
-0.001128
-0.000860
-0.001019
-0.000656
-0.001005
-0.000285
0.002626
0.001924
0.004160
0.003686
0.005253
0.004693
0.005697
0.005156
0.005846
0.005405
0.005904
0.005556
0.005909
0.005621
0.005852
0.005597
0.005722
0.005475
0.005504
0.005249
0.005189
0.004912
0.004771
0.004462
0.004247
0.003903
0.003622
0.003242
0.002904
0.002493
0.002112
0.001677
0.001264
0.000817
0.000389
-0.000059
-0.000487
-0.000921
-0.001334
-0.001742
-0.002127
-0.002497
-0.002841
-0.003165
-0.003461
-0.003732
-0.003973
-0.004188
-0.004373
-0.004531
-0.004661
-0.004764
-0.004841
-0.004893
-0.004922
-0.004929
-0.004917
-0.004885
-0.004837
-0.004772
-0.004696
-0.004605
-0.004508
-0.004397
-0.004283
-0.004158
-0.004035
-0.003900
-0.003771
-0.003630
-0.003500
-0.003356
-0.003228
-0.003083
-0.002961
-0.002817
-0.002702
-0.002559
-0.002455
-0.002314
-0.002222
-0.002080
-0.002003
-0.001860
-0.001800
-0.001653
-0.001612
-0.001458
-0.001441
-0.001275
-0.001285
-0.001102
-0.001145
-0.000938
-0.001021
-0.000777
-0.000923
-0.000592
-0.000910
-0.000256
0.002212
0.001630
0.003526
0.003134
0.004464
0.003992
0.004842
0.004383
0.004968
0.004593
0.005015
0.004718
0.005017
0.004771
0.004966
0.004748
0.004852
0.004641
0.004665
0.004446
0.004395
0.004158
0.004038
0.003775
0.003592
0.003300
0.003061
0.002739
0.002454
0.002106
0.001783
0.001416
0.001068
0.000690
0.000328
-0.000050
-0.000411
-0.000778
-0.001128
-0.001473
-0.001799
-0.002113
-0.002405
-0.002681
-0.002932
-0.003164
-0.003370
-0.003554
-0.003714
-0.003850
-0.003963
-0.004053
-0.004122
-0.004169
-0.004197
-0.004205
-0.004198
-0.004173
-0.004135
-0.004082
-0.004020
-0.003944
-0.003863
-0.003770
-0.003675
-0.003570
-0.003465
-0.003351
-0.003242
-0.003122
-0.003012
-0.002889
-0.002781
-0.002657
-0.002553
-0.002429
-0.002332
-0.002209
-0.002120
-0.001998
-0.001920
-0.001798
-0.001732
-0.001609
-0.001557
-0.001431
-0.001396
-0.001263
-0.001248
-0.001106
-0.001114
-0.000957
-0.000993
-0.000815
-0.000886
-0.000677
-0.000801
-0.000518
-0.000791
-0.000229
0.001966
0.001435
0.003099
0.002736
0.003900
0.003476
0.004222
0.003815
0.004328
0.003996
0.004365
0.004101
0.004361
0.004142
0.004311
0.004116
0.004206
0.004018
0.004037
0.003844
0.003798
0.003590
0.003485
0.003255
0.003097
0.002843
0.002638
0.002360
0.002114
0.001815
0.001538
0.001223
0.000924
0.000600
0.000291
-0.000033
-0.000342
-0.000657
-0.000956
-0.001252
-0.001531
-0.001801
-0.002052
-0.002289
-0.002506
-0.002706
-0.002885
-0.003045
-0.003184
-0.003303
-0.003403
-0.003483
-0.003544
-0.003587
-0.003614
-0.003624
-0.003620
-0.003601
-0.003571
-0.003528
-0.003477
-0.003414
-0.003346
-0.003267
-0.003187
-0.003098
-0.003009
-0.002911
-0.002818
-0.002716
-0.002621
-0.002516
-0.002422
-0.002316
-0.002226
-0.002119
-0.002035
-0.001928
-0.001851
-0.001746
-0.001678
-0.001572
-0.001514
-0.001407
-0.001362
-0.001251
-0.001222
-0.001105
-0.001093
-0.000967
-0.000975
-0.000837
-0.000870
-0.000712
-0.000777
-0.000590
-0.000702
-0.000450
-0.000693
-0.000196
0.001524
0.001128
0.002436
0.002169
0.003085
0.002762
0.003348
0.003033
0.003435
0.003177
0.003467
0.003261
0.003466
0.003295
0.003428
0.003276
0.003346
0.003199
0.003213
0.003061
0.003025
0.002860
0.002777
0.002595
0.002469
0.002268
0.002105
0.001884
0.001689
0.001451
0.001231
0.000981
0.000743
0.000486
0.000239
-0.000018
-0.000265
-0.000516
-0.000755
-0.000991
-0.001214
-0.001431
-0.001632
-0.001823
-0.001997
-0.002158
-0.002303
-0.002432
-0.002545
-0.002643
-0.002724
-0.002790
-0.002841
-0.002878
-0.002901
-0.002911
-0.002910
-0.002897
-0.002874
-0.002841
-0.002802
-0.002752
-0.002699
-0.002637
-0.002574
-0.002503
-0.002432
-0.002355
-0.002280
-0.002198
-0.002122
-0.002038
-0.001963
-0.001877
-0.001805
-0.001719
-0.001651
-0.001566
-0.001504
-0.001419
-0.001363
-0.001278
-0.001232
-0.001145
-0.001109
-0.001020
-0.000995
-0.000902
-0.000890
-0.000790
-0.000795
-0.000685
-0.000710
-0.000585
-0.000634
-0.000487
-0.000574
-0.000374
-0.000566
-0.000169
0.001318
0.000955
0.002059
0.001808
0.002578
0.002293
0.002788
0.002516
0.002856
0.002634
0.002878
0.002701
0.002872
0.002725
0.002835
0.002704
0.002762
0.002636
0.002647
0.002517
0.002486
0.002348
0.002278
0.002126
0.002022
0.001855
0.001721
0.001538
0.001379
0.001183
0.001003
0.000798
0.000604
0.000394
0.000193
-0.000017
-0.000218
-0.000422
-0.000616
-0.000809
-0.000990
-0.001167
-0.001330
-0.001486
-0.001628
-0.001760
-0.001878
-0.001984
-0.002076
-0.002156
-0.002224
-0.002278
-0.002321
-0.002351
-0.002371
-0.002381
-0.002380
-0.002370
-0.002353
-0.002327
-0.002295
-0.002256
-0.002213
-0.002163
-0.002112
-0.002054
-0.001997
-0.001934
-0.001874
-0.001807
-0.001745
-0.001676
-0.001615
-0.001545
-0.001486
-0.001416
-0.001360
-0.001290
-0.001239
-0.001169
-0.001124
-0.001053
-0.001016
-0.000944
-0.000914
-0.000840
-0.000821
-0.000743
-0.000735
-0.000650
-0.000656
-0.000563
-0.000586
-0.000479
-0.000523
-0.000397
-0.000474
-0.000303
-0.000467
-0.000133
0.000832
0.000629
0.001348
0.001216
0.001719
0.001552
0.001873
0.001708
0.001928
0.001792
0.001950
0.001842
0.001953
0.001863
0.001935
0.001853
0.001891
0.001811
0.001818
0.001735
0.001713
0.001622
0.001575
0.001474
0.001403
0.001291
0.001199
0.001076
0.000966
0.000833
0.000709
0.000569
0.000435
0.000291
0.000152
0.000007
-0.000133
-0.000274
-0.000410
-0.000544
-0.000671
-0.000794
-0.000909
-0.001019
-0.001119
-0.001212
-0.001296
-0.001372
-0.001438
-0.001496
-0.001545
-0.001585
-0.001616
-0.001640
-0.001655
-0.001664
-0.001665
-0.001660
-0.001649
-0.001632
-0.001611
-0.001585
-0.001556
-0.001522
-0.001487
-0.001448
-0.001408
-0.001365
-0.001323
-0.001277
-0.001234
-0.001186
-0.001143
-0.001094
-0.001053
-0.001004
-0.000964
-0.000916
-0.000879
-0.000831
-0.000798
-0.000750
-0.000722
-0.000673
-0.000651
-0.000600
-0.000585
-0.000532
-0.000524
-0.000467
-0.000469
-0.000406
-0.000419
-0.000348
-0.000374
-0.000291
-0.000339
-0.000226
-0.000334
-0.000109
0.000680
0.000483
0.001037
0.000899
0.001284
0.001136
0.001386
0.001248
0.001420
0.001307
0.001430
0.001340
0.001426
0.001351
0.001406
0.001340
0.001368
0.001304
0.001310
0.001244
0.001229
0.001159
0.001125
0.001049
0.000997
0.000914
0.000848
0.000757
0.000679
0.000582
0.000494
0.000392
0.000297
0.000194
0.000095
-0.000008
-0.000107
-0.000207
-0.000302
-0.000397
-0.000487
-0.000573
-0.000654
-0.000731
-0.000801
-0.000866
-0.000925
-0.000978
-0.001024
-0.001064
-0.001098
-0.001126
-0.001147
-0.001163
-0.001174
-0.001179
-0.001180
-0.001176
-0.001168
-0.001156
-0.001141
-0.001122
-0.001102
-0.001078
-0.001053
-0.001025
-0.000997
-0.000966
-0.000936
-0.000903
-0.000873
-0.000839
-0.000809
-0.000774
-0.000745
-0.000710
-0.000683
-0.000648
-0.000622
-0.000587
-0.000565
-0.000530
-0.000511
-0.000475
-0.000460
-0.000423
-0.000413
-0.000374
-0.000370
-0.000328
-0.000331
-0.000284
-0.000296
-0.000241
-0.000264
-0.000200
-0.000240
-0.000152
-0.000237
-0.000067
0.000117
0.000122
0.000246
0.000265
0.000354
0.000354
0.000407
0.000399
0.000434
0.000425
0.000451
0.000444
0.000462
0.000455
0.000466
0.000459
0.000464
0.000455
0.000454
0.000442
0.000435
0.000419
0.000407
0.000388
0.000370
0.000346
0.000324
0.000296
0.000269
0.000238
0.000207
0.000173
0.000139
0.000103
0.000067
0.000031
-0.000006
-0.000043
-0.000079
-0.000115
-0.000149
-0.000183
-0.000214
-0.000245
-0.000273
-0.000300
-0.000324
-0.000347
-0.000367
-0.000384
-0.000400
-0.000413
-0.000424
-0.000432
-0.000439
-0.000443
-0.000445
-0.000446
-0.000445
-0.000442
-0.000438
-0.000432
-0.000426
-0.000418
-0.000409
-0.000400
-0.000390
-0.000379
-0.000368
-0.000356
-0.000345
-0.000333
-0.000321
-0.000309
-0.000297
-0.000284
-0.000273
-0.000261
-0.000250
-0.000238
-0.000228
-0.000216
-0.000207
-0.000195
-0.000187
-0.000175
-0.000169
-0.000157
-0.000152
-0.000139
-0.000136
-0.000123
-0.000122
-0.000108
-0.000109
-0.000093
-0.000099
-0.000077
-0.000096
-0.000048
