# p - 700 ites
-0.067476
-0.008794
-0.058894
-0.015517
-0.052762
-0.020741
-0.048508
-0.024927
-0.045711
-0.028414
-0.044054
-0.031443
-0.043294
-0.034181
-0.043244
-0.036747
-0.043756
-0.039215
-0.044710
-0.041632
-0.046008
-0.044021
-0.047566
-0.046390
-0.049312
-0.048733
-0.051184
-0.051038
-0.053126
-0.053287
-0.055088
-0.055460
-0.057029
-0.057538
-0.058914
-0.059503
-0.060714
-0.061339
-0.062406
-0.063037
-0.063975
-0.064589
-0.065412
-0.065993
-0.066711
-0.067251
-0.067875
-0.068368
-0.068907
-0.069352
-0.069814
-0.070212
-0.070606
-0.070961
-0.071292
-0.071608
-0.071884
-0.072167
-0.072393
-0.072649
-0.072830
-0.073066
-0.073203
-0.073426
-0.073523
-0.073740
-0.073796
-0.074017
-0.074031
-0.074264
-0.074233
-0.074489
-0.074406
-0.074698
-0.074555
-0.074897
-0.074684
-0.075092
-0.074792
-0.075290
-0.074883
-0.075497
-0.074956
-0.075719
-0.075008
-0.075964
-0.075039
-0.076243
-0.075042
-0.076564
-0.075011
-0.076943
-0.074936
-0.077396
-0.074803
-0.077944
-0.074594
-0.078614
-0.074285
-0.079443
-0.065790
-0.008409
-0.057340
-0.014874
-0.051299
-0.019935
-0.047122
-0.024028
-0.044400
-0.027471
-0.042820
-0.030493
-0.042144
-0.033257
-0.042186
-0.035873
-0.042799
-0.038413
-0.043864
-0.040921
-0.045283
-0.043415
-0.046970
-0.045902
-0.048851
-0.048371
-0.050862
-0.050808
-0.052943
-0.053190
-0.055043
-0.055493
-0.057115
-0.057695
-0.059123
-0.059775
-0.061034
-0.061715
-0.062824
-0.063501
-0.064476
-0.065127
-0.065980
-0.066590
-0.067331
-0.067891
-0.068530
-0.069036
-0.069584
-0.070035
-0.070499
-0.070898
-0.071288
-0.071638
-0.071963
-0.072270
-0.072535
-0.072806
-0.073019
-0.073260
-0.073425
-0.073644
-0.073765
-0.073970
-0.074050
-0.074248
-0.074287
-0.074488
-0.074486
-0.074698
-0.074652
-0.074886
-0.074790
-0.075059
-0.074906
-0.075223
-0.075002
-0.075385
-0.075080
-0.075550
-0.075142
-0.075725
-0.075188
-0.075916
-0.075216
-0.076131
-0.075223
-0.076379
-0.075206
-0.076670
-0.075157
-0.077017
-0.075068
-0.077436
-0.074925
-0.077947
-0.074712
-0.078574
-0.074404
-0.079352
-0.066619
-0.008665
-0.058134
-0.015297
-0.052075
-0.020463
-0.047885
-0.024617
-0.045146
-0.028089
-0.043541
-0.031116
-0.042832
-0.033865
-0.042831
-0.036451
-0.043393
-0.038947
-0.044399
-0.041399
-0.045750
-0.043830
-0.047363
-0.046244
-0.049166
-0.048636
-0.051093
-0.050991
-0.053090
-0.053289
-0.055104
-0.055509
-0.057094
-0.057631
-0.059022
-0.059634
-0.060858
-0.061503
-0.062581
-0.063226
-0.064173
-0.064797
-0.065626
-0.066214
-0.066935
-0.067478
-0.068103
-0.068596
-0.069133
-0.069575
-0.070034
-0.070428
-0.070817
-0.071166
-0.071492
-0.071801
-0.072071
-0.072347
-0.072566
-0.072815
-0.072988
-0.073216
-0.073347
-0.073562
-0.073653
-0.073863
-0.073914
-0.074127
-0.074136
-0.074361
-0.074326
-0.074574
-0.074489
-0.074772
-0.074628
-0.074960
-0.074748
-0.075146
-0.074848
-0.075335
-0.074932
-0.075532
-0.074998
-0.075746
-0.075045
-0.075983
-0.075071
-0.076252
-0.075070
-0.076564
-0.075036
-0.076933
-0.074960
-0.077375
-0.074827
-0.077910
-0.074621
-0.078565
-0.074316
-0.079375
-0.065005
-0.008332
-0.056666
-0.014739
-0.050712
-0.019760
-0.046607
-0.023829
-0.043946
-0.027261
-0.042421
-0.030283
-0.041795
-0.033055
-0.041885
-0.035688
-0.042544
-0.038252
-0.043656
-0.040789
-0.045121
-0.043317
-0.046855
-0.045840
-0.048783
-0.048348
-0.050838
-0.050822
-0.052962
-0.053240
-0.055100
-0.055578
-0.057207
-0.057809
-0.059244
-0.059912
-0.061177
-0.061870
-0.062984
-0.063669
-0.064645
-0.065301
-0.066153
-0.066764
-0.067502
-0.068061
-0.068696
-0.069198
-0.069740
-0.070186
-0.070645
-0.071037
-0.071421
-0.071764
-0.072081
-0.072381
-0.072640
-0.072903
-0.073110
-0.073344
-0.073504
-0.073716
-0.073833
-0.074030
-0.074106
-0.074298
-0.074335
-0.074529
-0.074525
-0.074731
-0.074684
-0.074912
-0.074816
-0.075079
-0.074926
-0.075237
-0.075018
-0.075393
-0.075093
-0.075554
-0.075152
-0.075724
-0.075195
-0.075910
-0.075221
-0.076120
-0.075228
-0.076363
-0.075210
-0.076648
-0.075161
-0.076989
-0.075073
-0.077400
-0.074932
-0.077902
-0.074722
-0.078519
-0.074420
-0.079283
-0.065130
-0.008473
-0.056828
-0.014971
-0.050917
-0.020048
-0.046850
-0.024150
-0.044217
-0.027597
-0.042710
-0.030623
-0.042091
-0.033390
-0.042179
-0.036009
-0.042830
-0.038554
-0.043925
-0.041065
-0.045368
-0.043564
-0.047073
-0.046054
-0.048969
-0.048525
-0.050988
-0.050960
-0.053073
-0.053336
-0.055170
-0.055630
-0.057235
-0.057817
-0.059228
-0.059876
-0.061118
-0.061790
-0.062882
-0.063547
-0.064504
-0.065140
-0.065974
-0.066568
-0.067290
-0.067834
-0.068455
-0.068945
-0.069475
-0.069911
-0.070361
-0.070745
-0.071123
-0.071461
-0.071776
-0.072073
-0.072331
-0.072593
-0.072801
-0.073036
-0.073199
-0.073414
-0.073535
-0.073737
-0.073819
-0.074016
-0.074059
-0.074260
-0.074263
-0.074476
-0.074437
-0.074672
-0.074585
-0.074854
-0.074711
-0.075029
-0.074818
-0.075201
-0.074909
-0.075377
-0.074984
-0.075562
-0.075042
-0.075763
-0.075083
-0.075988
-0.075103
-0.076245
-0.075098
-0.076543
-0.075062
-0.076897
-0.074985
-0.077322
-0.074854
-0.077838
-0.074652
-0.078470
-0.074356
-0.079252
-0.063463
-0.008171
-0.055332
-0.014463
-0.049548
-0.019405
-0.045584
-0.023426
-0.043044
-0.026836
-0.041625
-0.029858
-0.041098
-0.032649
-0.041282
-0.035316
-0.042035
-0.037927
-0.043239
-0.040522
-0.044798
-0.043119
-0.046625
-0.045716
-0.048646
-0.048300
-0.050792
-0.050852
-0.053002
-0.053345
-0.055219
-0.055750
-0.057396
-0.058040
-0.059490
-0.060192
-0.061469
-0.062186
-0.063307
-0.064008
-0.064988
-0.065652
-0.066503
-0.067115
-0.067849
-0.068403
-0.069031
-0.069524
-0.070056
-0.070490
-0.070936
-0.071315
-0.071685
-0.072014
-0.072318
-0.072603
-0.072849
-0.073098
-0.073292
-0.073512
-0.073660
-0.073859
-0.073966
-0.074151
-0.074219
-0.074399
-0.074429
-0.074611
-0.074603
-0.074797
-0.074747
-0.074964
-0.074868
-0.075118
-0.074968
-0.075265
-0.075051
-0.075411
-0.075118
-0.075561
-0.075171
-0.075722
-0.075210
-0.075899
-0.075232
-0.076099
-0.075236
-0.076332
-0.075217
-0.076606
-0.075169
-0.076934
-0.075083
-0.077330
-0.074946
-0.077814
-0.074743
-0.078410
-0.074451
-0.079148
-0.062985
-0.008215
-0.054957
-0.014531
-0.049266
-0.019487
-0.045382
-0.023515
-0.042908
-0.026929
-0.041542
-0.029953
-0.041057
-0.032745
-0.041274
-0.035413
-0.042052
-0.038025
-0.043277
-0.040621
-0.044851
-0.043218
-0.046690
-0.045815
-0.048719
-0.048399
-0.050870
-0.050948
-0.053080
-0.053434
-0.055294
-0.055830
-0.057463
-0.058108
-0.059545
-0.060243
-0.061507
-0.062217
-0.063324
-0.064015
-0.064981
-0.065633
-0.066470
-0.067070
-0.067789
-0.068331
-0.068944
-0.069425
-0.069944
-0.070367
-0.070802
-0.071170
-0.071531
-0.071851
-0.072148
-0.072426
-0.072666
-0.072910
-0.073100
-0.073317
-0.073464
-0.073660
-0.073767
-0.073952
-0.074021
-0.074201
-0.074234
-0.074418
-0.074413
-0.074610
-0.074565
-0.074783
-0.074694
-0.074945
-0.074803
-0.075101
-0.074896
-0.075256
-0.074974
-0.075416
-0.075038
-0.075586
-0.075087
-0.075772
-0.075120
-0.075981
-0.075135
-0.076221
-0.075126
-0.076502
-0.075088
-0.076836
-0.075011
-0.077238
-0.074884
-0.077727
-0.074689
-0.078327
-0.074405
-0.079071
-0.061178
-0.007927
-0.053352
-0.014044
-0.047815
-0.018868
-0.044059
-0.022818
-0.041696
-0.026195
-0.040436
-0.029216
-0.040055
-0.032034
-0.040379
-0.034752
-0.041270
-0.037435
-0.042614
-0.040120
-0.044313
-0.042820
-0.046283
-0.045530
-0.048445
-0.048233
-0.050730
-0.050904
-0.053070
-0.053510
-0.055408
-0.056019
-0.057691
-0.058400
-0.059873
-0.060625
-0.061921
-0.062673
-0.063807
-0.064530
-0.065515
-0.066189
-0.067038
-0.067651
-0.068377
-0.068924
-0.069537
-0.070018
-0.070532
-0.070948
-0.071374
-0.071732
-0.072082
-0.072388
-0.072671
-0.072934
-0.073159
-0.073386
-0.073561
-0.073760
-0.073891
-0.074070
-0.074161
-0.074328
-0.074383
-0.074545
-0.074565
-0.074731
-0.074715
-0.074893
-0.074839
-0.075039
-0.074942
-0.075174
-0.075027
-0.075304
-0.075097
-0.075435
-0.075154
-0.075571
-0.075199
-0.075718
-0.075230
-0.075882
-0.075248
-0.076068
-0.075248
-0.076286
-0.075228
-0.076543
-0.075180
-0.076852
-0.075096
-0.077227
-0.074965
-0.077685
-0.074771
-0.078250
-0.074493
-0.078951
-0.060166
-0.007886
-0.052501
-0.013968
-0.047104
-0.018768
-0.043465
-0.022702
-0.041201
-0.026071
-0.040023
-0.029091
-0.039713
-0.031916
-0.040100
-0.034647
-0.041047
-0.037349
-0.042443
-0.040057
-0.044191
-0.042785
-0.046208
-0.045525
-0.048415
-0.048259
-0.050741
-0.050960
-0.053118
-0.053593
-0.055487
-0.056125
-0.057793
-0.058521
-0.059991
-0.060754
-0.062045
-0.062801
-0.063929
-0.064650
-0.065626
-0.066294
-0.067132
-0.067736
-0.068448
-0.068983
-0.069583
-0.070050
-0.070549
-0.070952
-0.071365
-0.071710
-0.072046
-0.072341
-0.072612
-0.072864
-0.073080
-0.073297
-0.073465
-0.073656
-0.073782
-0.073954
-0.074043
-0.074204
-0.074258
-0.074416
-0.074436
-0.074599
-0.074585
-0.074760
-0.074710
-0.074906
-0.074815
-0.075044
-0.074904
-0.075177
-0.074980
-0.075312
-0.075042
-0.075452
-0.075094
-0.075603
-0.075132
-0.075770
-0.075157
-0.075960
-0.075165
-0.076180
-0.075153
-0.076439
-0.075113
-0.076749
-0.075038
-0.077122
-0.074916
-0.077578
-0.074732
-0.078139
-0.074464
-0.078834
-0.058154
-0.007598
-0.050728
-0.013479
-0.045518
-0.018146
-0.042033
-0.021999
-0.039904
-0.025331
-0.038851
-0.028350
-0.038662
-0.031203
-0.039171
-0.033990
-0.040246
-0.036770
-0.041775
-0.039577
-0.043664
-0.042418
-0.045827
-0.045283
-0.048183
-0.048150
-0.050657
-0.050984
-0.053178
-0.053748
-0.055682
-0.056401
-0.058110
-0.058906
-0.060413
-0.061230
-0.062552
-0.063350
-0.064501
-0.065252
-0.066243
-0.066929
-0.067774
-0.068386
-0.069098
-0.069632
-0.070226
-0.070685
-0.071174
-0.071564
-0.071961
-0.072290
-0.072609
-0.072885
-0.073138
-0.073370
-0.073566
-0.073763
-0.073912
-0.074083
-0.074190
-0.074342
-0.074414
-0.074556
-0.074595
-0.074733
-0.074740
-0.074884
-0.074859
-0.075015
-0.074956
-0.075133
-0.075036
-0.075244
-0.075101
-0.075353
-0.075155
-0.075464
-0.075199
-0.075582
-0.075232
-0.075712
-0.075255
-0.075858
-0.075266
-0.076026
-0.075262
-0.076225
-0.075240
-0.076461
-0.075192
-0.076746
-0.075112
-0.077092
-0.074989
-0.077517
-0.074807
-0.078042
-0.074547
-0.078695
-0.056652
-0.007482
-0.049443
-0.013276
-0.044415
-0.017882
-0.041082
-0.021697
-0.039080
-0.025008
-0.038136
-0.028023
-0.038043
-0.030887
-0.038640
-0.033696
-0.039798
-0.036510
-0.041408
-0.039361
-0.043378
-0.042254
-0.045620
-0.045178
-0.048055
-0.048107
-0.050606
-0.051004
-0.053199
-0.053826
-0.055766
-0.056531
-0.058248
-0.059079
-0.060592
-0.061434
-0.062759
-0.063571
-0.064721
-0.065477
-0.066463
-0.067147
-0.067983
-0.068586
-0.069286
-0.069808
-0.070386
-0.070831
-0.071303
-0.071677
-0.072058
-0.072370
-0.072673
-0.072933
-0.073171
-0.073388
-0.073572
-0.073756
-0.073894
-0.074053
-0.074152
-0.074294
-0.074359
-0.074492
-0.074527
-0.074658
-0.074664
-0.074800
-0.074776
-0.074925
-0.074869
-0.075039
-0.074946
-0.075148
-0.075012
-0.075255
-0.075067
-0.075366
-0.075113
-0.075484
-0.075150
-0.075613
-0.075178
-0.075759
-0.075193
-0.075927
-0.075195
-0.076123
-0.075179
-0.076357
-0.075138
-0.076637
-0.075066
-0.076977
-0.074951
-0.077393
-0.074779
-0.077906
-0.074531
-0.078544
-0.054389
-0.007183
-0.047460
-0.012767
-0.042654
-0.017232
-0.039504
-0.020962
-0.037660
-0.024234
-0.036862
-0.027249
-0.036909
-0.030145
-0.037647
-0.033017
-0.038951
-0.035921
-0.040715
-0.038883
-0.042845
-0.041907
-0.045255
-0.044975
-0.047861
-0.048055
-0.050583
-0.051106
-0.053341
-0.054077
-0.056061
-0.056918
-0.058679
-0.059585
-0.061137
-0.062037
-0.063393
-0.064248
-0.065419
-0.066202
-0.067199
-0.067896
-0.068733
-0.069338
-0.070030
-0.070544
-0.071108
-0.071537
-0.071990
-0.072343
-0.072701
-0.072990
-0.073269
-0.073503
-0.073717
-0.073908
-0.074068
-0.074226
-0.074341
-0.074475
-0.074553
-0.074672
-0.074718
-0.074829
-0.074847
-0.074957
-0.074948
-0.075064
-0.075028
-0.075158
-0.075093
-0.075243
-0.075145
-0.075325
-0.075188
-0.075409
-0.075222
-0.075496
-0.075250
-0.075593
-0.075271
-0.075701
-0.075283
-0.075827
-0.075287
-0.075974
-0.075278
-0.076149
-0.075253
-0.076360
-0.075206
-0.076616
-0.075130
-0.076928
-0.075016
-0.077313
-0.074849
-0.077789
-0.074611
-0.078383
-0.052427
-0.006997
-0.045769
-0.012445
-0.041185
-0.016816
-0.038218
-0.020485
-0.036528
-0.023724
-0.035862
-0.026729
-0.036027
-0.029637
-0.036875
-0.032539
-0.038286
-0.035490
-0.040156
-0.038515
-0.042396
-0.041615
-0.044918
-0.044770
-0.047637
-0.047944
-0.050471
-0.051089
-0.053335
-0.054151
-0.056153
-0.057076
-0.058855
-0.059811
-0.061380
-0.062316
-0.063683
-0.064561
-0.065736
-0.066530
-0.067525
-0.068222
-0.069050
-0.069647
-0.070325
-0.070825
-0.071372
-0.071783
-0.072216
-0.072550
-0.072888
-0.073156
-0.073415
-0.073629
-0.073825
-0.073997
-0.074141
-0.074282
-0.074384
-0.074503
-0.074570
-0.074675
-0.074713
-0.074812
-0.074824
-0.074923
-0.074911
-0.075018
-0.074981
-0.075101
-0.075038
-0.075179
-0.075085
-0.075255
-0.075124
-0.075334
-0.075158
-0.075418
-0.075185
-0.075511
-0.075207
-0.075616
-0.075222
-0.075738
-0.075228
-0.075881
-0.075223
-0.076051
-0.075203
-0.076255
-0.075162
-0.076502
-0.075094
-0.076803
-0.074988
-0.077174
-0.074831
-0.077632
-0.074607
-0.078202
-0.049879
-0.006678
-0.043545
-0.011900
-0.039219
-0.016119
-0.036464
-0.019696
-0.034958
-0.022892
-0.034458
-0.025897
-0.034784
-0.028842
-0.035793
-0.031816
-0.037370
-0.034869
-0.039417
-0.038024
-0.041844
-0.041276
-0.044562
-0.044601
-0.047483
-0.047954
-0.050517
-0.051281
-0.053576
-0.054518
-0.056574
-0.057602
-0.059432
-0.060474
-0.062085
-0.063086
-0.064485
-0.065406
-0.066600
-0.067418
-0.068418
-0.069122
-0.069944
-0.070534
-0.071196
-0.071678
-0.072201
-0.072586
-0.072990
-0.073293
-0.073599
-0.073834
-0.074061
-0.074241
-0.074405
-0.074544
-0.074657
-0.074767
-0.074840
-0.074930
-0.074972
-0.075050
-0.075066
-0.075140
-0.075133
-0.075209
-0.075182
-0.075266
-0.075218
-0.075316
-0.075244
-0.075364
-0.075265
-0.075414
-0.075282
-0.075468
-0.075295
-0.075529
-0.075305
-0.075601
-0.075311
-0.075686
-0.075313
-0.075788
-0.075307
-0.075911
-0.075293
-0.076060
-0.075266
-0.076241
-0.075220
-0.076463
-0.075150
-0.076737
-0.075046
-0.077075
-0.074896
-0.077495
-0.074684
-0.078020
-0.047476
-0.006427
-0.041466
-0.011466
-0.037401
-0.015557
-0.034858
-0.019049
-0.033528
-0.022198
-0.033181
-0.025185
-0.033643
-0.028140
-0.034780
-0.031149
-0.036485
-0.034262
-0.038664
-0.037498
-0.041228
-0.040851
-0.044089
-0.044291
-0.047159
-0.047771
-0.050343
-0.051228
-0.053547
-0.054592
-0.056678
-0.057791
-0.059652
-0.060761
-0.062399
-0.063448
-0.064866
-0.065817
-0.067020
-0.067853
-0.068852
-0.069557
-0.070370
-0.070949
-0.071595
-0.072058
-0.072560
-0.072922
-0.073303
-0.073580
-0.073862
-0.074071
-0.074274
-0.074430
-0.074572
-0.074688
-0.074782
-0.074872
-0.074928
-0.075000
-0.075029
-0.075091
-0.075097
-0.075156
-0.075143
-0.075206
-0.075174
-0.075247
-0.075197
-0.075284
-0.075213
-0.075321
-0.075227
-0.075362
-0.075238
-0.075409
-0.075248
-0.075465
-0.075256
-0.075531
-0.075261
-0.075610
-0.075263
-0.075706
-0.075260
-0.075822
-0.075248
-0.075963
-0.075225
-0.076135
-0.075184
-0.076345
-0.075121
-0.076603
-0.075026
-0.076922
-0.074887
-0.077318
-0.074690
-0.077813
-0.044619
-0.006080
-0.038978
-0.010873
-0.035207
-0.014797
-0.032906
-0.018187
-0.031784
-0.021286
-0.031624
-0.024273
-0.032265
-0.027270
-0.033585
-0.030360
-0.035480
-0.033591
-0.037861
-0.036978
-0.040643
-0.040512
-0.043736
-0.044155
-0.047047
-0.047852
-0.050473
-0.051529
-0.053911
-0.055104
-0.057257
-0.058494
-0.060417
-0.061623
-0.063312
-0.064430
-0.065883
-0.066878
-0.068098
-0.068949
-0.069949
-0.070651
-0.071448
-0.072008
-0.072627
-0.073059
-0.073524
-0.073847
-0.074187
-0.074421
-0.074659
-0.074823
-0.074983
-0.075096
-0.075196
-0.075271
-0.075327
-0.075378
-0.075401
-0.075438
-0.075437
-0.075468
-0.075448
-0.075480
-0.075445
-0.075482
-0.075434
-0.075482
-0.075420
-0.075484
-0.075405
-0.075490
-0.075391
-0.075504
-0.075379
-0.075526
-0.075369
-0.075559
-0.075360
-0.075605
-0.075351
-0.075664
-0.075341
-0.075740
-0.075327
-0.075836
-0.075307
-0.075956
-0.075278
-0.076105
-0.075234
-0.076290
-0.075170
-0.076520
-0.075078
-0.076806
-0.074947
-0.077163
-0.074764
-0.077610
-0.041790
-0.005766
-0.036524
-0.010329
-0.033050
-0.014091
-0.030989
-0.017371
-0.030062
-0.020405
-0.030070
-0.023364
-0.030862
-0.026366
-0.032325
-0.029494
-0.034365
-0.032794
-0.036900
-0.036279
-0.039846
-0.039937
-0.043116
-0.043728
-0.046613
-0.047588
-0.050231
-0.051436
-0.053857
-0.055179
-0.057379
-0.058722
-0.060692
-0.061981
-0.063709
-0.064888
-0.066368
-0.067400
-0.068633
-0.069500
-0.070499
-0.071200
-0.071985
-0.072530
-0.073127
-0.073534
-0.073973
-0.074266
-0.074575
-0.074777
-0.074985
-0.075118
-0.075249
-0.075332
-0.075406
-0.075455
-0.075488
-0.075515
-0.075519
-0.075536
-0.075520
-0.075533
-0.075501
-0.075517
-0.075474
-0.075498
-0.075444
-0.075480
-0.075415
-0.075467
-0.075389
-0.075462
-0.075367
-0.075465
-0.075349
-0.075479
-0.075334
-0.075505
-0.075322
-0.075543
-0.075312
-0.075595
-0.075301
-0.075664
-0.075288
-0.075751
-0.075270
-0.075860
-0.075244
-0.075997
-0.075205
-0.076167
-0.075147
-0.076379
-0.075064
-0.076642
-0.074946
-0.076970
-0.074779
-0.077382
-0.038607
-0.005387
-0.033757
-0.009677
-0.030613
-0.013253
-0.028821
-0.016417
-0.028124
-0.019394
-0.028338
-0.022348
-0.029328
-0.025396
-0.030993
-0.028615
-0.033247
-0.032050
-0.036015
-0.035714
-0.039216
-0.039588
-0.042761
-0.043625
-0.046549
-0.047751
-0.050462
-0.051870
-0.054375
-0.055873
-0.058160
-0.059649
-0.061697
-0.063099
-0.064888
-0.066144
-0.067662
-0.068737
-0.069984
-0.070863
-0.071853
-0.072538
-0.073294
-0.073804
-0.074358
-0.074716
-0.075102
-0.075339
-0.075591
-0.075733
-0.075883
-0.075957
-0.076032
-0.076059
-0.076082
-0.076079
-0.076066
-0.076047
-0.076011
-0.075986
-0.075936
-0.075913
-0.075853
-0.075837
-0.075771
-0.075766
-0.075694
-0.075704
-0.075626
-0.075654
-0.075567
-0.075616
-0.075517
-0.075592
-0.075476
-0.075581
-0.075442
-0.075584
-0.075413
-0.075602
-0.075389
-0.075635
-0.075367
-0.075684
-0.075344
-0.075751
-0.075319
-0.075840
-0.075288
-0.075954
-0.075247
-0.076099
-0.075190
-0.076281
-0.075112
-0.076510
-0.075002
-0.076798
-0.074851
-0.077160
-0.035362
-0.005011
-0.030939
-0.009025
-0.028127
-0.012402
-0.026596
-0.015429
-0.026111
-0.018320
-0.026503
-0.021230
-0.027652
-0.024275
-0.029471
-0.027530
-0.031884
-0.031040
-0.034823
-0.034817
-0.038215
-0.038841
-0.041972
-0.043060
-0.045989
-0.047393
-0.050143
-0.051731
-0.054296
-0.055952
-0.058308
-0.059929
-0.062043
-0.063548
-0.065391
-0.066719
-0.068274
-0.069390
-0.070654
-0.071547
-0.072535
-0.073212
-0.073950
-0.074436
-0.074960
-0.075284
-0.075634
-0.075830
-0.076045
-0.076146
-0.076259
-0.076293
-0.076334
-0.076325
-0.076318
-0.076284
-0.076246
-0.076200
-0.076143
-0.076096
-0.076029
-0.075987
-0.075915
-0.075883
-0.075809
-0.075789
-0.075713
-0.075709
-0.075630
-0.075644
-0.075559
-0.075595
-0.075501
-0.075560
-0.075453
-0.075541
-0.075414
-0.075536
-0.075383
-0.075545
-0.075356
-0.075570
-0.075333
-0.075610
-0.075311
-0.075667
-0.075287
-0.075744
-0.075259
-0.075844
-0.075222
-0.075972
-0.075172
-0.076133
-0.075103
-0.076336
-0.075007
-0.076591
-0.074873
-0.076914
-0.031846
-0.004593
-0.027884
-0.008305
-0.025437
-0.011473
-0.024201
-0.014367
-0.023963
-0.017189
-0.024577
-0.020089
-0.025940
-0.023179
-0.027978
-0.026534
-0.030628
-0.030199
-0.033833
-0.034185
-0.037522
-0.038468
-0.041608
-0.042988
-0.045978
-0.047650
-0.050497
-0.052328
-0.055008
-0.056876
-0.059348
-0.061144
-0.063359
-0.064996
-0.066914
-0.068328
-0.069925
-0.071081
-0.072354
-0.073245
-0.074211
-0.074854
-0.075545
-0.075972
-0.076432
-0.076683
-0.076959
-0.077075
-0.077212
-0.077232
-0.077270
-0.077227
-0.077198
-0.077119
-0.077048
-0.076951
-0.076857
-0.076757
-0.076653
-0.076558
-0.076452
-0.076369
-0.076265
-0.076198
-0.076098
-0.076048
-0.075952
-0.075921
-0.075828
-0.075817
-0.075723
-0.075735
-0.075637
-0.075672
-0.075566
-0.075628
-0.075508
-0.075601
-0.075461
-0.075591
-0.075422
-0.075596
-0.075388
-0.075617
-0.075358
-0.075655
-0.075328
-0.075712
-0.075295
-0.075789
-0.075257
-0.075891
-0.075209
-0.076023
-0.075146
-0.076191
-0.075060
-0.076405
-0.074944
-0.076676
-0.028198
-0.004155
-0.024712
-0.007542
-0.022628
-0.010473
-0.021672
-0.013199
-0.021655
-0.015908
-0.022451
-0.018744
-0.023975
-0.021816
-0.026169
-0.025200
-0.028986
-0.028942
-0.032377
-0.033054
-0.036282
-0.037513
-0.040616
-0.042255
-0.045266
-0.047175
-0.050086
-0.052133
-0.054903
-0.056963
-0.059533
-0.061491
-0.063799
-0.065560
-0.067552
-0.069051
-0.070695
-0.071896
-0.073188
-0.074088
-0.075046
-0.075669
-0.076333
-0.076720
-0.077140
-0.077340
-0.077568
-0.077630
-0.077719
-0.077686
-0.077678
-0.077587
-0.077517
-0.077395
-0.077290
-0.077158
-0.077037
-0.076907
-0.076782
-0.076663
-0.076541
-0.076439
-0.076323
-0.076240
-0.076132
-0.076068
-0.075968
-0.075925
-0.075831
-0.075807
-0.075716
-0.075714
-0.075622
-0.075642
-0.075546
-0.075590
-0.075484
-0.075555
-0.075434
-0.075536
-0.075393
-0.075533
-0.075358
-0.075545
-0.075328
-0.075572
-0.075300
-0.075616
-0.075270
-0.075678
-0.075237
-0.075761
-0.075195
-0.075869
-0.075141
-0.076009
-0.075069
-0.076187
-0.074971
-0.076414
-0.024348
-0.003695
-0.021369
-0.006746
-0.019681
-0.009442
-0.019040
-0.012012
-0.019285
-0.014636
-0.020313
-0.017452
-0.022060
-0.020566
-0.024487
-0.024056
-0.027562
-0.027971
-0.031251
-0.032326
-0.035501
-0.037095
-0.040229
-0.042207
-0.045313
-0.047541
-0.050589
-0.052932
-0.055860
-0.058181
-0.060908
-0.063079
-0.065521
-0.067439
-0.069526
-0.071117
-0.072809
-0.074042
-0.075333
-0.076211
-0.077127
-0.077686
-0.078276
-0.078572
-0.078898
-0.078991
-0.079118
-0.079069
-0.079055
-0.078915
-0.078810
-0.078620
-0.078463
-0.078254
-0.078072
-0.077865
-0.077678
-0.077484
-0.077304
-0.077132
-0.076965
-0.076818
-0.076667
-0.076546
-0.076411
-0.076315
-0.076195
-0.076123
-0.076014
-0.075965
-0.075866
-0.075839
-0.075744
-0.075739
-0.075645
-0.075663
-0.075565
-0.075607
-0.075500
-0.075569
-0.075447
-0.075548
-0.075403
-0.075541
-0.075366
-0.075550
-0.075332
-0.075573
-0.075299
-0.075612
-0.075265
-0.075670
-0.075227
-0.075749
-0.075179
-0.075853
-0.075119
-0.075988
-0.075039
-0.076163
-0.020314
-0.003195
-0.017857
-0.005872
-0.016559
-0.008289
-0.016211
-0.010655
-0.016678
-0.013134
-0.017883
-0.015857
-0.019783
-0.018930
-0.022359
-0.022433
-0.025598
-0.026419
-0.029482
-0.030909
-0.033970
-0.035880
-0.038986
-0.041259
-0.044408
-0.046916
-0.050060
-0.052665
-0.055722
-0.058280
-0.061147
-0.063520
-0.066089
-0.068161
-0.070347
-0.072038
-0.073789
-0.075066
-0.076375
-0.077250
-0.078148
-0.078668
-0.079213
-0.079446
-0.079713
-0.079733
-0.079795
-0.079672
-0.079596
-0.079388
-0.079227
-0.078979
-0.078774
-0.078517
-0.078297
-0.078051
-0.077835
-0.077612
-0.077410
-0.077215
-0.077032
-0.076867
-0.076706
-0.076570
-0.076430
-0.076321
-0.076199
-0.076115
-0.076008
-0.075947
-0.075852
-0.075812
-0.075725
-0.075705
-0.075623
-0.075622
-0.075540
-0.075560
-0.075474
-0.075515
-0.075419
-0.075485
-0.075375
-0.075469
-0.075338
-0.075466
-0.075306
-0.075476
-0.075277
-0.075499
-0.075247
-0.075537
-0.075215
-0.075591
-0.075178
-0.075665
-0.075132
-0.075763
-0.075072
-0.075891
-0.016140
-0.002690
-0.014233
-0.004994
-0.013358
-0.007145
-0.013340
-0.009329
-0.014076
-0.011701
-0.015514
-0.014385
-0.017639
-0.017490
-0.020453
-0.021100
-0.023967
-0.025276
-0.028180
-0.030045
-0.033065
-0.035388
-0.038552
-0.041223
-0.044511
-0.047404
-0.050744
-0.053713
-0.056992
-0.059875
-0.062958
-0.065597
-0.068347
-0.070606
-0.072914
-0.074706
-0.076508
-0.077801
-0.079093
-0.079912
-0.080736
-0.081148
-0.081580
-0.081674
-0.081806
-0.081674
-0.081596
-0.081323
-0.081111
-0.080763
-0.080480
-0.080107
-0.079795
-0.079432
-0.079121
-0.078786
-0.078495
-0.078199
-0.077936
-0.077681
-0.077451
-0.077237
-0.077038
-0.076862
-0.076694
-0.076551
-0.076409
-0.076296
-0.076175
-0.076088
-0.075985
-0.075921
-0.075832
-0.075787
-0.075708
-0.075681
-0.075608
-0.075599
-0.075528
-0.075535
-0.075463
-0.075488
-0.075411
-0.075455
-0.075367
-0.075434
-0.075331
-0.075424
-0.075299
-0.075426
-0.075270
-0.075438
-0.075242
-0.075463
-0.075212
-0.075501
-0.075178
-0.075555
-0.075137
-0.075630
-0.011745
-0.002128
-0.010402
-0.004006
-0.009937
-0.005833
-0.010216
-0.007771
-0.011167
-0.009958
-0.012766
-0.012512
-0.015023
-0.015541
-0.017965
-0.019136
-0.021627
-0.023366
-0.026031
-0.028270
-0.031170
-0.033838
-0.036986
-0.039992
-0.043351
-0.046575
-0.050057
-0.053347
-0.056812
-0.059994
-0.063276
-0.066169
-0.069099
-0.071550
-0.073991
-0.075898
-0.077774
-0.079105
-0.080409
-0.081201
-0.081987
-0.082326
-0.082688
-0.082684
-0.082730
-0.082493
-0.082326
-0.081954
-0.081662
-0.081228
-0.080877
-0.080434
-0.080069
-0.079651
-0.079301
-0.078925
-0.078605
-0.078279
-0.077997
-0.077720
-0.077478
-0.077248
-0.077043
-0.076856
-0.076684
-0.076533
-0.076391
-0.076269
-0.076152
-0.076056
-0.075959
-0.075884
-0.075804
-0.075746
-0.075680
-0.075636
-0.075580
-0.075548
-0.075499
-0.075479
-0.075435
-0.075424
-0.075383
-0.075382
-0.075341
-0.075350
-0.075306
-0.075327
-0.075278
-0.075312
-0.075254
-0.075304
-0.075233
-0.075303
-0.075214
-0.075310
-0.075194
-0.075326
-0.075173
-0.075352
-0.007267
-0.001576
-0.006514
-0.003043
-0.006493
-0.004568
-0.007109
-0.006293
-0.008325
-0.008341
-0.010149
-0.010831
-0.012619
-0.013871
-0.015794
-0.017564
-0.019736
-0.021993
-0.024495
-0.027212
-0.030086
-0.033219
-0.036464
-0.039938
-0.043498
-0.047193
-0.050951
-0.054699
-0.058478
-0.062076
-0.065662
-0.068894
-0.072073
-0.074754
-0.077352
-0.079366
-0.081293
-0.082612
-0.083867
-0.084550
-0.085211
-0.085374
-0.085565
-0.085352
-0.085206
-0.084755
-0.084398
-0.083823
-0.083356
-0.082743
-0.082238
-0.081643
-0.081149
-0.080605
-0.080149
-0.079671
-0.079267
-0.078860
-0.078512
-0.078172
-0.077878
-0.077598
-0.077354
-0.077126
-0.076926
-0.076741
-0.076579
-0.076429
-0.076299
-0.076177
-0.076074
-0.075975
-0.075894
-0.075812
-0.075750
-0.075681
-0.075634
-0.075575
-0.075542
-0.075488
-0.075468
-0.075418
-0.075409
-0.075359
-0.075362
-0.075310
-0.075324
-0.075268
-0.075295
-0.075232
-0.075272
-0.075199
-0.075255
-0.075169
-0.075244
-0.075140
-0.075238
-0.075112
-0.075236
-0.075084
-0.002546
-0.000952
-0.002392
-0.001941
-0.002795
-0.003095
-0.003702
-0.004525
-0.005113
-0.006340
-0.007067
-0.008648
-0.009631
-0.011562
-0.012894
-0.015193
-0.016948
-0.019642
-0.021876
-0.024981
-0.027722
-0.031229
-0.034468
-0.038322
-0.041991
-0.046081
-0.050043
-0.054193
-0.058241
-0.062223
-0.066096
-0.069660
-0.073095
-0.076020
-0.078802
-0.080948
-0.082963
-0.084303
-0.085556
-0.086169
-0.086757
-0.086793
-0.086869
-0.086504
-0.086233
-0.085630
-0.085155
-0.084446
-0.083879
-0.083157
-0.082574
-0.081896
-0.081345
-0.080742
-0.080246
-0.079728
-0.079299
-0.078866
-0.078503
-0.078146
-0.077846
-0.077555
-0.077310
-0.077075
-0.076877
-0.076687
-0.076530
-0.076375
-0.076252
-0.076124
-0.076030
-0.075923
-0.075853
-0.075760
-0.075712
-0.075627
-0.075599
-0.075519
-0.075509
-0.075429
-0.075437
-0.075352
-0.075380
-0.075286
-0.075335
-0.075226
-0.075300
-0.075171
-0.075274
-0.075118
-0.075257
-0.075065
-0.075247
-0.075009
-0.075246
-0.074948
-0.075255
-0.074881
-0.075274
-0.074804
0.002198
-0.000354
0.001730
-0.000890
0.000871
-0.001704
-0.000370
-0.002882
-0.002031
-0.004519
-0.004185
-0.006724
-0.006936
-0.009615
-0.010407
-0.013320
-0.014730
-0.017963
-0.020025
-0.023643
-0.026375
-0.030405
-0.033787
-0.038195
-0.042146
-0.046820
-0.051173
-0.055913
-0.060409
-0.064940
-0.069250
-0.073261
-0.077045
-0.080261
-0.083248
-0.085501
-0.087559
-0.088832
-0.089981
-0.090394
-0.090776
-0.090534
-0.090350
-0.089677
-0.089134
-0.088232
-0.087501
-0.086525
-0.085734
-0.084785
-0.084016
-0.083154
-0.082452
-0.081703
-0.081090
-0.080459
-0.079939
-0.079419
-0.078988
-0.078564
-0.078212
-0.077871
-0.077588
-0.077313
-0.077088
-0.076866
-0.076690
-0.076509
-0.076374
-0.076223
-0.076124
-0.075994
-0.075925
-0.075809
-0.075766
-0.075658
-0.075641
-0.075533
-0.075540
-0.075428
-0.075461
-0.075337
-0.075398
-0.075255
-0.075349
-0.075180
-0.075311
-0.075107
-0.075285
-0.075033
-0.075270
-0.074956
-0.075265
-0.074871
-0.075273
-0.074776
-0.075295
-0.074665
-0.075335
-0.074535
0.007196
0.000327
0.006101
0.000321
0.004815
-0.000069
0.003299
-0.000898
0.001477
-0.002241
-0.000758
-0.004199
-0.003543
-0.006893
-0.007036
-0.010465
-0.011405
-0.015065
-0.016817
-0.020824
-0.023401
-0.027824
-0.031207
-0.036043
-0.040148
-0.045299
-0.049943
-0.055197
-0.060083
-0.065126
-0.069859
-0.074319
-0.078478
-0.082015
-0.085257
-0.087663
-0.089822
-0.091080
-0.092189
-0.092458
-0.092703
-0.092244
-0.091878
-0.090972
-0.090244
-0.089129
-0.088237
-0.087086
-0.086170
-0.085090
-0.084232
-0.083278
-0.082519
-0.081710
-0.081063
-0.080397
-0.079860
-0.079320
-0.078884
-0.078452
-0.078102
-0.077758
-0.077481
-0.077206
-0.076990
-0.076769
-0.076603
-0.076421
-0.076299
-0.076145
-0.076058
-0.075923
-0.075868
-0.075743
-0.075717
-0.075595
-0.075597
-0.075471
-0.075502
-0.075364
-0.075426
-0.075268
-0.075367
-0.075180
-0.075321
-0.075096
-0.075287
-0.075010
-0.075265
-0.074921
-0.075255
-0.074823
-0.075258
-0.074713
-0.075277
-0.074586
-0.075314
-0.074436
-0.075374
-0.074256
0.012154
0.000970
0.010414
0.001457
0.008670
0.001449
0.006836
0.000917
0.004795
-0.000199
0.002400
-0.001999
-0.000523
-0.004615
-0.004174
-0.008213
-0.008773
-0.012977
-0.014539
-0.019086
-0.021662
-0.026668
-0.030245
-0.035738
-0.040230
-0.046116
-0.051313
-0.057349
-0.062885
-0.068680
-0.074053
-0.079128
-0.083791
-0.087708
-0.091222
-0.093723
-0.095895
-0.096987
-0.097892
-0.097812
-0.097716
-0.096818
-0.096060
-0.094702
-0.093591
-0.092063
-0.090834
-0.089334
-0.088139
-0.086780
-0.085701
-0.084532
-0.083604
-0.082634
-0.081860
-0.081074
-0.080444
-0.079816
-0.079312
-0.078815
-0.078416
-0.078024
-0.077712
-0.077401
-0.077161
-0.076911
-0.076730
-0.076525
-0.076393
-0.076218
-0.076128
-0.075973
-0.075920
-0.075775
-0.075756
-0.075611
-0.075625
-0.075473
-0.075522
-0.075353
-0.075440
-0.075245
-0.075376
-0.075144
-0.075328
-0.075044
-0.075293
-0.074942
-0.075271
-0.074833
-0.075264
-0.074713
-0.075273
-0.074575
-0.075300
-0.074414
-0.075351
-0.074222
-0.075431
-0.073989
0.017361
0.001704
0.014976
0.002771
0.012813
0.003238
0.010734
0.003116
0.008582
0.002365
0.006175
0.000897
0.003305
-0.001425
-0.000266
-0.004786
-0.004805
-0.009403
-0.010590
-0.015506
-0.017881
-0.023288
-0.026857
-0.032828
-0.037522
-0.043989
-0.049596
-0.056304
-0.062416
-0.068917
-0.074930
-0.080642
-0.085870
-0.090231
-0.094109
-0.096784
-0.099060
-0.100060
-0.100846
-0.100487
-0.100139
-0.098881
-0.097829
-0.096116
-0.094737
-0.092910
-0.091470
-0.089746
-0.088402
-0.086890
-0.085719
-0.084455
-0.083476
-0.082453
-0.081659
-0.080849
-0.080217
-0.079583
-0.079087
-0.078594
-0.078209
-0.077825
-0.077531
-0.077228
-0.077006
-0.076764
-0.076600
-0.076400
-0.076285
-0.076112
-0.076039
-0.075882
-0.075846
-0.075695
-0.075694
-0.075538
-0.075574
-0.075404
-0.075478
-0.075285
-0.075402
-0.075175
-0.075343
-0.075068
-0.075299
-0.074961
-0.075268
-0.074847
-0.075251
-0.074723
-0.075250
-0.074583
-0.075266
-0.074421
-0.075304
-0.074229
-0.075369
-0.073999
-0.075470
-0.073717
0.022462
0.002385
0.019420
0.003984
0.016810
0.004876
0.014441
0.005102
0.012115
0.004639
0.009611
0.003401
0.006680
0.001237
0.003035
-0.002065
-0.001651
-0.006776
-0.007732
-0.013196
-0.015560
-0.021603
-0.025411
-0.032160
-0.037370
-0.044775
-0.051163
-0.058935
-0.066007
-0.073580
-0.080562
-0.087164
-0.093146
-0.098025
-0.102267
-0.104998
-0.107211
-0.107861
-0.108256
-0.107293
-0.106383
-0.104434
-0.102789
-0.100419
-0.098505
-0.096120
-0.094240
-0.092075
-0.090394
-0.088550
-0.087130
-0.085625
-0.084468
-0.083274
-0.082354
-0.081424
-0.080704
-0.079986
-0.079430
-0.078878
-0.078452
-0.078026
-0.077703
-0.077370
-0.077129
-0.076863
-0.076688
-0.076469
-0.076348
-0.076158
-0.076084
-0.075911
-0.075878
-0.075709
-0.075716
-0.075541
-0.075588
-0.075396
-0.075487
-0.075266
-0.075408
-0.075145
-0.075346
-0.075027
-0.075300
-0.074906
-0.075269
-0.074777
-0.075253
-0.074635
-0.075255
-0.074474
-0.075277
-0.074285
-0.075324
-0.074061
-0.075403
-0.073790
-0.075523
-0.073458
0.027789
0.003162
0.024098
0.005384
0.021088
0.006803
0.018518
0.007502
0.016148
0.007486
0.013723
0.006683
0.010963
0.004942
0.007540
0.002027
0.003077
-0.002374
-0.002855
-0.008634
-0.010710
-0.017133
-0.020889
-0.028155
-0.033605
-0.041720
-0.048674
-0.057351
-0.065281
-0.073875
-0.081857
-0.089415
-0.096287
-0.101819
-0.106592
-0.109513
-0.111801
-0.112200
-0.112307
-0.110822
-0.109449
-0.106902
-0.104787
-0.101883
-0.099584
-0.096792
-0.094643
-0.092203
-0.090358
-0.088349
-0.086845
-0.085255
-0.084068
-0.082841
-0.081924
-0.080992
-0.080293
-0.079589
-0.079061
-0.078531
-0.078135
-0.077731
-0.077438
-0.077126
-0.076912
-0.076663
-0.076512
-0.076305
-0.076206
-0.076024
-0.075971
-0.075800
-0.075787
-0.075615
-0.075642
-0.075458
-0.075528
-0.075321
-0.075437
-0.075194
-0.075366
-0.075073
-0.075310
-0.074952
-0.075269
-0.074824
-0.075243
-0.074685
-0.075233
-0.074529
-0.075241
-0.074350
-0.075271
-0.074138
-0.075328
-0.073884
-0.075421
-0.073575
-0.075561
-0.073197
0.032940
0.003872
0.028595
0.006659
0.025160
0.008544
0.022343
0.009645
0.019862
0.009989
0.017425
0.009508
0.014711
0.008038
0.011344
0.005311
0.006877
0.000949
0.000780
-0.005521
-0.007533
-0.014622
-0.018635
-0.026806
-0.032912
-0.042233
-0.050282
-0.060444
-0.069825
-0.080015
-0.089525
-0.098451
-0.106505
-0.112785
-0.118051
-0.120924
-0.122968
-0.122663
-0.122024
-0.119495
-0.117186
-0.113553
-0.110545
-0.106696
-0.103662
-0.100131
-0.097431
-0.094453
-0.092220
-0.089838
-0.088071
-0.086230
-0.084870
-0.083478
-0.082448
-0.081408
-0.080637
-0.079863
-0.079289
-0.078712
-0.078287
-0.077852
-0.077540
-0.077205
-0.076980
-0.076714
-0.076558
-0.076337
-0.076237
-0.076042
-0.075991
-0.075806
-0.075799
-0.075613
-0.075649
-0.075448
-0.075531
-0.075303
-0.075437
-0.075168
-0.075364
-0.075038
-0.075307
-0.074907
-0.075266
-0.074768
-0.075240
-0.074616
-0.075232
-0.074443
-0.075243
-0.074243
-0.075279
-0.074007
-0.075345
-0.073722
-0.075452
-0.073376
-0.075610
-0.072949
0.038276
0.004678
0.033292
0.008122
0.029492
0.010578
0.026529
0.012216
0.024084
0.013096
0.021838
0.013171
0.019443
0.012283
0.016491
0.010147
0.012482
0.006339
0.006802
0.000292
-0.001273
-0.008668
-0.012511
-0.021204
-0.027545
-0.037719
-0.046527
-0.057929
-0.068610
-0.080341
-0.091481
-0.101940
-0.111473
-0.118786
-0.124857
-0.127913
-0.129907
-0.129012
-0.127723
-0.124214
-0.121059
-0.116436
-0.112678
-0.108040
-0.104472
-0.100407
-0.097386
-0.094096
-0.091705
-0.089170
-0.087353
-0.085460
-0.084112
-0.082724
-0.081737
-0.080729
-0.080011
-0.079280
-0.078761
-0.078228
-0.077853
-0.077458
-0.077190
-0.076889
-0.076702
-0.076462
-0.076338
-0.076137
-0.076064
-0.075882
-0.075855
-0.075677
-0.075692
-0.075506
-0.075565
-0.075358
-0.075463
-0.075223
-0.075382
-0.075095
-0.075319
-0.074967
-0.075269
-0.074833
-0.075235
-0.074689
-0.075215
-0.074528
-0.075212
-0.074343
-0.075229
-0.074126
-0.075273
-0.073868
-0.075349
-0.073556
-0.075469
-0.073174
-0.075646
-0.072703
0.043361
0.005403
0.037742
0.009434
0.033554
0.012392
0.030398
0.014486
0.027920
0.015802
0.025767
0.016308
0.023559
0.015840
0.020844
0.014081
0.017051
0.010535
0.011451
0.004503
0.003135
-0.004901
-0.008939
-0.018641
-0.025752
-0.037459
-0.047780
-0.061298
-0.074215
-0.088443
-0.102112
-0.114834
-0.126332
-0.134807
-0.141551
-0.144303
-0.145626
-0.143322
-0.140593
-0.135258
-0.130529
-0.124202
-0.119111
-0.113138
-0.108591
-0.103586
-0.099912
-0.096005
-0.093205
-0.090286
-0.088223
-0.086098
-0.084608
-0.083083
-0.082016
-0.080929
-0.080167
-0.079390
-0.078846
-0.078286
-0.077899
-0.077487
-0.077213
-0.076901
-0.076712
-0.076465
-0.076341
-0.076132
-0.076063
-0.075873
-0.075851
-0.075664
-0.075687
-0.075489
-0.075558
-0.075337
-0.075456
-0.075197
-0.075374
-0.075063
-0.075310
-0.074929
-0.075261
-0.074787
-0.075227
-0.074633
-0.075209
-0.074460
-0.075208
-0.074260
-0.075229
-0.074025
-0.075278
-0.073744
-0.075364
-0.073404
-0.075496
-0.072987
-0.075691
-0.072472
0.048571
0.006216
0.042342
0.010922
0.037833
0.014486
0.034595
0.017173
0.032242
0.019113
0.030405
0.020306
0.028691
0.020608
0.026631
0.019702
0.023616
0.017054
0.018835
0.011863
0.011218
0.003044
-0.000563
-0.010705
-0.017924
-0.030604
-0.041874
-0.057098
-0.072004
-0.088661
-0.105117
-0.120500
-0.134635
-0.144897
-0.152914
-0.155752
-0.156627
-0.152976
-0.148803
-0.141608
-0.135331
-0.127369
-0.121107
-0.114004
-0.108754
-0.103100
-0.099090
-0.094879
-0.091978
-0.088962
-0.086926
-0.084816
-0.083408
-0.081949
-0.080982
-0.079975
-0.079311
-0.078614
-0.078157
-0.077667
-0.077353
-0.076999
-0.076786
-0.076521
-0.076380
-0.076169
-0.076085
-0.075902
-0.075865
-0.075693
-0.075698
-0.075522
-0.075569
-0.075375
-0.075466
-0.075242
-0.075383
-0.075116
-0.075317
-0.074990
-0.075264
-0.074859
-0.075223
-0.074717
-0.075196
-0.074559
-0.075183
-0.074378
-0.075188
-0.074167
-0.075216
-0.073917
-0.075272
-0.073617
-0.075367
-0.073251
-0.075512
-0.072802
-0.075724
-0.072246
0.053454
0.006936
0.046627
0.012236
0.041778
0.016324
0.038411
0.019512
0.036109
0.021966
0.034484
0.023709
0.033124
0.024608
0.031532
0.024329
0.029046
0.022277
0.024743
0.017508
0.017329
0.008654
0.005081
-0.006072
-0.014047
-0.028599
-0.041866
-0.060123
-0.078538
-0.099291
-0.120198
-0.139675
-0.157333
-0.169569
-0.178510
-0.180400
-0.179569
-0.173029
-0.166013
-0.155563
-0.146620
-0.136000
-0.127787
-0.118863
-0.112381
-0.105612
-0.100902
-0.096060
-0.092794
-0.089445
-0.087234
-0.084958
-0.083477
-0.081940
-0.080948
-0.079910
-0.079243
-0.078535
-0.078084
-0.077592
-0.077287
-0.076935
-0.076731
-0.076467
-0.076335
-0.076124
-0.076048
-0.075864
-0.075835
-0.075660
-0.075673
-0.075491
-0.075548
-0.075346
-0.075448
-0.075212
-0.075367
-0.075084
-0.075303
-0.074955
-0.075251
-0.074819
-0.075212
-0.074672
-0.075186
-0.074505
-0.075175
-0.074315
-0.075183
-0.074091
-0.075214
-0.073825
-0.075276
-0.073504
-0.075379
-0.073113
-0.075535
-0.072632
-0.075764
-0.072036
0.058385
0.007731
0.050993
0.013702
0.045877
0.018410
0.042494
0.022231
0.040406
0.025383
0.039222
0.027940
0.038541
0.029810
0.037878
0.030691
0.036571
0.029987
0.033649
0.026679
0.027668
0.019181
0.016552
0.005232
-0.002433
-0.017943
-0.032200
-0.052743
-0.074185
-0.098903
-0.124858
-0.149391
-0.172190
-0.187866
-0.198929
-0.200487
-0.198007
-0.188322
-0.178074
-0.164020
-0.152248
-0.138963
-0.128997
-0.118553
-0.111248
-0.103797
-0.098841
-0.093802
-0.090580
-0.087269
-0.085220
-0.083074
-0.081781
-0.080397
-0.079582
-0.078685
-0.078168
-0.077581
-0.077252
-0.076858
-0.076649
-0.076374
-0.076244
-0.076039
-0.075965
-0.075798
-0.075767
-0.075615
-0.075622
-0.075469
-0.075511
-0.075343
-0.075424
-0.075228
-0.075353
-0.075117
-0.075294
-0.075004
-0.075245
-0.074884
-0.075205
-0.074753
-0.075175
-0.074606
-0.075156
-0.074437
-0.075151
-0.074240
-0.075164
-0.074007
-0.075201
-0.073728
-0.075270
-0.073389
-0.075382
-0.072976
-0.075550
-0.072466
-0.075794
-0.071833
0.062913
0.008420
0.054978
0.014970
0.049579
0.020207
0.046131
0.024558
0.044178
0.028285
0.043323
0.031504
0.043170
0.034158
0.043239
0.035963
0.042859
0.036306
0.040990
0.034062
0.035987
0.027341
0.025289
0.013210
0.005172
-0.012383
-0.028989
-0.053768
-0.080739
-0.112441
-0.146843
-0.179653
-0.209366
-0.228774
-0.241121
-0.240037
-0.233192
-0.217306
-0.201252
-0.181260
-0.164967
-0.147604
-0.134909
-0.122145
-0.113453
-0.104849
-0.099294
-0.093752
-0.090329
-0.086836
-0.084762
-0.082577
-0.081324
-0.079957
-0.079196
-0.078333
-0.077867
-0.077312
-0.077024
-0.076657
-0.076479
-0.076225
-0.076119
-0.075929
-0.075873
-0.075715
-0.075698
-0.075551
-0.075570
-0.075418
-0.075471
-0.075300
-0.075392
-0.075191
-0.075327
-0.075082
-0.075272
-0.074970
-0.075226
-0.074849
-0.075189
-0.074715
-0.075161
-0.074563
-0.075144
-0.074388
-0.075142
-0.074182
-0.075158
-0.073938
-0.075198
-0.073645
-0.075272
-0.073289
-0.075391
-0.072853
-0.075570
-0.072315
-0.075828
-0.071647
0.067395
0.009165
0.058960
0.016353
0.053350
0.022198
0.049946
0.027191
0.048280
0.031662
0.047972
0.035791
0.048664
0.039597
0.049935
0.042877
0.051175
0.045090
0.051393
0.045133
0.048890
0.040982
0.040795
0.029184
0.022484
0.004399
-0.012659
-0.040217
-0.071569
-0.109821
-0.154003
-0.197545
-0.238477
-0.265364
-0.281466
-0.278449
-0.266234
-0.242626
-0.219161
-0.192020
-0.170631
-0.149075
-0.133981
-0.119427
-0.110013
-0.100934
-0.095434
-0.089984
-0.086885
-0.083670
-0.081962
-0.080076
-0.079147
-0.078041
-0.077541
-0.076888
-0.076623
-0.076231
-0.076095
-0.075851
-0.075787
-0.075624
-0.075603
-0.075480
-0.075488
-0.075379
-0.075411
-0.075299
-0.075355
-0.075226
-0.075309
-0.075154
-0.075270
-0.075076
-0.075234
-0.074991
-0.075201
-0.074894
-0.075171
-0.074783
-0.075146
-0.074654
-0.075126
-0.074504
-0.075117
-0.074327
-0.075120
-0.074117
-0.075141
-0.073865
-0.075187
-0.073561
-0.075267
-0.073190
-0.075394
-0.072735
-0.075582
-0.072172
-0.075854
-0.071472
0.071405
0.009793
0.062499
0.017519
0.056668
0.023869
0.053257
0.029391
0.051792
0.034467
0.051906
0.039337
0.053275
0.044085
0.055530
0.048586
0.058129
0.052368
0.060124
0.054346
0.059757
0.052326
0.053767
0.042164
0.036300
0.016629
-0.002305
-0.035243
-0.074948
-0.125255
-0.187135
-0.249838
-0.305799
-0.340581
-0.358658
-0.348241
-0.324200
-0.286324
-0.250461
-0.212178
-0.183197
-0.155642
-0.137082
-0.119973
-0.109366
-0.099452
-0.093750
-0.088173
-0.085215
-0.082107
-0.080611
-0.078880
-0.078143
-0.077173
-0.076822
-0.076275
-0.076118
-0.075802
-0.075741
-0.075552
-0.075540
-0.075414
-0.075429
-0.075331
-0.075364
-0.075271
-0.075321
-0.075219
-0.075289
-0.075165
-0.075260
-0.075105
-0.075232
-0.075036
-0.075204
-0.074955
-0.075177
-0.074860
-0.075151
-0.074749
-0.075129
-0.074619
-0.075112
-0.074466
-0.075105
-0.074284
-0.075110
-0.074067
-0.075134
-0.073806
-0.075183
-0.073490
-0.075268
-0.073104
-0.075401
-0.072631
-0.075598
-0.072045
-0.075882
-0.071315
0.075265
0.010452
0.065938
0.018750
0.059954
0.025660
0.056629
0.031794
0.055493
0.037606
0.056212
0.043419
0.058529
0.049426
0.062186
0.055645
0.066797
0.061789
0.071615
0.066986
0.075082
0.069187
0.073945
0.064025
0.061634
0.042841
0.025678
-0.009695
-0.054544
-0.115180
-0.197773
-0.286660
-0.370422
-0.423497
-0.448506
-0.429976
-0.388385
-0.330265
-0.276945
-0.224184
-0.186377
-0.152791
-0.131576
-0.113001
-0.102337
-0.092641
-0.087631
-0.082689
-0.080485
-0.077998
-0.077123
-0.075888
-0.075617
-0.075017
-0.075003
-0.074723
-0.074806
-0.074682
-0.074793
-0.074740
-0.074850
-0.074823
-0.074926
-0.074898
-0.074995
-0.074952
-0.075050
-0.074982
-0.075088
-0.074988
-0.075111
-0.074971
-0.075120
-0.074932
-0.075120
-0.074873
-0.075113
-0.074793
-0.075102
-0.074692
-0.075090
-0.074567
-0.075082
-0.074416
-0.075081
-0.074233
-0.075091
-0.074013
-0.075120
-0.073746
-0.075174
-0.073420
-0.075264
-0.073023
-0.075403
-0.072533
-0.075608
-0.071926
-0.075904
-0.071170
0.078594
0.010987
0.068885
0.019751
0.062739
0.027109
0.059450
0.033730
0.058548
0.040125
0.059730
0.046690
0.062801
0.053715
0.067607
0.061358
0.073926
0.069527
0.081240
0.077602
0.088255
0.083764
0.091832
0.083492
0.084653
0.066332
0.050400
0.010051
-0.044895
-0.125509
-0.251170
-0.391604
-0.509813
-0.579468
-0.607995
-0.567831
-0.492069
-0.399102
-0.318637
-0.244602
-0.194519
-0.152990
-0.128308
-0.107922
-0.097086
-0.087566
-0.083205
-0.078840
-0.077303
-0.075333
-0.074964
-0.074106
-0.074183
-0.073839
-0.074056
-0.073945
-0.074178
-0.074165
-0.074374
-0.074393
-0.074567
-0.074586
-0.074732
-0.074734
-0.074861
-0.074837
-0.074955
-0.074899
-0.075020
-0.074926
-0.075060
-0.074923
-0.075082
-0.074893
-0.075091
-0.074840
-0.075090
-0.074763
-0.075083
-0.074663
-0.075075
-0.074538
-0.075069
-0.074384
-0.075070
-0.074198
-0.075083
-0.073972
-0.075113
-0.073698
-0.075170
-0.073364
-0.075264
-0.072954
-0.075408
-0.072450
-0.075621
-0.071824
-0.075926
-0.071044
0.081664
0.011523
0.071628
0.020758
0.065380
0.028586
0.062195
0.035737
0.061615
0.042791
0.063382
0.050234
0.067390
0.058485
0.073634
0.067897
0.082141
0.078685
0.092786
0.090698
0.104871
0.102790
0.116029
0.111181
0.119473
0.105256
0.097109
0.057717
0.002462
-0.092770
-0.268924
-0.478466
-0.663420
-0.771121
-0.807426
-0.738440
-0.611691
-0.470594
-0.353515
-0.252147
-0.188898
-0.140801
-0.114853
-0.094841
-0.085571
-0.077644
-0.074952
-0.071969
-0.071677
-0.070689
-0.071167
-0.070967
-0.071605
-0.071698
-0.072286
-0.072466
-0.072949
-0.073131
-0.073509
-0.073662
-0.073953
-0.074064
-0.074291
-0.074358
-0.074542
-0.074563
-0.074723
-0.074698
-0.074849
-0.074777
-0.074935
-0.074811
-0.074989
-0.074808
-0.075021
-0.074773
-0.075037
-0.074709
-0.075043
-0.074617
-0.075044
-0.074496
-0.075045
-0.074345
-0.075051
-0.074158
-0.075067
-0.073930
-0.075102
-0.073651
-0.075162
-0.073310
-0.075260
-0.072891
-0.075409
-0.072375
-0.075629
-0.071734
-0.075943
-0.070934
0.084165
0.011934
0.073847
0.021529
0.067492
0.029714
0.064360
0.037262
0.064002
0.044810
0.066197
0.052915
0.070914
0.062111
0.078288
0.072930
0.088585
0.085892
0.102103
0.101372
0.118865
0.119104
0.137654
0.136610
0.153064
0.144173
0.146283
0.108918
0.053470
-0.074241
-0.367302
-0.696386
-0.906980
-1.002590
-1.034917
-0.921316
-0.729778
-0.539818
-0.390344
-0.259756
-0.181546
-0.126846
-0.100341
-0.081762
-0.074787
-0.068945
-0.068135
-0.066607
-0.067521
-0.067427
-0.068635
-0.068970
-0.070046
-0.070459
-0.071312
-0.071685
-0.072330
-0.072631
-0.073109
-0.073335
-0.073689
-0.073847
-0.074115
-0.074211
-0.074422
-0.074461
-0.074639
-0.074626
-0.074790
-0.074724
-0.074892
-0.074771
-0.074957
-0.074776
-0.074997
-0.074746
-0.075018
-0.074685
-0.075028
-0.074594
-0.075031
-0.074473
-0.075034
-0.074321
-0.075042
-0.074132
-0.075061
-0.073900
-0.075097
-0.073616
-0.075160
-0.073268
-0.075260
-0.072841
-0.075413
-0.072314
-0.075638
-0.071659
-0.075959
-0.070842
0.086302
0.012312
0.075760
0.022245
0.069345
0.030771
0.066306
0.038713
0.066208
0.046762
0.068873
0.055556
0.074357
0.065749
0.082949
0.078075
0.095196
0.093407
0.111907
0.112761
0.134052
0.137074
0.162184
0.166105
0.194055
0.193921
0.215250
0.190506
0.159085
0.021912
-0.318210
-0.638987
-0.810161
-0.882135
-0.965966
-0.900595
-0.691759
-0.498716
-0.366028
-0.233954
-0.154548
-0.100801
-0.077619
-0.063223
-0.060104
-0.057510
-0.059253
-0.059686
-0.062112
-0.063156
-0.065255
-0.066262
-0.067874
-0.068694
-0.069879
-0.070507
-0.071362
-0.071828
-0.072443
-0.072778
-0.073225
-0.073455
-0.073786
-0.073932
-0.074186
-0.074260
-0.074469
-0.074479
-0.074666
-0.074616
-0.074801
-0.074690
-0.074890
-0.074715
-0.074947
-0.074698
-0.074980
-0.074646
-0.074999
-0.074562
-0.075009
-0.074445
-0.075017
-0.074294
-0.075029
-0.074104
-0.075050
-0.073871
-0.075089
-0.073584
-0.075154
-0.073232
-0.075258
-0.072798
-0.075414
-0.072263
-0.075643
-0.071598
-0.075970
-0.070767
0.087855
0.012571
0.077140
0.022733
0.070665
0.031489
0.067671
0.039693
0.067733
0.048075
0.070703
0.057330
0.076703
0.068203
0.086144
0.081591
0.099807
0.098672
0.118970
0.121070
0.145577
0.151022
0.182313
0.191220
0.231799
0.242675
0.290974
0.291755
0.318853
0.230339
-0.068335
-0.380087
-0.615094
-0.661753
-0.712617
-0.684378
-0.528163
-0.383619
-0.294705
-0.188050
-0.119623
-0.073956
-0.056541
-0.047266
-0.048086
-0.048587
-0.052626
-0.054750
-0.058428
-0.060377
-0.063157
-0.064654
-0.066645
-0.067738
-0.069139
-0.069923
-0.070905
-0.071463
-0.072154
-0.072545
-0.073038
-0.073303
-0.073662
-0.073829
-0.074103
-0.074190
-0.074412
-0.074430
-0.074626
-0.074581
-0.074772
-0.074663
-0.074869
-0.074694
-0.074930
-0.074681
-0.074968
-0.074631
-0.074989
-0.074547
-0.075001
-0.074430
-0.075011
-0.074279
-0.075023
-0.074088
-0.075046
-0.073852
-0.075086
-0.073563
-0.075152
-0.073206
-0.075257
-0.072768
-0.075416
-0.072226
-0.075648
-0.071552
-0.075980
-0.070711
0.088951
0.012767
0.078123
0.023105
0.071621
0.032041
0.068682
0.040455
0.068889
0.049110
0.072123
0.058746
0.078558
0.070184
0.088709
0.084452
0.103551
0.102974
0.124750
0.127863
0.155071
0.162395
0.199048
0.211633
0.263702
0.282385
0.356822
0.376019
0.464313
0.413501
0.049517
-0.330368
-0.605242
-0.613980
-0.581902
-0.511099
-0.391523
-0.279027
-0.217013
-0.140422
-0.083928
-0.049135
-0.037675
-0.033503
-0.037679
-0.040862
-0.046782
-0.050338
-0.055053
-0.057777
-0.061136
-0.063065
-0.065388
-0.066731
-0.068330
-0.069266
-0.070370
-0.071022
-0.071791
-0.072243
-0.072787
-0.073092
-0.073486
-0.073680
-0.073978
-0.074084
-0.074322
-0.074353
-0.074561
-0.074524
-0.074724
-0.074621
-0.074834
-0.074662
-0.074904
-0.074656
-0.074948
-0.074611
-0.074974
-0.074531
-0.074990
-0.074416
-0.075002
-0.074265
-0.075016
-0.074074
-0.075040
-0.073838
-0.075082
-0.073546
-0.075150
-0.073188
-0.075256
-0.072746
-0.075417
-0.072200
-0.075651
-0.071521
-0.075986
-0.070673
0.089478
0.012856
0.078592
0.023272
0.072071
0.032288
0.069149
0.040793
0.069414
0.049566
0.072760
0.059368
0.079384
0.071055
0.089853
0.085722
0.105242
0.104921
0.127429
0.131041
0.159661
0.167982
0.207630
0.222324
0.281281
0.304793
0.395813
0.427052
0.554511
0.518495
0.102644
-0.260751
-0.493337
-0.513254
-0.504519
-0.453430
-0.345505
-0.228575
-0.175180
-0.112269
-0.063445
-0.035046
-0.027578
-0.026356
-0.032497
-0.037121
-0.044049
-0.048338
-0.053580
-0.056681
-0.060318
-0.062446
-0.064919
-0.066371
-0.068053
-0.069049
-0.070201
-0.070888
-0.071685
-0.072158
-0.072719
-0.073037
-0.073442
-0.073644
-0.073948
-0.074059
-0.074301
-0.074335
-0.074547
-0.074511
-0.074714
-0.074612
-0.074826
-0.074654
-0.074899
-0.074650
-0.074944
-0.074606
-0.074971
-0.074526
-0.074987
-0.074411
-0.074999
-0.074260
-0.075014
-0.074069
-0.075039
-0.073832
-0.075081
-0.073539
-0.075149
-0.073180
-0.075256
-0.072736
-0.075417
-0.072188
-0.075653
-0.071506
-0.075989
-0.070654
0.089478
0.012856
0.078592
0.023272
0.072071
0.032288
0.069149
0.040793
0.069414
0.049566
0.072760
0.059368
0.079384
0.071055
0.089853
0.085722
0.105242
0.104921
0.127429
0.131041
0.159661
0.167982
0.207630
0.222324
0.281281
0.304793
0.395813
0.427052
0.554511
0.518495
0.102644
-0.260751
-0.493337
-0.513254
-0.504519
-0.453430
-0.345505
-0.228575
-0.175180
-0.112269
-0.063445
-0.035046
-0.027578
-0.026356
-0.032497
-0.037121
-0.044049
-0.048338
-0.053580
-0.056681
-0.060318
-0.062446
-0.064919
-0.066371
-0.068053
-0.069049
-0.070201
-0.070888
-0.071685
-0.072158
-0.072719
-0.073037
-0.073442
-0.073644
-0.073948
-0.074059
-0.074301
-0.074335
-0.074547
-0.074511
-0.074714
-0.074612
-0.074826
-0.074654
-0.074899
-0.074650
-0.074944
-0.074606
-0.074971
-0.074526
-0.074987
-0.074411
-0.074999
-0.074260
-0.075014
-0.074069
-0.075039
-0.073832
-0.075081
-0.073539
-0.075149
-0.073180
-0.075256
-0.072736
-0.075417
-0.072188
-0.075653
-0.071506
-0.075989
-0.070654
0.088951
0.012767
0.078123
0.023105
0.071621
0.032041
0.068682
0.040455
0.068889
0.049110
0.072123
0.058746
0.078558
0.070184
0.088709
0.084452
0.103551
0.102974
0.124750
0.127863
0.155071
0.162395
0.199048
0.211633
0.263702
0.282385
0.356822
0.376019
0.464313
0.413501
0.049517
-0.330368
-0.605242
-0.613980
-0.581902
-0.511099
-0.391523
-0.279027
-0.217013
-0.140422
-0.083928
-0.049135
-0.037675
-0.033503
-0.037679
-0.040862
-0.046782
-0.050338
-0.055053
-0.057777
-0.061136
-0.063065
-0.065388
-0.066731
-0.068330
-0.069266
-0.070370
-0.071022
-0.071791
-0.072243
-0.072787
-0.073092
-0.073486
-0.073680
-0.073978
-0.074084
-0.074322
-0.074353
-0.074561
-0.074524
-0.074724
-0.074621
-0.074834
-0.074662
-0.074904
-0.074656
-0.074948
-0.074611
-0.074974
-0.074531
-0.074990
-0.074416
-0.075002
-0.074265
-0.075016
-0.074074
-0.075040
-0.073838
-0.075082
-0.073546
-0.075150
-0.073188
-0.075256
-0.072746
-0.075417
-0.072200
-0.075651
-0.071521
-0.075986
-0.070673
0.087855
0.012571
0.077140
0.022733
0.070665
0.031489
0.067671
0.039693
0.067733
0.048075
0.070703
0.057330
0.076703
0.068203
0.086144
0.081591
0.099807
0.098672
0.118970
0.121070
0.145577
0.151022
0.182313
0.191220
0.231799
0.242675
0.290974
0.291755
0.318853
0.230339
-0.068335
-0.380087
-0.615094
-0.661753
-0.712617
-0.684378
-0.528163
-0.383619
-0.294705
-0.188050
-0.119623
-0.073956
-0.056541
-0.047266
-0.048086
-0.048587
-0.052626
-0.054750
-0.058428
-0.060377
-0.063157
-0.064654
-0.066645
-0.067738
-0.069139
-0.069923
-0.070905
-0.071463
-0.072154
-0.072545
-0.073038
-0.073303
-0.073662
-0.073829
-0.074103
-0.074190
-0.074412
-0.074430
-0.074626
-0.074581
-0.074772
-0.074663
-0.074869
-0.074694
-0.074930
-0.074681
-0.074968
-0.074631
-0.074989
-0.074547
-0.075001
-0.074430
-0.075011
-0.074279
-0.075023
-0.074088
-0.075046
-0.073852
-0.075086
-0.073563
-0.075152
-0.073206
-0.075257
-0.072768
-0.075416
-0.072226
-0.075648
-0.071552
-0.075980
-0.070711
0.086302
0.012312
0.075760
0.022245
0.069345
0.030771
0.066306
0.038713
0.066208
0.046762
0.068873
0.055556
0.074357
0.065749
0.082949
0.078075
0.095196
0.093407
0.111907
0.112761
0.134052
0.137074
0.162184
0.166105
0.194055
0.193921
0.215250
0.190506
0.159085
0.021912
-0.318210
-0.638987
-0.810161
-0.882135
-0.965966
-0.900595
-0.691759
-0.498716
-0.366028
-0.233954
-0.154548
-0.100801
-0.077619
-0.063223
-0.060104
-0.057510
-0.059253
-0.059686
-0.062112
-0.063156
-0.065255
-0.066262
-0.067874
-0.068694
-0.069879
-0.070507
-0.071362
-0.071828
-0.072443
-0.072778
-0.073225
-0.073455
-0.073786
-0.073932
-0.074186
-0.074260
-0.074469
-0.074479
-0.074666
-0.074616
-0.074801
-0.074690
-0.074890
-0.074715
-0.074947
-0.074698
-0.074980
-0.074646
-0.074999
-0.074562
-0.075009
-0.074445
-0.075017
-0.074294
-0.075029
-0.074104
-0.075050
-0.073871
-0.075089
-0.073584
-0.075154
-0.073232
-0.075258
-0.072798
-0.075414
-0.072263
-0.075643
-0.071598
-0.075970
-0.070767
0.084165
0.011934
0.073847
0.021529
0.067492
0.029714
0.064360
0.037262
0.064002
0.044810
0.066197
0.052915
0.070914
0.062111
0.078288
0.072930
0.088585
0.085892
0.102103
0.101372
0.118865
0.119104
0.137654
0.136610
0.153064
0.144173
0.146283
0.108918
0.053470
-0.074241
-0.367302
-0.696386
-0.906980
-1.002590
-1.034917
-0.921316
-0.729778
-0.539818
-0.390344
-0.259756
-0.181546
-0.126846
-0.100341
-0.081762
-0.074787
-0.068945
-0.068135
-0.066607
-0.067521
-0.067427
-0.068635
-0.068970
-0.070046
-0.070459
-0.071312
-0.071685
-0.072330
-0.072631
-0.073109
-0.073335
-0.073689
-0.073847
-0.074115
-0.074211
-0.074422
-0.074461
-0.074639
-0.074626
-0.074790
-0.074724
-0.074892
-0.074771
-0.074957
-0.074776
-0.074997
-0.074746
-0.075018
-0.074685
-0.075028
-0.074594
-0.075031
-0.074473
-0.075034
-0.074321
-0.075042
-0.074132
-0.075061
-0.073900
-0.075097
-0.073616
-0.075160
-0.073268
-0.075260
-0.072841
-0.075413
-0.072314
-0.075638
-0.071659
-0.075959
-0.070842
0.081664
0.011523
0.071628
0.020758
0.065380
0.028586
0.062195
0.035737
0.061615
0.042791
0.063382
0.050234
0.067390
0.058485
0.073634
0.067897
0.082141
0.078685
0.092786
0.090698
0.104871
0.102790
0.116029
0.111181
0.119473
0.105256
0.097109
0.057717
0.002462
-0.092770
-0.268924
-0.478466
-0.663420
-0.771121
-0.807426
-0.738440
-0.611691
-0.470594
-0.353515
-0.252147
-0.188898
-0.140801
-0.114853
-0.094841
-0.085571
-0.077644
-0.074952
-0.071969
-0.071677
-0.070689
-0.071167
-0.070967
-0.071605
-0.071698
-0.072286
-0.072466
-0.072949
-0.073131
-0.073509
-0.073662
-0.073953
-0.074064
-0.074291
-0.074358
-0.074542
-0.074563
-0.074723
-0.074698
-0.074849
-0.074777
-0.074935
-0.074811
-0.074989
-0.074808
-0.075021
-0.074773
-0.075037
-0.074709
-0.075043
-0.074617
-0.075044
-0.074496
-0.075045
-0.074345
-0.075051
-0.074158
-0.075067
-0.073930
-0.075102
-0.073651
-0.075162
-0.073310
-0.075260
-0.072891
-0.075409
-0.072375
-0.075629
-0.071734
-0.075943
-0.070934
0.078594
0.010987
0.068885
0.019751
0.062739
0.027109
0.059450
0.033730
0.058548
0.040125
0.059730
0.046690
0.062801
0.053715
0.067607
0.061358
0.073926
0.069527
0.081240
0.077602
0.088255
0.083764
0.091832
0.083492
0.084653
0.066332
0.050400
0.010051
-0.044895
-0.125509
-0.251170
-0.391604
-0.509813
-0.579468
-0.607995
-0.567831
-0.492069
-0.399102
-0.318637
-0.244602
-0.194519
-0.152990
-0.128308
-0.107922
-0.097086
-0.087566
-0.083205
-0.078840
-0.077303
-0.075333
-0.074964
-0.074106
-0.074183
-0.073839
-0.074056
-0.073945
-0.074178
-0.074165
-0.074374
-0.074393
-0.074567
-0.074586
-0.074732
-0.074734
-0.074861
-0.074837
-0.074955
-0.074899
-0.075020
-0.074926
-0.075060
-0.074923
-0.075082
-0.074893
-0.075091
-0.074840
-0.075090
-0.074763
-0.075083
-0.074663
-0.075075
-0.074538
-0.075069
-0.074384
-0.075070
-0.074198
-0.075083
-0.073972
-0.075113
-0.073698
-0.075170
-0.073364
-0.075264
-0.072954
-0.075408
-0.072450
-0.075621
-0.071824
-0.075926
-0.071044
0.075265
0.010452
0.065938
0.018750
0.059954
0.025660
0.056629
0.031794
0.055493
0.037606
0.056212
0.043419
0.058529
0.049426
0.062186
0.055645
0.066797
0.061789
0.071615
0.066986
0.075082
0.069187
0.073945
0.064025
0.061634
0.042841
0.025678
-0.009695
-0.054544
-0.115180
-0.197773
-0.286660
-0.370422
-0.423497
-0.448506
-0.429976
-0.388385
-0.330265
-0.276945
-0.224184
-0.186377
-0.152791
-0.131576
-0.113001
-0.102337
-0.092641
-0.087631
-0.082689
-0.080485
-0.077998
-0.077123
-0.075888
-0.075617
-0.075017
-0.075003
-0.074723
-0.074806
-0.074682
-0.074793
-0.074740
-0.074850
-0.074823
-0.074926
-0.074898
-0.074995
-0.074952
-0.075050
-0.074982
-0.075088
-0.074988
-0.075111
-0.074971
-0.075120
-0.074932
-0.075120
-0.074873
-0.075113
-0.074793
-0.075102
-0.074692
-0.075090
-0.074567
-0.075082
-0.074416
-0.075081
-0.074233
-0.075091
-0.074013
-0.075120
-0.073746
-0.075174
-0.073420
-0.075264
-0.073023
-0.075403
-0.072533
-0.075608
-0.071926
-0.075904
-0.071170
0.071405
0.009793
0.062499
0.017519
0.056668
0.023869
0.053257
0.029391
0.051792
0.034467
0.051906
0.039337
0.053275
0.044085
0.055530
0.048586
0.058129
0.052368
0.060124
0.054346
0.059757
0.052326
0.053767
0.042164
0.036300
0.016629
-0.002305
-0.035243
-0.074948
-0.125255
-0.187135
-0.249838
-0.305799
-0.340581
-0.358658
-0.348241
-0.324200
-0.286324
-0.250461
-0.212178
-0.183197
-0.155642
-0.137082
-0.119973
-0.109366
-0.099452
-0.093750
-0.088173
-0.085215
-0.082107
-0.080611
-0.078880
-0.078143
-0.077173
-0.076822
-0.076275
-0.076118
-0.075802
-0.075741
-0.075552
-0.075540
-0.075414
-0.075429
-0.075331
-0.075364
-0.075271
-0.075321
-0.075219
-0.075289
-0.075165
-0.075260
-0.075105
-0.075232
-0.075036
-0.075204
-0.074955
-0.075177
-0.074860
-0.075151
-0.074749
-0.075129
-0.074619
-0.075112
-0.074466
-0.075105
-0.074284
-0.075110
-0.074067
-0.075134
-0.073806
-0.075183
-0.073490
-0.075268
-0.073104
-0.075401
-0.072631
-0.075598
-0.072045
-0.075882
-0.071315
0.067395
0.009165
0.058960
0.016353
0.053350
0.022198
0.049946
0.027191
0.048280
0.031662
0.047972
0.035791
0.048664
0.039597
0.049935
0.042877
0.051175
0.045090
0.051393
0.045133
0.048890
0.040982
0.040795
0.029184
0.022484
0.004399
-0.012659
-0.040217
-0.071569
-0.109821
-0.154003
-0.197545
-0.238477
-0.265364
-0.281466
-0.278449
-0.266234
-0.242626
-0.219161
-0.192020
-0.170631
-0.149075
-0.133981
-0.119427
-0.110013
-0.100934
-0.095434
-0.089984
-0.086885
-0.083670
-0.081962
-0.080076
-0.079147
-0.078041
-0.077541
-0.076888
-0.076623
-0.076231
-0.076095
-0.075851
-0.075787
-0.075624
-0.075603
-0.075480
-0.075488
-0.075379
-0.075411
-0.075299
-0.075355
-0.075226
-0.075309
-0.075154
-0.075270
-0.075076
-0.075234
-0.074991
-0.075201
-0.074894
-0.075171
-0.074783
-0.075146
-0.074654
-0.075126
-0.074504
-0.075117
-0.074327
-0.075120
-0.074117
-0.075141
-0.073865
-0.075187
-0.073561
-0.075267
-0.073190
-0.075394
-0.072735
-0.075582
-0.072172
-0.075854
-0.071472
0.062913
0.008420
0.054978
0.014970
0.049579
0.020207
0.046131
0.024558
0.044178
0.028285
0.043323
0.031504
0.043170
0.034158
0.043239
0.035963
0.042859
0.036306
0.040990
0.034062
0.035987
0.027341
0.025289
0.013210
0.005172
-0.012383
-0.028989
-0.053768
-0.080739
-0.112441
-0.146843
-0.179653
-0.209366
-0.228774
-0.241121
-0.240037
-0.233192
-0.217306
-0.201252
-0.181260
-0.164967
-0.147604
-0.134909
-0.122145
-0.113453
-0.104849
-0.099294
-0.093752
-0.090329
-0.086836
-0.084762
-0.082577
-0.081324
-0.079957
-0.079196
-0.078333
-0.077867
-0.077312
-0.077024
-0.076657
-0.076479
-0.076225
-0.076119
-0.075929
-0.075873
-0.075715
-0.075698
-0.075551
-0.075570
-0.075418
-0.075471
-0.075300
-0.075392
-0.075191
-0.075327
-0.075082
-0.075272
-0.074970
-0.075226
-0.074849
-0.075189
-0.074715
-0.075161
-0.074563
-0.075144
-0.074388
-0.075142
-0.074182
-0.075158
-0.073938
-0.075198
-0.073645
-0.075272
-0.073289
-0.075391
-0.072853
-0.075570
-0.072315
-0.075828
-0.071647
0.058385
0.007731
0.050993
0.013702
0.045877
0.018410
0.042494
0.022231
0.040406
0.025383
0.039222
0.027940
0.038541
0.029810
0.037878
0.030691
0.036571
0.029987
0.033649
0.026679
0.027668
0.019181
0.016552
0.005232
-0.002433
-0.017943
-0.032200
-0.052743
-0.074185
-0.098903
-0.124858
-0.149391
-0.172190
-0.187866
-0.198929
-0.200487
-0.198007
-0.188322
-0.178074
-0.164020
-0.152248
-0.138963
-0.128997
-0.118553
-0.111248
-0.103797
-0.098841
-0.093802
-0.090580
-0.087269
-0.085220
-0.083074
-0.081781
-0.080397
-0.079582
-0.078685
-0.078168
-0.077581
-0.077252
-0.076858
-0.076649
-0.076374
-0.076244
-0.076039
-0.075965
-0.075798
-0.075767
-0.075615
-0.075622
-0.075469
-0.075511
-0.075343
-0.075424
-0.075228
-0.075353
-0.075117
-0.075294
-0.075004
-0.075245
-0.074884
-0.075205
-0.074753
-0.075175
-0.074606
-0.075156
-0.074437
-0.075151
-0.074240
-0.075164
-0.074007
-0.075201
-0.073728
-0.075270
-0.073389
-0.075382
-0.072976
-0.075550
-0.072466
-0.075794
-0.071833
0.053454
0.006936
0.046627
0.012236
0.041778
0.016324
0.038411
0.019512
0.036109
0.021966
0.034484
0.023709
0.033124
0.024608
0.031532
0.024329
0.029046
0.022277
0.024743
0.017508
0.017329
0.008654
0.005081
-0.006072
-0.014047
-0.028599
-0.041866
-0.060123
-0.078538
-0.099291
-0.120198
-0.139675
-0.157333
-0.169569
-0.178510
-0.180400
-0.179569
-0.173029
-0.166013
-0.155563
-0.146620
-0.136000
-0.127787
-0.118863
-0.112381
-0.105612
-0.100902
-0.096060
-0.092794
-0.089445
-0.087234
-0.084958
-0.083477
-0.081940
-0.080948
-0.079910
-0.079243
-0.078535
-0.078084
-0.077592
-0.077287
-0.076935
-0.076731
-0.076467
-0.076335
-0.076124
-0.076048
-0.075864
-0.075835
-0.075660
-0.075673
-0.075491
-0.075548
-0.075346
-0.075448
-0.075212
-0.075367
-0.075084
-0.075303
-0.074955
-0.075251
-0.074819
-0.075212
-0.074672
-0.075186
-0.074505
-0.075175
-0.074315
-0.075183
-0.074091
-0.075214
-0.073825
-0.075276
-0.073504
-0.075379
-0.073113
-0.075535
-0.072632
-0.075764
-0.072036
0.048571
0.006216
0.042342
0.010922
0.037833
0.014486
0.034595
0.017173
0.032242
0.019113
0.030405
0.020306
0.028691
0.020608
0.026631
0.019702
0.023616
0.017054
0.018835
0.011863
0.011218
0.003044
-0.000563
-0.010705
-0.017924
-0.030604
-0.041874
-0.057098
-0.072004
-0.088661
-0.105117
-0.120500
-0.134635
-0.144897
-0.152914
-0.155752
-0.156627
-0.152976
-0.148803
-0.141608
-0.135331
-0.127369
-0.121107
-0.114004
-0.108754
-0.103100
-0.099090
-0.094879
-0.091978
-0.088962
-0.086926
-0.084816
-0.083408
-0.081949
-0.080982
-0.079975
-0.079311
-0.078614
-0.078157
-0.077667
-0.077353
-0.076999
-0.076786
-0.076521
-0.076380
-0.076169
-0.076085
-0.075902
-0.075865
-0.075693
-0.075698
-0.075522
-0.075569
-0.075375
-0.075466
-0.075242
-0.075383
-0.075116
-0.075317
-0.074990
-0.075264
-0.074859
-0.075223
-0.074717
-0.075196
-0.074559
-0.075183
-0.074378
-0.075188
-0.074167
-0.075216
-0.073917
-0.075272
-0.073617
-0.075367
-0.073251
-0.075512
-0.072802
-0.075724
-0.072246
0.043361
0.005403
0.037742
0.009434
0.033554
0.012392
0.030398
0.014486
0.027920
0.015802
0.025767
0.016308
0.023559
0.015840
0.020844
0.014081
0.017051
0.010535
0.011451
0.004503
0.003135
-0.004901
-0.008939
-0.018641
-0.025752
-0.037459
-0.047780
-0.061298
-0.074215
-0.088443
-0.102112
-0.114834
-0.126332
-0.134807
-0.141551
-0.144303
-0.145626
-0.143322
-0.140593
-0.135258
-0.130529
-0.124202
-0.119111
-0.113138
-0.108591
-0.103586
-0.099912
-0.096005
-0.093205
-0.090286
-0.088223
-0.086098
-0.084608
-0.083083
-0.082016
-0.080929
-0.080167
-0.079390
-0.078846
-0.078286
-0.077899
-0.077487
-0.077213
-0.076901
-0.076712
-0.076465
-0.076341
-0.076132
-0.076063
-0.075873
-0.075851
-0.075664
-0.075687
-0.075489
-0.075558
-0.075337
-0.075456
-0.075197
-0.075374
-0.075063
-0.075310
-0.074929
-0.075261
-0.074787
-0.075227
-0.074633
-0.075209
-0.074460
-0.075208
-0.074260
-0.075229
-0.074025
-0.075278
-0.073744
-0.075364
-0.073404
-0.075496
-0.072987
-0.075691
-0.072472
0.038276
0.004678
0.033292
0.008122
0.029492
0.010578
0.026529
0.012216
0.024084
0.013096
0.021838
0.013171
0.019443
0.012283
0.016491
0.010147
0.012482
0.006339
0.006802
0.000292
-0.001273
-0.008668
-0.012511
-0.021204
-0.027545
-0.037719
-0.046527
-0.057929
-0.068610
-0.080341
-0.091481
-0.101940
-0.111473
-0.118786
-0.124857
-0.127913
-0.129907
-0.129012
-0.127723
-0.124214
-0.121059
-0.116436
-0.112678
-0.108040
-0.104472
-0.100407
-0.097386
-0.094096
-0.091705
-0.089170
-0.087353
-0.085460
-0.084112
-0.082724
-0.081737
-0.080729
-0.080011
-0.079280
-0.078761
-0.078228
-0.077853
-0.077458
-0.077190
-0.076889
-0.076702
-0.076462
-0.076338
-0.076137
-0.076064
-0.075882
-0.075855
-0.075677
-0.075692
-0.075506
-0.075565
-0.075358
-0.075463
-0.075223
-0.075382
-0.075095
-0.075319
-0.074967
-0.075269
-0.074833
-0.075235
-0.074689
-0.075215
-0.074528
-0.075212
-0.074343
-0.075229
-0.074126
-0.075273
-0.073868
-0.075349
-0.073556
-0.075469
-0.073174
-0.075646
-0.072703
0.032940
0.003872
0.028595
0.006659
0.025160
0.008544
0.022343
0.009645
0.019862
0.009989
0.017425
0.009508
0.014711
0.008038
0.011344
0.005311
0.006877
0.000949
0.000780
-0.005521
-0.007533
-0.014622
-0.018635
-0.026806
-0.032912
-0.042233
-0.050282
-0.060444
-0.069825
-0.080015
-0.089525
-0.098451
-0.106505
-0.112785
-0.118051
-0.120924
-0.122968
-0.122663
-0.122024
-0.119495
-0.117186
-0.113553
-0.110545
-0.106696
-0.103662
-0.100131
-0.097431
-0.094453
-0.092220
-0.089838
-0.088071
-0.086230
-0.084870
-0.083478
-0.082448
-0.081408
-0.080637
-0.079863
-0.079289
-0.078712
-0.078287
-0.077852
-0.077540
-0.077205
-0.076980
-0.076714
-0.076558
-0.076337
-0.076237
-0.076042
-0.075991
-0.075806
-0.075799
-0.075613
-0.075649
-0.075448
-0.075531
-0.075303
-0.075437
-0.075168
-0.075364
-0.075038
-0.075307
-0.074907
-0.075266
-0.074768
-0.075240
-0.074616
-0.075232
-0.074443
-0.075243
-0.074243
-0.075279
-0.074007
-0.075345
-0.073722
-0.075452
-0.073376
-0.075610
-0.072949
0.027789
0.003162
0.024098
0.005384
0.021088
0.006803
0.018518
0.007502
0.016148
0.007486
0.013723
0.006683
0.010963
0.004942
0.007540
0.002027
0.003077
-0.002374
-0.002855
-0.008634
-0.010710
-0.017133
-0.020889
-0.028155
-0.033605
-0.041720
-0.048674
-0.057351
-0.065281
-0.073875
-0.081857
-0.089415
-0.096287
-0.101819
-0.106592
-0.109513
-0.111801
-0.112200
-0.112307
-0.110822
-0.109449
-0.106902
-0.104787
-0.101883
-0.099584
-0.096792
-0.094643
-0.092203
-0.090358
-0.088349
-0.086845
-0.085255
-0.084068
-0.082841
-0.081924
-0.080992
-0.080293
-0.079589
-0.079061
-0.078531
-0.078135
-0.077731
-0.077438
-0.077126
-0.076912
-0.076663
-0.076512
-0.076305
-0.076206
-0.076024
-0.075971
-0.075800
-0.075787
-0.075615
-0.075642
-0.075458
-0.075528
-0.075321
-0.075437
-0.075194
-0.075366
-0.075073
-0.075310
-0.074952
-0.075269
-0.074824
-0.075243
-0.074685
-0.075233
-0.074529
-0.075241
-0.074350
-0.075271
-0.074138
-0.075328
-0.073884
-0.075421
-0.073575
-0.075561
-0.073197
0.022462
0.002385
0.019420
0.003984
0.016810
0.004876
0.014441
0.005102
0.012115
0.004639
0.009611
0.003401
0.006680
0.001237
0.003035
-0.002065
-0.001651
-0.006776
-0.007732
-0.013196
-0.015560
-0.021603
-0.025411
-0.032160
-0.037370
-0.044775
-0.051163
-0.058935
-0.066007
-0.073580
-0.080562
-0.087164
-0.093146
-0.098025
-0.102267
-0.104998
-0.107211
-0.107861
-0.108256
-0.107293
-0.106383
-0.104434
-0.102789
-0.100419
-0.098505
-0.096120
-0.094240
-0.092075
-0.090394
-0.088550
-0.087130
-0.085625
-0.084468
-0.083274
-0.082354
-0.081424
-0.080704
-0.079986
-0.079430
-0.078878
-0.078452
-0.078026
-0.077703
-0.077370
-0.077129
-0.076863
-0.076688
-0.076469
-0.076348
-0.076158
-0.076084
-0.075911
-0.075878
-0.075709
-0.075716
-0.075541
-0.075588
-0.075396
-0.075487
-0.075266
-0.075408
-0.075145
-0.075346
-0.075027
-0.075300
-0.074906
-0.075269
-0.074777
-0.075253
-0.074635
-0.075255
-0.074474
-0.075277
-0.074285
-0.075324
-0.074061
-0.075403
-0.073790
-0.075523
-0.073458
0.017361
0.001704
0.014976
0.002771
0.012813
0.003238
0.010734
0.003116
0.008582
0.002365
0.006175
0.000897
0.003305
-0.001425
-0.000266
-0.004786
-0.004805
-0.009403
-0.010590
-0.015506
-0.017881
-0.023288
-0.026857
-0.032828
-0.037522
-0.043989
-0.049596
-0.056304
-0.062416
-0.068917
-0.074930
-0.080642
-0.085870
-0.090231
-0.094109
-0.096784
-0.099060
-0.100060
-0.100846
-0.100487
-0.100139
-0.098881
-0.097829
-0.096116
-0.094737
-0.092910
-0.091470
-0.089746
-0.088402
-0.086890
-0.085719
-0.084455
-0.083476
-0.082453
-0.081659
-0.080849
-0.080217
-0.079583
-0.079087
-0.078594
-0.078209
-0.077825
-0.077531
-0.077228
-0.077006
-0.076764
-0.076600
-0.076400
-0.076285
-0.076112
-0.076039
-0.075882
-0.075846
-0.075695
-0.075694
-0.075538
-0.075574
-0.075404
-0.075478
-0.075285
-0.075402
-0.075175
-0.075343
-0.075068
-0.075299
-0.074961
-0.075268
-0.074847
-0.075251
-0.074723
-0.075250
-0.074583
-0.075266
-0.074421
-0.075304
-0.074229
-0.075369
-0.073999
-0.075470
-0.073717
0.012154
0.000970
0.010414
0.001457
0.008670
0.001449
0.006836
0.000917
0.004795
-0.000199
0.002400
-0.001999
-0.000523
-0.004615
-0.004174
-0.008213
-0.008773
-0.012977
-0.014539
-0.019086
-0.021662
-0.026668
-0.030245
-0.035738
-0.040230
-0.046116
-0.051313
-0.057349
-0.062885
-0.068680
-0.074053
-0.079128
-0.083791
-0.087708
-0.091222
-0.093723
-0.095895
-0.096987
-0.097892
-0.097812
-0.097716
-0.096818
-0.096060
-0.094702
-0.093591
-0.092063
-0.090834
-0.089334
-0.088139
-0.086780
-0.085701
-0.084532
-0.083604
-0.082634
-0.081860
-0.081074
-0.080444
-0.079816
-0.079312
-0.078815
-0.078416
-0.078024
-0.077712
-0.077401
-0.077161
-0.076911
-0.076730
-0.076525
-0.076393
-0.076218
-0.076128
-0.075973
-0.075920
-0.075775
-0.075756
-0.075611
-0.075625
-0.075473
-0.075522
-0.075353
-0.075440
-0.075245
-0.075376
-0.075144
-0.075328
-0.075044
-0.075293
-0.074942
-0.075271
-0.074833
-0.075264
-0.074713
-0.075273
-0.074575
-0.075300
-0.074414
-0.075351
-0.074222
-0.075431
-0.073989
0.007196
0.000327
0.006101
0.000321
0.004815
-0.000069
0.003299
-0.000898
0.001477
-0.002241
-0.000758
-0.004199
-0.003543
-0.006893
-0.007036
-0.010465
-0.011405
-0.015065
-0.016817
-0.020824
-0.023401
-0.027824
-0.031207
-0.036043
-0.040148
-0.045299
-0.049943
-0.055197
-0.060083
-0.065126
-0.069859
-0.074319
-0.078478
-0.082015
-0.085257
-0.087663
-0.089822
-0.091080
-0.092189
-0.092458
-0.092703
-0.092244
-0.091878
-0.090972
-0.090244
-0.089129
-0.088237
-0.087086
-0.086170
-0.085090
-0.084232
-0.083278
-0.082519
-0.081710
-0.081063
-0.080397
-0.079860
-0.079320
-0.078884
-0.078452
-0.078102
-0.077758
-0.077481
-0.077206
-0.076990
-0.076769
-0.076603
-0.076421
-0.076299
-0.076145
-0.076058
-0.075923
-0.075868
-0.075743
-0.075717
-0.075595
-0.075597
-0.075471
-0.075502
-0.075364
-0.075426
-0.075268
-0.075367
-0.075180
-0.075321
-0.075096
-0.075287
-0.075010
-0.075265
-0.074921
-0.075255
-0.074823
-0.075258
-0.074713
-0.075277
-0.074586
-0.075314
-0.074436
-0.075374
-0.074256
0.002198
-0.000354
0.001730
-0.000890
0.000871
-0.001704
-0.000370
-0.002882
-0.002031
-0.004519
-0.004185
-0.006724
-0.006936
-0.009615
-0.010407
-0.013320
-0.014730
-0.017963
-0.020025
-0.023643
-0.026375
-0.030405
-0.033787
-0.038195
-0.042146
-0.046820
-0.051173
-0.055913
-0.060409
-0.064940
-0.069250
-0.073261
-0.077045
-0.080261
-0.083248
-0.085501
-0.087559
-0.088832
-0.089981
-0.090394
-0.090776
-0.090534
-0.090350
-0.089677
-0.089134
-0.088232
-0.087501
-0.086525
-0.085734
-0.084785
-0.084016
-0.083154
-0.082452
-0.081703
-0.081090
-0.080459
-0.079939
-0.079419
-0.078988
-0.078564
-0.078212
-0.077871
-0.077588
-0.077313
-0.077088
-0.076866
-0.076690
-0.076509
-0.076374
-0.076223
-0.076124
-0.075994
-0.075925
-0.075809
-0.075766
-0.075658
-0.075641
-0.075533
-0.075540
-0.075428
-0.075461
-0.075337
-0.075398
-0.075255
-0.075349
-0.075180
-0.075311
-0.075107
-0.075285
-0.075033
-0.075270
-0.074956
-0.075265
-0.074871
-0.075273
-0.074776
-0.075295
-0.074665
-0.075335
-0.074535
-0.002546
-0.000952
-0.002392
-0.001941
-0.002795
-0.003095
-0.003702
-0.004525
-0.005113
-0.006340
-0.007067
-0.008648
-0.009631
-0.011562
-0.012894
-0.015193
-0.016948
-0.019642
-0.021876
-0.024981
-0.027722
-0.031229
-0.034468
-0.038322
-0.041991
-0.046081
-0.050043
-0.054193
-0.058241
-0.062223
-0.066096
-0.069660
-0.073095
-0.076020
-0.078802
-0.080948
-0.082963
-0.084303
-0.085556
-0.086169
-0.086757
-0.086793
-0.086869
-0.086504
-0.086233
-0.085630
-0.085155
-0.084446
-0.083879
-0.083157
-0.082574
-0.081896
-0.081345
-0.080742
-0.080246
-0.079728
-0.079299
-0.078866
-0.078503
-0.078146
-0.077846
-0.077555
-0.077310
-0.077075
-0.076877
-0.076687
-0.076530
-0.076375
-0.076252
-0.076124
-0.076030
-0.075923
-0.075853
-0.075760
-0.075712
-0.075627
-0.075599
-0.075519
-0.075509
-0.075429
-0.075437
-0.075352
-0.075380
-0.075286
-0.075335
-0.075226
-0.075300
-0.075171
-0.075274
-0.075118
-0.075257
-0.075065
-0.075247
-0.075009
-0.075246
-0.074948
-0.075255
-0.074881
-0.075274
-0.074804
-0.007267
-0.001576
-0.006514
-0.003043
-0.006493
-0.004568
-0.007109
-0.006293
-0.008325
-0.008341
-0.010149
-0.010831
-0.012619
-0.013871
-0.015794
-0.017564
-0.019736
-0.021993
-0.024495
-0.027212
-0.030086
-0.033219
-0.036464
-0.039938
-0.043498
-0.047193
-0.050951
-0.054699
-0.058478
-0.062076
-0.065662
-0.068894
-0.072073
-0.074754
-0.077352
-0.079366
-0.081293
-0.082612
-0.083867
-0.084550
-0.085211
-0.085374
-0.085565
-0.085352
-0.085206
-0.084755
-0.084398
-0.083823
-0.083356
-0.082743
-0.082238
-0.081643
-0.081149
-0.080605
-0.080149
-0.079671
-0.079267
-0.078860
-0.078512
-0.078172
-0.077878
-0.077598
-0.077354
-0.077126
-0.076926
-0.076741
-0.076579
-0.076429
-0.076299
-0.076177
-0.076074
-0.075975
-0.075894
-0.075812
-0.075750
-0.075681
-0.075634
-0.075575
-0.075542
-0.075488
-0.075468
-0.075418
-0.075409
-0.075359
-0.075362
-0.075310
-0.075324
-0.075268
-0.075295
-0.075232
-0.075272
-0.075199
-0.075255
-0.075169
-0.075244
-0.075140
-0.075238
-0.075112
-0.075236
-0.075084
-0.011745
-0.002128
-0.010402
-0.004006
-0.009937
-0.005833
-0.010216
-0.007771
-0.011167
-0.009958
-0.012766
-0.012512
-0.015023
-0.015541
-0.017965
-0.019136
-0.021627
-0.023366
-0.026031
-0.028270
-0.031170
-0.033838
-0.036986
-0.039992
-0.043351
-0.046575
-0.050057
-0.053347
-0.056812
-0.059994
-0.063276
-0.066169
-0.069099
-0.071550
-0.073991
-0.075898
-0.077774
-0.079105
-0.080409
-0.081201
-0.081987
-0.082326
-0.082688
-0.082684
-0.082730
-0.082493
-0.082326
-0.081954
-0.081662
-0.081228
-0.080877
-0.080434
-0.080069
-0.079651
-0.079301
-0.078925
-0.078605
-0.078279
-0.077997
-0.077720
-0.077478
-0.077248
-0.077043
-0.076856
-0.076684
-0.076533
-0.076391
-0.076269
-0.076152
-0.076056
-0.075959
-0.075884
-0.075804
-0.075746
-0.075680
-0.075636
-0.075580
-0.075548
-0.075499
-0.075479
-0.075435
-0.075424
-0.075383
-0.075382
-0.075341
-0.075350
-0.075306
-0.075327
-0.075278
-0.075312
-0.075254
-0.075304
-0.075233
-0.075303
-0.075214
-0.075310
-0.075194
-0.075326
-0.075173
-0.075352
-0.016140
-0.002690
-0.014233
-0.004994
-0.013358
-0.007145
-0.013340
-0.009329
-0.014076
-0.011701
-0.015514
-0.014385
-0.017639
-0.017490
-0.020453
-0.021100
-0.023967
-0.025276
-0.028180
-0.030045
-0.033065
-0.035388
-0.038552
-0.041223
-0.044511
-0.047404
-0.050744
-0.053713
-0.056992
-0.059875
-0.062958
-0.065597
-0.068347
-0.070606
-0.072914
-0.074706
-0.076508
-0.077801
-0.079093
-0.079912
-0.080736
-0.081148
-0.081580
-0.081674
-0.081806
-0.081674
-0.081596
-0.081323
-0.081111
-0.080763
-0.080480
-0.080107
-0.079795
-0.079432
-0.079121
-0.078786
-0.078495
-0.078199
-0.077936
-0.077681
-0.077451
-0.077237
-0.077038
-0.076862
-0.076694
-0.076551
-0.076409
-0.076296
-0.076175
-0.076088
-0.075985
-0.075921
-0.075832
-0.075787
-0.075708
-0.075681
-0.075608
-0.075599
-0.075528
-0.075535
-0.075463
-0.075488
-0.075411
-0.075455
-0.075367
-0.075434
-0.075331
-0.075424
-0.075299
-0.075426
-0.075270
-0.075438
-0.075242
-0.075463
-0.075212
-0.075501
-0.075178
-0.075555
-0.075137
-0.075630
-0.020314
-0.003195
-0.017857
-0.005872
-0.016559
-0.008289
-0.016211
-0.010655
-0.016678
-0.013134
-0.017883
-0.015857
-0.019783
-0.018930
-0.022359
-0.022433
-0.025598
-0.026419
-0.029482
-0.030909
-0.033970
-0.035880
-0.038986
-0.041259
-0.044408
-0.046916
-0.050060
-0.052665
-0.055722
-0.058280
-0.061147
-0.063520
-0.066089
-0.068161
-0.070347
-0.072038
-0.073789
-0.075066
-0.076375
-0.077250
-0.078148
-0.078668
-0.079213
-0.079446
-0.079713
-0.079733
-0.079795
-0.079672
-0.079596
-0.079388
-0.079227
-0.078979
-0.078774
-0.078517
-0.078297
-0.078051
-0.077835
-0.077612
-0.077410
-0.077215
-0.077032
-0.076867
-0.076706
-0.076570
-0.076430
-0.076321
-0.076199
-0.076115
-0.076008
-0.075947
-0.075852
-0.075812
-0.075725
-0.075705
-0.075623
-0.075622
-0.075540
-0.075560
-0.075474
-0.075515
-0.075419
-0.075485
-0.075375
-0.075469
-0.075338
-0.075466
-0.075306
-0.075476
-0.075277
-0.075499
-0.075247
-0.075537
-0.075215
-0.075591
-0.075178
-0.075665
-0.075132
-0.075763
-0.075072
-0.075891
-0.024348
-0.003695
-0.021369
-0.006746
-0.019681
-0.009442
-0.019040
-0.012012
-0.019285
-0.014636
-0.020313
-0.017452
-0.022060
-0.020566
-0.024487
-0.024056
-0.027562
-0.027971
-0.031251
-0.032326
-0.035501
-0.037095
-0.040229
-0.042207
-0.045313
-0.047541
-0.050589
-0.052932
-0.055860
-0.058181
-0.060908
-0.063079
-0.065521
-0.067439
-0.069526
-0.071117
-0.072809
-0.074042
-0.075333
-0.076211
-0.077127
-0.077686
-0.078276
-0.078572
-0.078898
-0.078991
-0.079118
-0.079069
-0.079055
-0.078915
-0.078810
-0.078620
-0.078463
-0.078254
-0.078072
-0.077865
-0.077678
-0.077484
-0.077304
-0.077132
-0.076965
-0.076818
-0.076667
-0.076546
-0.076411
-0.076315
-0.076195
-0.076123
-0.076014
-0.075965
-0.075866
-0.075839
-0.075744
-0.075739
-0.075645
-0.075663
-0.075565
-0.075607
-0.075500
-0.075569
-0.075447
-0.075548
-0.075403
-0.075541
-0.075366
-0.075550
-0.075332
-0.075573
-0.075299
-0.075612
-0.075265
-0.075670
-0.075227
-0.075749
-0.075179
-0.075853
-0.075119
-0.075988
-0.075039
-0.076163
-0.028198
-0.004155
-0.024712
-0.007542
-0.022628
-0.010473
-0.021672
-0.013199
-0.021655
-0.015908
-0.022451
-0.018744
-0.023975
-0.021816
-0.026169
-0.025200
-0.028986
-0.028942
-0.032377
-0.033054
-0.036282
-0.037513
-0.040616
-0.042255
-0.045266
-0.047175
-0.050086
-0.052133
-0.054903
-0.056963
-0.059533
-0.061491
-0.063799
-0.065560
-0.067552
-0.069051
-0.070695
-0.071896
-0.073188
-0.074088
-0.075046
-0.075669
-0.076333
-0.076720
-0.077140
-0.077340
-0.077568
-0.077630
-0.077719
-0.077686
-0.077678
-0.077587
-0.077517
-0.077395
-0.077290
-0.077158
-0.077037
-0.076907
-0.076782
-0.076663
-0.076541
-0.076439
-0.076323
-0.076240
-0.076132
-0.076068
-0.075968
-0.075925
-0.075831
-0.075807
-0.075716
-0.075714
-0.075622
-0.075642
-0.075546
-0.075590
-0.075484
-0.075555
-0.075434
-0.075536
-0.075393
-0.075533
-0.075358
-0.075545
-0.075328
-0.075572
-0.075300
-0.075616
-0.075270
-0.075678
-0.075237
-0.075761
-0.075195
-0.075869
-0.075141
-0.076009
-0.075069
-0.076187
-0.074971
-0.076414
-0.031846
-0.004593
-0.027884
-0.008305
-0.025437
-0.011473
-0.024201
-0.014367
-0.023963
-0.017189
-0.024577
-0.020089
-0.025940
-0.023179
-0.027978
-0.026534
-0.030628
-0.030199
-0.033833
-0.034185
-0.037522
-0.038468
-0.041608
-0.042988
-0.045978
-0.047650
-0.050497
-0.052328
-0.055008
-0.056876
-0.059348
-0.061144
-0.063359
-0.064996
-0.066914
-0.068328
-0.069925
-0.071081
-0.072354
-0.073245
-0.074211
-0.074854
-0.075545
-0.075972
-0.076432
-0.076683
-0.076959
-0.077075
-0.077212
-0.077232
-0.077270
-0.077227
-0.077198
-0.077119
-0.077048
-0.076951
-0.076857
-0.076757
-0.076653
-0.076558
-0.076452
-0.076369
-0.076265
-0.076198
-0.076098
-0.076048
-0.075952
-0.075921
-0.075828
-0.075817
-0.075723
-0.075735
-0.075637
-0.075672
-0.075566
-0.075628
-0.075508
-0.075601
-0.075461
-0.075591
-0.075422
-0.075596
-0.075388
-0.075617
-0.075358
-0.075655
-0.075328
-0.075712
-0.075295
-0.075789
-0.075257
-0.075891
-0.075209
-0.076023
-0.075146
-0.076191
-0.075060
-0.076405
-0.074944
-0.076676
-0.035362
-0.005011
-0.030939
-0.009025
-0.028127
-0.012402
-0.026596
-0.015429
-0.026111
-0.018320
-0.026503
-0.021230
-0.027652
-0.024275
-0.029471
-0.027530
-0.031884
-0.031040
-0.034823
-0.034817
-0.038215
-0.038841
-0.041972
-0.043060
-0.045989
-0.047393
-0.050143
-0.051731
-0.054296
-0.055952
-0.058308
-0.059929
-0.062043
-0.063548
-0.065391
-0.066719
-0.068274
-0.069390
-0.070654
-0.071547
-0.072535
-0.073212
-0.073950
-0.074436
-0.074960
-0.075284
-0.075634
-0.075830
-0.076045
-0.076146
-0.076259
-0.076293
-0.076334
-0.076325
-0.076318
-0.076284
-0.076246
-0.076200
-0.076143
-0.076096
-0.076029
-0.075987
-0.075915
-0.075883
-0.075809
-0.075789
-0.075713
-0.075709
-0.075630
-0.075644
-0.075559
-0.075595
-0.075501
-0.075560
-0.075453
-0.075541
-0.075414
-0.075536
-0.075383
-0.075545
-0.075356
-0.075570
-0.075333
-0.075610
-0.075311
-0.075667
-0.075287
-0.075744
-0.075259
-0.075844
-0.075222
-0.075972
-0.075172
-0.076133
-0.075103
-0.076336
-0.075007
-0.076591
-0.074873
-0.076914
-0.038607
-0.005387
-0.033757
-0.009677
-0.030613
-0.013253
-0.028821
-0.016417
-0.028124
-0.019394
-0.028338
-0.022348
-0.029328
-0.025396
-0.030993
-0.028615
-0.033247
-0.032050
-0.036015
-0.035714
-0.039216
-0.039588
-0.042761
-0.043625
-0.046549
-0.047751
-0.050462
-0.051870
-0.054375
-0.055873
-0.058160
-0.059649
-0.061697
-0.063099
-0.064888
-0.066144
-0.067662
-0.068737
-0.069984
-0.070863
-0.071853
-0.072538
-0.073294
-0.073804
-0.074358
-0.074716
-0.075102
-0.075339
-0.075591
-0.075733
-0.075883
-0.075957
-0.076032
-0.076059
-0.076082
-0.076079
-0.076066
-0.076047
-0.076011
-0.075986
-0.075936
-0.075913
-0.075853
-0.075837
-0.075771
-0.075766
-0.075694
-0.075704
-0.075626
-0.075654
-0.075567
-0.075616
-0.075517
-0.075592
-0.075476
-0.075581
-0.075442
-0.075584
-0.075413
-0.075602
-0.075389
-0.075635
-0.075367
-0.075684
-0.075344
-0.075751
-0.075319
-0.075840
-0.075288
-0.075954
-0.075247
-0.076099
-0.075190
-0.076281
-0.075112
-0.076510
-0.075002
-0.076798
-0.074851
-0.077160
-0.041790
-0.005766
-0.036524
-0.010329
-0.033050
-0.014091
-0.030989
-0.017371
-0.030062
-0.020405
-0.030070
-0.023364
-0.030862
-0.026366
-0.032325
-0.029494
-0.034365
-0.032794
-0.036900
-0.036279
-0.039846
-0.039937
-0.043116
-0.043728
-0.046613
-0.047588
-0.050231
-0.051436
-0.053857
-0.055179
-0.057379
-0.058722
-0.060692
-0.061981
-0.063709
-0.064888
-0.066368
-0.067400
-0.068633
-0.069500
-0.070499
-0.071200
-0.071985
-0.072530
-0.073127
-0.073534
-0.073973
-0.074266
-0.074575
-0.074777
-0.074985
-0.075118
-0.075249
-0.075332
-0.075406
-0.075455
-0.075488
-0.075515
-0.075519
-0.075536
-0.075520
-0.075533
-0.075501
-0.075517
-0.075474
-0.075498
-0.075444
-0.075480
-0.075415
-0.075467
-0.075389
-0.075462
-0.075367
-0.075465
-0.075349
-0.075479
-0.075334
-0.075505
-0.075322
-0.075543
-0.075312
-0.075595
-0.075301
-0.075664
-0.075288
-0.075751
-0.075270
-0.075860
-0.075244
-0.075997
-0.075205
-0.076167
-0.075147
-0.076379
-0.075064
-0.076642
-0.074946
-0.076970
-0.074779
-0.077382
-0.044619
-0.006080
-0.038978
-0.010873
-0.035207
-0.014797
-0.032906
-0.018187
-0.031784
-0.021286
-0.031624
-0.024273
-0.032265
-0.027270
-0.033585
-0.030360
-0.035480
-0.033591
-0.037861
-0.036978
-0.040643
-0.040512
-0.043736
-0.044155
-0.047047
-0.047852
-0.050473
-0.051529
-0.053911
-0.055104
-0.057257
-0.058494
-0.060417
-0.061623
-0.063312
-0.064430
-0.065883
-0.066878
-0.068098
-0.068949
-0.069949
-0.070651
-0.071448
-0.072008
-0.072627
-0.073059
-0.073524
-0.073847
-0.074187
-0.074421
-0.074659
-0.074823
-0.074983
-0.075096
-0.075196
-0.075271
-0.075327
-0.075378
-0.075401
-0.075438
-0.075437
-0.075468
-0.075448
-0.075480
-0.075445
-0.075482
-0.075434
-0.075482
-0.075420
-0.075484
-0.075405
-0.075490
-0.075391
-0.075504
-0.075379
-0.075526
-0.075369
-0.075559
-0.075360
-0.075605
-0.075351
-0.075664
-0.075341
-0.075740
-0.075327
-0.075836
-0.075307
-0.075956
-0.075278
-0.076105
-0.075234
-0.076290
-0.075170
-0.076520
-0.075078
-0.076806
-0.074947
-0.077163
-0.074764
-0.077610
-0.047476
-0.006427
-0.041466
-0.011466
-0.037401
-0.015557
-0.034858
-0.019049
-0.033528
-0.022198
-0.033181
-0.025185
-0.033643
-0.028140
-0.034780
-0.031149
-0.036485
-0.034262
-0.038664
-0.037498
-0.041228
-0.040851
-0.044089
-0.044291
-0.047159
-0.047771
-0.050343
-0.051228
-0.053547
-0.054592
-0.056678
-0.057791
-0.059652
-0.060761
-0.062399
-0.063448
-0.064866
-0.065817
-0.067020
-0.067853
-0.068852
-0.069557
-0.070370
-0.070949
-0.071595
-0.072058
-0.072560
-0.072922
-0.073303
-0.073580
-0.073862
-0.074071
-0.074274
-0.074430
-0.074572
-0.074688
-0.074782
-0.074872
-0.074928
-0.075000
-0.075029
-0.075091
-0.075097
-0.075156
-0.075143
-0.075206
-0.075174
-0.075247
-0.075197
-0.075284
-0.075213
-0.075321
-0.075227
-0.075362
-0.075238
-0.075409
-0.075248
-0.075465
-0.075256
-0.075531
-0.075261
-0.075610
-0.075263
-0.075706
-0.075260
-0.075822
-0.075248
-0.075963
-0.075225
-0.076135
-0.075184
-0.076345
-0.075121
-0.076603
-0.075026
-0.076922
-0.074887
-0.077318
-0.074690
-0.077813
-0.049879
-0.006678
-0.043545
-0.011900
-0.039219
-0.016119
-0.036464
-0.019696
-0.034958
-0.022892
-0.034458
-0.025897
-0.034784
-0.028842
-0.035793
-0.031816
-0.037370
-0.034869
-0.039417
-0.038024
-0.041844
-0.041276
-0.044562
-0.044601
-0.047483
-0.047954
-0.050517
-0.051281
-0.053576
-0.054518
-0.056574
-0.057602
-0.059432
-0.060474
-0.062085
-0.063086
-0.064485
-0.065406
-0.066600
-0.067418
-0.068418
-0.069122
-0.069944
-0.070534
-0.071196
-0.071678
-0.072201
-0.072586
-0.072990
-0.073293
-0.073599
-0.073834
-0.074061
-0.074241
-0.074405
-0.074544
-0.074657
-0.074767
-0.074840
-0.074930
-0.074972
-0.075050
-0.075066
-0.075140
-0.075133
-0.075209
-0.075182
-0.075266
-0.075218
-0.075316
-0.075244
-0.075364
-0.075265
-0.075414
-0.075282
-0.075468
-0.075295
-0.075529
-0.075305
-0.075601
-0.075311
-0.075686
-0.075313
-0.075788
-0.075307
-0.075911
-0.075293
-0.076060
-0.075266
-0.076241
-0.075220
-0.076463
-0.075150
-0.076737
-0.075046
-0.077075
-0.074896
-0.077495
-0.074684
-0.078020
-0.052427
-0.006997
-0.045769
-0.012445
-0.041185
-0.016816
-0.038218
-0.020485
-0.036528
-0.023724
-0.035862
-0.026729
-0.036027
-0.029637
-0.036875
-0.032539
-0.038286
-0.035490
-0.040156
-0.038515
-0.042396
-0.041615
-0.044918
-0.044770
-0.047637
-0.047944
-0.050471
-0.051089
-0.053335
-0.054151
-0.056153
-0.057076
-0.058855
-0.059811
-0.061380
-0.062316
-0.063683
-0.064561
-0.065736
-0.066530
-0.067525
-0.068222
-0.069050
-0.069647
-0.070325
-0.070825
-0.071372
-0.071783
-0.072216
-0.072550
-0.072888
-0.073156
-0.073415
-0.073629
-0.073825
-0.073997
-0.074141
-0.074282
-0.074384
-0.074503
-0.074570
-0.074675
-0.074713
-0.074812
-0.074824
-0.074923
-0.074911
-0.075018
-0.074981
-0.075101
-0.075038
-0.075179
-0.075085
-0.075255
-0.075124
-0.075334
-0.075158
-0.075418
-0.075185
-0.075511
-0.075207
-0.075616
-0.075222
-0.075738
-0.075228
-0.075881
-0.075223
-0.076051
-0.075203
-0.076255
-0.075162
-0.076502
-0.075094
-0.076803
-0.074988
-0.077174
-0.074831
-0.077632
-0.074607
-0.078202
-0.054389
-0.007183
-0.047460
-0.012767
-0.042654
-0.017232
-0.039504
-0.020962
-0.037660
-0.024234
-0.036862
-0.027249
-0.036909
-0.030145
-0.037647
-0.033017
-0.038951
-0.035921
-0.040715
-0.038883
-0.042845
-0.041907
-0.045255
-0.044975
-0.047861
-0.048055
-0.050583
-0.051106
-0.053341
-0.054077
-0.056061
-0.056918
-0.058679
-0.059585
-0.061137
-0.062037
-0.063393
-0.064248
-0.065419
-0.066202
-0.067199
-0.067896
-0.068733
-0.069338
-0.070030
-0.070544
-0.071108
-0.071537
-0.071990
-0.072343
-0.072701
-0.072990
-0.073269
-0.073503
-0.073717
-0.073908
-0.074068
-0.074226
-0.074341
-0.074475
-0.074553
-0.074672
-0.074718
-0.074829
-0.074847
-0.074957
-0.074948
-0.075064
-0.075028
-0.075158
-0.075093
-0.075243
-0.075145
-0.075325
-0.075188
-0.075409
-0.075222
-0.075496
-0.075250
-0.075593
-0.075271
-0.075701
-0.075283
-0.075827
-0.075287
-0.075974
-0.075278
-0.076149
-0.075253
-0.076360
-0.075206
-0.076616
-0.075130
-0.076928
-0.075016
-0.077313
-0.074849
-0.077789
-0.074611
-0.078383
-0.056652
-0.007482
-0.049443
-0.013276
-0.044415
-0.017882
-0.041082
-0.021697
-0.039080
-0.025008
-0.038136
-0.028023
-0.038043
-0.030887
-0.038640
-0.033696
-0.039798
-0.036510
-0.041408
-0.039361
-0.043378
-0.042254
-0.045620
-0.045178
-0.048055
-0.048107
-0.050606
-0.051004
-0.053199
-0.053826
-0.055766
-0.056531
-0.058248
-0.059079
-0.060592
-0.061434
-0.062759
-0.063571
-0.064721
-0.065477
-0.066463
-0.067147
-0.067983
-0.068586
-0.069286
-0.069808
-0.070386
-0.070831
-0.071303
-0.071677
-0.072058
-0.072370
-0.072673
-0.072933
-0.073171
-0.073388
-0.073572
-0.073756
-0.073894
-0.074053
-0.074152
-0.074294
-0.074359
-0.074492
-0.074527
-0.074658
-0.074664
-0.074800
-0.074776
-0.074925
-0.074869
-0.075039
-0.074946
-0.075148
-0.075012
-0.075255
-0.075067
-0.075366
-0.075113
-0.075484
-0.075150
-0.075613
-0.075178
-0.075759
-0.075193
-0.075927
-0.075195
-0.076123
-0.075179
-0.076357
-0.075138
-0.076637
-0.075066
-0.076977
-0.074951
-0.077393
-0.074779
-0.077906
-0.074531
-0.078544
-0.058154
-0.007598
-0.050728
-0.013479
-0.045518
-0.018146
-0.042033
-0.021999
-0.039904
-0.025331
-0.038851
-0.028350
-0.038662
-0.031203
-0.039171
-0.033990
-0.040246
-0.036770
-0.041775
-0.039577
-0.043664
-0.042418
-0.045827
-0.045283
-0.048183
-0.048150
-0.050657
-0.050984
-0.053178
-0.053748
-0.055682
-0.056401
-0.058110
-0.058906
-0.060413
-0.061230
-0.062552
-0.063350
-0.064501
-0.065252
-0.066243
-0.066929
-0.067774
-0.068386
-0.069098
-0.069632
-0.070226
-0.070685
-0.071174
-0.071564
-0.071961
-0.072290
-0.072609
-0.072885
-0.073138
-0.073370
-0.073566
-0.073763
-0.073912
-0.074083
-0.074190
-0.074342
-0.074414
-0.074556
-0.074595
-0.074733
-0.074740
-0.074884
-0.074859
-0.075015
-0.074956
-0.075133
-0.075036
-0.075244
-0.075101
-0.075353
-0.075155
-0.075464
-0.075199
-0.075582
-0.075232
-0.075712
-0.075255
-0.075858
-0.075266
-0.076026
-0.075262
-0.076225
-0.075240
-0.076461
-0.075192
-0.076746
-0.075112
-0.077092
-0.074989
-0.077517
-0.074807
-0.078042
-0.074547
-0.078695
-0.060166
-0.007886
-0.052501
-0.013968
-0.047104
-0.018768
-0.043465
-0.022702
-0.041201
-0.026071
-0.040023
-0.029091
-0.039713
-0.031916
-0.040100
-0.034647
-0.041047
-0.037349
-0.042443
-0.040057
-0.044191
-0.042785
-0.046208
-0.045525
-0.048415
-0.048259
-0.050741
-0.050960
-0.053118
-0.053593
-0.055487
-0.056125
-0.057793
-0.058521
-0.059991
-0.060754
-0.062045
-0.062801
-0.063929
-0.064650
-0.065626
-0.066294
-0.067132
-0.067736
-0.068448
-0.068983
-0.069583
-0.070050
-0.070549
-0.070952
-0.071365
-0.071710
-0.072046
-0.072341
-0.072612
-0.072864
-0.073080
-0.073297
-0.073465
-0.073656
-0.073782
-0.073954
-0.074043
-0.074204
-0.074258
-0.074416
-0.074436
-0.074599
-0.074585
-0.074760
-0.074710
-0.074906
-0.074815
-0.075044
-0.074904
-0.075177
-0.074980
-0.075312
-0.075042
-0.075452
-0.075094
-0.075603
-0.075132
-0.075770
-0.075157
-0.075960
-0.075165
-0.076180
-0.075153
-0.076439
-0.075113
-0.076749
-0.075038
-0.077122
-0.074916
-0.077578
-0.074732
-0.078139
-0.074464
-0.078834
-0.061178
-0.007927
-0.053352
-0.014044
-0.047815
-0.018868
-0.044059
-0.022818
-0.041696
-0.026195
-0.040436
-0.029216
-0.040055
-0.032034
-0.040379
-0.034752
-0.041270
-0.037435
-0.042614
-0.040120
-0.044313
-0.042820
-0.046283
-0.045530
-0.048445
-0.048233
-0.050730
-0.050904
-0.053070
-0.053510
-0.055408
-0.056019
-0.057691
-0.058400
-0.059873
-0.060625
-0.061921
-0.062673
-0.063807
-0.064530
-0.065515
-0.066189
-0.067038
-0.067651
-0.068377
-0.068924
-0.069537
-0.070018
-0.070532
-0.070948
-0.071374
-0.071732
-0.072082
-0.072388
-0.072671
-0.072934
-0.073159
-0.073386
-0.073561
-0.073760
-0.073891
-0.074070
-0.074161
-0.074328
-0.074383
-0.074545
-0.074565
-0.074731
-0.074715
-0.074893
-0.074839
-0.075039
-0.074942
-0.075174
-0.075027
-0.075304
-0.075097
-0.075435
-0.075154
-0.075571
-0.075199
-0.075718
-0.075230
-0.075882
-0.075248
-0.076068
-0.075248
-0.076286
-0.075228
-0.076543
-0.075180
-0.076852
-0.075096
-0.077227
-0.074965
-0.077685
-0.074771
-0.078250
-0.074493
-0.078951
-0.062985
-0.008215
-0.054957
-0.014531
-0.049266
-0.019487
-0.045382
-0.023515
-0.042908
-0.026929
-0.041542
-0.029953
-0.041057
-0.032745
-0.041274
-0.035413
-0.042052
-0.038025
-0.043277
-0.040621
-0.044851
-0.043218
-0.046690
-0.045815
-0.048719
-0.048399
-0.050870
-0.050948
-0.053080
-0.053434
-0.055294
-0.055830
-0.057463
-0.058108
-0.059545
-0.060243
-0.061507
-0.062217
-0.063324
-0.064015
-0.064981
-0.065633
-0.066470
-0.067070
-0.067789
-0.068331
-0.068944
-0.069425
-0.069944
-0.070367
-0.070802
-0.071170
-0.071531
-0.071851
-0.072148
-0.072426
-0.072666
-0.072910
-0.073100
-0.073317
-0.073464
-0.073660
-0.073767
-0.073952
-0.074021
-0.074201
-0.074234
-0.074418
-0.074413
-0.074610
-0.074565
-0.074783
-0.074694
-0.074945
-0.074803
-0.075101
-0.074896
-0.075256
-0.074974
-0.075416
-0.075038
-0.075586
-0.075087
-0.075772
-0.075120
-0.075981
-0.075135
-0.076221
-0.075126
-0.076502
-0.075088
-0.076836
-0.075011
-0.077238
-0.074884
-0.077727
-0.074689
-0.078327
-0.074405
-0.079071
-0.063463
-0.008171
-0.055332
-0.014463
-0.049548
-0.019405
-0.045584
-0.023426
-0.043044
-0.026836
-0.041625
-0.029858
-0.041098
-0.032649
-0.041282
-0.035316
-0.042035
-0.037927
-0.043239
-0.040522
-0.044798
-0.043119
-0.046625
-0.045716
-0.048646
-0.048300
-0.050792
-0.050852
-0.053002
-0.053345
-0.055219
-0.055750
-0.057396
-0.058040
-0.059490
-0.060192
-0.061469
-0.062186
-0.063307
-0.064008
-0.064988
-0.065652
-0.066503
-0.067115
-0.067849
-0.068403
-0.069031
-0.069524
-0.070056
-0.070490
-0.070936
-0.071315
-0.071685
-0.072014
-0.072318
-0.072603
-0.072849
-0.073098
-0.073292
-0.073512
-0.073660
-0.073859
-0.073966
-0.074151
-0.074219
-0.074399
-0.074429
-0.074611
-0.074603
-0.074797
-0.074747
-0.074964
-0.074868
-0.075118
-0.074968
-0.075265
-0.075051
-0.075411
-0.075118
-0.075561
-0.075171
-0.075722
-0.075210
-0.075899
-0.075232
-0.076099
-0.075236
-0.076332
-0.075217
-0.076606
-0.075169
-0.076934
-0.075083
-0.077330
-0.074946
-0.077814
-0.074743
-0.078410
-0.074451
-0.079148
-0.065130
-0.008473
-0.056828
-0.014971
-0.050917
-0.020048
-0.046850
-0.024150
-0.044217
-0.027597
-0.042710
-0.030623
-0.042091
-0.033390
-0.042179
-0.036009
-0.042830
-0.038554
-0.043925
-0.041065
-0.045368
-0.043564
-0.047073
-0.046054
-0.048969
-0.048525
-0.050988
-0.050960
-0.053073
-0.053336
-0.055170
-0.055630
-0.057235
-0.057817
-0.059228
-0.059876
-0.061118
-0.061790
-0.062882
-0.063547
-0.064504
-0.065140
-0.065974
-0.066568
-0.067290
-0.067834
-0.068455
-0.068945
-0.069475
-0.069911
-0.070361
-0.070745
-0.071123
-0.071461
-0.071776
-0.072073
-0.072331
-0.072593
-0.072801
-0.073036
-0.073199
-0.073414
-0.073535
-0.073737
-0.073819
-0.074016
-0.074059
-0.074260
-0.074263
-0.074476
-0.074437
-0.074672
-0.074585
-0.074854
-0.074711
-0.075029
-0.074818
-0.075201
-0.074909
-0.075377
-0.074984
-0.075562
-0.075042
-0.075763
-0.075083
-0.075988
-0.075103
-0.076245
-0.075098
-0.076543
-0.075062
-0.076897
-0.074985
-0.077322
-0.074854
-0.077838
-0.074652
-0.078470
-0.074356
-0.079252
-0.065005
-0.008332
-0.056666
-0.014739
-0.050712
-0.019760
-0.046607
-0.023829
-0.043946
-0.027261
-0.042421
-0.030283
-0.041795
-0.033055
-0.041885
-0.035688
-0.042544
-0.038252
-0.043656
-0.040789
-0.045121
-0.043317
-0.046855
-0.045840
-0.048783
-0.048348
-0.050838
-0.050822
-0.052962
-0.053240
-0.055100
-0.055578
-0.057207
-0.057809
-0.059244
-0.059912
-0.061177
-0.061870
-0.062984
-0.063669
-0.064645
-0.065301
-0.066153
-0.066764
-0.067502
-0.068061
-0.068696
-0.069198
-0.069740
-0.070186
-0.070645
-0.071037
-0.071421
-0.071764
-0.072081
-0.072381
-0.072640
-0.072903
-0.073110
-0.073344
-0.073504
-0.073716
-0.073833
-0.074030
-0.074106
-0.074298
-0.074335
-0.074529
-0.074525
-0.074731
-0.074684
-0.074912
-0.074816
-0.075079
-0.074926
-0.075237
-0.075018
-0.075393
-0.075093
-0.075554
-0.075152
-0.075724
-0.075195
-0.075910
-0.075221
-0.076120
-0.075228
-0.076363
-0.075210
-0.076648
-0.075161
-0.076989
-0.075073
-0.077400
-0.074932
-0.077902
-0.074722
-0.078519
-0.074420
-0.079283
-0.066619
-0.008665
-0.058134
-0.015297
-0.052075
-0.020463
-0.047885
-0.024617
-0.045146
-0.028089
-0.043541
-0.031116
-0.042832
-0.033865
-0.042831
-0.036451
-0.043393
-0.038947
-0.044399
-0.041399
-0.045750
-0.043830
-0.047363
-0.046244
-0.049166
-0.048636
-0.051093
-0.050991
-0.053090
-0.053289
-0.055104
-0.055509
-0.057094
-0.057631
-0.059022
-0.059634
-0.060858
-0.061503
-0.062581
-0.063226
-0.064173
-0.064797
-0.065626
-0.066214
-0.066935
-0.067478
-0.068103
-0.068596
-0.069133
-0.069575
-0.070034
-0.070428
-0.070817
-0.071166
-0.071492
-0.071801
-0.072071
-0.072347
-0.072566
-0.072815
-0.072988
-0.073216
-0.073347
-0.073562
-0.073653
-0.073863
-0.073914
-0.074127
-0.074136
-0.074361
-0.074326
-0.074574
-0.074489
-0.074772
-0.074628
-0.074960
-0.074748
-0.075146
-0.074848
-0.075335
-0.074932
-0.075532
-0.074998
-0.075746
-0.075045
-0.075983
-0.075071
-0.076252
-0.075070
-0.076564
-0.075036
-0.076933
-0.074960
-0.077375
-0.074827
-0.077910
-0.074621
-0.078565
-0.074316
-0.079375
-0.065790
-0.008409
-0.057340
-0.014874
-0.051299
-0.019935
-0.047122
-0.024028
-0.044400
-0.027471
-0.042820
-0.030493
-0.042144
-0.033257
-0.042186
-0.035873
-0.042799
-0.038413
-0.043864
-0.040921
-0.045283
-0.043415
-0.046970
-0.045902
-0.048851
-0.048371
-0.050862
-0.050808
-0.052943
-0.053190
-0.055043
-0.055493
-0.057115
-0.057695
-0.059123
-0.059775
-0.061034
-0.061715
-0.062824
-0.063501
-0.064476
-0.065127
-0.065980
-0.066590
-0.067331
-0.067891
-0.068530
-0.069036
-0.069584
-0.070035
-0.070499
-0.070898
-0.071288
-0.071638
-0.071963
-0.072270
-0.072535
-0.072806
-0.073019
-0.073260
-0.073425
-0.073644
-0.073765
-0.073970
-0.074050
-0.074248
-0.074287
-0.074488
-0.074486
-0.074698
-0.074652
-0.074886
-0.074790
-0.075059
-0.074906
-0.075223
-0.075002
-0.075385
-0.075080
-0.075550
-0.075142
-0.075725
-0.075188
-0.075916
-0.075216
-0.076131
-0.075223
-0.076379
-0.075206
-0.076670
-0.075157
-0.077017
-0.075068
-0.077436
-0.074925
-0.077947
-0.074712
-0.078574
-0.074404
-0.079352
-0.067476
-0.008794
-0.058894
-0.015517
-0.052762
-0.020741
-0.048508
-0.024927
-0.045711
-0.028414
-0.044054
-0.031443
-0.043294
-0.034181
-0.043244
-0.036747
-0.043756
-0.039215
-0.044710
-0.041632
-0.046008
-0.044021
-0.047566
-0.046390
-0.049312
-0.048733
-0.051184
-0.051038
-0.053126
-0.053287
-0.055088
-0.055460
-0.057029
-0.057538
-0.058914
-0.059503
-0.060714
-0.061339
-0.062406
-0.063037
-0.063975
-0.064589
-0.065412
-0.065993
-0.066711
-0.067251
-0.067875
-0.068368
-0.068907
-0.069352
-0.069814
-0.070212
-0.070606
-0.070961
-0.071292
-0.071608
-0.071884
-0.072167
-0.072393
-0.072649
-0.072830
-0.073066
-0.073203
-0.073426
-0.073523
-0.073740
-0.073796
-0.074017
-0.074031
-0.074264
-0.074233
-0.074489
-0.074406
-0.074698
-0.074555
-0.074897
-0.074684
-0.075092
-0.074792
-0.075290
-0.074883
-0.075497
-0.074956
-0.075719
-0.075008
-0.075964
-0.075039
-0.076243
-0.075042
-0.076564
-0.075011
-0.076943
-0.074936
-0.077396
-0.074803
-0.077944
-0.074594
-0.078614
-0.074285
-0.079443
