# u - 700 ites
1.013949
1.002367
1.013010
1.004682
1.012825
1.006867
1.013111
1.008881
1.013698
1.010743
1.014495
1.012483
1.015439
1.014122
1.016480
1.015671
1.017573
1.017129
1.018679
1.018490
1.019761
1.019742
1.020786
1.020870
1.021722
1.021857
1.022540
1.022686
1.023216
1.023340
1.023728
1.023806
1.024061
1.024077
1.024205
1.024147
1.024156
1.024019
1.023917
1.023699
1.023496
1.023201
1.022907
1.022540
1.022168
1.021738
1.021300
1.020818
1.020328
1.019803
1.019274
1.018720
1.018164
1.017590
1.017020
1.016437
1.015864
1.015281
1.014713
1.014138
1.013584
1.013022
1.012490
1.011947
1.011442
1.010920
1.010446
1.009948
1.009509
1.009034
1.008635
1.008182
1.007824
1.007391
1.007078
1.006662
1.006396
1.005991
1.005778
1.005376
1.005220
1.004814
1.004721
1.004301
1.004280
1.003831
1.003895
1.003401
1.003564
1.003004
1.003287
1.002634
1.003064
1.002285
1.002896
1.001948
1.002788
1.001613
1.002750
1.001256
1.013682
1.002312
1.012790
1.004618
1.012661
1.006818
1.012997
1.008852
1.013625
1.010734
1.014457
1.012496
1.015434
1.014158
1.016505
1.015730
1.017628
1.017212
1.018764
1.018599
1.019874
1.019876
1.020925
1.021028
1.021885
1.022036
1.022725
1.022882
1.023417
1.023550
1.023941
1.024025
1.024280
1.024298
1.024424
1.024365
1.024370
1.024228
1.024120
1.023895
1.023682
1.023378
1.023073
1.022695
1.022311
1.021868
1.021418
1.020922
1.020419
1.019882
1.019340
1.018774
1.018206
1.017621
1.017040
1.016446
1.015863
1.015271
1.014695
1.014112
1.013551
1.012983
1.012445
1.011897
1.011387
1.010862
1.010385
1.009884
1.009443
1.008967
1.008565
1.008112
1.007753
1.007321
1.007007
1.006592
1.006326
1.005923
1.005709
1.005311
1.005154
1.004752
1.004658
1.004242
1.004219
1.003776
1.003836
1.003350
1.003508
1.002957
1.003232
1.002592
1.003011
1.002248
1.002843
1.001917
1.002734
1.001589
1.002692
1.001239
1.013752
1.002317
1.012827
1.004616
1.012674
1.006809
1.012994
1.008837
1.013613
1.010716
1.014440
1.012475
1.015415
1.014138
1.016487
1.015712
1.017613
1.017199
1.018752
1.018590
1.019869
1.019874
1.020928
1.021034
1.021896
1.022050
1.022743
1.022905
1.023444
1.023581
1.023975
1.024063
1.024321
1.024341
1.024470
1.024412
1.024418
1.024277
1.024168
1.023943
1.023729
1.023423
1.023117
1.022737
1.022350
1.021905
1.021451
1.020952
1.020446
1.019905
1.019360
1.018790
1.018219
1.017630
1.017046
1.016450
1.015864
1.015269
1.014691
1.014105
1.013543
1.012973
1.012434
1.011885
1.011374
1.010847
1.010370
1.009868
1.009427
1.008951
1.008549
1.008096
1.007738
1.007306
1.006992
1.006577
1.006312
1.005909
1.005696
1.005298
1.005141
1.004740
1.004647
1.004231
1.004210
1.003767
1.003828
1.003342
1.003501
1.002950
1.003227
1.002585
1.003006
1.002242
1.002841
1.001911
1.002733
1.001583
1.002694
1.001233
1.013506
1.002282
1.012628
1.004572
1.012521
1.006770
1.012882
1.008812
1.013538
1.010707
1.014399
1.012486
1.015405
1.014171
1.016509
1.015770
1.017667
1.017283
1.018838
1.018703
1.019986
1.020015
1.021076
1.021202
1.022072
1.022244
1.022945
1.023121
1.023666
1.023813
1.024212
1.024306
1.024566
1.024589
1.024716
1.024658
1.024658
1.024513
1.024396
1.024163
1.023939
1.023622
1.023303
1.022910
1.022509
1.022050
1.021581
1.021067
1.020546
1.019991
1.019430
1.018846
1.018261
1.017660
1.017063
1.016455
1.015858
1.015253
1.014665
1.014072
1.013502
1.012925
1.012380
1.011825
1.011309
1.010780
1.010298
1.009795
1.009351
1.008874
1.008471
1.008018
1.007658
1.007228
1.006913
1.006501
1.006235
1.005835
1.005621
1.005227
1.005070
1.004673
1.004578
1.004168
1.004144
1.003708
1.003766
1.003287
1.003441
1.002900
1.003169
1.002541
1.002951
1.002203
1.002786
1.001878
1.002678
1.001557
1.002637
1.001214
1.013479
1.002284
1.012593
1.004568
1.012480
1.006761
1.012841
1.008799
1.013500
1.010694
1.014368
1.012478
1.015385
1.014170
1.016502
1.015781
1.017675
1.017308
1.018865
1.018745
1.020033
1.020076
1.021143
1.021283
1.022160
1.022345
1.023052
1.023239
1.023791
1.023947
1.024352
1.024452
1.024715
1.024742
1.024870
1.024813
1.024812
1.024664
1.024544
1.024306
1.024076
1.023752
1.023425
1.023024
1.022613
1.022144
1.021666
1.021142
1.020610
1.020045
1.019474
1.018880
1.018286
1.017676
1.017070
1.016455
1.015850
1.015239
1.014645
1.014046
1.013471
1.012890
1.012341
1.011784
1.011265
1.010734
1.010251
1.009746
1.009302
1.008824
1.008421
1.007969
1.007609
1.007179
1.006865
1.006454
1.006189
1.005791
1.005578
1.005186
1.005029
1.004635
1.004540
1.004133
1.004109
1.003676
1.003733
1.003259
1.003411
1.002874
1.003142
1.002518
1.002925
1.002182
1.002762
1.001860
1.002656
1.001540
1.002617
1.001199
1.013204
1.002248
1.012365
1.004519
1.012299
1.006715
1.012704
1.008765
1.013403
1.010678
1.014310
1.012485
1.015365
1.014205
1.016522
1.015847
1.017736
1.017410
1.018968
1.018884
1.020179
1.020254
1.021331
1.021499
1.022388
1.022597
1.023316
1.023522
1.024084
1.024255
1.024666
1.024777
1.025043
1.025074
1.025201
1.025142
1.025136
1.024982
1.024851
1.024602
1.024358
1.024019
1.023675
1.023256
1.022826
1.022338
1.021839
1.021294
1.020742
1.020156
1.019566
1.018952
1.018339
1.017711
1.017089
1.016458
1.015838
1.015214
1.014607
1.013997
1.013412
1.012823
1.012265
1.011701
1.011177
1.010641
1.010154
1.009647
1.009199
1.008721
1.008315
1.007864
1.007503
1.007075
1.006761
1.006353
1.006087
1.005693
1.005479
1.005093
1.004935
1.004547
1.004451
1.004051
1.004024
1.003600
1.003653
1.003188
1.003335
1.002811
1.003069
1.002461
1.002855
1.002132
1.002694
1.001817
1.002588
1.001505
1.002548
1.001173
1.013080
1.002240
1.012251
1.004502
1.012196
1.006693
1.012615
1.008743
1.013331
1.010661
1.014257
1.012479
1.015336
1.014215
1.016519
1.015880
1.017764
1.017470
1.019029
1.018975
1.020276
1.020379
1.021465
1.021659
1.022559
1.022790
1.023521
1.023747
1.024319
1.024505
1.024924
1.025046
1.025316
1.025354
1.025481
1.025423
1.025413
1.025254
1.025115
1.024857
1.024601
1.024250
1.023891
1.023456
1.023009
1.022503
1.021985
1.021423
1.020852
1.020248
1.019640
1.019009
1.018380
1.017736
1.017099
1.016454
1.015822
1.015185
1.014568
1.013949
1.013356
1.012759
1.012196
1.011627
1.011098
1.010559
1.010068
1.009560
1.009111
1.008632
1.008226
1.007776
1.007415
1.006989
1.006675
1.006270
1.006005
1.005614
1.005401
1.005019
1.004861
1.004478
1.004381
1.003988
1.003959
1.003542
1.003592
1.003136
1.003278
1.002763
1.003016
1.002418
1.002806
1.002095
1.002647
1.001784
1.002544
1.001477
1.002505
1.001149
1.012765
1.002200
1.011986
1.004447
1.011980
1.006638
1.012446
1.008698
1.013207
1.010636
1.014179
1.012480
1.015304
1.014250
1.016536
1.015954
1.017833
1.017589
1.019153
1.019144
1.020455
1.020599
1.021700
1.021931
1.022847
1.023110
1.023857
1.024110
1.024696
1.024904
1.025333
1.025468
1.025743
1.025787
1.025913
1.025854
1.025836
1.025669
1.025516
1.025244
1.024969
1.024597
1.024215
1.023756
1.023283
1.022751
1.022206
1.021616
1.021017
1.020386
1.019752
1.019096
1.018441
1.017774
1.017116
1.016450
1.015799
1.015146
1.014513
1.013880
1.013273
1.012666
1.012093
1.011516
1.010980
1.010436
1.009940
1.009429
1.008976
1.008497
1.008090
1.007640
1.007278
1.006855
1.006541
1.006140
1.005875
1.005490
1.005277
1.004901
1.004743
1.004367
1.004269
1.003884
1.003853
1.003446
1.003492
1.003048
1.003184
1.002684
1.002926
1.002347
1.002720
1.002032
1.002564
1.001730
1.002462
1.001432
1.002422
1.001116
1.012550
1.002182
1.011795
1.004414
1.011814
1.006599
1.012307
1.008661
1.013097
1.010609
1.014099
1.012470
1.015260
1.014265
1.016533
1.016002
1.017874
1.017678
1.019244
1.019278
1.020599
1.020784
1.021899
1.022167
1.023100
1.023397
1.024161
1.024442
1.025044
1.025274
1.025715
1.025865
1.026148
1.026199
1.026326
1.026267
1.026243
1.026069
1.025904
1.025617
1.025324
1.024933
1.024528
1.024045
1.023546
1.022988
1.022415
1.021798
1.021172
1.020515
1.019854
1.019172
1.018494
1.017804
1.017124
1.016439
1.015770
1.015100
1.014452
1.013806
1.013188
1.012571
1.011989
1.011405
1.010863
1.010315
1.009815
1.009302
1.008847
1.008368
1.007960
1.007512
1.007151
1.006731
1.006417
1.006020
1.005756
1.005376
1.005164
1.004794
1.004636
1.004268
1.004170
1.003793
1.003760
1.003363
1.003405
1.002973
1.003103
1.002616
1.002850
1.002287
1.002648
1.001978
1.002495
1.001683
1.002396
1.001393
1.002358
1.001083
1.012186
1.002137
1.011485
1.004349
1.011557
1.006531
1.012101
1.008603
1.012941
1.010570
1.013996
1.012462
1.015211
1.014296
1.016543
1.016082
1.017948
1.017814
1.019386
1.019478
1.020813
1.021050
1.022185
1.022500
1.023456
1.023795
1.024582
1.024898
1.025519
1.025776
1.026232
1.026401
1.026690
1.026750
1.026875
1.026815
1.026781
1.026596
1.026413
1.026106
1.025788
1.025370
1.024934
1.024419
1.023886
1.023293
1.022685
1.022032
1.021370
1.020678
1.019983
1.019269
1.018559
1.017840
1.017133
1.016422
1.015730
1.015039
1.014372
1.013709
1.013076
1.012446
1.011852
1.011260
1.010709
1.010156
1.009651
1.009135
1.008677
1.008198
1.007788
1.007342
1.006981
1.006564
1.006252
1.005860
1.005597
1.005223
1.005012
1.004650
1.004492
1.004133
1.004033
1.003668
1.003632
1.003248
1.003285
1.002867
1.002989
1.002521
1.002743
1.002201
1.002545
1.001903
1.002397
1.001619
1.002299
1.001339
1.002261
1.001042
1.011884
1.002107
1.011220
1.004298
1.011328
1.006472
1.011909
1.008547
1.012787
1.010526
1.013884
1.012440
1.015146
1.014309
1.016531
1.016138
1.017997
1.017924
1.019501
1.019650
1.021000
1.021290
1.022447
1.022812
1.023792
1.024176
1.024988
1.025343
1.025987
1.026274
1.026747
1.026937
1.027236
1.027307
1.027433
1.027373
1.027330
1.027134
1.026934
1.026607
1.026263
1.025817
1.025350
1.024802
1.024233
1.023603
1.022957
1.022267
1.021568
1.020839
1.020109
1.019361
1.018619
1.017870
1.017134
1.016398
1.015681
1.014970
1.014283
1.013604
1.012956
1.012314
1.011709
1.011109
1.010551
1.009992
1.009483
1.008965
1.008505
1.008027
1.007616
1.007173
1.006812
1.006400
1.006089
1.005703
1.005441
1.005075
1.004865
1.004511
1.004354
1.004004
1.003904
1.003549
1.003512
1.003140
1.003173
1.002769
1.002884
1.002433
1.002645
1.002123
1.002453
1.001834
1.002308
1.001559
1.002213
1.001288
1.002176
1.001001
1.011464
1.002057
1.010859
1.004221
1.011024
1.006388
1.011660
1.008470
1.012594
1.010470
1.013748
1.012417
1.015074
1.014332
1.016528
1.016220
1.018071
1.018075
1.019660
1.019879
1.021249
1.021604
1.022788
1.023213
1.024224
1.024661
1.025504
1.025905
1.026575
1.026898
1.027391
1.027605
1.027914
1.027996
1.028121
1.028058
1.028003
1.027792
1.027567
1.027214
1.026837
1.026356
1.025848
1.025258
1.024645
1.023970
1.023277
1.022541
1.021796
1.021023
1.020250
1.019461
1.018681
1.017896
1.017126
1.016359
1.015615
1.014878
1.014169
1.013470
1.012805
1.012149
1.011532
1.010922
1.010355
1.009791
1.009276
1.008757
1.008294
1.007816
1.007405
1.006965
1.006605
1.006199
1.005889
1.005510
1.005250
1.004892
1.004683
1.004339
1.004183
1.003845
1.003744
1.003402
1.003361
1.003004
1.003032
1.002646
1.002752
1.002321
1.002520
1.002024
1.002334
1.001747
1.002194
1.001484
1.002102
1.001226
1.002065
1.000952
1.011077
1.002014
1.010519
1.004151
1.010730
1.006305
1.011411
1.008387
1.012391
1.010401
1.013596
1.012375
1.014978
1.014331
1.016499
1.016274
1.018118
1.018198
1.019792
1.020083
1.021473
1.021897
1.023110
1.023600
1.024645
1.025142
1.026019
1.026471
1.027173
1.027537
1.028054
1.028297
1.028620
1.028717
1.028843
1.028780
1.028713
1.028487
1.028238
1.027858
1.027446
1.026927
1.026376
1.025741
1.025080
1.024356
1.023614
1.022828
1.022034
1.021214
1.020394
1.019562
1.018740
1.017917
1.017112
1.016313
1.015539
1.014777
1.014044
1.013326
1.012643
1.011973
1.011343
1.010724
1.010149
1.009580
1.009061
1.008540
1.008076
1.007599
1.007189
1.006753
1.006395
1.005994
1.005686
1.005315
1.005058
1.004709
1.004502
1.004168
1.004013
1.003687
1.003585
1.003257
1.003214
1.002872
1.002895
1.002527
1.002625
1.002214
1.002401
1.001928
1.002221
1.001663
1.002087
1.001412
1.001998
1.001165
1.001962
1.000903
1.010596
1.001956
1.010101
1.004059
1.010373
1.006200
1.011113
1.008286
1.012152
1.010319
1.013421
1.012329
1.014874
1.014337
1.016475
1.016348
1.018186
1.018356
1.019962
1.020338
1.021755
1.022259
1.023508
1.024073
1.025160
1.025725
1.026643
1.027154
1.027892
1.028304
1.028847
1.029122
1.029459
1.029570
1.029695
1.029628
1.029545
1.029298
1.029019
1.028602
1.028147
1.027580
1.026977
1.026287
1.025568
1.024786
1.023984
1.023140
1.022288
1.021412
1.020539
1.019657
1.018788
1.017921
1.017076
1.016241
1.015434
1.014643
1.013885
1.013145
1.012443
1.011758
1.011115
1.010486
1.009903
1.009329
1.008805
1.008284
1.007818
1.007344
1.006934
1.006503
1.006147
1.005754
1.005449
1.005087
1.004832
1.004494
1.004290
1.003968
1.003814
1.003501
1.003400
1.003087
1.003041
1.002717
1.002734
1.002386
1.002474
1.002088
1.002259
1.001816
1.002087
1.001564
1.001958
1.001326
1.001873
1.001094
1.001838
1.000848
1.010123
1.001901
1.009685
1.003966
1.010009
1.006087
1.010799
1.008170
1.011891
1.010215
1.013216
1.012255
1.014736
1.014310
1.016415
1.016388
1.018217
1.018480
1.020099
1.020563
1.022009
1.022599
1.023889
1.024535
1.025669
1.026310
1.027276
1.027855
1.028636
1.029102
1.029679
1.029992
1.030349
1.030479
1.030607
1.030540
1.030441
1.030174
1.029862
1.029409
1.028906
1.028289
1.027629
1.026880
1.026097
1.025251
1.024384
1.023476
1.022561
1.021625
1.020694
1.019757
1.018837
1.017923
1.017035
1.016161
1.015319
1.014498
1.013713
1.012950
1.012229
1.011528
1.010872
1.010233
1.009642
1.009064
1.008537
1.008015
1.007549
1.007078
1.006670
1.006245
1.005892
1.005506
1.005206
1.004853
1.004603
1.004275
1.004074
1.003765
1.003613
1.003315
1.003213
1.002916
1.002868
1.002562
1.002574
1.002246
1.002325
1.001962
1.002120
1.001705
1.001956
1.001467
1.001833
1.001242
1.001752
1.001024
1.001718
1.000792
1.009575
1.001834
1.009206
1.003854
1.009592
1.005955
1.010443
1.008035
1.011597
1.010098
1.012990
1.012174
1.014588
1.014286
1.016359
1.016443
1.018268
1.018635
1.020272
1.020838
1.022319
1.023007
1.024345
1.025086
1.026275
1.027003
1.028025
1.028679
1.029511
1.030037
1.030652
1.031005
1.031382
1.031531
1.031659
1.031586
1.031465
1.031170
1.030817
1.030315
1.029755
1.029075
1.028346
1.027525
1.026667
1.025745
1.024802
1.023820
1.022833
1.021827
1.020831
1.019833
1.018856
1.017891
1.016955
1.016040
1.015161
1.014307
1.013494
1.012708
1.011967
1.011251
1.010581
1.009934
1.009336
1.008755
1.008225
1.007704
1.007238
1.006772
1.006367
1.005950
1.005601
1.005225
1.004929
1.004588
1.004342
1.004028
1.003830
1.003536
1.003386
1.003104
1.003003
1.002723
1.002673
1.002386
1.002392
1.002088
1.002156
1.001820
1.001962
1.001579
1.001807
1.001356
1.001691
1.001148
1.001614
1.000945
1.001581
1.000731
1.009017
1.001764
1.008712
1.003735
1.009155
1.005805
1.010059
1.007875
1.011266
1.009946
1.012721
1.012051
1.014391
1.014216
1.016251
1.016450
1.018267
1.018744
1.020399
1.021071
1.022592
1.023385
1.024778
1.025621
1.026874
1.027699
1.028787
1.029529
1.030421
1.031019
1.031681
1.032085
1.032491
1.032665
1.032798
1.032723
1.032583
1.032261
1.031864
1.031312
1.030690
1.029942
1.029137
1.028237
1.027296
1.026291
1.025265
1.024201
1.023134
1.022052
1.020983
1.019919
1.018880
1.017858
1.016871
1.015910
1.014991
1.014103
1.013260
1.012450
1.011687
1.010955
1.010273
1.009617
1.009012
1.008428
1.007896
1.007377
1.006913
1.006452
1.006051
1.005642
1.005299
1.004933
1.004643
1.004314
1.004074
1.003773
1.003581
1.003301
1.003155
1.002889
1.002789
1.002527
1.002476
1.002210
1.002210
1.001929
1.001988
1.001678
1.001805
1.001453
1.001659
1.001246
1.001550
1.001053
1.001478
1.000866
1.001447
1.000668
1.008397
1.001685
1.008165
1.003600
1.008671
1.005638
1.009635
1.007696
1.010904
1.009779
1.012428
1.011920
1.014182
1.014146
1.016144
1.016470
1.018283
1.018881
1.020561
1.021352
1.022922
1.023833
1.025291
1.026251
1.027579
1.028514
1.029679
1.030519
1.031479
1.032157
1.032871
1.033330
1.033763
1.033961
1.034094
1.034012
1.033843
1.033481
1.033029
1.032412
1.031712
1.030881
1.029984
1.028990
1.027952
1.026849
1.025726
1.024568
1.023410
1.022244
1.021095
1.019957
1.018850
1.017768
1.016728
1.015720
1.014759
1.013837
1.012964
1.012130
1.011348
1.010602
1.009908
1.009246
1.008635
1.008051
1.007519
1.007004
1.006544
1.006091
1.005696
1.005297
1.004961
1.004608
1.004325
1.004010
1.003777
1.003492
1.003305
1.003042
1.002900
1.002652
1.002554
1.002312
1.002259
1.002015
1.002010
1.001754
1.001802
1.001522
1.001632
1.001315
1.001497
1.001126
1.001395
1.000950
1.001327
1.000780
1.001298
1.000601
1.007754
1.001600
1.007591
1.003450
1.008154
1.005444
1.009169
1.007480
1.010491
1.009563
1.012076
1.011730
1.013907
1.014011
1.015966
1.016420
1.018228
1.018951
1.020657
1.021574
1.023196
1.024235
1.025766
1.026854
1.028268
1.029329
1.030583
1.031538
1.032581
1.033355
1.034135
1.034663
1.035137
1.035370
1.035511
1.035426
1.035231
1.034832
1.034321
1.033636
1.032853
1.031930
1.030933
1.029834
1.028688
1.027476
1.026246
1.024983
1.023726
1.022464
1.021228
1.020008
1.018828
1.017679
1.016579
1.015520
1.014515
1.013555
1.012650
1.011791
1.010988
1.010227
1.009521
1.008853
1.008238
1.007653
1.007122
1.006613
1.006156
1.005713
1.005324
1.004937
1.004609
1.004270
1.003995
1.003696
1.003470
1.003202
1.003022
1.002777
1.002639
1.002410
1.002314
1.002093
1.002039
1.001817
1.001807
1.001577
1.001615
1.001365
1.001458
1.001176
1.001334
1.001004
1.001241
1.000846
1.001178
1.000693
1.001151
1.000533
1.007060
1.001508
1.006972
1.003286
1.007596
1.005232
1.008666
1.007245
1.010046
1.009329
1.011699
1.011527
1.013615
1.013872
1.015784
1.016380
1.018187
1.019047
1.020787
1.021844
1.023529
1.024712
1.026330
1.027564
1.029078
1.030280
1.031638
1.032722
1.033860
1.034739
1.035593
1.036193
1.036708
1.036972
1.037115
1.037018
1.036783
1.036330
1.035743
1.034969
1.034082
1.033046
1.031928
1.030703
1.029430
1.028092
1.026738
1.025357
1.023987
1.022621
1.021288
1.019981
1.018722
1.017505
1.016345
1.015234
1.014185
1.013188
1.012255
1.011373
1.010553
1.009780
1.009066
1.008395
1.007779
1.007198
1.006671
1.006170
1.005722
1.005290
1.004911
1.004539
1.004221
1.003898
1.003634
1.003352
1.003136
1.002886
1.002714
1.002488
1.002357
1.002148
1.002055
1.001856
1.001801
1.001605
1.001589
1.001386
1.001414
1.001195
1.001271
1.001026
1.001159
1.000874
1.001074
1.000734
1.001018
1.000601
1.000992
1.000461
1.006330
1.001405
1.006315
1.003099
1.006992
1.004984
1.008108
1.006957
1.009534
1.009029
1.011243
1.011245
1.013234
1.013642
1.015506
1.016243
1.018044
1.019046
1.020820
1.022023
1.023778
1.025115
1.026829
1.028224
1.029854
1.031217
1.032699
1.033934
1.035188
1.036196
1.037144
1.037838
1.038411
1.038724
1.038880
1.038779
1.038510
1.038003
1.037338
1.036469
1.035469
1.034309
1.033056
1.031692
1.030277
1.028798
1.027306
1.025792
1.024298
1.022815
1.021375
1.019971
1.018625
1.017331
1.016104
1.014937
1.013840
1.012805
1.011839
1.010933
1.010094
1.009309
1.008587
1.007913
1.007297
1.006721
1.006198
1.005707
1.005267
1.004849
1.004481
1.004124
1.003818
1.003512
1.003260
1.002996
1.002791
1.002561
1.002398
1.002192
1.002067
1.001880
1.001791
1.001615
1.001560
1.001388
1.001368
1.001193
1.001211
1.001024
1.001083
1.000876
1.000983
1.000743
1.000908
1.000622
1.000858
1.000507
1.000834
1.000388
1.005558
1.001297
1.005620
1.002901
1.006353
1.004717
1.007514
1.006649
1.008989
1.008708
1.010759
1.010945
1.012833
1.013403
1.015219
1.016109
1.017912
1.019068
1.020887
1.022253
1.024090
1.025601
1.027430
1.029006
1.030772
1.032318
1.033941
1.035347
1.036734
1.037885
1.038936
1.039729
1.040361
1.040716
1.040876
1.040757
1.040434
1.039850
1.039080
1.038087
1.036944
1.035630
1.034214
1.032683
1.031101
1.029458
1.027808
1.026145
1.024512
1.022902
1.021347
1.019841
1.018406
1.017035
1.015743
1.014521
1.013380
1.012310
1.011317
1.010393
1.009541
1.008750
1.008025
1.007354
1.006743
1.006176
1.005664
1.005188
1.004761
1.004360
1.004007
1.003669
1.003378
1.003093
1.002855
1.002612
1.002420
1.002211
1.002058
1.001876
1.001758
1.001595
1.001509
1.001358
1.001304
1.001159
1.001134
1.000989
1.000996
1.000843
1.000885
1.000717
1.000798
1.000605
1.000733
1.000504
1.000688
1.000410
1.000667
1.000312
1.004742
1.001175
1.004878
1.002672
1.005656
1.004402
1.006850
1.006273
1.008357
1.008300
1.010172
1.010539
1.012313
1.013041
1.014800
1.015841
1.017639
1.018950
1.020813
1.022347
1.024273
1.025969
1.027925
1.029702
1.031623
1.033378
1.035171
1.036779
1.038329
1.039657
1.040844
1.041766
1.042484
1.042906
1.043088
1.042963
1.042592
1.041933
1.041053
1.039927
1.038629
1.037144
1.035547
1.033829
1.032059
1.030231
1.028405
1.026574
1.024786
1.023033
1.021350
1.019730
1.018195
1.016739
1.015374
1.014092
1.012903
1.011795
1.010773
1.009828
1.008962
1.008165
1.007438
1.006770
1.006165
1.005609
1.005108
1.004647
1.004234
1.003852
1.003515
1.003198
1.002923
1.002659
1.002437
1.002217
1.002038
1.001852
1.001711
1.001551
1.001443
1.001303
1.001223
1.001097
1.001043
1.000926
1.000897
1.000782
1.000779
1.000660
1.000685
1.000557
1.000612
1.000466
1.000557
1.000386
1.000519
1.000311
1.000501
1.000235
1.003893
1.001049
1.004104
1.002432
1.004926
1.004070
1.006152
1.005874
1.007692
1.007867
1.009554
1.010110
1.011768
1.012664
1.014368
1.015570
1.017370
1.018851
1.020770
1.022491
1.024524
1.026429
1.028535
1.030540
1.032644
1.034636
1.036626
1.038463
1.040200
1.041724
1.043060
1.044121
1.044926
1.045407
1.045595
1.045442
1.044995
1.044225
1.043198
1.041897
1.040401
1.038703
1.036883
1.034941
1.032950
1.030909
1.028881
1.026863
1.024905
1.022999
1.021181
1.019444
1.017811
1.016271
1.014839
1.013504
1.012273
1.011135
1.010094
1.009137
1.008267
1.007472
1.006751
1.006095
1.005503
1.004965
1.004482
1.004043
1.003651
1.003293
1.002976
1.002685
1.002429
1.002192
1.001987
1.001793
1.001630
1.001470
1.001342
1.001208
1.001109
1.000995
1.000922
1.000823
1.000771
1.000681
1.000650
1.000565
1.000553
1.000470
1.000477
1.000390
1.000418
1.000322
1.000374
1.000263
1.000344
1.000210
1.000328
1.000156
1.002993
1.000905
1.003275
1.002155
1.004129
1.003676
1.005368
1.005388
1.006919
1.007321
1.008804
1.009543
1.011068
1.012123
1.013758
1.015116
1.016908
1.018555
1.020526
1.022437
1.024579
1.026705
1.028975
1.031233
1.033544
1.035809
1.038033
1.040144
1.042113
1.043883
1.045416
1.046662
1.047595
1.048172
1.048394
1.048232
1.047719
1.046838
1.045655
1.044164
1.042449
1.040513
1.038445
1.036249
1.034009
1.031726
1.029471
1.027242
1.025092
1.023013
1.021046
1.019178
1.017434
1.015802
1.014295
1.012901
1.011624
1.010454
1.009390
1.008421
1.007545
1.006752
1.006038
1.005394
1.004817
1.004298
1.003835
1.003419
1.003048
1.002716
1.002421
1.002156
1.001922
1.001711
1.001526
1.001358
1.001213
1.001079
1.000966
1.000858
1.000770
1.000683
1.000616
1.000544
1.000495
1.000434
1.000399
1.000347
1.000325
1.000277
1.000268
1.000222
1.000224
1.000176
1.000191
1.000139
1.000169
1.000107
1.000156
1.000077
1.002068
1.000758
1.002421
1.001867
1.003304
1.003264
1.004552
1.004879
1.006112
1.006747
1.008020
1.008947
1.010337
1.011558
1.013127
1.014649
1.016442
1.018270
1.020308
1.022430
1.024705
1.027081
1.029545
1.032090
1.034647
1.037225
1.039721
1.042146
1.044382
1.046429
1.048181
1.049625
1.050687
1.051350
1.051584
1.051379
1.050755
1.049711
1.048314
1.046571
1.044576
1.042341
1.039967
1.037466
1.034933
1.032371
1.029861
1.027398
1.025042
1.022783
1.020662
1.018665
1.016816
1.015100
1.013529
1.012087
1.010778
1.009589
1.008516
1.007549
1.006681
1.005903
1.005208
1.004588
1.004036
1.003546
1.003110
1.002726
1.002384
1.002084
1.001817
1.001584
1.001376
1.001196
1.001035
1.000897
1.000772
1.000667
1.000570
1.000491
1.000415
1.000356
1.000298
1.000255
1.000208
1.000178
1.000141
1.000121
1.000090
1.000079
1.000052
1.000049
1.000024
1.000027
1.000004
1.000013
0.999989
1.000003
0.999979
0.999996
1.001087
1.000590
1.001505
1.001534
1.002400
1.002778
1.003634
1.004263
1.005175
1.006033
1.007073
1.008174
1.009408
1.010779
1.012263
1.013935
1.015712
1.017711
1.019805
1.022136
1.024543
1.027178
1.029851
1.032710
1.035543
1.038480
1.041301
1.044102
1.046671
1.049069
1.051112
1.052827
1.054083
1.054887
1.055176
1.054955
1.054234
1.053025
1.051400
1.049379
1.047070
1.044497
1.041777
1.038929
1.036062
1.033183
1.030383
1.027655
1.025066
1.022603
1.020310
1.018168
1.016202
1.014393
1.012750
1.011256
1.009911
1.008700
1.007618
1.006651
1.005791
1.005028
1.004353
1.003758
1.003232
1.002772
1.002366
1.002014
1.001703
1.001436
1.001199
1.000999
1.000819
1.000671
1.000534
1.000427
1.000323
1.000248
1.000169
1.000118
1.000056
1.000026
0.999976
0.999963
0.999920
0.999920
0.999881
0.999894
0.999855
0.999880
0.999837
0.999876
0.999825
0.999878
0.999817
0.999886
0.999810
0.999899
0.999803
0.999915
1.000092
1.000421
1.000572
1.001193
1.001474
1.002275
1.002688
1.003622
1.004202
1.005286
1.006088
1.007366
1.008441
1.009967
1.011367
1.013198
1.014967
1.017151
1.019318
1.021881
1.024448
1.027377
1.030298
1.033518
1.036679
1.040032
1.043233
1.046470
1.049427
1.052223
1.054595
1.056603
1.058059
1.058989
1.059300
1.059011
1.058124
1.056669
1.054726
1.052334
1.049619
1.046620
1.043475
1.040209
1.036952
1.033710
1.030585
1.027570
1.024737
1.022067
1.019606
1.017329
1.015260
1.013374
1.011680
1.010154
1.008795
1.007583
1.006511
1.005565
1.004732
1.004002
1.003362
1.002808
1.002321
1.001905
1.001539
1.001230
1.000958
1.000732
1.000531
1.000371
1.000223
1.000112
1.000004
0.999932
0.999852
0.999810
0.999750
0.999731
0.999685
0.999685
0.999645
0.999662
0.999624
0.999656
0.999615
0.999662
0.999614
0.999678
0.999618
0.999699
0.999623
0.999726
0.999627
0.999758
0.999628
0.999793
0.999625
0.999833
0.999037
1.000228
0.999573
1.000799
1.000460
1.001685
1.001624
1.002854
1.003077
1.004370
1.004905
1.006338
1.007226
1.008883
1.010170
1.012134
1.013868
1.016215
1.018434
1.021216
1.023933
1.027160
1.030338
1.033947
1.037472
1.041299
1.044950
1.048712
1.052155
1.055462
1.058275
1.060690
1.062448
1.063594
1.063992
1.063677
1.062641
1.060931
1.058642
1.055833
1.052657
1.049168
1.045535
1.041790
1.038085
1.034427
1.030934
1.027592
1.024484
1.021580
1.018930
1.016501
1.014317
1.012346
1.010593
1.009031
1.007655
1.006442
1.005381
1.004455
1.003649
1.002954
1.002351
1.001837
1.001392
1.001019
1.000696
1.000431
1.000199
1.000017
0.999853
0.999733
0.999619
0.999546
0.999468
0.999431
0.999377
0.999368
0.999329
0.999341
0.999311
0.999342
0.999313
0.999360
0.999327
0.999391
0.999349
0.999430
0.999374
0.999475
0.999399
0.999524
0.999422
0.999576
0.999439
0.999630
0.999449
0.999688
0.999449
0.999752
0.997979
1.000036
0.998566
1.000399
0.999432
1.001079
1.000537
1.002062
1.001918
1.003419
1.003682
1.005270
1.005967
1.007755
1.008931
1.011032
1.012739
1.015260
1.017548
1.020573
1.023471
1.027036
1.030521
1.034580
1.038538
1.042920
1.047106
1.051484
1.055498
1.059396
1.062713
1.065578
1.067652
1.068995
1.069432
1.069008
1.067714
1.065619
1.062845
1.059473
1.055698
1.051590
1.047357
1.043038
1.038812
1.034684
1.030788
1.027102
1.023714
1.020584
1.017763
1.015206
1.012937
1.010911
1.009133
1.007568
1.006207
1.005024
1.004002
1.003124
1.002371
1.001733
1.001188
1.000734
1.000347
1.000034
0.999765
0.999557
0.999375
0.999245
0.999127
0.999054
0.998980
0.998950
0.998906
0.998908
0.998883
0.998909
0.998894
0.998940
0.998927
0.998990
0.998973
0.999052
0.999026
0.999122
0.999080
0.999195
0.999132
0.999271
0.999180
0.999347
0.999219
0.999424
0.999250
0.999502
0.999269
0.999583
0.999273
0.999671
0.996862
0.999817
0.997491
0.999941
0.998311
1.000375
0.999321
1.001124
1.000585
1.002269
1.002227
1.003937
1.004408
1.006288
1.007313
1.009509
1.011147
1.013801
1.016120
1.019355
1.022407
1.026298
1.030087
1.034618
1.039047
1.044054
1.048866
1.053986
1.058717
1.063378
1.067380
1.070878
1.073438
1.075122
1.075702
1.075231
1.073698
1.071191
1.067873
1.063855
1.059386
1.054557
1.049626
1.044640
1.039813
1.035145
1.030790
1.026712
1.023008
1.019625
1.016612
1.013913
1.011547
1.009461
1.007654
1.006084
1.004738
1.003583
1.002602
1.001774
1.001075
1.000496
1.000011
0.999619
0.999291
0.999038
0.998826
0.998675
0.998545
0.998467
0.998396
0.998371
0.998338
0.998351
0.998342
0.998384
0.998388
0.998451
0.998459
0.998539
0.998544
0.998640
0.998635
0.998746
0.998726
0.998855
0.998813
0.998962
0.998893
0.999068
0.998962
0.999172
0.999020
0.999274
0.999064
0.999376
0.999092
0.999479
0.999100
0.999591
0.995755
0.999601
0.996420
0.999480
0.997185
0.999660
0.998089
1.000165
0.999224
1.001086
1.000734
1.002560
1.002800
1.004768
1.005640
1.007930
1.009503
1.012297
1.014660
1.018126
1.021364
1.025626
1.029777
1.034858
1.039848
1.045595
1.051155
1.057159
1.062746
1.068308
1.073108
1.077322
1.080404
1.082410
1.083058
1.082405
1.080454
1.077324
1.073237
1.068344
1.062966
1.057225
1.051439
1.045661
1.040144
1.034879
1.030038
1.025565
1.021563
1.017955
1.014793
1.011998
1.009587
1.007492
1.005708
1.004182
1.002897
1.001816
1.000916
1.000173
0.999561
0.999070
0.998669
0.998362
0.998114
0.997939
0.997799
0.997717
0.997651
0.997636
0.997619
0.997650
0.997663
0.997726
0.997756
0.997842
0.997878
0.997980
0.998014
0.998130
0.998155
0.998284
0.998293
0.998437
0.998425
0.998586
0.998545
0.998729
0.998653
0.998866
0.998746
0.998998
0.998821
0.999125
0.998879
0.999250
0.998916
0.999376
0.998928
0.999513
0.994594
0.999356
0.995283
0.998957
0.995964
0.998840
0.996721
0.999047
0.997672
0.999678
0.998978
1.000877
1.000840
1.002841
1.003504
1.005825
1.007269
1.010134
1.012475
1.016108
1.019473
1.024061
1.028543
1.034175
1.039751
1.046315
1.052735
1.059798
1.066457
1.073189
1.079082
1.084322
1.088216
1.090788
1.091681
1.090935
1.088574
1.084751
1.079773
1.073845
1.067392
1.060571
1.053776
1.047072
1.040757
1.034805
1.029410
1.024490
1.020153
1.016297
1.012969
1.010069
1.007608
1.005503
1.003742
1.002262
1.001041
1.000036
0.999218
0.998564
0.998041
0.997639
0.997326
0.997104
0.996937
0.996841
0.996773
0.996763
0.996761
0.996808
0.996847
0.996933
0.996993
0.997105
0.997175
0.997304
0.997373
0.997514
0.997574
0.997726
0.997771
0.997933
0.997956
0.998132
0.998128
0.998321
0.998282
0.998499
0.998418
0.998667
0.998533
0.998826
0.998627
0.998979
0.998698
0.999127
0.998744
0.999276
0.998760
0.999435
0.993456
0.999118
0.994164
0.998438
0.994752
0.998016
0.995351
0.997916
0.996105
0.998244
0.997193
0.999152
0.998834
1.000857
1.001306
1.003647
1.004960
1.007892
1.010218
1.014027
1.017545
1.022501
1.027373
1.033647
1.039922
1.047459
1.054919
1.063261
1.071224
1.079367
1.086567
1.093001
1.097794
1.100923
1.101941
1.100880
1.097805
1.092926
1.086678
1.079345
1.071484
1.063298
1.055279
1.047491
1.040283
1.033600
1.027651
1.022316
1.017702
1.013668
1.010255
1.007334
1.004909
1.002874
1.001212
0.999849
0.998756
0.997884
0.997202
0.996680
0.996286
0.996009
0.995813
0.995703
0.995640
0.995641
0.995663
0.995737
0.995811
0.995932
0.996034
0.996183
0.996297
0.996463
0.996577
0.996753
0.996857
0.997040
0.997129
0.997317
0.997384
0.997581
0.997619
0.997828
0.997832
0.998058
0.998021
0.998271
0.998185
0.998471
0.998324
0.998657
0.998436
0.998835
0.998521
0.999006
0.998576
0.999177
0.998595
0.999360
0.992273
0.998853
0.992986
0.997856
0.993451
0.997084
0.993845
0.996620
0.994340
0.996570
0.995124
0.997088
0.996431
0.998402
0.998564
1.000834
1.001924
1.004815
1.007017
1.010888
1.014448
1.019667
1.024841
1.031707
1.038661
1.047233
1.055848
1.065702
1.075281
1.085261
1.094265
1.102436
1.108657
1.112778
1.114226
1.112974
1.109147
1.103035
1.095256
1.086212
1.076642
1.066816
1.057341
1.048282
1.040040
1.032520
1.025949
1.020152
1.015234
1.011008
1.007507
1.004566
1.002180
1.000222
0.998668
0.997427
0.996469
0.995736
0.995192
0.994807
0.994545
0.994394
0.994317
0.994319
0.994359
0.994459
0.994570
0.994728
0.994878
0.995071
0.995237
0.995447
0.995614
0.995833
0.995991
0.996213
0.996353
0.996576
0.996693
0.996918
0.997006
0.997237
0.997290
0.997531
0.997544
0.997801
0.997767
0.998050
0.997959
0.998280
0.998120
0.998494
0.998251
0.998695
0.998349
0.998889
0.998413
0.999081
0.998436
0.999286
0.991131
0.998597
0.991842
0.997287
0.992175
0.996162
0.992355
0.995326
0.992580
0.994887
0.993046
0.994999
0.993997
0.995898
0.995764
0.997940
0.998796
1.001623
1.003694
1.007614
1.011221
1.016725
1.022245
1.029791
1.037547
1.047355
1.057374
1.069079
1.080660
1.092911
1.104136
1.114403
1.122263
1.127409
1.129105
1.127271
1.122144
1.114150
1.104180
1.092801
1.080998
1.069115
1.057900
1.047393
1.038048
1.029700
1.022575
1.016424
1.011335
1.007059
1.003614
1.000792
0.998576
0.996814
0.995474
0.994451
0.993711
0.993188
0.992847
0.992652
0.992568
0.992582
0.992657
0.992800
0.992967
0.993185
0.993402
0.993659
0.993896
0.994171
0.994408
0.994688
0.994913
0.995190
0.995395
0.995667
0.995845
0.996111
0.996257
0.996520
0.996631
0.996895
0.996965
0.997237
0.997260
0.997549
0.997518
0.997833
0.997738
0.998093
0.997922
0.998334
0.998070
0.998559
0.998182
0.998775
0.998255
0.998988
0.998282
0.999216
0.989956
0.998316
0.990651
0.996659
0.990823
0.995138
0.990743
0.993873
0.990630
0.992964
0.990682
0.992556
0.991144
0.992883
0.992359
0.994318
0.994814
0.997418
0.999195
1.002973
1.006432
1.012018
1.017686
1.025751
1.034178
1.045206
1.056693
1.070518
1.084533
1.099724
1.114029
1.127395
1.137915
1.144919
1.147412
1.145148
1.138531
1.128207
1.115471
1.101163
1.086595
1.072213
1.058924
1.046729
1.036125
1.026850
1.019122
1.012595
1.007335
1.003022
0.999651
0.996969
0.994943
0.993395
0.992284
0.991492
0.990979
0.990674
0.990539
0.990538
0.990632
0.990813
0.991038
0.991321
0.991614
0.991948
0.992269
0.992623
0.992945
0.993300
0.993607
0.993954
0.994236
0.994569
0.994820
0.995139
0.995355
0.995662
0.995837
0.996137
0.996269
0.996567
0.996652
0.996955
0.996988
0.997306
0.997278
0.997624
0.997526
0.997914
0.997732
0.998180
0.997898
0.998429
0.998022
0.998666
0.998104
0.998900
0.998135
0.999148
0.988841
0.998050
0.989515
0.996056
0.989519
0.994143
0.989174
0.992447
0.988717
0.991064
0.988344
0.990120
0.988297
0.989847
0.988923
0.990630
0.990742
0.993079
0.994527
0.998112
1.001391
1.007026
1.012837
1.021466
1.030651
1.043119
1.056373
1.072816
1.089902
1.108811
1.127042
1.144308
1.158014
1.167061
1.170084
1.166658
1.157489
1.143596
1.126883
1.108570
1.090407
1.072939
1.057251
1.043242
1.031423
1.021370
1.013260
1.006610
1.001443
0.997346
0.994285
0.991954
0.990307
0.989135
0.988393
0.987950
0.987765
0.987763
0.987905
0.988156
0.988479
0.988866
0.989277
0.989727
0.990170
0.990639
0.991079
0.991542
0.991961
0.992404
0.992789
0.993208
0.993552
0.993945
0.994245
0.994614
0.994868
0.995218
0.995423
0.995760
0.995915
0.996246
0.996347
0.996681
0.996723
0.997071
0.997047
0.997423
0.997322
0.997741
0.997550
0.998033
0.997732
0.998304
0.997869
0.998562
0.997959
0.998815
0.997995
0.999083
0.987712
0.997764
0.988351
0.995405
0.988161
0.993063
0.987508
0.990885
0.986642
0.988947
0.985747
0.987351
0.985045
0.986300
0.984868
0.986168
0.985738
0.987588
0.988481
0.991578
0.994366
0.999685
1.005258
1.014071
1.023637
1.037314
1.052177
1.071443
1.092104
1.115738
1.139397
1.162542
1.181565
1.194363
1.198957
1.194474
1.182076
1.163476
1.141509
1.118036
1.095370
1.074165
1.055661
1.039588
1.026435
1.015566
1.007091
1.000361
0.995344
0.991521
0.988826
0.986895
0.985665
0.984901
0.984551
0.984474
0.984627
0.984933
0.985355
0.985859
0.986408
0.986999
0.987591
0.988205
0.988792
0.989392
0.989947
0.990515
0.991025
0.991554
0.992012
0.992500
0.992902
0.993352
0.993699
0.994115
0.994406
0.994796
0.995031
0.995402
0.995580
0.995941
0.996058
0.996421
0.996473
0.996848
0.996828
0.997232
0.997129
0.997578
0.997377
0.997894
0.997576
0.998186
0.997725
0.998463
0.997823
0.998735
0.997862
0.999022
0.986662
0.997498
0.987262
0.994793
0.986879
0.992036
0.985922
0.989387
0.984651
0.986901
0.983233
0.984648
0.981864
0.982798
0.980848
0.981699
0.980697
0.981988
0.982265
0.984767
0.986970
0.991839
0.997061
1.005968
1.015860
1.030877
1.047575
1.070302
1.095521
1.125212
1.156091
1.187016
1.212690
1.229907
1.235734
1.228709
1.210834
1.184979
1.155414
1.124876
1.096430
1.070765
1.049235
1.031230
1.017115
1.005911
0.997595
0.991292
0.986890
0.983751
0.981773
0.980538
0.979971
0.979816
0.980024
0.980448
0.981049
0.981753
0.982526
0.983342
0.984164
0.984997
0.985801
0.986602
0.987354
0.988100
0.988784
0.989467
0.990077
0.990697
0.991233
0.991794
0.992259
0.992767
0.993163
0.993628
0.993957
0.994387
0.994651
0.995057
0.995257
0.995649
0.995782
0.996172
0.996234
0.996637
0.996620
0.997051
0.996946
0.997423
0.997214
0.997762
0.997429
0.998075
0.997589
0.998371
0.997695
0.998659
0.997738
0.998965
0.985620
0.997220
0.986171
0.994151
0.985575
0.990955
0.984280
0.987794
0.982550
0.984694
0.980523
0.981676
0.978349
0.978850
0.976275
0.976501
0.974748
0.975210
0.974585
0.976079
0.977252
0.981078
0.985295
0.993529
1.002892
1.018505
1.036225
1.062219
1.092245
1.129210
1.169986
1.213012
1.250160
1.275378
1.284329
1.274413
1.248934
1.212977
1.173048
1.133343
1.097767
1.066867
1.041958
1.021911
1.006883
0.995469
0.987475
0.981765
0.978132
0.975808
0.974652
0.974191
0.974346
0.974842
0.975632
0.976571
0.977626
0.978728
0.979849
0.980969
0.982057
0.983122
0.984129
0.985108
0.986015
0.986900
0.987703
0.988494
0.989198
0.989902
0.990511
0.991140
0.991662
0.992225
0.992666
0.993175
0.993540
0.994008
0.994299
0.994737
0.994957
0.995378
0.995525
0.995942
0.996013
0.996440
0.996428
0.996883
0.996776
0.997280
0.997064
0.997640
0.997292
0.997972
0.997464
0.998285
0.997577
0.998589
0.997623
0.998912
0.984677
0.996969
0.985178
0.993563
0.984378
0.989956
0.982762
0.986311
0.980593
0.982623
0.977977
0.978859
0.975010
0.975062
0.971866
0.971429
0.968903
0.968451
0.966849
0.967170
0.967150
0.969650
0.972572
0.979753
0.988179
1.004156
1.022598
1.052459
1.088377
1.134462
1.189486
1.249642
1.301155
1.335453
1.346595
1.330486
1.292702
1.241579
1.186874
1.134776
1.090395
1.053825
1.026051
1.004954
0.990203
0.979744
0.973119
0.968889
0.966751
0.965822
0.965947
0.966621
0.967776
0.969139
0.970682
0.972266
0.973877
0.975456
0.976987
0.978458
0.979849
0.981176
0.982408
0.983583
0.984660
0.985692
0.986624
0.987529
0.988330
0.989123
0.989807
0.990505
0.991085
0.991703
0.992189
0.992744
0.993143
0.993648
0.993967
0.994436
0.994676
0.995124
0.995285
0.995727
0.995806
0.996257
0.996249
0.996727
0.996620
0.997148
0.996924
0.997528
0.997167
0.997877
0.997348
0.998206
0.997468
0.998525
0.997517
0.998863
0.983768
0.996715
0.984213
0.992970
0.983199
0.988943
0.981243
0.984795
0.978604
0.980478
0.975340
0.975892
0.971476
0.970982
0.967077
0.965812
0.962349
0.960695
0.957819
0.956465
0.954710
0.955034
0.955701
0.960466
0.966340
0.980847
0.997564
1.029922
1.069894
1.125259
1.200986
1.288684
1.362779
1.408618
1.421499
1.397202
1.343759
1.273714
1.200895
1.134434
1.080479
1.038025
1.007529
0.985696
0.971656
0.962617
0.957796
0.955419
0.955068
0.955755
0.957313
0.959224
0.961441
0.963706
0.966012
0.968242
0.970399
0.972440
0.974363
0.976168
0.977842
0.979412
0.980852
0.982208
0.983438
0.984606
0.985654
0.986661
0.987550
0.988422
0.989174
0.989934
0.990566
0.991234
0.991761
0.992355
0.992786
0.993324
0.993667
0.994164
0.994422
0.994894
0.995069
0.995532
0.995620
0.996092
0.996087
0.996587
0.996478
0.997028
0.996799
0.997426
0.997053
0.997791
0.997244
0.998134
0.997370
0.998467
0.997422
0.998819
0.982976
0.996494
0.983367
0.992449
0.982158
0.988045
0.979895
0.983442
0.976825
0.978550
0.972965
0.973199
0.968259
0.967230
0.962654
0.960553
0.956171
0.953254
0.949065
0.945853
0.942194
0.939907
0.937863
0.939364
0.941697
0.953501
0.966660
1.001489
1.043408
1.111146
1.222539
1.343325
1.426564
1.466655
1.469771
1.433230
1.367697
1.283034
1.192929
1.111500
1.049151
1.003657
0.974072
0.954980
0.944576
0.939249
0.937954
0.938697
0.941052
0.944018
0.947485
0.950977
0.954503
0.957847
0.961048
0.964017
0.966789
0.969342
0.971693
0.973858
0.975835
0.977662
0.979320
0.980862
0.982252
0.983557
0.984722
0.985832
0.986810
0.987760
0.988580
0.989400
0.990083
0.990799
0.991365
0.991997
0.992458
0.993027
0.993393
0.993916
0.994192
0.994687
0.994873
0.995357
0.995453
0.995944
0.995942
0.996461
0.996351
0.996921
0.996686
0.997335
0.996952
0.997715
0.997151
0.998071
0.997283
0.998416
0.997337
0.998780
0.982245
0.996282
0.982581
0.991949
0.981181
0.987183
0.978613
0.982133
0.975113
0.976664
0.970641
0.970526
0.965055
0.963436
0.958152
0.955106
0.949714
0.945308
0.939601
0.934057
0.928029
0.922146
0.916340
0.912551
0.909003
0.914148
0.918731
0.950383
0.982724
1.065067
1.220333
1.352740
1.397200
1.385471
1.360752
1.323993
1.281443
1.226350
1.152322
1.073107
1.009159
0.962625
0.934956
0.919731
0.914228
0.913811
0.916986
0.921541
0.927050
0.932574
0.938103
0.943248
0.948103
0.952516
0.956582
0.960254
0.963599
0.966624
0.969364
0.971852
0.974099
0.976152
0.978001
0.979705
0.981233
0.982657
0.983924
0.985122
0.986175
0.987192
0.988069
0.988941
0.989668
0.990424
0.991024
0.991689
0.992176
0.992771
0.993157
0.993703
0.993993
0.994507
0.994704
0.995205
0.995308
0.995815
0.995817
0.996352
0.996242
0.996828
0.996589
0.997257
0.996865
0.997649
0.997071
0.998016
0.997207
0.998371
0.997264
0.998747
0.981644
0.996109
0.981932
0.991536
0.980370
0.986465
0.977545
0.981037
0.973678
0.975076
0.968683
0.968257
0.962329
0.960176
0.954272
0.950344
0.944040
0.938183
0.931047
0.923096
0.914707
0.904805
0.894935
0.884515
0.873913
0.868778
0.861911
0.882474
0.896711
1.005349
1.167928
1.158773
0.979873
0.827043
0.776589
0.789041
0.844802
0.909299
0.938495
0.927406
0.905641
0.884358
0.873740
0.871206
0.875799
0.883458
0.893036
0.902605
0.912013
0.920560
0.928436
0.935412
0.941702
0.947249
0.952215
0.956609
0.960536
0.964034
0.967160
0.969968
0.972478
0.974752
0.976785
0.978645
0.980304
0.981840
0.983203
0.984484
0.985608
0.986687
0.987616
0.988536
0.989303
0.990096
0.990726
0.991420
0.991931
0.992550
0.992953
0.993518
0.993822
0.994353
0.994560
0.995076
0.995184
0.995706
0.995710
0.996259
0.996148
0.996749
0.996507
0.997190
0.996791
0.997593
0.997003
0.997969
0.997143
0.998334
0.997202
0.998718
0.981132
0.995956
0.981376
0.991173
0.979669
0.985833
0.976613
0.980068
0.972413
0.973660
0.966935
0.966210
0.959864
0.957192
0.950707
0.945903
0.938727
0.931376
0.922841
0.912278
0.901496
0.886883
0.872639
0.853459
0.834425
0.812322
0.789174
0.775550
0.756233
0.824789
0.773747
0.396270
0.024993
-0.081845
-0.003070
0.151812
0.293991
0.445508
0.586760
0.669392
0.722570
0.755981
0.783906
0.807921
0.830565
0.850611
0.868741
0.884346
0.898066
0.909759
0.919959
0.928679
0.936294
0.942859
0.948618
0.953634
0.958056
0.961950
0.965396
0.968465
0.971189
0.973641
0.975821
0.977806
0.979569
0.981194
0.982632
0.983979
0.985158
0.986286
0.987257
0.988214
0.989013
0.989835
0.990489
0.991206
0.991735
0.992373
0.992790
0.993371
0.993685
0.994229
0.994443
0.994972
0.995085
0.995618
0.995625
0.996184
0.996073
0.996686
0.996440
0.997136
0.996731
0.997547
0.996948
0.997932
0.997092
0.998303
0.997153
0.998695
0.980756
0.995846
0.980968
0.990907
0.979152
0.985369
0.975924
0.979352
0.971476
0.972609
0.965637
0.964681
0.958022
0.954942
0.948016
0.942504
0.934654
0.926043
0.916403
0.903493
0.890763
0.871524
0.853554
0.824637
0.797765
0.753531
0.712227
0.643142
0.578959
0.488999
0.161336
-0.277972
-0.435528
-0.383351
-0.246339
-0.082680
0.024414
0.137089
0.291380
0.420563
0.531202
0.618356
0.688125
0.742193
0.785102
0.818692
0.845827
0.867554
0.885498
0.900186
0.912542
0.922851
0.931653
0.939121
0.945573
0.951132
0.955980
0.960214
0.963934
0.967224
0.970130
0.972732
0.975037
0.977125
0.978975
0.980675
0.982175
0.983576
0.984801
0.985969
0.986974
0.987961
0.988785
0.989630
0.990304
0.991039
0.991583
0.992236
0.992664
0.993257
0.993579
0.994135
0.994354
0.994892
0.995009
0.995551
0.995559
0.996128
0.996017
0.996638
0.996390
0.997096
0.996686
0.997513
0.996907
0.997903
0.997053
0.998280
0.997115
0.998678
0.980492
0.995766
0.980679
0.990716
0.978786
0.985034
0.975432
0.978835
0.970802
0.971846
0.964695
0.963564
0.956675
0.953284
0.946031
0.939971
0.931624
0.922011
0.911571
0.896715
0.882635
0.859338
0.838939
0.800924
0.769088
0.703344
0.649052
0.527257
0.422814
0.172287
-0.112703
-0.156002
-0.018308
0.011618
-0.021486
-0.051241
-0.020211
0.031706
0.130036
0.263648
0.399774
0.520374
0.618092
0.693556
0.751241
0.794994
0.828945
0.855341
0.876487
0.893425
0.907379
0.918848
0.928501
0.936608
0.943544
0.949475
0.954613
0.959076
0.962979
0.966416
0.969442
0.972142
0.974527
0.976683
0.978590
0.980337
0.981878
0.983313
0.984568
0.985762
0.986788
0.987795
0.988636
0.989496
0.990182
0.990930
0.991483
0.992145
0.992581
0.993182
0.993510
0.994072
0.994295
0.994839
0.994959
0.995506
0.995516
0.996090
0.995979
0.996606
0.996356
0.997069
0.996656
0.997490
0.996879
0.997884
0.997027
0.998265
0.997090
0.998666
0.980364
0.995728
0.980540
0.990624
0.978608
0.984873
0.975194
0.978586
0.970476
0.971477
0.964240
0.963023
0.956022
0.952476
0.945065
0.938727
0.930137
0.919999
0.909169
0.893250
0.878518
0.852878
0.831322
0.787788
0.753452
0.674414
0.612291
0.459282
0.324647
0.004163
-0.066155
0.194422
0.381451
0.333436
0.176257
0.013688
-0.013258
0.002691
0.058382
0.189863
0.336500
0.472363
0.583044
0.668638
0.733534
0.782397
0.819879
0.848741
0.871604
0.889758
0.904579
0.916677
0.926794
0.935247
0.942446
0.948580
0.953876
0.958463
0.962465
0.965983
0.969073
0.971826
0.974256
0.976448
0.978386
0.980159
0.981721
0.983175
0.984445
0.985653
0.986692
0.987708
0.988558
0.989427
0.990119
0.990873
0.991431
0.992099
0.992538
0.993144
0.993474
0.994040
0.994265
0.994812
0.994933
0.995483
0.995494
0.996070
0.995959
0.996590
0.996340
0.997055
0.996640
0.997479
0.996865
0.997875
0.997014
0.998257
0.997077
0.998660
0.980364
0.995728
0.980540
0.990624
0.978608
0.984873
0.975194
0.978586
0.970476
0.971477
0.964240
0.963023
0.956022
0.952476
0.945065
0.938727
0.930137
0.919999
0.909169
0.893250
0.878518
0.852878
0.831322
0.787788
0.753452
0.674414
0.612291
0.459282
0.324647
0.004163
-0.066155
0.194422
0.381451
0.333436
0.176257
0.013688
-0.013258
0.002691
0.058382
0.189863
0.336500
0.472363
0.583044
0.668638
0.733534
0.782397
0.819879
0.848741
0.871604
0.889758
0.904579
0.916677
0.926794
0.935247
0.942446
0.948580
0.953876
0.958463
0.962465
0.965983
0.969073
0.971826
0.974256
0.976448
0.978386
0.980159
0.981721
0.983175
0.984445
0.985653
0.986692
0.987708
0.988558
0.989427
0.990119
0.990873
0.991431
0.992099
0.992538
0.993144
0.993474
0.994040
0.994265
0.994812
0.994933
0.995483
0.995494
0.996070
0.995959
0.996590
0.996340
0.997055
0.996640
0.997479
0.996865
0.997875
0.997014
0.998257
0.997077
0.998660
0.980492
0.995766
0.980679
0.990716
0.978786
0.985034
0.975432
0.978835
0.970802
0.971846
0.964695
0.963564
0.956675
0.953284
0.946031
0.939971
0.931624
0.922011
0.911571
0.896715
0.882635
0.859338
0.838939
0.800924
0.769088
0.703344
0.649052
0.527257
0.422814
0.172287
-0.112703
-0.156002
-0.018308
0.011618
-0.021486
-0.051241
-0.020211
0.031706
0.130036
0.263648
0.399774
0.520374
0.618092
0.693556
0.751241
0.794994
0.828945
0.855341
0.876487
0.893425
0.907379
0.918848
0.928501
0.936608
0.943544
0.949475
0.954613
0.959076
0.962979
0.966416
0.969442
0.972142
0.974527
0.976683
0.978590
0.980337
0.981878
0.983313
0.984568
0.985762
0.986788
0.987795
0.988636
0.989496
0.990182
0.990930
0.991483
0.992145
0.992581
0.993182
0.993510
0.994072
0.994295
0.994839
0.994959
0.995506
0.995516
0.996090
0.995979
0.996606
0.996356
0.997069
0.996656
0.997490
0.996879
0.997884
0.997027
0.998265
0.997090
0.998666
0.980756
0.995846
0.980968
0.990907
0.979152
0.985369
0.975924
0.979352
0.971476
0.972609
0.965637
0.964681
0.958022
0.954942
0.948016
0.942504
0.934654
0.926043
0.916403
0.903493
0.890763
0.871524
0.853554
0.824637
0.797765
0.753531
0.712227
0.643142
0.578959
0.488999
0.161336
-0.277972
-0.435528
-0.383351
-0.246339
-0.082680
0.024414
0.137089
0.291380
0.420563
0.531202
0.618356
0.688125
0.742193
0.785102
0.818692
0.845827
0.867554
0.885498
0.900186
0.912542
0.922851
0.931653
0.939121
0.945573
0.951132
0.955980
0.960214
0.963934
0.967224
0.970130
0.972732
0.975037
0.977125
0.978975
0.980675
0.982175
0.983576
0.984801
0.985969
0.986974
0.987961
0.988785
0.989630
0.990304
0.991039
0.991583
0.992236
0.992664
0.993257
0.993579
0.994135
0.994354
0.994892
0.995009
0.995551
0.995559
0.996128
0.996017
0.996638
0.996390
0.997096
0.996686
0.997513
0.996907
0.997903
0.997053
0.998280
0.997115
0.998678
0.981132
0.995956
0.981376
0.991173
0.979669
0.985833
0.976613
0.980068
0.972413
0.973660
0.966935
0.966210
0.959864
0.957192
0.950707
0.945903
0.938727
0.931376
0.922841
0.912278
0.901496
0.886883
0.872639
0.853459
0.834425
0.812322
0.789174
0.775550
0.756233
0.824789
0.773747
0.396270
0.024993
-0.081845
-0.003070
0.151812
0.293991
0.445508
0.586760
0.669392
0.722570
0.755981
0.783906
0.807921
0.830565
0.850611
0.868741
0.884346
0.898066
0.909759
0.919959
0.928679
0.936294
0.942859
0.948618
0.953634
0.958056
0.961950
0.965396
0.968465
0.971189
0.973641
0.975821
0.977806
0.979569
0.981194
0.982632
0.983979
0.985158
0.986286
0.987257
0.988214
0.989013
0.989835
0.990489
0.991206
0.991735
0.992373
0.992790
0.993371
0.993685
0.994229
0.994443
0.994972
0.995085
0.995618
0.995625
0.996184
0.996073
0.996686
0.996440
0.997136
0.996731
0.997547
0.996948
0.997932
0.997092
0.998303
0.997153
0.998695
0.981644
0.996109
0.981932
0.991536
0.980370
0.986465
0.977545
0.981037
0.973678
0.975076
0.968683
0.968257
0.962329
0.960176
0.954272
0.950344
0.944040
0.938183
0.931047
0.923096
0.914707
0.904805
0.894935
0.884515
0.873913
0.868778
0.861911
0.882474
0.896711
1.005349
1.167928
1.158773
0.979873
0.827043
0.776589
0.789041
0.844802
0.909299
0.938495
0.927406
0.905641
0.884358
0.873740
0.871206
0.875799
0.883458
0.893036
0.902605
0.912013
0.920560
0.928436
0.935412
0.941702
0.947249
0.952215
0.956609
0.960536
0.964034
0.967160
0.969968
0.972478
0.974752
0.976785
0.978645
0.980304
0.981840
0.983203
0.984484
0.985608
0.986687
0.987616
0.988536
0.989303
0.990096
0.990726
0.991420
0.991931
0.992550
0.992953
0.993518
0.993822
0.994353
0.994560
0.995076
0.995184
0.995706
0.995710
0.996259
0.996148
0.996749
0.996507
0.997190
0.996791
0.997593
0.997003
0.997969
0.997143
0.998334
0.997202
0.998718
0.982245
0.996282
0.982581
0.991949
0.981181
0.987183
0.978613
0.982133
0.975113
0.976664
0.970641
0.970526
0.965055
0.963436
0.958152
0.955106
0.949714
0.945308
0.939601
0.934057
0.928029
0.922146
0.916340
0.912551
0.909003
0.914148
0.918731
0.950383
0.982724
1.065067
1.220333
1.352740
1.397200
1.385471
1.360752
1.323993
1.281443
1.226350
1.152322
1.073107
1.009159
0.962625
0.934956
0.919731
0.914228
0.913811
0.916986
0.921541
0.927050
0.932574
0.938103
0.943248
0.948103
0.952516
0.956582
0.960254
0.963599
0.966624
0.969364
0.971852
0.974099
0.976152
0.978001
0.979705
0.981233
0.982657
0.983924
0.985122
0.986175
0.987192
0.988069
0.988941
0.989668
0.990424
0.991024
0.991689
0.992176
0.992771
0.993157
0.993703
0.993993
0.994507
0.994704
0.995205
0.995308
0.995815
0.995817
0.996352
0.996242
0.996828
0.996589
0.997257
0.996865
0.997649
0.997071
0.998016
0.997207
0.998371
0.997264
0.998747
0.982976
0.996494
0.983367
0.992449
0.982158
0.988045
0.979895
0.983442
0.976825
0.978550
0.972965
0.973199
0.968259
0.967230
0.962654
0.960553
0.956171
0.953254
0.949065
0.945853
0.942194
0.939907
0.937863
0.939364
0.941697
0.953501
0.966660
1.001489
1.043408
1.111146
1.222539
1.343325
1.426564
1.466655
1.469771
1.433230
1.367697
1.283034
1.192929
1.111500
1.049151
1.003657
0.974072
0.954980
0.944576
0.939249
0.937954
0.938697
0.941052
0.944018
0.947485
0.950977
0.954503
0.957847
0.961048
0.964017
0.966789
0.969342
0.971693
0.973858
0.975835
0.977662
0.979320
0.980862
0.982252
0.983557
0.984722
0.985832
0.986810
0.987760
0.988580
0.989400
0.990083
0.990799
0.991365
0.991997
0.992458
0.993027
0.993393
0.993916
0.994192
0.994687
0.994873
0.995357
0.995453
0.995944
0.995942
0.996461
0.996351
0.996921
0.996686
0.997335
0.996952
0.997715
0.997151
0.998071
0.997283
0.998416
0.997337
0.998780
0.983768
0.996715
0.984213
0.992970
0.983199
0.988943
0.981243
0.984795
0.978604
0.980478
0.975340
0.975892
0.971476
0.970982
0.967077
0.965812
0.962349
0.960695
0.957819
0.956465
0.954710
0.955034
0.955701
0.960466
0.966340
0.980847
0.997564
1.029922
1.069894
1.125259
1.200986
1.288684
1.362779
1.408618
1.421499
1.397202
1.343759
1.273714
1.200895
1.134434
1.080479
1.038025
1.007529
0.985696
0.971656
0.962617
0.957796
0.955419
0.955068
0.955755
0.957313
0.959224
0.961441
0.963706
0.966012
0.968242
0.970399
0.972440
0.974363
0.976168
0.977842
0.979412
0.980852
0.982208
0.983438
0.984606
0.985654
0.986661
0.987550
0.988422
0.989174
0.989934
0.990566
0.991234
0.991761
0.992355
0.992786
0.993324
0.993667
0.994164
0.994422
0.994894
0.995069
0.995532
0.995620
0.996092
0.996087
0.996587
0.996478
0.997028
0.996799
0.997426
0.997053
0.997791
0.997244
0.998134
0.997370
0.998467
0.997422
0.998819
0.984677
0.996969
0.985178
0.993563
0.984378
0.989956
0.982762
0.986311
0.980593
0.982623
0.977977
0.978859
0.975010
0.975062
0.971866
0.971429
0.968903
0.968451
0.966849
0.967170
0.967150
0.969650
0.972572
0.979753
0.988179
1.004156
1.022598
1.052459
1.088377
1.134462
1.189486
1.249642
1.301155
1.335453
1.346595
1.330486
1.292702
1.241579
1.186874
1.134776
1.090395
1.053825
1.026051
1.004954
0.990203
0.979744
0.973119
0.968889
0.966751
0.965822
0.965947
0.966621
0.967776
0.969139
0.970682
0.972266
0.973877
0.975456
0.976987
0.978458
0.979849
0.981176
0.982408
0.983583
0.984660
0.985692
0.986624
0.987529
0.988330
0.989123
0.989807
0.990505
0.991085
0.991703
0.992189
0.992744
0.993143
0.993648
0.993967
0.994436
0.994676
0.995124
0.995285
0.995727
0.995806
0.996257
0.996249
0.996727
0.996620
0.997148
0.996924
0.997528
0.997167
0.997877
0.997348
0.998206
0.997468
0.998525
0.997517
0.998863
0.985620
0.997220
0.986171
0.994151
0.985575
0.990955
0.984280
0.987794
0.982550
0.984694
0.980523
0.981676
0.978349
0.978850
0.976275
0.976501
0.974748
0.975210
0.974585
0.976079
0.977252
0.981078
0.985295
0.993529
1.002892
1.018505
1.036225
1.062219
1.092245
1.129210
1.169986
1.213012
1.250160
1.275378
1.284329
1.274413
1.248934
1.212977
1.173048
1.133343
1.097767
1.066867
1.041958
1.021911
1.006883
0.995469
0.987475
0.981765
0.978132
0.975808
0.974652
0.974191
0.974346
0.974842
0.975632
0.976571
0.977626
0.978728
0.979849
0.980969
0.982057
0.983122
0.984129
0.985108
0.986015
0.986900
0.987703
0.988494
0.989198
0.989902
0.990511
0.991140
0.991662
0.992225
0.992666
0.993175
0.993540
0.994008
0.994299
0.994737
0.994957
0.995378
0.995525
0.995942
0.996013
0.996440
0.996428
0.996883
0.996776
0.997280
0.997064
0.997640
0.997292
0.997972
0.997464
0.998285
0.997577
0.998589
0.997623
0.998912
0.986662
0.997498
0.987262
0.994793
0.986879
0.992036
0.985922
0.989387
0.984651
0.986901
0.983233
0.984648
0.981864
0.982798
0.980848
0.981699
0.980697
0.981988
0.982265
0.984767
0.986970
0.991839
0.997061
1.005968
1.015860
1.030877
1.047575
1.070302
1.095521
1.125212
1.156091
1.187016
1.212690
1.229907
1.235734
1.228709
1.210834
1.184979
1.155414
1.124876
1.096430
1.070765
1.049235
1.031230
1.017115
1.005911
0.997595
0.991292
0.986890
0.983751
0.981773
0.980538
0.979971
0.979816
0.980024
0.980448
0.981049
0.981753
0.982526
0.983342
0.984164
0.984997
0.985801
0.986602
0.987354
0.988100
0.988784
0.989467
0.990077
0.990697
0.991233
0.991794
0.992259
0.992767
0.993163
0.993628
0.993957
0.994387
0.994651
0.995057
0.995257
0.995649
0.995782
0.996172
0.996234
0.996637
0.996620
0.997051
0.996946
0.997423
0.997214
0.997762
0.997429
0.998075
0.997589
0.998371
0.997695
0.998659
0.997738
0.998965
0.987712
0.997764
0.988351
0.995405
0.988161
0.993063
0.987508
0.990885
0.986642
0.988947
0.985747
0.987351
0.985045
0.986300
0.984868
0.986168
0.985738
0.987588
0.988481
0.991578
0.994366
0.999685
1.005258
1.014071
1.023637
1.037314
1.052177
1.071443
1.092104
1.115738
1.139397
1.162542
1.181565
1.194363
1.198957
1.194474
1.182076
1.163476
1.141509
1.118036
1.095370
1.074165
1.055661
1.039588
1.026435
1.015566
1.007091
1.000361
0.995344
0.991521
0.988826
0.986895
0.985665
0.984901
0.984551
0.984474
0.984627
0.984933
0.985355
0.985859
0.986408
0.986999
0.987591
0.988205
0.988792
0.989392
0.989947
0.990515
0.991025
0.991554
0.992012
0.992500
0.992902
0.993352
0.993699
0.994115
0.994406
0.994796
0.995031
0.995402
0.995580
0.995941
0.996058
0.996421
0.996473
0.996848
0.996828
0.997232
0.997129
0.997578
0.997377
0.997894
0.997576
0.998186
0.997725
0.998463
0.997823
0.998735
0.997862
0.999022
0.988841
0.998050
0.989515
0.996056
0.989519
0.994143
0.989174
0.992447
0.988717
0.991064
0.988344
0.990120
0.988297
0.989847
0.988923
0.990630
0.990742
0.993079
0.994527
0.998112
1.001391
1.007026
1.012837
1.021466
1.030651
1.043119
1.056373
1.072816
1.089902
1.108811
1.127042
1.144308
1.158014
1.167061
1.170084
1.166658
1.157489
1.143596
1.126883
1.108570
1.090407
1.072939
1.057251
1.043242
1.031423
1.021370
1.013260
1.006610
1.001443
0.997346
0.994285
0.991954
0.990307
0.989135
0.988393
0.987950
0.987765
0.987763
0.987905
0.988156
0.988479
0.988866
0.989277
0.989727
0.990170
0.990639
0.991079
0.991542
0.991961
0.992404
0.992789
0.993208
0.993552
0.993945
0.994245
0.994614
0.994868
0.995218
0.995423
0.995760
0.995915
0.996246
0.996347
0.996681
0.996723
0.997071
0.997047
0.997423
0.997322
0.997741
0.997550
0.998033
0.997732
0.998304
0.997869
0.998562
0.997959
0.998815
0.997995
0.999083
0.989956
0.998316
0.990651
0.996659
0.990823
0.995138
0.990743
0.993873
0.990630
0.992964
0.990682
0.992556
0.991144
0.992883
0.992359
0.994318
0.994814
0.997418
0.999195
1.002973
1.006432
1.012018
1.017686
1.025751
1.034178
1.045206
1.056693
1.070518
1.084533
1.099724
1.114029
1.127395
1.137915
1.144919
1.147412
1.145148
1.138531
1.128207
1.115471
1.101163
1.086595
1.072213
1.058924
1.046729
1.036125
1.026850
1.019122
1.012595
1.007335
1.003022
0.999651
0.996969
0.994943
0.993395
0.992284
0.991492
0.990979
0.990674
0.990539
0.990538
0.990632
0.990813
0.991038
0.991321
0.991614
0.991948
0.992269
0.992623
0.992945
0.993300
0.993607
0.993954
0.994236
0.994569
0.994820
0.995139
0.995355
0.995662
0.995837
0.996137
0.996269
0.996567
0.996652
0.996955
0.996988
0.997306
0.997278
0.997624
0.997526
0.997914
0.997732
0.998180
0.997898
0.998429
0.998022
0.998666
0.998104
0.998900
0.998135
0.999148
0.991131
0.998597
0.991842
0.997287
0.992175
0.996162
0.992355
0.995326
0.992580
0.994887
0.993046
0.994999
0.993997
0.995898
0.995764
0.997940
0.998796
1.001623
1.003694
1.007614
1.011221
1.016725
1.022245
1.029791
1.037547
1.047355
1.057374
1.069079
1.080660
1.092911
1.104136
1.114403
1.122263
1.127409
1.129105
1.127271
1.122144
1.114150
1.104180
1.092801
1.080998
1.069115
1.057900
1.047393
1.038048
1.029700
1.022575
1.016424
1.011335
1.007059
1.003614
1.000792
0.998576
0.996814
0.995474
0.994451
0.993711
0.993188
0.992847
0.992652
0.992568
0.992582
0.992657
0.992800
0.992967
0.993185
0.993402
0.993659
0.993896
0.994171
0.994408
0.994688
0.994913
0.995190
0.995395
0.995667
0.995845
0.996111
0.996257
0.996520
0.996631
0.996895
0.996965
0.997237
0.997260
0.997549
0.997518
0.997833
0.997738
0.998093
0.997922
0.998334
0.998070
0.998559
0.998182
0.998775
0.998255
0.998988
0.998282
0.999216
0.992273
0.998853
0.992986
0.997856
0.993451
0.997084
0.993845
0.996620
0.994340
0.996570
0.995124
0.997088
0.996431
0.998402
0.998564
1.000834
1.001924
1.004815
1.007017
1.010888
1.014448
1.019667
1.024841
1.031707
1.038661
1.047233
1.055848
1.065702
1.075281
1.085261
1.094265
1.102436
1.108657
1.112778
1.114226
1.112974
1.109147
1.103035
1.095256
1.086212
1.076642
1.066816
1.057341
1.048282
1.040040
1.032520
1.025949
1.020152
1.015234
1.011008
1.007507
1.004566
1.002180
1.000222
0.998668
0.997427
0.996469
0.995736
0.995192
0.994807
0.994545
0.994394
0.994317
0.994319
0.994359
0.994459
0.994570
0.994728
0.994878
0.995071
0.995237
0.995447
0.995614
0.995833
0.995991
0.996213
0.996353
0.996576
0.996693
0.996918
0.997006
0.997237
0.997290
0.997531
0.997544
0.997801
0.997767
0.998050
0.997959
0.998280
0.998120
0.998494
0.998251
0.998695
0.998349
0.998889
0.998413
0.999081
0.998436
0.999286
0.993456
0.999118
0.994164
0.998438
0.994752
0.998016
0.995351
0.997916
0.996105
0.998244
0.997193
0.999152
0.998834
1.000857
1.001306
1.003647
1.004960
1.007892
1.010218
1.014027
1.017545
1.022501
1.027373
1.033647
1.039922
1.047459
1.054919
1.063261
1.071224
1.079367
1.086567
1.093001
1.097794
1.100923
1.101941
1.100880
1.097805
1.092926
1.086678
1.079345
1.071484
1.063298
1.055279
1.047491
1.040283
1.033600
1.027651
1.022316
1.017702
1.013668
1.010255
1.007334
1.004909
1.002874
1.001212
0.999849
0.998756
0.997884
0.997202
0.996680
0.996286
0.996009
0.995813
0.995703
0.995640
0.995641
0.995663
0.995737
0.995811
0.995932
0.996034
0.996183
0.996297
0.996463
0.996577
0.996753
0.996857
0.997040
0.997129
0.997317
0.997384
0.997581
0.997619
0.997828
0.997832
0.998058
0.998021
0.998271
0.998185
0.998471
0.998324
0.998657
0.998436
0.998835
0.998521
0.999006
0.998576
0.999177
0.998595
0.999360
0.994594
0.999356
0.995283
0.998957
0.995964
0.998840
0.996721
0.999047
0.997672
0.999678
0.998978
1.000877
1.000840
1.002841
1.003504
1.005825
1.007269
1.010134
1.012475
1.016108
1.019473
1.024061
1.028543
1.034175
1.039751
1.046315
1.052735
1.059798
1.066457
1.073189
1.079082
1.084322
1.088216
1.090788
1.091681
1.090935
1.088574
1.084751
1.079773
1.073845
1.067392
1.060571
1.053776
1.047072
1.040757
1.034805
1.029410
1.024490
1.020153
1.016297
1.012969
1.010069
1.007608
1.005503
1.003742
1.002262
1.001041
1.000036
0.999218
0.998564
0.998041
0.997639
0.997326
0.997104
0.996937
0.996841
0.996773
0.996763
0.996761
0.996808
0.996847
0.996933
0.996993
0.997105
0.997175
0.997304
0.997373
0.997514
0.997574
0.997726
0.997771
0.997933
0.997956
0.998132
0.998128
0.998321
0.998282
0.998499
0.998418
0.998667
0.998533
0.998826
0.998627
0.998979
0.998698
0.999127
0.998744
0.999276
0.998760
0.999435
0.995755
0.999601
0.996420
0.999480
0.997185
0.999660
0.998089
1.000165
0.999224
1.001086
1.000734
1.002560
1.002800
1.004768
1.005640
1.007930
1.009503
1.012297
1.014660
1.018126
1.021364
1.025626
1.029777
1.034858
1.039848
1.045595
1.051155
1.057159
1.062746
1.068308
1.073108
1.077322
1.080404
1.082410
1.083058
1.082405
1.080454
1.077324
1.073237
1.068344
1.062966
1.057225
1.051439
1.045661
1.040144
1.034879
1.030038
1.025565
1.021563
1.017955
1.014793
1.011998
1.009587
1.007492
1.005708
1.004182
1.002897
1.001816
1.000916
1.000173
0.999561
0.999070
0.998669
0.998362
0.998114
0.997939
0.997799
0.997717
0.997651
0.997636
0.997619
0.997650
0.997663
0.997726
0.997756
0.997842
0.997878
0.997980
0.998014
0.998130
0.998155
0.998284
0.998293
0.998437
0.998425
0.998586
0.998545
0.998729
0.998653
0.998866
0.998746
0.998998
0.998821
0.999125
0.998879
0.999250
0.998916
0.999376
0.998928
0.999513
0.996862
0.999817
0.997491
0.999941
0.998311
1.000375
0.999321
1.001124
1.000585
1.002269
1.002227
1.003937
1.004408
1.006288
1.007313
1.009509
1.011147
1.013801
1.016120
1.019355
1.022407
1.026298
1.030087
1.034618
1.039047
1.044054
1.048866
1.053986
1.058717
1.063378
1.067380
1.070878
1.073438
1.075122
1.075702
1.075231
1.073698
1.071191
1.067873
1.063855
1.059386
1.054557
1.049626
1.044640
1.039813
1.035145
1.030790
1.026712
1.023008
1.019625
1.016612
1.013913
1.011547
1.009461
1.007654
1.006084
1.004738
1.003583
1.002602
1.001774
1.001075
1.000496
1.000011
0.999619
0.999291
0.999038
0.998826
0.998675
0.998545
0.998467
0.998396
0.998371
0.998338
0.998351
0.998342
0.998384
0.998388
0.998451
0.998459
0.998539
0.998544
0.998640
0.998635
0.998746
0.998726
0.998855
0.998813
0.998962
0.998893
0.999068
0.998962
0.999172
0.999020
0.999274
0.999064
0.999376
0.999092
0.999479
0.999100
0.999591
0.997979
1.000036
0.998566
1.000399
0.999432
1.001079
1.000537
1.002062
1.001918
1.003419
1.003682
1.005270
1.005967
1.007755
1.008931
1.011032
1.012739
1.015260
1.017548
1.020573
1.023471
1.027036
1.030521
1.034580
1.038538
1.042920
1.047106
1.051484
1.055498
1.059396
1.062713
1.065578
1.067652
1.068995
1.069432
1.069008
1.067714
1.065619
1.062845
1.059473
1.055698
1.051590
1.047357
1.043038
1.038812
1.034684
1.030788
1.027102
1.023714
1.020584
1.017763
1.015206
1.012937
1.010911
1.009133
1.007568
1.006207
1.005024
1.004002
1.003124
1.002371
1.001733
1.001188
1.000734
1.000347
1.000034
0.999765
0.999557
0.999375
0.999245
0.999127
0.999054
0.998980
0.998950
0.998906
0.998908
0.998883
0.998909
0.998894
0.998940
0.998927
0.998990
0.998973
0.999052
0.999026
0.999122
0.999080
0.999195
0.999132
0.999271
0.999180
0.999347
0.999219
0.999424
0.999250
0.999502
0.999269
0.999583
0.999273
0.999671
0.999037
1.000228
0.999573
1.000799
1.000460
1.001685
1.001624
1.002854
1.003077
1.004370
1.004905
1.006338
1.007226
1.008883
1.010170
1.012134
1.013868
1.016215
1.018434
1.021216
1.023933
1.027160
1.030338
1.033947
1.037472
1.041299
1.044950
1.048712
1.052155
1.055462
1.058275
1.060690
1.062448
1.063594
1.063992
1.063677
1.062641
1.060931
1.058642
1.055833
1.052657
1.049168
1.045535
1.041790
1.038085
1.034427
1.030934
1.027592
1.024484
1.021580
1.018930
1.016501
1.014317
1.012346
1.010593
1.009031
1.007655
1.006442
1.005381
1.004455
1.003649
1.002954
1.002351
1.001837
1.001392
1.001019
1.000696
1.000431
1.000199
1.000017
0.999853
0.999733
0.999619
0.999546
0.999468
0.999431
0.999377
0.999368
0.999329
0.999341
0.999311
0.999342
0.999313
0.999360
0.999327
0.999391
0.999349
0.999430
0.999374
0.999475
0.999399
0.999524
0.999422
0.999576
0.999439
0.999630
0.999449
0.999688
0.999449
0.999752
1.000092
1.000421
1.000572
1.001193
1.001474
1.002275
1.002688
1.003622
1.004202
1.005286
1.006088
1.007366
1.008441
1.009967
1.011367
1.013198
1.014967
1.017151
1.019318
1.021881
1.024448
1.027377
1.030298
1.033518
1.036679
1.040032
1.043233
1.046470
1.049427
1.052223
1.054595
1.056603
1.058059
1.058989
1.059300
1.059011
1.058124
1.056669
1.054726
1.052334
1.049619
1.046620
1.043475
1.040209
1.036952
1.033710
1.030585
1.027570
1.024737
1.022067
1.019606
1.017329
1.015260
1.013374
1.011680
1.010154
1.008795
1.007583
1.006511
1.005565
1.004732
1.004002
1.003362
1.002808
1.002321
1.001905
1.001539
1.001230
1.000958
1.000732
1.000531
1.000371
1.000223
1.000112
1.000004
0.999932
0.999852
0.999810
0.999750
0.999731
0.999685
0.999685
0.999645
0.999662
0.999624
0.999656
0.999615
0.999662
0.999614
0.999678
0.999618
0.999699
0.999623
0.999726
0.999627
0.999758
0.999628
0.999793
0.999625
0.999833
1.001087
1.000590
1.001505
1.001534
1.002400
1.002778
1.003634
1.004263
1.005175
1.006033
1.007073
1.008174
1.009408
1.010779
1.012263
1.013935
1.015712
1.017711
1.019805
1.022136
1.024543
1.027178
1.029851
1.032710
1.035543
1.038480
1.041301
1.044102
1.046671
1.049069
1.051112
1.052827
1.054083
1.054887
1.055176
1.054955
1.054234
1.053025
1.051400
1.049379
1.047070
1.044497
1.041777
1.038929
1.036062
1.033183
1.030383
1.027655
1.025066
1.022603
1.020310
1.018168
1.016202
1.014393
1.012750
1.011256
1.009911
1.008700
1.007618
1.006651
1.005791
1.005028
1.004353
1.003758
1.003232
1.002772
1.002366
1.002014
1.001703
1.001436
1.001199
1.000999
1.000819
1.000671
1.000534
1.000427
1.000323
1.000248
1.000169
1.000118
1.000056
1.000026
0.999976
0.999963
0.999920
0.999920
0.999881
0.999894
0.999855
0.999880
0.999837
0.999876
0.999825
0.999878
0.999817
0.999886
0.999810
0.999899
0.999803
0.999915
1.002068
1.000758
1.002421
1.001867
1.003304
1.003264
1.004552
1.004879
1.006112
1.006747
1.008020
1.008947
1.010337
1.011558
1.013127
1.014649
1.016442
1.018270
1.020308
1.022430
1.024705
1.027081
1.029545
1.032090
1.034647
1.037225
1.039721
1.042146
1.044382
1.046429
1.048181
1.049625
1.050687
1.051350
1.051584
1.051379
1.050755
1.049711
1.048314
1.046571
1.044576
1.042341
1.039967
1.037466
1.034933
1.032371
1.029861
1.027398
1.025042
1.022783
1.020662
1.018665
1.016816
1.015100
1.013529
1.012087
1.010778
1.009589
1.008516
1.007549
1.006681
1.005903
1.005208
1.004588
1.004036
1.003546
1.003110
1.002726
1.002384
1.002084
1.001817
1.001584
1.001376
1.001196
1.001035
1.000897
1.000772
1.000667
1.000570
1.000491
1.000415
1.000356
1.000298
1.000255
1.000208
1.000178
1.000141
1.000121
1.000090
1.000079
1.000052
1.000049
1.000024
1.000027
1.000004
1.000013
0.999989
1.000003
0.999979
0.999996
1.002993
1.000905
1.003275
1.002155
1.004129
1.003676
1.005368
1.005388
1.006919
1.007321
1.008804
1.009543
1.011068
1.012123
1.013758
1.015116
1.016908
1.018555
1.020526
1.022437
1.024579
1.026705
1.028975
1.031233
1.033544
1.035809
1.038033
1.040144
1.042113
1.043883
1.045416
1.046662
1.047595
1.048172
1.048394
1.048232
1.047719
1.046838
1.045655
1.044164
1.042449
1.040513
1.038445
1.036249
1.034009
1.031726
1.029471
1.027242
1.025092
1.023013
1.021046
1.019178
1.017434
1.015802
1.014295
1.012901
1.011624
1.010454
1.009390
1.008421
1.007545
1.006752
1.006038
1.005394
1.004817
1.004298
1.003835
1.003419
1.003048
1.002716
1.002421
1.002156
1.001922
1.001711
1.001526
1.001358
1.001213
1.001079
1.000966
1.000858
1.000770
1.000683
1.000616
1.000544
1.000495
1.000434
1.000399
1.000347
1.000325
1.000277
1.000268
1.000222
1.000224
1.000176
1.000191
1.000139
1.000169
1.000107
1.000156
1.000077
1.003893
1.001049
1.004104
1.002432
1.004926
1.004070
1.006152
1.005874
1.007692
1.007867
1.009554
1.010110
1.011768
1.012664
1.014368
1.015570
1.017370
1.018851
1.020770
1.022491
1.024524
1.026429
1.028535
1.030540
1.032644
1.034636
1.036626
1.038463
1.040200
1.041724
1.043060
1.044121
1.044926
1.045407
1.045595
1.045442
1.044995
1.044225
1.043198
1.041897
1.040401
1.038703
1.036883
1.034941
1.032950
1.030909
1.028881
1.026863
1.024905
1.022999
1.021181
1.019444
1.017811
1.016271
1.014839
1.013504
1.012273
1.011135
1.010094
1.009137
1.008267
1.007472
1.006751
1.006095
1.005503
1.004965
1.004482
1.004043
1.003651
1.003293
1.002976
1.002685
1.002429
1.002192
1.001987
1.001793
1.001630
1.001470
1.001342
1.001208
1.001109
1.000995
1.000922
1.000823
1.000771
1.000681
1.000650
1.000565
1.000553
1.000470
1.000477
1.000390
1.000418
1.000322
1.000374
1.000263
1.000344
1.000210
1.000328
1.000156
1.004742
1.001175
1.004878
1.002672
1.005656
1.004402
1.006850
1.006273
1.008357
1.008300
1.010172
1.010539
1.012313
1.013041
1.014800
1.015841
1.017639
1.018950
1.020813
1.022347
1.024273
1.025969
1.027925
1.029702
1.031623
1.033378
1.035171
1.036779
1.038329
1.039657
1.040844
1.041766
1.042484
1.042906
1.043088
1.042963
1.042592
1.041933
1.041053
1.039927
1.038629
1.037144
1.035547
1.033829
1.032059
1.030231
1.028405
1.026574
1.024786
1.023033
1.021350
1.019730
1.018195
1.016739
1.015374
1.014092
1.012903
1.011795
1.010773
1.009828
1.008962
1.008165
1.007438
1.006770
1.006165
1.005609
1.005108
1.004647
1.004234
1.003852
1.003515
1.003198
1.002923
1.002659
1.002437
1.002217
1.002038
1.001852
1.001711
1.001551
1.001443
1.001303
1.001223
1.001097
1.001043
1.000926
1.000897
1.000782
1.000779
1.000660
1.000685
1.000557
1.000612
1.000466
1.000557
1.000386
1.000519
1.000311
1.000501
1.000235
1.005558
1.001297
1.005620
1.002901
1.006353
1.004717
1.007514
1.006649
1.008989
1.008708
1.010759
1.010945
1.012833
1.013403
1.015219
1.016109
1.017912
1.019068
1.020887
1.022253
1.024090
1.025601
1.027430
1.029006
1.030772
1.032318
1.033941
1.035347
1.036734
1.037885
1.038936
1.039729
1.040361
1.040716
1.040876
1.040757
1.040434
1.039850
1.039080
1.038087
1.036944
1.035630
1.034214
1.032683
1.031101
1.029458
1.027808
1.026145
1.024512
1.022902
1.021347
1.019841
1.018406
1.017035
1.015743
1.014521
1.013380
1.012310
1.011317
1.010393
1.009541
1.008750
1.008025
1.007354
1.006743
1.006176
1.005664
1.005188
1.004761
1.004360
1.004007
1.003669
1.003378
1.003093
1.002855
1.002612
1.002420
1.002211
1.002058
1.001876
1.001758
1.001595
1.001509
1.001358
1.001304
1.001159
1.001134
1.000989
1.000996
1.000843
1.000885
1.000717
1.000798
1.000605
1.000733
1.000504
1.000688
1.000410
1.000667
1.000312
1.006330
1.001405
1.006315
1.003099
1.006992
1.004984
1.008108
1.006957
1.009534
1.009029
1.011243
1.011245
1.013234
1.013642
1.015506
1.016243
1.018044
1.019046
1.020820
1.022023
1.023778
1.025115
1.026829
1.028224
1.029854
1.031217
1.032699
1.033934
1.035188
1.036196
1.037144
1.037838
1.038411
1.038724
1.038880
1.038779
1.038510
1.038003
1.037338
1.036469
1.035469
1.034309
1.033056
1.031692
1.030277
1.028798
1.027306
1.025792
1.024298
1.022815
1.021375
1.019971
1.018625
1.017331
1.016104
1.014937
1.013840
1.012805
1.011839
1.010933
1.010094
1.009309
1.008587
1.007913
1.007297
1.006721
1.006198
1.005707
1.005267
1.004849
1.004481
1.004124
1.003818
1.003512
1.003260
1.002996
1.002791
1.002561
1.002398
1.002192
1.002067
1.001880
1.001791
1.001615
1.001560
1.001388
1.001368
1.001193
1.001211
1.001024
1.001083
1.000876
1.000983
1.000743
1.000908
1.000622
1.000858
1.000507
1.000834
1.000388
1.007060
1.001508
1.006972
1.003286
1.007596
1.005232
1.008666
1.007245
1.010046
1.009329
1.011699
1.011527
1.013615
1.013872
1.015784
1.016380
1.018187
1.019047
1.020787
1.021844
1.023529
1.024712
1.026330
1.027564
1.029078
1.030280
1.031638
1.032722
1.033860
1.034739
1.035593
1.036193
1.036708
1.036972
1.037115
1.037018
1.036783
1.036330
1.035743
1.034969
1.034082
1.033046
1.031928
1.030703
1.029430
1.028092
1.026738
1.025357
1.023987
1.022621
1.021288
1.019981
1.018722
1.017505
1.016345
1.015234
1.014185
1.013188
1.012255
1.011373
1.010553
1.009780
1.009066
1.008395
1.007779
1.007198
1.006671
1.006170
1.005722
1.005290
1.004911
1.004539
1.004221
1.003898
1.003634
1.003352
1.003136
1.002886
1.002714
1.002488
1.002357
1.002148
1.002055
1.001856
1.001801
1.001605
1.001589
1.001386
1.001414
1.001195
1.001271
1.001026
1.001159
1.000874
1.001074
1.000734
1.001018
1.000601
1.000992
1.000461
1.007754
1.001600
1.007591
1.003450
1.008154
1.005444
1.009169
1.007480
1.010491
1.009563
1.012076
1.011730
1.013907
1.014011
1.015966
1.016420
1.018228
1.018951
1.020657
1.021574
1.023196
1.024235
1.025766
1.026854
1.028268
1.029329
1.030583
1.031538
1.032581
1.033355
1.034135
1.034663
1.035137
1.035370
1.035511
1.035426
1.035231
1.034832
1.034321
1.033636
1.032853
1.031930
1.030933
1.029834
1.028688
1.027476
1.026246
1.024983
1.023726
1.022464
1.021228
1.020008
1.018828
1.017679
1.016579
1.015520
1.014515
1.013555
1.012650
1.011791
1.010988
1.010227
1.009521
1.008853
1.008238
1.007653
1.007122
1.006613
1.006156
1.005713
1.005324
1.004937
1.004609
1.004270
1.003995
1.003696
1.003470
1.003202
1.003022
1.002777
1.002639
1.002410
1.002314
1.002093
1.002039
1.001817
1.001807
1.001577
1.001615
1.001365
1.001458
1.001176
1.001334
1.001004
1.001241
1.000846
1.001178
1.000693
1.001151
1.000533
1.008397
1.001685
1.008165
1.003600
1.008671
1.005638
1.009635
1.007696
1.010904
1.009779
1.012428
1.011920
1.014182
1.014146
1.016144
1.016470
1.018283
1.018881
1.020561
1.021352
1.022922
1.023833
1.025291
1.026251
1.027579
1.028514
1.029679
1.030519
1.031479
1.032157
1.032871
1.033330
1.033763
1.033961
1.034094
1.034012
1.033843
1.033481
1.033029
1.032412
1.031712
1.030881
1.029984
1.028990
1.027952
1.026849
1.025726
1.024568
1.023410
1.022244
1.021095
1.019957
1.018850
1.017768
1.016728
1.015720
1.014759
1.013837
1.012964
1.012130
1.011348
1.010602
1.009908
1.009246
1.008635
1.008051
1.007519
1.007004
1.006544
1.006091
1.005696
1.005297
1.004961
1.004608
1.004325
1.004010
1.003777
1.003492
1.003305
1.003042
1.002900
1.002652
1.002554
1.002312
1.002259
1.002015
1.002010
1.001754
1.001802
1.001522
1.001632
1.001315
1.001497
1.001126
1.001395
1.000950
1.001327
1.000780
1.001298
1.000601
1.009017
1.001764
1.008712
1.003735
1.009155
1.005805
1.010059
1.007875
1.011266
1.009946
1.012721
1.012051
1.014391
1.014216
1.016251
1.016450
1.018267
1.018744
1.020399
1.021071
1.022592
1.023385
1.024778
1.025621
1.026874
1.027699
1.028787
1.029529
1.030421
1.031019
1.031681
1.032085
1.032491
1.032665
1.032798
1.032723
1.032583
1.032261
1.031864
1.031312
1.030690
1.029942
1.029137
1.028237
1.027296
1.026291
1.025265
1.024201
1.023134
1.022052
1.020983
1.019919
1.018880
1.017858
1.016871
1.015910
1.014991
1.014103
1.013260
1.012450
1.011687
1.010955
1.010273
1.009617
1.009012
1.008428
1.007896
1.007377
1.006913
1.006452
1.006051
1.005642
1.005299
1.004933
1.004643
1.004314
1.004074
1.003773
1.003581
1.003301
1.003155
1.002889
1.002789
1.002527
1.002476
1.002210
1.002210
1.001929
1.001988
1.001678
1.001805
1.001453
1.001659
1.001246
1.001550
1.001053
1.001478
1.000866
1.001447
1.000668
1.009575
1.001834
1.009206
1.003854
1.009592
1.005955
1.010443
1.008035
1.011597
1.010098
1.012990
1.012174
1.014588
1.014286
1.016359
1.016443
1.018268
1.018635
1.020272
1.020838
1.022319
1.023007
1.024345
1.025086
1.026275
1.027003
1.028025
1.028679
1.029511
1.030037
1.030652
1.031005
1.031382
1.031531
1.031659
1.031586
1.031465
1.031170
1.030817
1.030315
1.029755
1.029075
1.028346
1.027525
1.026667
1.025745
1.024802
1.023820
1.022833
1.021827
1.020831
1.019833
1.018856
1.017891
1.016955
1.016040
1.015161
1.014307
1.013494
1.012708
1.011967
1.011251
1.010581
1.009934
1.009336
1.008755
1.008225
1.007704
1.007238
1.006772
1.006367
1.005950
1.005601
1.005225
1.004929
1.004588
1.004342
1.004028
1.003830
1.003536
1.003386
1.003104
1.003003
1.002723
1.002673
1.002386
1.002392
1.002088
1.002156
1.001820
1.001962
1.001579
1.001807
1.001356
1.001691
1.001148
1.001614
1.000945
1.001581
1.000731
1.010123
1.001901
1.009685
1.003966
1.010009
1.006087
1.010799
1.008170
1.011891
1.010215
1.013216
1.012255
1.014736
1.014310
1.016415
1.016388
1.018217
1.018480
1.020099
1.020563
1.022009
1.022599
1.023889
1.024535
1.025669
1.026310
1.027276
1.027855
1.028636
1.029102
1.029679
1.029992
1.030349
1.030479
1.030607
1.030540
1.030441
1.030174
1.029862
1.029409
1.028906
1.028289
1.027629
1.026880
1.026097
1.025251
1.024384
1.023476
1.022561
1.021625
1.020694
1.019757
1.018837
1.017923
1.017035
1.016161
1.015319
1.014498
1.013713
1.012950
1.012229
1.011528
1.010872
1.010233
1.009642
1.009064
1.008537
1.008015
1.007549
1.007078
1.006670
1.006245
1.005892
1.005506
1.005206
1.004853
1.004603
1.004275
1.004074
1.003765
1.003613
1.003315
1.003213
1.002916
1.002868
1.002562
1.002574
1.002246
1.002325
1.001962
1.002120
1.001705
1.001956
1.001467
1.001833
1.001242
1.001752
1.001024
1.001718
1.000792
1.010596
1.001956
1.010101
1.004059
1.010373
1.006200
1.011113
1.008286
1.012152
1.010319
1.013421
1.012329
1.014874
1.014337
1.016475
1.016348
1.018186
1.018356
1.019962
1.020338
1.021755
1.022259
1.023508
1.024073
1.025160
1.025725
1.026643
1.027154
1.027892
1.028304
1.028847
1.029122
1.029459
1.029570
1.029695
1.029628
1.029545
1.029298
1.029019
1.028602
1.028147
1.027580
1.026977
1.026287
1.025568
1.024786
1.023984
1.023140
1.022288
1.021412
1.020539
1.019657
1.018788
1.017921
1.017076
1.016241
1.015434
1.014643
1.013885
1.013145
1.012443
1.011758
1.011115
1.010486
1.009903
1.009329
1.008805
1.008284
1.007818
1.007344
1.006934
1.006503
1.006147
1.005754
1.005449
1.005087
1.004832
1.004494
1.004290
1.003968
1.003814
1.003501
1.003400
1.003087
1.003041
1.002717
1.002734
1.002386
1.002474
1.002088
1.002259
1.001816
1.002087
1.001564
1.001958
1.001326
1.001873
1.001094
1.001838
1.000848
1.011077
1.002014
1.010519
1.004151
1.010730
1.006305
1.011411
1.008387
1.012391
1.010401
1.013596
1.012375
1.014978
1.014331
1.016499
1.016274
1.018118
1.018198
1.019792
1.020083
1.021473
1.021897
1.023110
1.023600
1.024645
1.025142
1.026019
1.026471
1.027173
1.027537
1.028054
1.028297
1.028620
1.028717
1.028843
1.028780
1.028713
1.028487
1.028238
1.027858
1.027446
1.026927
1.026376
1.025741
1.025080
1.024356
1.023614
1.022828
1.022034
1.021214
1.020394
1.019562
1.018740
1.017917
1.017112
1.016313
1.015539
1.014777
1.014044
1.013326
1.012643
1.011973
1.011343
1.010724
1.010149
1.009580
1.009061
1.008540
1.008076
1.007599
1.007189
1.006753
1.006395
1.005994
1.005686
1.005315
1.005058
1.004709
1.004502
1.004168
1.004013
1.003687
1.003585
1.003257
1.003214
1.002872
1.002895
1.002527
1.002625
1.002214
1.002401
1.001928
1.002221
1.001663
1.002087
1.001412
1.001998
1.001165
1.001962
1.000903
1.011464
1.002057
1.010859
1.004221
1.011024
1.006388
1.011660
1.008470
1.012594
1.010470
1.013748
1.012417
1.015074
1.014332
1.016528
1.016220
1.018071
1.018075
1.019660
1.019879
1.021249
1.021604
1.022788
1.023213
1.024224
1.024661
1.025504
1.025905
1.026575
1.026898
1.027391
1.027605
1.027914
1.027996
1.028121
1.028058
1.028003
1.027792
1.027567
1.027214
1.026837
1.026356
1.025848
1.025258
1.024645
1.023970
1.023277
1.022541
1.021796
1.021023
1.020250
1.019461
1.018681
1.017896
1.017126
1.016359
1.015615
1.014878
1.014169
1.013470
1.012805
1.012149
1.011532
1.010922
1.010355
1.009791
1.009276
1.008757
1.008294
1.007816
1.007405
1.006965
1.006605
1.006199
1.005889
1.005510
1.005250
1.004892
1.004683
1.004339
1.004183
1.003845
1.003744
1.003402
1.003361
1.003004
1.003032
1.002646
1.002752
1.002321
1.002520
1.002024
1.002334
1.001747
1.002194
1.001484
1.002102
1.001226
1.002065
1.000952
1.011884
1.002107
1.011220
1.004298
1.011328
1.006472
1.011909
1.008547
1.012787
1.010526
1.013884
1.012440
1.015146
1.014309
1.016531
1.016138
1.017997
1.017924
1.019501
1.019650
1.021000
1.021290
1.022447
1.022812
1.023792
1.024176
1.024988
1.025343
1.025987
1.026274
1.026747
1.026937
1.027236
1.027307
1.027433
1.027373
1.027330
1.027134
1.026934
1.026607
1.026263
1.025817
1.025350
1.024802
1.024233
1.023603
1.022957
1.022267
1.021568
1.020839
1.020109
1.019361
1.018619
1.017870
1.017134
1.016398
1.015681
1.014970
1.014283
1.013604
1.012956
1.012314
1.011709
1.011109
1.010551
1.009992
1.009483
1.008965
1.008505
1.008027
1.007616
1.007173
1.006812
1.006400
1.006089
1.005703
1.005441
1.005075
1.004865
1.004511
1.004354
1.004004
1.003904
1.003549
1.003512
1.003140
1.003173
1.002769
1.002884
1.002433
1.002645
1.002123
1.002453
1.001834
1.002308
1.001559
1.002213
1.001288
1.002176
1.001001
1.012186
1.002137
1.011485
1.004349
1.011557
1.006531
1.012101
1.008603
1.012941
1.010570
1.013996
1.012462
1.015211
1.014296
1.016543
1.016082
1.017948
1.017814
1.019386
1.019478
1.020813
1.021050
1.022185
1.022500
1.023456
1.023795
1.024582
1.024898
1.025519
1.025776
1.026232
1.026401
1.026690
1.026750
1.026875
1.026815
1.026781
1.026596
1.026413
1.026106
1.025788
1.025370
1.024934
1.024419
1.023886
1.023293
1.022685
1.022032
1.021370
1.020678
1.019983
1.019269
1.018559
1.017840
1.017133
1.016422
1.015730
1.015039
1.014372
1.013709
1.013076
1.012446
1.011852
1.011260
1.010709
1.010156
1.009651
1.009135
1.008677
1.008198
1.007788
1.007342
1.006981
1.006564
1.006252
1.005860
1.005597
1.005223
1.005012
1.004650
1.004492
1.004133
1.004033
1.003668
1.003632
1.003248
1.003285
1.002867
1.002989
1.002521
1.002743
1.002201
1.002545
1.001903
1.002397
1.001619
1.002299
1.001339
1.002261
1.001042
1.012550
1.002182
1.011795
1.004414
1.011814
1.006599
1.012307
1.008661
1.013097
1.010609
1.014099
1.012470
1.015260
1.014265
1.016533
1.016002
1.017874
1.017678
1.019244
1.019278
1.020599
1.020784
1.021899
1.022167
1.023100
1.023397
1.024161
1.024442
1.025044
1.025274
1.025715
1.025865
1.026148
1.026199
1.026326
1.026267
1.026243
1.026069
1.025904
1.025617
1.025324
1.024933
1.024528
1.024045
1.023546
1.022988
1.022415
1.021798
1.021172
1.020515
1.019854
1.019172
1.018494
1.017804
1.017124
1.016439
1.015770
1.015100
1.014452
1.013806
1.013188
1.012571
1.011989
1.011405
1.010863
1.010315
1.009815
1.009302
1.008847
1.008368
1.007960
1.007512
1.007151
1.006731
1.006417
1.006020
1.005756
1.005376
1.005164
1.004794
1.004636
1.004268
1.004170
1.003793
1.003760
1.003363
1.003405
1.002973
1.003103
1.002616
1.002850
1.002287
1.002648
1.001978
1.002495
1.001683
1.002396
1.001393
1.002358
1.001083
1.012765
1.002200
1.011986
1.004447
1.011980
1.006638
1.012446
1.008698
1.013207
1.010636
1.014179
1.012480
1.015304
1.014250
1.016536
1.015954
1.017833
1.017589
1.019153
1.019144
1.020455
1.020599
1.021700
1.021931
1.022847
1.023110
1.023857
1.024110
1.024696
1.024904
1.025333
1.025468
1.025743
1.025787
1.025913
1.025854
1.025836
1.025669
1.025516
1.025244
1.024969
1.024597
1.024215
1.023756
1.023283
1.022751
1.022206
1.021616
1.021017
1.020386
1.019752
1.019096
1.018441
1.017774
1.017116
1.016450
1.015799
1.015146
1.014513
1.013880
1.013273
1.012666
1.012093
1.011516
1.010980
1.010436
1.009940
1.009429
1.008976
1.008497
1.008090
1.007640
1.007278
1.006855
1.006541
1.006140
1.005875
1.005490
1.005277
1.004901
1.004743
1.004367
1.004269
1.003884
1.003853
1.003446
1.003492
1.003048
1.003184
1.002684
1.002926
1.002347
1.002720
1.002032
1.002564
1.001730
1.002462
1.001432
1.002422
1.001116
1.013080
1.002240
1.012251
1.004502
1.012196
1.006693
1.012615
1.008743
1.013331
1.010661
1.014257
1.012479
1.015336
1.014215
1.016519
1.015880
1.017764
1.017470
1.019029
1.018975
1.020276
1.020379
1.021465
1.021659
1.022559
1.022790
1.023521
1.023747
1.024319
1.024505
1.024924
1.025046
1.025316
1.025354
1.025481
1.025423
1.025413
1.025254
1.025115
1.024857
1.024601
1.024250
1.023891
1.023456
1.023009
1.022503
1.021985
1.021423
1.020852
1.020248
1.019640
1.019009
1.018380
1.017736
1.017099
1.016454
1.015822
1.015185
1.014568
1.013949
1.013356
1.012759
1.012196
1.011627
1.011098
1.010559
1.010068
1.009560
1.009111
1.008632
1.008226
1.007776
1.007415
1.006989
1.006675
1.006270
1.006005
1.005614
1.005401
1.005019
1.004861
1.004478
1.004381
1.003988
1.003959
1.003542
1.003592
1.003136
1.003278
1.002763
1.003016
1.002418
1.002806
1.002095
1.002647
1.001784
1.002544
1.001477
1.002505
1.001149
1.013204
1.002248
1.012365
1.004519
1.012299
1.006715
1.012704
1.008765
1.013403
1.010678
1.014310
1.012485
1.015365
1.014205
1.016522
1.015847
1.017736
1.017410
1.018968
1.018884
1.020179
1.020254
1.021331
1.021499
1.022388
1.022597
1.023316
1.023522
1.024084
1.024255
1.024666
1.024777
1.025043
1.025074
1.025201
1.025142
1.025136
1.024982
1.024851
1.024602
1.024358
1.024019
1.023675
1.023256
1.022826
1.022338
1.021839
1.021294
1.020742
1.020156
1.019566
1.018952
1.018339
1.017711
1.017089
1.016458
1.015838
1.015214
1.014607
1.013997
1.013412
1.012823
1.012265
1.011701
1.011177
1.010641
1.010154
1.009647
1.009199
1.008721
1.008315
1.007864
1.007503
1.007075
1.006761
1.006353
1.006087
1.005693
1.005479
1.005093
1.004935
1.004547
1.004451
1.004051
1.004024
1.003600
1.003653
1.003188
1.003335
1.002811
1.003069
1.002461
1.002855
1.002132
1.002694
1.001817
1.002588
1.001505
1.002548
1.001173
1.013479
1.002284
1.012593
1.004568
1.012480
1.006761
1.012841
1.008799
1.013500
1.010694
1.014368
1.012478
1.015385
1.014170
1.016502
1.015781
1.017675
1.017308
1.018865
1.018745
1.020033
1.020076
1.021143
1.021283
1.022160
1.022345
1.023052
1.023239
1.023791
1.023947
1.024352
1.024452
1.024715
1.024742
1.024870
1.024813
1.024812
1.024664
1.024544
1.024306
1.024076
1.023752
1.023425
1.023024
1.022613
1.022144
1.021666
1.021142
1.020610
1.020045
1.019474
1.018880
1.018286
1.017676
1.017070
1.016455
1.015850
1.015239
1.014645
1.014046
1.013471
1.012890
1.012341
1.011784
1.011265
1.010734
1.010251
1.009746
1.009302
1.008824
1.008421
1.007969
1.007609
1.007179
1.006865
1.006454
1.006189
1.005791
1.005578
1.005186
1.005029
1.004635
1.004540
1.004133
1.004109
1.003676
1.003733
1.003259
1.003411
1.002874
1.003142
1.002518
1.002925
1.002182
1.002762
1.001860
1.002656
1.001540
1.002617
1.001199
1.013506
1.002282
1.012628
1.004572
1.012521
1.006770
1.012882
1.008812
1.013538
1.010707
1.014399
1.012486
1.015405
1.014171
1.016509
1.015770
1.017667
1.017283
1.018838
1.018703
1.019986
1.020015
1.021076
1.021202
1.022072
1.022244
1.022945
1.023121
1.023666
1.023813
1.024212
1.024306
1.024566
1.024589
1.024716
1.024658
1.024658
1.024513
1.024396
1.024163
1.023939
1.023622
1.023303
1.022910
1.022509
1.022050
1.021581
1.021067
1.020546
1.019991
1.019430
1.018846
1.018261
1.017660
1.017063
1.016455
1.015858
1.015253
1.014665
1.014072
1.013502
1.012925
1.012380
1.011825
1.011309
1.010780
1.010298
1.009795
1.009351
1.008874
1.008471
1.008018
1.007658
1.007228
1.006913
1.006501
1.006235
1.005835
1.005621
1.005227
1.005070
1.004673
1.004578
1.004168
1.004144
1.003708
1.003766
1.003287
1.003441
1.002900
1.003169
1.002541
1.002951
1.002203
1.002786
1.001878
1.002678
1.001557
1.002637
1.001214
1.013752
1.002317
1.012827
1.004616
1.012674
1.006809
1.012994
1.008837
1.013613
1.010716
1.014440
1.012475
1.015415
1.014138
1.016487
1.015712
1.017613
1.017199
1.018752
1.018590
1.019869
1.019874
1.020928
1.021034
1.021896
1.022050
1.022743
1.022905
1.023444
1.023581
1.023975
1.024063
1.024321
1.024341
1.024470
1.024412
1.024418
1.024277
1.024168
1.023943
1.023729
1.023423
1.023117
1.022737
1.022350
1.021905
1.021451
1.020952
1.020446
1.019905
1.019360
1.018790
1.018219
1.017630
1.017046
1.016450
1.015864
1.015269
1.014691
1.014105
1.013543
1.012973
1.012434
1.011885
1.011374
1.010847
1.010370
1.009868
1.009427
1.008951
1.008549
1.008096
1.007738
1.007306
1.006992
1.006577
1.006312
1.005909
1.005696
1.005298
1.005141
1.004740
1.004647
1.004231
1.004210
1.003767
1.003828
1.003342
1.003501
1.002950
1.003227
1.002585
1.003006
1.002242
1.002841
1.001911
1.002733
1.001583
1.002694
1.001233
1.013682
1.002312
1.012790
1.004618
1.012661
1.006818
1.012997
1.008852
1.013625
1.010734
1.014457
1.012496
1.015434
1.014158
1.016505
1.015730
1.017628
1.017212
1.018764
1.018599
1.019874
1.019876
1.020925
1.021028
1.021885
1.022036
1.022725
1.022882
1.023417
1.023550
1.023941
1.024025
1.024280
1.024298
1.024424
1.024365
1.024370
1.024228
1.024120
1.023895
1.023682
1.023378
1.023073
1.022695
1.022311
1.021868
1.021418
1.020922
1.020419
1.019882
1.019340
1.018774
1.018206
1.017621
1.017040
1.016446
1.015863
1.015271
1.014695
1.014112
1.013551
1.012983
1.012445
1.011897
1.011387
1.010862
1.010385
1.009884
1.009443
1.008967
1.008565
1.008112
1.007753
1.007321
1.007007
1.006592
1.006326
1.005923
1.005709
1.005311
1.005154
1.004752
1.004658
1.004242
1.004219
1.003776
1.003836
1.003350
1.003508
1.002957
1.003232
1.002592
1.003011
1.002248
1.002843
1.001917
1.002734
1.001589
1.002692
1.001239
1.013949
1.002367
1.013010
1.004682
1.012825
1.006867
1.013111
1.008881
1.013698
1.010743
1.014495
1.012483
1.015439
1.014122
1.016480
1.015671
1.017573
1.017129
1.018679
1.018490
1.019761
1.019742
1.020786
1.020870
1.021722
1.021857
1.022540
1.022686
1.023216
1.023340
1.023728
1.023806
1.024061
1.024077
1.024205
1.024147
1.024156
1.024019
1.023917
1.023699
1.023496
1.023201
1.022907
1.022540
1.022168
1.021738
1.021300
1.020818
1.020328
1.019803
1.019274
1.018720
1.018164
1.017590
1.017020
1.016437
1.015864
1.015281
1.014713
1.014138
1.013584
1.013022
1.012490
1.011947
1.011442
1.010920
1.010446
1.009948
1.009509
1.009034
1.008635
1.008182
1.007824
1.007391
1.007078
1.006662
1.006396
1.005991
1.005778
1.005376
1.005220
1.004814
1.004721
1.004301
1.004280
1.003831
1.003895
1.003401
1.003564
1.003004
1.003287
1.002634
1.003064
1.002285
1.002896
1.001948
1.002788
1.001613
1.002750
1.001256
