# v - 700 ites
-0.000122
-0.000124
-0.000243
-0.000248
-0.000326
-0.000316
-0.000364
-0.000352
-0.000386
-0.000377
-0.000401
-0.000394
-0.000412
-0.000405
-0.000417
-0.000410
-0.000415
-0.000406
-0.000406
-0.000394
-0.000388
-0.000374
-0.000362
-0.000344
-0.000328
-0.000306
-0.000285
-0.000259
-0.000234
-0.000205
-0.000177
-0.000145
-0.000114
-0.000081
-0.000048
-0.000014
0.000020
0.000053
0.000086
0.000119
0.000150
0.000181
0.000210
0.000237
0.000263
0.000287
0.000308
0.000328
0.000346
0.000362
0.000375
0.000386
0.000396
0.000403
0.000408
0.000412
0.000413
0.000413
0.000412
0.000409
0.000404
0.000399
0.000392
0.000385
0.000377
0.000368
0.000358
0.000348
0.000338
0.000327
0.000316
0.000305
0.000294
0.000282
0.000272
0.000260
0.000250
0.000238
0.000228
0.000217
0.000208
0.000197
0.000189
0.000178
0.000171
0.000160
0.000154
0.000143
0.000139
0.000128
0.000125
0.000113
0.000112
0.000099
0.000101
0.000086
0.000092
0.000071
0.000089
0.000046
-0.000711
-0.000499
-0.001055
-0.000877
-0.001247
-0.001069
-0.001315
-0.001164
-0.001340
-0.001222
-0.001350
-0.001257
-0.001347
-0.001270
-0.001329
-0.001261
-0.001293
-0.001229
-0.001237
-0.001172
-0.001159
-0.001091
-0.001058
-0.000984
-0.000935
-0.000854
-0.000790
-0.000702
-0.000626
-0.000533
-0.000447
-0.000349
-0.000258
-0.000158
-0.000063
0.000037
0.000132
0.000228
0.000320
0.000411
0.000497
0.000579
0.000657
0.000730
0.000797
0.000858
0.000914
0.000964
0.001007
0.001045
0.001076
0.001101
0.001121
0.001135
0.001145
0.001149
0.001148
0.001143
0.001135
0.001122
0.001107
0.001088
0.001067
0.001043
0.001019
0.000991
0.000964
0.000934
0.000905
0.000873
0.000843
0.000810
0.000781
0.000747
0.000719
0.000685
0.000659
0.000625
0.000600
0.000566
0.000545
0.000511
0.000493
0.000458
0.000445
0.000408
0.000400
0.000361
0.000359
0.000317
0.000322
0.000274
0.000288
0.000234
0.000259
0.000194
0.000236
0.000150
0.000232
0.000069
-0.000871
-0.000650
-0.001368
-0.001180
-0.001656
-0.001446
-0.001759
-0.001577
-0.001801
-0.001658
-0.001822
-0.001710
-0.001826
-0.001733
-0.001809
-0.001727
-0.001768
-0.001689
-0.001699
-0.001617
-0.001598
-0.001510
-0.001466
-0.001368
-0.001301
-0.001193
-0.001105
-0.000986
-0.000881
-0.000753
-0.000634
-0.000500
-0.000372
-0.000233
-0.000101
0.000038
0.000171
0.000306
0.000434
0.000562
0.000682
0.000799
0.000908
0.001011
0.001105
0.001192
0.001271
0.001341
0.001402
0.001456
0.001500
0.001536
0.001564
0.001585
0.001598
0.001604
0.001603
0.001597
0.001585
0.001567
0.001546
0.001519
0.001490
0.001457
0.001423
0.001384
0.001346
0.001303
0.001263
0.001218
0.001177
0.001130
0.001089
0.001043
0.001003
0.000956
0.000918
0.000872
0.000837
0.000791
0.000760
0.000713
0.000688
0.000640
0.000620
0.000571
0.000558
0.000506
0.000501
0.000445
0.000449
0.000387
0.000402
0.000332
0.000362
0.000279
0.000329
0.000219
0.000323
0.000109
-0.001381
-0.000991
-0.002099
-0.001767
-0.002504
-0.002156
-0.002644
-0.002345
-0.002694
-0.002461
-0.002715
-0.002532
-0.002712
-0.002561
-0.002678
-0.002546
-0.002609
-0.002484
-0.002499
-0.002372
-0.002345
-0.002209
-0.002144
-0.001996
-0.001896
-0.001734
-0.001604
-0.001428
-0.001273
-0.001084
-0.000910
-0.000711
-0.000524
-0.000321
-0.000128
0.000075
0.000268
0.000465
0.000651
0.000836
0.001010
0.001178
0.001335
0.001483
0.001618
0.001743
0.001854
0.001954
0.002041
0.002116
0.002178
0.002228
0.002267
0.002294
0.002311
0.002318
0.002315
0.002304
0.002285
0.002258
0.002225
0.002186
0.002143
0.002094
0.002043
0.001987
0.001930
0.001869
0.001810
0.001745
0.001685
0.001618
0.001558
0.001490
0.001433
0.001365
0.001312
0.001244
0.001195
0.001127
0.001084
0.001015
0.000980
0.000910
0.000883
0.000810
0.000794
0.000717
0.000712
0.000628
0.000637
0.000544
0.000571
0.000464
0.000512
0.000386
0.000466
0.000298
0.000458
0.000137
-0.001599
-0.001171
-0.002483
-0.002116
-0.002988
-0.002588
-0.003163
-0.002816
-0.003227
-0.002956
-0.003258
-0.003046
-0.003259
-0.003085
-0.003225
-0.003072
-0.003149
-0.003003
-0.003022
-0.002873
-0.002841
-0.002680
-0.002602
-0.002426
-0.002305
-0.002110
-0.001953
-0.001740
-0.001552
-0.001322
-0.001110
-0.000869
-0.000640
-0.000392
-0.000156
0.000092
0.000328
0.000568
0.000797
0.001023
0.001236
0.001441
0.001632
0.001813
0.001978
0.002130
0.002266
0.002387
0.002492
0.002582
0.002657
0.002717
0.002763
0.002795
0.002815
0.002821
0.002817
0.002801
0.002777
0.002743
0.002702
0.002653
0.002600
0.002539
0.002476
0.002407
0.002338
0.002262
0.002190
0.002110
0.002037
0.001955
0.001882
0.001800
0.001730
0.001648
0.001582
0.001500
0.001441
0.001359
0.001307
0.001224
0.001181
0.001097
0.001064
0.000977
0.000956
0.000864
0.000857
0.000758
0.000767
0.000657
0.000687
0.000562
0.000617
0.000469
0.000560
0.000364
0.000551
0.000172
-0.002064
-0.001491
-0.003164
-0.002677
-0.003790
-0.003270
-0.004005
-0.003558
-0.004084
-0.003735
-0.004120
-0.003847
-0.004119
-0.003896
-0.004074
-0.003878
-0.003976
-0.003789
-0.003814
-0.003624
-0.003584
-0.003381
-0.003282
-0.003058
-0.002906
-0.002660
-0.002461
-0.002191
-0.001954
-0.001664
-0.001396
-0.001091
-0.000803
-0.000490
-0.000191
0.000121
0.000419
0.000721
0.001008
0.001292
0.001560
0.001818
0.002057
0.002283
0.002489
0.002679
0.002848
0.002998
0.003129
0.003240
0.003332
0.003405
0.003461
0.003499
0.003521
0.003527
0.003520
0.003499
0.003467
0.003422
0.003370
0.003307
0.003239
0.003162
0.003082
0.002994
0.002907
0.002812
0.002721
0.002621
0.002529
0.002427
0.002336
0.002233
0.002146
0.002043
0.001961
0.001859
0.001785
0.001682
0.001618
0.001515
0.001461
0.001356
0.001315
0.001207
0.001181
0.001066
0.001058
0.000934
0.000947
0.000809
0.000848
0.000689
0.000760
0.000573
0.000690
0.000442
0.000679
0.000203
-0.002325
-0.001696
-0.003601
-0.003065
-0.004333
-0.003749
-0.004585
-0.004080
-0.004679
-0.004285
-0.004725
-0.004418
-0.004731
-0.004480
-0.004686
-0.004465
-0.004579
-0.004369
-0.004400
-0.004185
-0.004140
-0.003908
-0.003795
-0.003539
-0.003364
-0.003080
-0.002850
-0.002538
-0.002263
-0.001926
-0.001614
-0.001260
-0.000923
-0.000559
-0.000211
0.000153
0.000500
0.000853
0.001187
0.001518
0.001829
0.002129
0.002407
0.002668
0.002907
0.003125
0.003319
0.003492
0.003641
0.003768
0.003871
0.003953
0.004014
0.004055
0.004078
0.004082
0.004070
0.004043
0.004002
0.003948
0.003885
0.003810
0.003728
0.003637
0.003543
0.003440
0.003338
0.003226
0.003120
0.003004
0.002896
0.002778
0.002672
0.002553
0.002452
0.002334
0.002240
0.002121
0.002036
0.001919
0.001844
0.001726
0.001664
0.001545
0.001498
0.001374
0.001344
0.001214
0.001204
0.001063
0.001077
0.000921
0.000964
0.000785
0.000864
0.000654
0.000784
0.000506
0.000772
0.000234
-0.002761
-0.002004
-0.004254
-0.003612
-0.005109
-0.004418
-0.005406
-0.004811
-0.005519
-0.005056
-0.005576
-0.005215
-0.005586
-0.005292
-0.005536
-0.005279
-0.005414
-0.005168
-0.005206
-0.004954
-0.004903
-0.004631
-0.004498
-0.004197
-0.003990
-0.003655
-0.003383
-0.003015
-0.002688
-0.002289
-0.001919
-0.001499
-0.001100
-0.000668
-0.000254
0.000177
0.000590
0.001007
0.001404
0.001796
0.002164
0.002518
0.002847
0.003155
0.003436
0.003692
0.003920
0.004122
0.004296
0.004443
0.004562
0.004656
0.004725
0.004771
0.004794
0.004796
0.004779
0.004744
0.004694
0.004628
0.004551
0.004460
0.004363
0.004254
0.004142
0.004019
0.003897
0.003766
0.003640
0.003503
0.003376
0.003236
0.003112
0.002972
0.002854
0.002715
0.002605
0.002466
0.002367
0.002229
0.002142
0.002004
0.001932
0.001793
0.001738
0.001594
0.001559
0.001407
0.001396
0.001231
0.001248
0.001065
0.001116
0.000907
0.001000
0.000753
0.000907
0.000581
0.000892
0.000265
-0.003053
-0.002230
-0.004734
-0.004034
-0.005702
-0.004940
-0.006040
-0.005381
-0.006171
-0.005659
-0.006240
-0.005844
-0.006259
-0.005937
-0.006213
-0.005930
-0.006084
-0.005815
-0.005859
-0.005582
-0.005525
-0.005224
-0.005075
-0.004738
-0.004506
-0.004129
-0.003821
-0.003405
-0.003034
-0.002582
-0.002161
-0.001683
-0.001228
-0.000737
-0.000265
0.000226
0.000696
0.001171
0.001623
0.002067
0.002485
0.002886
0.003258
0.003605
0.003921
0.004209
0.004463
0.004688
0.004879
0.005041
0.005171
0.005272
0.005344
0.005389
0.005410
0.005406
0.005382
0.005337
0.005275
0.005196
0.005105
0.004998
0.004885
0.004758
0.004629
0.004488
0.004349
0.004198
0.004055
0.003899
0.003755
0.003598
0.003458
0.003300
0.003167
0.003010
0.002887
0.002732
0.002620
0.002467
0.002369
0.002217
0.002135
0.001981
0.001919
0.001760
0.001720
0.001553
0.001539
0.001358
0.001376
0.001175
0.001230
0.001001
0.001102
0.000831
0.000999
0.000641
0.000983
0.000292
-0.003473
-0.002531
-0.005371
-0.004576
-0.006468
-0.005607
-0.006855
-0.006113
-0.007010
-0.006436
-0.007097
-0.006654
-0.007127
-0.006768
-0.007084
-0.006770
-0.006948
-0.006648
-0.006701
-0.006391
-0.006329
-0.005990
-0.005822
-0.005442
-0.005177
-0.004749
-0.004398
-0.003923
-0.003497
-0.002980
-0.002496
-0.001948
-0.001424
-0.000859
-0.000316
0.000248
0.000790
0.001336
0.001856
0.002366
0.002846
0.003305
0.003731
0.004128
0.004488
0.004815
0.005104
0.005357
0.005573
0.005753
0.005897
0.006008
0.006086
0.006133
0.006152
0.006143
0.006111
0.006055
0.005980
0.005886
0.005778
0.005654
0.005521
0.005374
0.005225
0.005062
0.004902
0.004730
0.004566
0.004388
0.004224
0.004045
0.003885
0.003706
0.003555
0.003378
0.003238
0.003063
0.002936
0.002764
0.002653
0.002481
0.002390
0.002216
0.002146
0.001967
0.001923
0.001735
0.001720
0.001516
0.001536
0.001311
0.001373
0.001115
0.001229
0.000926
0.001114
0.000713
0.001095
0.000322
-0.003789
-0.002773
-0.005885
-0.005029
-0.007103
-0.006169
-0.007535
-0.006729
-0.007713
-0.007092
-0.007819
-0.007341
-0.007864
-0.007478
-0.007829
-0.007493
-0.007692
-0.007370
-0.007431
-0.007095
-0.007030
-0.006660
-0.006475
-0.006057
-0.005763
-0.005289
-0.004896
-0.004367
-0.003890
-0.003312
-0.002768
-0.002153
-0.001563
-0.000929
-0.000317
0.000317
0.000926
0.001539
0.002123
0.002694
0.003231
0.003743
0.004217
0.004657
0.005056
0.005416
0.005732
0.006008
0.006242
0.006435
0.006587
0.006702
0.006780
0.006823
0.006835
0.006816
0.006772
0.006702
0.006611
0.006499
0.006373
0.006228
0.006076
0.005908
0.005737
0.005553
0.005372
0.005179
0.004994
0.004796
0.004612
0.004413
0.004236
0.004038
0.003870
0.003675
0.003520
0.003328
0.003189
0.003000
0.002878
0.002690
0.002590
0.002400
0.002323
0.002129
0.002080
0.001876
0.001859
0.001639
0.001660
0.001416
0.001482
0.001204
0.001326
0.000999
0.001201
0.000769
0.001182
0.000347
-0.004199
-0.003073
-0.006516
-0.005574
-0.007868
-0.006843
-0.008356
-0.007474
-0.008564
-0.007887
-0.008695
-0.008177
-0.008761
-0.008345
-0.008739
-0.008377
-0.008604
-0.008257
-0.008330
-0.007966
-0.007898
-0.007493
-0.007291
-0.006830
-0.006503
-0.005977
-0.005537
-0.004946
-0.004409
-0.003760
-0.003146
-0.002453
-0.001787
-0.001070
-0.000377
0.000340
0.001029
0.001722
0.002382
0.003027
0.003633
0.004210
0.004742
0.005236
0.005681
0.006082
0.006434
0.006739
0.006995
0.007205
0.007369
0.007490
0.007571
0.007612
0.007618
0.007590
0.007533
0.007447
0.007340
0.007208
0.007062
0.006895
0.006720
0.006529
0.006335
0.006127
0.005923
0.005705
0.005498
0.005276
0.005070
0.004848
0.004650
0.004430
0.004244
0.004028
0.003856
0.003644
0.003489
0.003281
0.003147
0.002940
0.002829
0.002621
0.002536
0.002324
0.002269
0.002046
0.002027
0.001786
0.001808
0.001542
0.001614
0.001311
0.001443
0.001087
0.001307
0.000835
0.001285
0.000375
-0.004534
-0.003330
-0.007059
-0.006054
-0.008540
-0.007440
-0.009080
-0.008134
-0.009318
-0.008595
-0.009475
-0.008925
-0.009564
-0.009125
-0.009559
-0.009178
-0.009431
-0.009064
-0.009150
-0.008762
-0.008691
-0.008256
-0.008036
-0.007535
-0.007175
-0.006599
-0.006112
-0.005460
-0.004862
-0.004142
-0.003457
-0.002685
-0.001940
-0.001140
-0.000366
0.000434
0.001204
0.001976
0.002710
0.003427
0.004099
0.004736
0.005323
0.005865
0.006352
0.006789
0.007169
0.007495
0.007767
0.007987
0.008156
0.008277
0.008352
0.008384
0.008377
0.008334
0.008259
0.008153
0.008024
0.007869
0.007699
0.007507
0.007307
0.007090
0.006871
0.006638
0.006409
0.006167
0.005936
0.005691
0.005464
0.005220
0.005002
0.004762
0.004557
0.004322
0.004134
0.003905
0.003736
0.003511
0.003365
0.003143
0.003022
0.002799
0.002707
0.002479
0.002419
0.002181
0.002159
0.001902
0.001925
0.001641
0.001717
0.001394
0.001535
0.001155
0.001389
0.000888
0.001365
0.000397
-0.004938
-0.003630
-0.007689
-0.006605
-0.009311
-0.008127
-0.009912
-0.008898
-0.010190
-0.009418
-0.010382
-0.009800
-0.010503
-0.010043
-0.010525
-0.010127
-0.010411
-0.010027
-0.010129
-0.009720
-0.009649
-0.009184
-0.008947
-0.008406
-0.008012
-0.007382
-0.006844
-0.006124
-0.005460
-0.004661
-0.003895
-0.003036
-0.002201
-0.001307
-0.000438
0.000458
0.001322
0.002186
0.003009
0.003810
0.004560
0.005270
0.005923
0.006523
0.007061
0.007540
0.007956
0.008311
0.008604
0.008838
0.009015
0.009137
0.009210
0.009234
0.009216
0.009157
0.009064
0.008937
0.008785
0.008605
0.008409
0.008191
0.007964
0.007720
0.007473
0.007213
0.006957
0.006688
0.006432
0.006161
0.005911
0.005642
0.005403
0.005140
0.004915
0.004659
0.004453
0.004204
0.004020
0.003776
0.003617
0.003376
0.003245
0.003004
0.002904
0.002659
0.002593
0.002337
0.002312
0.002038
0.002061
0.001757
0.001837
0.001492
0.001641
0.001235
0.001484
0.000948
0.001459
0.000423
-0.005287
-0.003898
-0.008255
-0.007109
-0.010014
-0.008758
-0.010675
-0.009601
-0.010991
-0.010178
-0.011219
-0.010612
-0.011376
-0.010899
-0.011427
-0.011016
-0.011332
-0.010934
-0.011053
-0.010624
-0.010553
-0.010060
-0.009805
-0.009223
-0.008793
-0.008108
-0.007515
-0.006726
-0.005990
-0.005107
-0.004256
-0.003303
-0.002373
-0.001380
-0.000412
0.000584
0.001546
0.002504
0.003418
0.004302
0.005131
0.005911
0.006626
0.007280
0.007863
0.008378
0.008822
0.009197
0.009502
0.009742
0.009918
0.010034
0.010094
0.010102
0.010063
0.009981
0.009862
0.009708
0.009526
0.009317
0.009090
0.008841
0.008583
0.008307
0.008031
0.007741
0.007457
0.007160
0.006877
0.006580
0.006305
0.006013
0.005752
0.005466
0.005223
0.004946
0.004724
0.004456
0.004257
0.003997
0.003825
0.003569
0.003427
0.003172
0.003064
0.002804
0.002733
0.002463
0.002435
0.002145
0.002168
0.001848
0.001931
0.001568
0.001724
0.001297
0.001558
0.000995
0.001532
0.000441
-0.005687
-0.004200
-0.008885
-0.007669
-0.010794
-0.009461
-0.011525
-0.010388
-0.011889
-0.011037
-0.012166
-0.011535
-0.012370
-0.011881
-0.012464
-0.012046
-0.012402
-0.011996
-0.012138
-0.011695
-0.011630
-0.011113
-0.010845
-0.010224
-0.009759
-0.009019
-0.008370
-0.007508
-0.006696
-0.005723
-0.004779
-0.003722
-0.002685
-0.001580
-0.000499
0.000611
0.001685
0.002753
0.003771
0.004754
0.005674
0.006538
0.007327
0.008046
0.008684
0.009245
0.009724
0.010125
0.010449
0.010698
0.010876
0.010988
0.011038
0.011030
0.010972
0.010866
0.010721
0.010538
0.010327
0.010086
0.009826
0.009544
0.009254
0.008946
0.008638
0.008316
0.008002
0.007675
0.007364
0.007039
0.006738
0.006420
0.006136
0.005827
0.005562
0.005264
0.005023
0.004736
0.004521
0.004242
0.004057
0.003784
0.003631
0.003360
0.003243
0.002967
0.002891
0.002604
0.002573
0.002266
0.002289
0.001951
0.002038
0.001654
0.001818
0.001368
0.001643
0.001048
0.001614
0.000464
-0.006045
-0.004477
-0.009467
-0.008192
-0.011522
-0.010121
-0.012321
-0.011130
-0.012734
-0.011848
-0.013061
-0.012413
-0.013316
-0.012819
-0.013456
-0.013034
-0.013430
-0.013019
-0.013184
-0.012729
-0.012669
-0.012127
-0.011843
-0.011181
-0.010678
-0.009877
-0.009166
-0.008224
-0.007326
-0.006255
-0.005206
-0.004036
-0.002882
-0.001656
-0.000452
0.000780
0.001974
0.003157
0.004285
0.005369
0.006381
0.007326
0.008187
0.008965
0.009652
0.010250
0.010756
0.011173
0.011503
0.011750
0.011919
0.012015
0.012043
0.012009
0.011920
0.011781
0.011600
0.011380
0.011130
0.010850
0.010551
0.010231
0.009902
0.009557
0.009214
0.008857
0.008510
0.008151
0.007810
0.007456
0.007129
0.006784
0.006476
0.006144
0.005859
0.005540
0.005281
0.004975
0.004745
0.004449
0.004252
0.003963
0.003800
0.003514
0.003389
0.003100
0.003018
0.002717
0.002684
0.002363
0.002385
0.002033
0.002122
0.001722
0.001892
0.001423
0.001708
0.001089
0.001678
0.000479
-0.006440
-0.004779
-0.010096
-0.008759
-0.012308
-0.010839
-0.013186
-0.011943
-0.013660
-0.012746
-0.014052
-0.013393
-0.014375
-0.013878
-0.014580
-0.014164
-0.014610
-0.014203
-0.014403
-0.013945
-0.013900
-0.013342
-0.013050
-0.012354
-0.011817
-0.010960
-0.010187
-0.009164
-0.008178
-0.007004
-0.005842
-0.004549
-0.003265
-0.001903
-0.000560
0.000811
0.002143
0.003459
0.004714
0.005916
0.007038
0.008079
0.009025
0.009875
0.010623
0.011267
0.011808
0.012248
0.012591
0.012840
0.013003
0.013084
0.013092
0.013032
0.012914
0.012741
0.012523
0.012264
0.011975
0.011654
0.011316
0.010955
0.010587
0.010204
0.009823
0.009430
0.009048
0.008656
0.008284
0.007900
0.007544
0.007173
0.006840
0.006483
0.006176
0.005835
0.005558
0.005232
0.004986
0.004672
0.004462
0.004156
0.003983
0.003681
0.003548
0.003244
0.003156
0.002841
0.002804
0.002469
0.002491
0.002122
0.002214
0.001797
0.001973
0.001483
0.001780
0.001134
0.001748
0.000498
-0.006799
-0.005061
-0.010685
-0.009295
-0.013051
-0.011521
-0.014007
-0.012719
-0.014544
-0.013606
-0.015002
-0.014338
-0.015396
-0.014905
-0.015671
-0.015264
-0.015761
-0.015362
-0.015595
-0.015136
-0.015104
-0.014528
-0.014224
-0.013490
-0.012912
-0.011990
-0.011146
-0.010031
-0.008943
-0.007650
-0.006360
-0.004928
-0.003497
-0.001983
-0.000486
0.001037
0.002520
0.003978
0.005368
0.006693
0.007925
0.009062
0.010090
0.011005
0.011804
0.012483
0.013047
0.013496
0.013836
0.014073
0.014214
0.014266
0.014238
0.014138
0.013975
0.013755
0.013489
0.013180
0.012841
0.012471
0.012084
0.011676
0.011262
0.010834
0.010411
0.009978
0.009558
0.009130
0.008724
0.008308
0.007924
0.007524
0.007165
0.006784
0.006456
0.006093
0.005797
0.005452
0.005192
0.004861
0.004637
0.004317
0.004134
0.003819
0.003678
0.003361
0.003267
0.002940
0.002900
0.002552
0.002573
0.002192
0.002285
0.001854
0.002035
0.001529
0.001835
0.001168
0.001801
0.000510
-0.007186
-0.005362
-0.011308
-0.009865
-0.013837
-0.012249
-0.014883
-0.013554
-0.015496
-0.014542
-0.016039
-0.015378
-0.016525
-0.016051
-0.016895
-0.016512
-0.017073
-0.016696
-0.016978
-0.016533
-0.016528
-0.015950
-0.015648
-0.014887
-0.014278
-0.013301
-0.012390
-0.011185
-0.009994
-0.008578
-0.007152
-0.005569
-0.003977
-0.002295
-0.000623
0.001074
0.002730
0.004353
0.005901
0.007370
0.008734
0.009985
0.011113
0.012108
0.012971
0.013697
0.014293
0.014757
0.015102
0.015329
0.015452
0.015476
0.015415
0.015274
0.015066
0.014799
0.014483
0.014124
0.013733
0.013312
0.012875
0.012418
0.011958
0.011484
0.011018
0.010543
0.010085
0.009620
0.009180
0.008731
0.008316
0.007887
0.007503
0.007097
0.006746
0.006361
0.006047
0.005682
0.005406
0.005058
0.004822
0.004486
0.004292
0.003963
0.003814
0.003484
0.003385
0.003045
0.003001
0.002641
0.002661
0.002266
0.002361
0.001916
0.002101
0.001579
0.001894
0.001205
0.001858
0.000524
-0.007541
-0.005644
-0.011892
-0.010406
-0.014583
-0.012945
-0.015719
-0.014355
-0.016409
-0.015445
-0.017040
-0.016388
-0.017623
-0.017171
-0.018092
-0.017736
-0.018363
-0.018011
-0.018342
-0.017911
-0.017933
-0.017350
-0.017044
-0.016250
-0.015601
-0.014556
-0.013564
-0.012253
-0.010939
-0.009379
-0.007793
-0.006036
-0.004257
-0.002383
-0.000513
0.001378
0.003226
0.005028
0.006746
0.008365
0.009863
0.011227
0.012447
0.013513
0.014428
0.015185
0.015794
0.016255
0.016582
0.016780
0.016863
0.016839
0.016723
0.016523
0.016253
0.015921
0.015540
0.015116
0.014661
0.014178
0.013681
0.013166
0.012651
0.012125
0.011610
0.011089
0.010588
0.010083
0.009606
0.009122
0.008676
0.008217
0.007806
0.007375
0.007001
0.006595
0.006262
0.005879
0.005587
0.005224
0.004974
0.004625
0.004421
0.004080
0.003923
0.003582
0.003477
0.003127
0.003080
0.002709
0.002727
0.002323
0.002418
0.001961
0.002150
0.001615
0.001936
0.001231
0.001900
0.000533
-0.007913
-0.005939
-0.012499
-0.010969
-0.015358
-0.013674
-0.016594
-0.015204
-0.017379
-0.016415
-0.018119
-0.017489
-0.018825
-0.018410
-0.019426
-0.019116
-0.019828
-0.019521
-0.019923
-0.019529
-0.019600
-0.019034
-0.018746
-0.017939
-0.017267
-0.016170
-0.015107
-0.013697
-0.012261
-0.010556
-0.008801
-0.006857
-0.004873
-0.002784
-0.000690
0.001424
0.003494
0.005506
0.007423
0.009221
0.010882
0.012382
0.013718
0.014873
0.015854
0.016655
0.017288
0.017754
0.018070
0.018241
0.018288
0.018217
0.018047
0.017787
0.017454
0.017056
0.016610
0.016119
0.015599
0.015053
0.014494
0.013921
0.013350
0.012772
0.012207
0.011639
0.011095
0.010549
0.010035
0.009516
0.009038
0.008550
0.008112
0.007654
0.007259
0.006831
0.006479
0.006077
0.005770
0.005391
0.005129
0.004766
0.004551
0.004198
0.004034
0.003682
0.003571
0.003211
0.003160
0.002779
0.002796
0.002381
0.002476
0.002009
0.002200
0.001653
0.001981
0.001259
0.001943
0.000543
-0.008254
-0.006214
-0.013065
-0.011503
-0.016090
-0.014368
-0.017427
-0.016017
-0.018307
-0.017349
-0.019160
-0.018557
-0.019995
-0.019623
-0.020734
-0.020474
-0.021273
-0.021016
-0.021489
-0.021133
-0.021250
-0.020700
-0.020423
-0.019595
-0.018888
-0.017723
-0.016570
-0.015039
-0.013454
-0.011573
-0.009615
-0.007449
-0.005222
-0.002884
-0.000532
0.001835
0.004154
0.006396
0.008529
0.010514
0.012339
0.013970
0.015411
0.016639
0.017669
0.018489
0.019120
0.019562
0.019838
0.019954
0.019935
0.019789
0.019538
0.019194
0.018775
0.018290
0.017758
0.017184
0.016583
0.015960
0.015328
0.014686
0.014050
0.013411
0.012791
0.012172
0.011580
0.010990
0.010435
0.009880
0.009368
0.008849
0.008383
0.007901
0.007482
0.007033
0.006663
0.006244
0.005921
0.005527
0.005254
0.004878
0.004654
0.004291
0.004119
0.003758
0.003642
0.003273
0.003218
0.002830
0.002845
0.002422
0.002517
0.002041
0.002235
0.001678
0.002010
0.001276
0.001971
0.000548
-0.008603
-0.006496
-0.013641
-0.012048
-0.016836
-0.015083
-0.018285
-0.016866
-0.019280
-0.018340
-0.020269
-0.019711
-0.021266
-0.020957
-0.022185
-0.021999
-0.022910
-0.022731
-0.023305
-0.023018
-0.023215
-0.022711
-0.022478
-0.021661
-0.020948
-0.019740
-0.018516
-0.016879
-0.015151
-0.013095
-0.010925
-0.008522
-0.006028
-0.003411
-0.000763
0.001896
0.004507
0.007022
0.009413
0.011624
0.013650
0.015444
0.017018
0.018342
0.019438
0.020292
0.020933
0.021359
0.021600
0.021665
0.021581
0.021360
0.021029
0.020599
0.020093
0.019520
0.018901
0.018242
0.017560
0.016859
0.016153
0.015441
0.014740
0.014041
0.013364
0.012693
0.012054
0.011420
0.010826
0.010234
0.009690
0.009140
0.008647
0.008140
0.007699
0.007229
0.006841
0.006405
0.006068
0.005660
0.005374
0.004987
0.004754
0.004380
0.004201
0.003831
0.003710
0.003333
0.003275
0.002879
0.002892
0.002462
0.002557
0.002074
0.002268
0.001704
0.002039
0.001294
0.001999
0.000554
-0.008917
-0.006756
-0.014171
-0.012557
-0.017531
-0.015756
-0.019092
-0.017670
-0.020202
-0.019288
-0.021332
-0.020825
-0.022497
-0.022257
-0.023603
-0.023498
-0.024524
-0.024427
-0.025104
-0.024889
-0.025165
-0.024708
-0.024513
-0.023697
-0.022962
-0.021694
-0.020373
-0.018598
-0.016690
-0.014416
-0.011986
-0.009296
-0.006482
-0.003535
-0.000540
0.002454
0.005397
0.008213
0.010882
0.013329
0.015556
0.017505
0.019194
0.020589
0.021720
0.022572
0.023183
0.023552
0.023717
0.023689
0.023502
0.023169
0.022722
0.022174
0.021551
0.020864
0.020134
0.019369
0.018588
0.017792
0.016999
0.016206
0.015431
0.014663
0.013924
0.013196
0.012505
0.011824
0.011187
0.010557
0.009978
0.009398
0.008877
0.008345
0.007882
0.007392
0.006986
0.006534
0.006183
0.005762
0.005466
0.005068
0.004827
0.004444
0.004259
0.003882
0.003756
0.003373
0.003311
0.002910
0.002921
0.002486
0.002580
0.002092
0.002287
0.001717
0.002054
0.001303
0.002013
0.000555
-0.009231
-0.007015
-0.014695
-0.013066
-0.018224
-0.016435
-0.019907
-0.018496
-0.021152
-0.020280
-0.022452
-0.022015
-0.023822
-0.023676
-0.025165
-0.025171
-0.026345
-0.026368
-0.027189
-0.027089
-0.027490
-0.027126
-0.027017
-0.026250
-0.025540
-0.024251
-0.022869
-0.020984
-0.018911
-0.016425
-0.013726
-0.010729
-0.007561
-0.004240
-0.000845
0.002542
0.005878
0.009058
0.012066
0.014803
0.017281
0.019424
0.021264
0.022756
0.023945
0.024810
0.025402
0.025721
0.025815
0.025695
0.025405
0.024960
0.024395
0.023728
0.022985
0.022182
0.021341
0.020469
0.019587
0.018698
0.017817
0.016943
0.016093
0.015258
0.014457
0.013673
0.012931
0.012204
0.011527
0.010859
0.010247
0.009637
0.009090
0.008534
0.008050
0.007541
0.007119
0.006652
0.006287
0.005854
0.005548
0.005141
0.004891
0.004501
0.004310
0.003926
0.003796
0.003408
0.003343
0.002937
0.002946
0.002507
0.002600
0.002108
0.002303
0.001729
0.002067
0.001311
0.002025
0.000556
-0.009506
-0.007249
-0.015165
-0.013530
-0.018853
-0.017061
-0.020658
-0.019264
-0.022038
-0.021214
-0.023511
-0.023150
-0.025093
-0.025047
-0.026683
-0.026807
-0.028134
-0.028283
-0.029253
-0.029273
-0.029802
-0.029531
-0.029505
-0.028778
-0.028077
-0.026746
-0.025270
-0.023234
-0.020946
-0.018189
-0.015151
-0.011775
-0.008174
-0.004405
-0.000535
0.003310
0.007097
0.010679
0.014054
0.017091
0.019816
0.022134
0.024095
0.025642
0.026838
0.027661
0.028177
0.028386
0.028350
0.028082
0.027635
0.027027
0.026299
0.025471
0.024574
0.023622
0.022640
0.021638
0.020635
0.019633
0.018651
0.017684
0.016750
0.015839
0.014969
0.014124
0.013328
0.012553
0.011832
0.011126
0.010480
0.009840
0.009267
0.008687
0.008183
0.007656
0.007218
0.006737
0.006361
0.005917
0.005601
0.005186
0.004929
0.004534
0.004336
0.003949
0.003814
0.003423
0.003355
0.002947
0.002953
0.002513
0.002604
0.002111
0.002304
0.001729
0.002067
0.001310
0.002024
0.000553
-0.009769
-0.007474
-0.015614
-0.013978
-0.019460
-0.017675
-0.021396
-0.020035
-0.022932
-0.022174
-0.024607
-0.024345
-0.026443
-0.026527
-0.028339
-0.028620
-0.030140
-0.030463
-0.031636
-0.031835
-0.032556
-0.032446
-0.032574
-0.031959
-0.031338
-0.030031
-0.028519
-0.026382
-0.023909
-0.020898
-0.017515
-0.013735
-0.009652
-0.005370
-0.000945
0.003447
0.007778
0.011855
0.015684
0.019099
0.022138
0.024686
0.026810
0.028443
0.029670
0.030465
0.030913
0.031016
0.030851
0.030433
0.029827
0.029053
0.028159
0.027168
0.026113
0.025011
0.023888
0.022755
0.021630
0.020518
0.019434
0.018376
0.017360
0.016375
0.015439
0.014535
0.013686
0.012865
0.012103
0.011361
0.010683
0.010015
0.009417
0.008816
0.008293
0.007750
0.007297
0.006804
0.006417
0.005965
0.005640
0.005219
0.004956
0.004555
0.004353
0.003963
0.003824
0.003431
0.003360
0.002951
0.002955
0.002513
0.002603
0.002110
0.002301
0.001727
0.002063
0.001307
0.002020
0.000550
-0.009987
-0.007667
-0.015996
-0.014371
-0.019989
-0.018220
-0.022051
-0.020730
-0.023742
-0.023056
-0.025621
-0.025465
-0.027718
-0.027938
-0.029930
-0.030374
-0.032096
-0.032602
-0.033986
-0.034372
-0.035294
-0.035349
-0.035634
-0.035126
-0.034571
-0.033266
-0.031681
-0.029392
-0.026666
-0.023320
-0.019493
-0.015202
-0.010519
-0.005609
-0.000514
0.004521
0.009480
0.014109
0.018429
0.022227
0.025567
0.028306
0.030538
0.032188
0.033367
0.034048
0.034341
0.034252
0.033874
0.033229
0.032391
0.031386
0.030269
0.029062
0.027806
0.026516
0.025220
0.023929
0.022660
0.021419
0.020219
0.019058
0.017950
0.016884
0.015877
0.014910
0.014006
0.013136
0.012332
0.011554
0.010845
0.010150
0.009528
0.008906
0.008366
0.007808
0.007342
0.006838
0.006442
0.005982
0.005650
0.005224
0.004956
0.004552
0.004346
0.003954
0.003813
0.003419
0.003346
0.002938
0.002939
0.002500
0.002587
0.002096
0.002285
0.001715
0.002047
0.001296
0.002003
0.000542
-0.010181
-0.007842
-0.016338
-0.014731
-0.020472
-0.018732
-0.022668
-0.021402
-0.024531
-0.023936
-0.026644
-0.026617
-0.029046
-0.029435
-0.031641
-0.032293
-0.034266
-0.035014
-0.036679
-0.037329
-0.038540
-0.038856
-0.039402
-0.039107
-0.038730
-0.037533
-0.035975
-0.033619
-0.030702
-0.027058
-0.022786
-0.017953
-0.012598
-0.006962
-0.001069
0.004750
0.010487
0.015809
0.020748
0.025041
0.028771
0.031769
0.034160
0.035859
0.037009
0.037586
0.037727
0.037442
0.036846
0.035966
0.034890
0.033648
0.032302
0.030878
0.029417
0.027938
0.026469
0.025020
0.023610
0.022242
0.020929
0.019669
0.018472
0.017328
0.016253
0.015227
0.014272
0.013358
0.012515
0.011704
0.010966
0.010247
0.009604
0.008965
0.008409
0.007839
0.007362
0.006850
0.006445
0.005980
0.005643
0.005213
0.004941
0.004536
0.004327
0.003935
0.003790
0.003398
0.003322
0.002917
0.002916
0.002479
0.002564
0.002078
0.002263
0.001698
0.002027
0.001282
0.001982
0.000535
-0.010323
-0.007979
-0.016600
-0.015020
-0.020856
-0.019154
-0.023179
-0.021976
-0.025210
-0.024712
-0.027556
-0.027663
-0.030266
-0.030829
-0.033252
-0.034120
-0.036354
-0.037356
-0.039316
-0.040244
-0.041762
-0.042351
-0.043171
-0.043095
-0.042892
-0.041784
-0.040215
-0.037735
-0.034538
-0.030485
-0.025626
-0.020091
-0.013883
-0.007341
-0.000471
0.006283
0.012922
0.019020
0.024625
0.029410
0.033495
0.036679
0.039131
0.040762
0.041756
0.042096
0.041953
0.041347
0.040417
0.039197
0.037789
0.036227
0.034581
0.032878
0.031162
0.029452
0.027776
0.026142
0.024569
0.023057
0.021618
0.020247
0.018954
0.017728
0.016582
0.015495
0.014487
0.013528
0.012647
0.011804
0.011038
0.010297
0.009634
0.008980
0.008410
0.007831
0.007344
0.006826
0.006415
0.005946
0.005605
0.005174
0.004899
0.004494
0.004284
0.003893
0.003747
0.003359
0.003281
0.002879
0.002876
0.002445
0.002527
0.002047
0.002229
0.001672
0.001994
0.001261
0.001950
0.000523
-0.010428
-0.008088
-0.016801
-0.015257
-0.021168
-0.019517
-0.023620
-0.022495
-0.025834
-0.025450
-0.028437
-0.028701
-0.031498
-0.032268
-0.034945
-0.036076
-0.038629
-0.039954
-0.042296
-0.043599
-0.045543
-0.046534
-0.047780
-0.048080
-0.048223
-0.047378
-0.045963
-0.043511
-0.040153
-0.035772
-0.030343
-0.024070
-0.016899
-0.009289
-0.001230
0.006694
0.014479
0.021574
0.028041
0.033475
0.038032
0.041481
0.044045
0.045631
0.046476
0.046574
0.046136
0.045193
0.043913
0.042337
0.040585
0.038693
0.036740
0.034754
0.032782
0.030842
0.028960
0.027145
0.025412
0.023761
0.022202
0.020727
0.019345
0.018042
0.016830
0.015688
0.014633
0.013635
0.012721
0.011851
0.011062
0.010301
0.009623
0.008957
0.008377
0.007790
0.007296
0.006775
0.006359
0.005890
0.005546
0.005116
0.004839
0.004437
0.004225
0.003839
0.003692
0.003308
0.003229
0.002833
0.002827
0.002404
0.002482
0.002011
0.002187
0.001641
0.001956
0.001236
0.001912
0.000512
-0.010472
-0.008151
-0.016907
-0.015407
-0.021361
-0.019770
-0.023929
-0.022888
-0.026316
-0.026050
-0.029170
-0.029593
-0.032578
-0.033559
-0.036490
-0.037892
-0.040773
-0.042434
-0.045178
-0.046877
-0.049277
-0.050696
-0.052401
-0.053100
-0.053610
-0.053026
-0.051742
-0.049260
-0.045636
-0.040780
-0.034576
-0.027320
-0.018900
-0.009932
-0.000394
0.008944
0.018073
0.026288
0.033669
0.039726
0.044670
0.048244
0.050746
0.052088
0.052580
0.052230
0.051303
0.049845
0.048056
0.045986
0.043770
0.041448
0.039106
0.036770
0.034487
0.032274
0.030154
0.028133
0.026221
0.024418
0.022728
0.021144
0.019668
0.018287
0.017010
0.015813
0.014712
0.013677
0.012732
0.011837
0.011028
0.010253
0.009562
0.008886
0.008299
0.007707
0.007210
0.006687
0.006270
0.005801
0.005457
0.005030
0.004753
0.004356
0.004144
0.003763
0.003616
0.003238
0.003159
0.002771
0.002763
0.002349
0.002423
0.001963
0.002134
0.001600
0.001907
0.001205
0.001864
0.000496
-0.010467
-0.008174
-0.016930
-0.015483
-0.021451
-0.019932
-0.024133
-0.023188
-0.026698
-0.026562
-0.029818
-0.030418
-0.033606
-0.034826
-0.038045
-0.039765
-0.043036
-0.045109
-0.048356
-0.050567
-0.053576
-0.055593
-0.057969
-0.059298
-0.060438
-0.060392
-0.059522
-0.057284
-0.053621
-0.048464
-0.041553
-0.033282
-0.023439
-0.012835
-0.001444
0.009719
0.020604
0.030301
0.038894
0.045788
0.051262
0.055037
0.057505
0.058599
0.058711
0.057878
0.056424
0.054414
0.052084
0.049493
0.046794
0.044031
0.041291
0.038603
0.036011
0.033529
0.031176
0.028957
0.026876
0.024930
0.023120
0.021435
0.019875
0.018425
0.017090
0.015847
0.014709
0.013644
0.012674
0.011761
0.010937
0.010151
0.009452
0.008772
0.008180
0.007588
0.007089
0.006568
0.006152
0.005687
0.005344
0.004923
0.004648
0.004256
0.004046
0.003673
0.003526
0.003157
0.003077
0.002698
0.002689
0.002286
0.002356
0.001909
0.002074
0.001555
0.001852
0.001169
0.001809
0.000480
-0.010392
-0.008144
-0.016843
-0.015457
-0.021401
-0.019961
-0.024177
-0.023333
-0.026904
-0.026900
-0.030272
-0.031048
-0.034427
-0.035883
-0.039386
-0.041424
-0.045093
-0.047588
-0.051363
-0.054111
-0.057776
-0.060436
-0.063550
-0.065564
-0.067402
-0.067938
-0.067499
-0.065478
-0.061674
-0.056034
-0.048124
-0.038460
-0.026726
-0.013996
-0.000255
0.013152
0.026117
0.037476
0.047331
0.054972
0.060788
0.064492
0.066613
0.067121
0.066523
0.064892
0.062628
0.059820
0.056738
0.053454
0.050130
0.046812
0.043588
0.040480
0.037529
0.034741
0.032131
0.029696
0.027435
0.025341
0.023407
0.021622
0.019980
0.018465
0.017077
0.015792
0.014620
0.013531
0.012542
0.011615
0.010781
0.009989
0.009286
0.008605
0.008013
0.007424
0.006927
0.006411
0.005998
0.005540
0.005201
0.004787
0.004516
0.004133
0.003926
0.003561
0.003417
0.003058
0.002978
0.002611
0.002601
0.002210
0.002277
0.001844
0.002002
0.001501
0.001787
0.001128
0.001745
0.000461
-0.010254
-0.008062
-0.016650
-0.015333
-0.021217
-0.019866
-0.024074
-0.023340
-0.026956
-0.027090
-0.030573
-0.031533
-0.035107
-0.036818
-0.040627
-0.043021
-0.047143
-0.050130
-0.054540
-0.057952
-0.062456
-0.065968
-0.070106
-0.073126
-0.076061
-0.077616
-0.078089
-0.076782
-0.073281
-0.067540
-0.058830
-0.047782
-0.033878
-0.018515
-0.001726
0.014693
0.030469
0.044096
0.055655
0.064317
0.070607
0.074265
0.075997
0.075839
0.074437
0.071918
0.068763
0.065088
0.061204
0.057188
0.053217
0.049332
0.045620
0.042096
0.038793
0.035712
0.032858
0.030222
0.027797
0.025568
0.023527
0.021656
0.019946
0.018377
0.016948
0.015632
0.014437
0.013331
0.012331
0.011398
0.010561
0.009769
0.009067
0.008391
0.007803
0.007220
0.006729
0.006222
0.005815
0.005366
0.005033
0.004630
0.004363
0.003991
0.003788
0.003435
0.003293
0.002947
0.002867
0.002514
0.002502
0.002125
0.002188
0.001772
0.001923
0.001442
0.001716
0.001082
0.001675
0.000441
-0.010041
-0.007921
-0.016334
-0.015092
-0.020874
-0.019618
-0.023787
-0.023163
-0.026797
-0.027064
-0.030632
-0.031766
-0.035512
-0.037465
-0.041564
-0.044304
-0.048875
-0.052356
-0.057422
-0.061522
-0.066926
-0.071351
-0.076625
-0.080759
-0.084944
-0.087657
-0.089168
-0.088652
-0.085415
-0.079393
-0.069498
-0.056469
-0.039598
-0.020730
0.000015
0.020205
0.039355
0.055514
0.068782
0.078213
0.084562
0.087639
0.088409
0.087011
0.084276
0.080398
0.075953
0.071087
0.066142
0.061196
0.056428
0.051867
0.047589
0.043597
0.039910
0.036515
0.033408
0.030569
0.027982
0.025627
0.023486
0.021538
0.019770
0.018158
0.016697
0.015360
0.014151
0.013038
0.012034
0.011103
0.010268
0.009483
0.008788
0.008121
0.007542
0.006971
0.006489
0.005994
0.005596
0.005160
0.004835
0.004444
0.004185
0.003826
0.003628
0.003289
0.003151
0.002818
0.002741
0.002402
0.002389
0.002029
0.002088
0.001691
0.001834
0.001374
0.001635
0.001031
0.001595
0.000419
-0.009753
-0.007717
-0.015893
-0.014733
-0.020367
-0.019213
-0.023312
-0.022801
-0.026427
-0.026824
-0.030455
-0.031758
-0.035661
-0.037855
-0.042245
-0.045344
-0.050397
-0.054417
-0.060229
-0.065127
-0.071626
-0.077190
-0.083960
-0.089620
-0.095637
-0.100173
-0.103528
-0.104709
-0.102620
-0.097163
-0.086637
-0.071820
-0.051530
-0.028164
-0.002063
0.023436
0.047323
0.067035
0.082629
0.093088
0.099501
0.101847
0.101434
0.098564
0.094278
0.088862
0.082988
0.076828
0.070753
0.064837
0.059251
0.054012
0.049178
0.044734
0.040684
0.037001
0.033666
0.030649
0.027925
0.025466
0.023247
0.021242
0.019434
0.017795
0.016317
0.014973
0.013761
0.012651
0.011654
0.010732
0.009907
0.009136
0.008453
0.007802
0.007236
0.006681
0.006212
0.005732
0.005346
0.004926
0.004612
0.004236
0.003986
0.003642
0.003452
0.003127
0.002994
0.002677
0.002602
0.002280
0.002266
0.001925
0.001979
0.001603
0.001737
0.001302
0.001548
0.000976
0.001510
0.000395
-0.009386
-0.007450
-0.015321
-0.014247
-0.019688
-0.018639
-0.022632
-0.022230
-0.025815
-0.026330
-0.029989
-0.031440
-0.035463
-0.037870
-0.042514
-0.045942
-0.051448
-0.055985
-0.062543
-0.068244
-0.075894
-0.082663
-0.091086
-0.098440
-0.106579
-0.113242
-0.118797
-0.122038
-0.121287
-0.116378
-0.104825
-0.087277
-0.062159
-0.032654
0.000597
0.032913
0.062569
0.086203
0.103935
0.114753
0.120298
0.120845
0.118194
0.112881
0.106218
0.098594
0.090769
0.082931
0.075449
0.068376
0.061852
0.055862
0.050433
0.045524
0.041113
0.037154
0.033610
0.030437
0.027599
0.025059
0.022785
0.020744
0.018915
0.017268
0.015790
0.014453
0.013252
0.012157
0.011177
0.010274
0.009469
0.008719
0.008055
0.007425
0.006878
0.006343
0.005892
0.005432
0.005062
0.004660
0.004359
0.004002
0.003763
0.003436
0.003254
0.002947
0.002820
0.002521
0.002448
0.002145
0.002130
0.001809
0.001860
0.001506
0.001631
0.001222
0.001453
0.000915
0.001417
0.000370
-0.008934
-0.007112
-0.014608
-0.013624
-0.018822
-0.017880
-0.021728
-0.021430
-0.024936
-0.025553
-0.029200
-0.030775
-0.034877
-0.037466
-0.042328
-0.046055
-0.051998
-0.057041
-0.064379
-0.070929
-0.079883
-0.088034
-0.098495
-0.107991
-0.119032
-0.128756
-0.137817
-0.144748
-0.147090
-0.144640
-0.133631
-0.114213
-0.083526
-0.045764
-0.002306
0.040142
0.078221
0.107451
0.127991
0.139096
0.143312
0.141448
0.135964
0.127703
0.118263
0.108140
0.098164
0.088525
0.079570
0.071316
0.063860
0.057144
0.051158
0.045827
0.041100
0.036909
0.033197
0.029909
0.026992
0.024403
0.022102
0.020052
0.018224
0.016589
0.015128
0.013812
0.012636
0.011569
0.010615
0.009741
0.008963
0.008241
0.007603
0.007000
0.006476
0.005967
0.005536
0.005100
0.004748
0.004368
0.004083
0.003746
0.003519
0.003213
0.003040
0.002753
0.002632
0.002352
0.002283
0.002000
0.001985
0.001686
0.001732
0.001402
0.001518
0.001138
0.001352
0.000852
0.001318
0.000343
-0.008406
-0.006709
-0.013764
-0.012873
-0.017779
-0.016946
-0.020610
-0.020408
-0.023796
-0.024495
-0.028084
-0.029749
-0.033875
-0.036600
-0.041614
-0.045580
-0.051888
-0.057371
-0.065434
-0.072781
-0.083044
-0.092591
-0.105254
-0.117073
-0.131478
-0.144786
-0.158143
-0.169803
-0.176031
-0.176743
-0.166379
-0.143632
-0.104762
-0.055499
0.002046
0.057952
0.106491
0.141712
0.164192
0.173798
0.174537
0.168089
0.157831
0.145039
0.131618
0.118145
0.105449
0.093659
0.083035
0.073511
0.065099
0.057680
0.051179
0.045483
0.040501
0.036139
0.032318
0.028967
0.026021
0.023427
0.021138
0.019112
0.017316
0.015718
0.014298
0.013024
0.011890
0.010864
0.009951
0.009117
0.008377
0.007691
0.007087
0.006518
0.006024
0.005544
0.005140
0.004731
0.004400
0.004046
0.003779
0.003465
0.003253
0.002969
0.002808
0.002541
0.002428
0.002170
0.002105
0.001843
0.001829
0.001553
0.001595
0.001291
0.001397
0.001047
0.001243
0.000783
0.001212
0.000314
-0.007787
-0.006231
-0.012771
-0.011975
-0.016536
-0.015808
-0.019243
-0.019124
-0.022344
-0.023097
-0.026569
-0.028278
-0.032354
-0.035147
-0.040224
-0.044340
-0.050915
-0.056732
-0.065435
-0.073486
-0.085061
-0.096002
-0.111126
-0.125556
-0.144196
-0.162124
-0.181731
-0.200908
-0.214308
-0.222656
-0.217712
-0.194737
-0.146131
-0.080215
-0.001489
0.075326
0.139551
0.183153
0.207548
0.214216
0.209729
0.197127
0.180877
0.162679
0.144674
0.127476
0.111844
0.097814
0.085509
0.074758
0.065461
0.057422
0.050496
0.044519
0.039361
0.034900
0.031033
0.027673
0.024745
0.022187
0.019945
0.017973
0.016235
0.014696
0.013335
0.012119
0.011041
0.010070
0.009207
0.008423
0.007727
0.007086
0.006521
0.005991
0.005530
0.005086
0.004710
0.004332
0.004026
0.003700
0.003453
0.003165
0.002970
0.002709
0.002560
0.002316
0.002212
0.001976
0.001916
0.001678
0.001664
0.001413
0.001450
0.001174
0.001270
0.000952
0.001130
0.000711
0.001101
0.000285
-0.007099
-0.005693
-0.011655
-0.010956
-0.015127
-0.014503
-0.017670
-0.017623
-0.020632
-0.021414
-0.024714
-0.026423
-0.030376
-0.033171
-0.038210
-0.042380
-0.049089
-0.055108
-0.064294
-0.072885
-0.085632
-0.097818
-0.115427
-0.132478
-0.155899
-0.178993
-0.206371
-0.235363
-0.257811
-0.277595
-0.281174
-0.254883
-0.190120
-0.100676
0.007369
0.112005
0.195623
0.247615
0.271174
0.270324
0.255640
0.232471
0.206821
0.180917
0.156916
0.135253
0.116368
0.100047
0.086148
0.074330
0.064333
0.055862
0.048685
0.042587
0.037392
0.032952
0.029142
0.025863
0.023028
0.020569
0.018428
0.016556
0.014915
0.013468
0.012193
0.011060
0.010058
0.009158
0.008362
0.007639
0.006999
0.006411
0.005894
0.005409
0.004989
0.004585
0.004243
0.003900
0.003622
0.003326
0.003103
0.002842
0.002666
0.002431
0.002296
0.002077
0.001983
0.001771
0.001716
0.001503
0.001490
0.001265
0.001297
0.001050
0.001136
0.000851
0.001010
0.000636
0.000984
0.000254
-0.006322
-0.005081
-0.010395
-0.009791
-0.013518
-0.012992
-0.015843
-0.015846
-0.018587
-0.019357
-0.022410
-0.024054
-0.027777
-0.030472
-0.035325
-0.039394
-0.046031
-0.052026
-0.061420
-0.070233
-0.083839
-0.096875
-0.116776
-0.136114
-0.164808
-0.193339
-0.231053
-0.273386
-0.309919
-0.354182
-0.381598
-0.357136
-0.266427
-0.139334
0.009760
0.152797
0.262900
0.325778
0.346750
0.334425
0.306092
0.269925
0.233178
0.198449
0.167735
0.141263
0.119027
0.100490
0.085161
0.072476
0.061981
0.053267
0.046006
0.039929
0.034817
0.030498
0.026829
0.023699
0.021013
0.018700
0.016697
0.014956
0.013437
0.012105
0.010935
0.009899
0.008986
0.008169
0.007447
0.006794
0.006218
0.005689
0.005225
0.004790
0.004415
0.004053
0.003748
0.003443
0.003196
0.002933
0.002734
0.002504
0.002347
0.002139
0.002020
0.001827
0.001743
0.001557
0.001508
0.001320
0.001308
0.001111
0.001139
0.000922
0.000997
0.000747
0.000886
0.000558
0.000863
0.000223
-0.005489
-0.004420
-0.009032
-0.008525
-0.011768
-0.011338
-0.013838
-0.013882
-0.016313
-0.017047
-0.019794
-0.021327
-0.024737
-0.027254
-0.031791
-0.035635
-0.041999
-0.047768
-0.057069
-0.065787
-0.079836
-0.093254
-0.115007
-0.136061
-0.170114
-0.203685
-0.254333
-0.311850
-0.367168
-0.456492
-0.512732
-0.458096
-0.312889
-0.143861
0.041053
0.214040
0.345876
0.422323
0.442888
0.414107
0.363662
0.307567
0.255629
0.210428
0.172735
0.141887
0.116982
0.096959
0.080872
0.067906
0.057405
0.048852
0.041837
0.036049
0.031238
0.027216
0.023829
0.020963
0.018521
0.016431
0.014630
0.013073
0.011720
0.010538
0.009503
0.008590
0.007786
0.007070
0.006438
0.005867
0.005365
0.004904
0.004500
0.004124
0.003798
0.003485
0.003221
0.002957
0.002743
0.002517
0.002345
0.002147
0.002012
0.001833
0.001730
0.001564
0.001492
0.001332
0.001290
0.001129
0.001119
0.000950
0.000974
0.000788
0.000852
0.000638
0.000757
0.000476
0.000737
0.000190
-0.004576
-0.003691
-0.007540
-0.007127
-0.009839
-0.009495
-0.011597
-0.011658
-0.013720
-0.014372
-0.016730
-0.018076
-0.021047
-0.023265
-0.027290
-0.030710
-0.036489
-0.041703
-0.050410
-0.058473
-0.072172
-0.085010
-0.107440
-0.128612
-0.166689
-0.202936
-0.267583
-0.337417
-0.424828
-0.592576
-0.670441
-0.535819
-0.300636
-0.104323
0.070475
0.231447
0.360074
0.454404
0.499857
0.477286
0.416574
0.343983
0.276088
0.219085
0.173661
0.138441
0.111297
0.090381
0.074124
0.061390
0.051303
0.043242
0.036732
0.031432
0.027075
0.023468
0.020456
0.017925
0.015782
0.013958
0.012394
0.011048
0.009883
0.008869
0.007984
0.007205
0.006521
0.005913
0.005378
0.004896
0.004472
0.004084
0.003745
0.003429
0.003156
0.002894
0.002673
0.002453
0.002274
0.002086
0.001943
0.001778
0.001665
0.001517
0.001431
0.001294
0.001234
0.001101
0.001066
0.000933
0.000924
0.000784
0.000804
0.000651
0.000703
0.000527
0.000625
0.000393
0.000609
0.000157
-0.003627
-0.002929
-0.005978
-0.005659
-0.007812
-0.007553
-0.009231
-0.009301
-0.010963
-0.011514
-0.013435
-0.014558
-0.017012
-0.018864
-0.022244
-0.025122
-0.030077
-0.034518
-0.042197
-0.049192
-0.061750
-0.073207
-0.094922
-0.114726
-0.154575
-0.191321
-0.268166
-0.346277
-0.489745
-0.728254
-0.665663
-0.267934
0.021219
0.061104
0.080993
0.146603
0.226095
0.328906
0.425217
0.446910
0.406918
0.339457
0.268916
0.208367
0.160568
0.124648
0.097890
0.077982
0.062955
0.051484
0.042580
0.035588
0.030019
0.025539
0.021891
0.018897
0.016414
0.014341
0.012594
0.011115
0.009851
0.008767
0.007832
0.007019
0.006312
0.005691
0.005147
0.004663
0.004238
0.003856
0.003520
0.003214
0.002945
0.002696
0.002480
0.002274
0.002099
0.001926
0.001785
0.001637
0.001524
0.001394
0.001306
0.001189
0.001122
0.001014
0.000967
0.000863
0.000835
0.000731
0.000724
0.000614
0.000630
0.000509
0.000550
0.000412
0.000489
0.000308
0.000476
0.000122
-0.002615
-0.002114
-0.004315
-0.004088
-0.005643
-0.005460
-0.006676
-0.006733
-0.007943
-0.008351
-0.009760
-0.010590
-0.012406
-0.013780
-0.016312
-0.018459
-0.022237
-0.025576
-0.031578
-0.036892
-0.047060
-0.055901
-0.074336
-0.090103
-0.125914
-0.157311
-0.231152
-0.303934
-0.473849
-0.610576
-0.240344
0.214643
0.177816
-0.077090
-0.161988
-0.064347
0.066403
0.161450
0.276430
0.341230
0.330075
0.282531
0.224198
0.172355
0.130994
0.100212
0.077572
0.061018
0.048715
0.039469
0.032385
0.026888
0.022552
0.019094
0.016300
0.014020
0.012140
0.010577
0.009266
0.008159
0.007218
0.006412
0.005718
0.005117
0.004596
0.004138
0.003738
0.003384
0.003073
0.002793
0.002548
0.002324
0.002129
0.001947
0.001790
0.001640
0.001514
0.001388
0.001286
0.001179
0.001097
0.001004
0.000940
0.000856
0.000807
0.000729
0.000695
0.000620
0.000600
0.000525
0.000520
0.000441
0.000452
0.000366
0.000395
0.000296
0.000351
0.000221
0.000342
0.000088
-0.001591
-0.001286
-0.002623
-0.002487
-0.003434
-0.003327
-0.004071
-0.004113
-0.004857
-0.005117
-0.005990
-0.006513
-0.007648
-0.008513
-0.010112
-0.011466
-0.013882
-0.015993
-0.019901
-0.023269
-0.030052
-0.035674
-0.048353
-0.058542
-0.083874
-0.105280
-0.158300
-0.212364
-0.335849
-0.311873
0.100342
0.326748
0.125718
-0.130639
-0.220806
-0.124075
0.005717
0.061418
0.142176
0.206862
0.209223
0.182469
0.145172
0.111366
0.084131
0.063905
0.049070
0.038300
0.030352
0.024433
0.019935
0.016474
0.013763
0.011616
0.009891
0.008490
0.007339
0.006386
0.005589
0.004918
0.004348
0.003861
0.003442
0.003080
0.002765
0.002490
0.002249
0.002036
0.001849
0.001681
0.001533
0.001399
0.001281
0.001172
0.001077
0.000987
0.000911
0.000836
0.000774
0.000710
0.000661
0.000604
0.000566
0.000515
0.000486
0.000439
0.000418
0.000373
0.000361
0.000316
0.000313
0.000266
0.000272
0.000220
0.000238
0.000178
0.000211
0.000133
0.000206
0.000053
-0.000525
-0.000425
-0.000869
-0.000823
-0.001137
-0.001100
-0.001345
-0.001357
-0.001602
-0.001684
-0.001971
-0.002140
-0.002512
-0.002793
-0.003320
-0.003761
-0.004563
-0.005254
-0.006567
-0.007678
-0.010001
-0.011878
-0.016321
-0.019816
-0.028886
-0.036625
-0.055858
-0.076593
-0.119011
-0.076700
0.088711
0.121166
0.013125
-0.073396
-0.098861
-0.065836
-0.016943
0.010690
0.044698
0.071341
0.073313
0.064137
0.051055
0.039159
0.029587
0.022468
0.017244
0.013446
0.010644
0.008556
0.006970
0.005751
0.004797
0.004042
0.003435
0.002944
0.002540
0.002206
0.001927
0.001692
0.001493
0.001323
0.001178
0.001052
0.000943
0.000848
0.000764
0.000691
0.000627
0.000569
0.000518
0.000472
0.000432
0.000395
0.000363
0.000332
0.000306
0.000281
0.000260
0.000238
0.000222
0.000203
0.000190
0.000173
0.000163
0.000147
0.000140
0.000125
0.000121
0.000106
0.000105
0.000089
0.000091
0.000074
0.000080
0.000060
0.000071
0.000044
0.000069
0.000018
0.000525
0.000425
0.000869
0.000823
0.001137
0.001100
0.001345
0.001357
0.001602
0.001684
0.001971
0.002140
0.002512
0.002793
0.003320
0.003761
0.004563
0.005254
0.006567
0.007678
0.010001
0.011878
0.016321
0.019816
0.028886
0.036625
0.055858
0.076593
0.119011
0.076700
-0.088711
-0.121166
-0.013125
0.073396
0.098861
0.065836
0.016943
-0.010690
-0.044698
-0.071341
-0.073313
-0.064137
-0.051055
-0.039159
-0.029587
-0.022468
-0.017244
-0.013446
-0.010644
-0.008556
-0.006970
-0.005751
-0.004797
-0.004042
-0.003435
-0.002944
-0.002540
-0.002206
-0.001927
-0.001692
-0.001493
-0.001323
-0.001178
-0.001052
-0.000943
-0.000848
-0.000764
-0.000691
-0.000627
-0.000569
-0.000518
-0.000472
-0.000432
-0.000395
-0.000363
-0.000332
-0.000306
-0.000281
-0.000260
-0.000238
-0.000222
-0.000203
-0.000190
-0.000173
-0.000163
-0.000147
-0.000140
-0.000125
-0.000121
-0.000106
-0.000105
-0.000089
-0.000091
-0.000074
-0.000080
-0.000060
-0.000071
-0.000044
-0.000069
-0.000018
0.001591
0.001286
0.002623
0.002487
0.003434
0.003327
0.004071
0.004113
0.004857
0.005117
0.005990
0.006513
0.007648
0.008513
0.010112
0.011466
0.013882
0.015993
0.019901
0.023269
0.030052
0.035674
0.048353
0.058542
0.083874
0.105280
0.158300
0.212364
0.335849
0.311873
-0.100342
-0.326748
-0.125718
0.130639
0.220806
0.124075
-0.005717
-0.061418
-0.142176
-0.206862
-0.209223
-0.182469
-0.145172
-0.111366
-0.084131
-0.063905
-0.049070
-0.038300
-0.030352
-0.024433
-0.019935
-0.016474
-0.013763
-0.011616
-0.009891
-0.008490
-0.007339
-0.006386
-0.005589
-0.004918
-0.004348
-0.003861
-0.003442
-0.003080
-0.002765
-0.002490
-0.002249
-0.002036
-0.001849
-0.001681
-0.001533
-0.001399
-0.001281
-0.001172
-0.001077
-0.000987
-0.000911
-0.000836
-0.000774
-0.000710
-0.000661
-0.000604
-0.000566
-0.000515
-0.000486
-0.000439
-0.000418
-0.000373
-0.000361
-0.000316
-0.000313
-0.000266
-0.000272
-0.000220
-0.000238
-0.000178
-0.000211
-0.000133
-0.000206
-0.000053
0.002615
0.002114
0.004315
0.004088
0.005643
0.005460
0.006676
0.006733
0.007943
0.008351
0.009760
0.010590
0.012406
0.013780
0.016312
0.018459
0.022237
0.025576
0.031578
0.036892
0.047060
0.055901
0.074336
0.090103
0.125914
0.157311
0.231152
0.303934
0.473849
0.610576
0.240344
-0.214643
-0.177816
0.077090
0.161988
0.064347
-0.066403
-0.161450
-0.276430
-0.341230
-0.330075
-0.282531
-0.224198
-0.172355
-0.130994
-0.100212
-0.077572
-0.061018
-0.048715
-0.039469
-0.032385
-0.026888
-0.022552
-0.019094
-0.016300
-0.014020
-0.012140
-0.010577
-0.009266
-0.008159
-0.007218
-0.006412
-0.005718
-0.005117
-0.004596
-0.004138
-0.003738
-0.003384
-0.003073
-0.002793
-0.002548
-0.002324
-0.002129
-0.001947
-0.001790
-0.001640
-0.001514
-0.001388
-0.001286
-0.001179
-0.001097
-0.001004
-0.000940
-0.000856
-0.000807
-0.000729
-0.000695
-0.000620
-0.000600
-0.000525
-0.000520
-0.000441
-0.000452
-0.000366
-0.000395
-0.000296
-0.000351
-0.000221
-0.000342
-0.000088
0.003627
0.002929
0.005978
0.005659
0.007812
0.007553
0.009231
0.009301
0.010963
0.011514
0.013435
0.014558
0.017012
0.018864
0.022244
0.025122
0.030077
0.034518
0.042197
0.049192
0.061750
0.073207
0.094922
0.114726
0.154575
0.191321
0.268166
0.346277
0.489745
0.728254
0.665663
0.267934
-0.021219
-0.061104
-0.080993
-0.146603
-0.226095
-0.328906
-0.425217
-0.446910
-0.406918
-0.339457
-0.268916
-0.208367
-0.160568
-0.124648
-0.097890
-0.077982
-0.062955
-0.051484
-0.042580
-0.035588
-0.030019
-0.025539
-0.021891
-0.018897
-0.016414
-0.014341
-0.012594
-0.011115
-0.009851
-0.008767
-0.007832
-0.007019
-0.006312
-0.005691
-0.005147
-0.004663
-0.004238
-0.003856
-0.003520
-0.003214
-0.002945
-0.002696
-0.002480
-0.002274
-0.002099
-0.001926
-0.001785
-0.001637
-0.001524
-0.001394
-0.001306
-0.001189
-0.001122
-0.001014
-0.000967
-0.000863
-0.000835
-0.000731
-0.000724
-0.000614
-0.000630
-0.000509
-0.000550
-0.000412
-0.000489
-0.000308
-0.000476
-0.000122
0.004576
0.003691
0.007540
0.007127
0.009839
0.009495
0.011597
0.011658
0.013720
0.014372
0.016730
0.018076
0.021047
0.023265
0.027290
0.030710
0.036489
0.041703
0.050410
0.058473
0.072172
0.085010
0.107440
0.128612
0.166689
0.202936
0.267583
0.337417
0.424828
0.592576
0.670441
0.535819
0.300636
0.104323
-0.070475
-0.231447
-0.360074
-0.454404
-0.499857
-0.477286
-0.416574
-0.343983
-0.276088
-0.219085
-0.173661
-0.138441
-0.111297
-0.090381
-0.074124
-0.061390
-0.051303
-0.043242
-0.036732
-0.031432
-0.027075
-0.023468
-0.020456
-0.017925
-0.015782
-0.013958
-0.012394
-0.011048
-0.009883
-0.008869
-0.007984
-0.007205
-0.006521
-0.005913
-0.005378
-0.004896
-0.004472
-0.004084
-0.003745
-0.003429
-0.003156
-0.002894
-0.002673
-0.002453
-0.002274
-0.002086
-0.001943
-0.001778
-0.001665
-0.001517
-0.001431
-0.001294
-0.001234
-0.001101
-0.001066
-0.000933
-0.000924
-0.000784
-0.000804
-0.000651
-0.000703
-0.000527
-0.000625
-0.000393
-0.000609
-0.000157
0.005489
0.004420
0.009032
0.008525
0.011768
0.011338
0.013838
0.013882
0.016313
0.017047
0.019794
0.021327
0.024737
0.027254
0.031791
0.035635
0.041999
0.047768
0.057069
0.065787
0.079836
0.093254
0.115007
0.136061
0.170114
0.203685
0.254333
0.311850
0.367168
0.456492
0.512732
0.458096
0.312889
0.143861
-0.041053
-0.214040
-0.345876
-0.422323
-0.442888
-0.414107
-0.363662
-0.307567
-0.255629
-0.210428
-0.172735
-0.141887
-0.116982
-0.096959
-0.080872
-0.067906
-0.057405
-0.048852
-0.041837
-0.036049
-0.031238
-0.027216
-0.023829
-0.020963
-0.018521
-0.016431
-0.014630
-0.013073
-0.011720
-0.010538
-0.009503
-0.008590
-0.007786
-0.007070
-0.006438
-0.005867
-0.005365
-0.004904
-0.004500
-0.004124
-0.003798
-0.003485
-0.003221
-0.002957
-0.002743
-0.002517
-0.002345
-0.002147
-0.002012
-0.001833
-0.001730
-0.001564
-0.001492
-0.001332
-0.001290
-0.001129
-0.001119
-0.000950
-0.000974
-0.000788
-0.000852
-0.000638
-0.000757
-0.000476
-0.000737
-0.000190
0.006322
0.005081
0.010395
0.009791
0.013518
0.012992
0.015843
0.015846
0.018587
0.019357
0.022410
0.024054
0.027777
0.030472
0.035325
0.039394
0.046031
0.052026
0.061420
0.070233
0.083839
0.096875
0.116776
0.136114
0.164808
0.193339
0.231053
0.273386
0.309919
0.354182
0.381598
0.357136
0.266427
0.139334
-0.009760
-0.152797
-0.262900
-0.325778
-0.346750
-0.334425
-0.306092
-0.269925
-0.233178
-0.198449
-0.167735
-0.141263
-0.119027
-0.100490
-0.085161
-0.072476
-0.061981
-0.053267
-0.046006
-0.039929
-0.034817
-0.030498
-0.026829
-0.023699
-0.021013
-0.018700
-0.016697
-0.014956
-0.013437
-0.012105
-0.010935
-0.009899
-0.008986
-0.008169
-0.007447
-0.006794
-0.006218
-0.005689
-0.005225
-0.004790
-0.004415
-0.004053
-0.003748
-0.003443
-0.003196
-0.002933
-0.002734
-0.002504
-0.002347
-0.002139
-0.002020
-0.001827
-0.001743
-0.001557
-0.001508
-0.001320
-0.001308
-0.001111
-0.001139
-0.000922
-0.000997
-0.000747
-0.000886
-0.000558
-0.000863
-0.000223
0.007099
0.005693
0.011655
0.010956
0.015127
0.014503
0.017670
0.017623
0.020632
0.021414
0.024714
0.026423
0.030376
0.033171
0.038210
0.042380
0.049089
0.055108
0.064294
0.072885
0.085632
0.097818
0.115427
0.132478
0.155899
0.178993
0.206371
0.235363
0.257811
0.277595
0.281174
0.254883
0.190120
0.100676
-0.007369
-0.112005
-0.195623
-0.247615
-0.271174
-0.270324
-0.255640
-0.232471
-0.206821
-0.180917
-0.156916
-0.135253
-0.116368
-0.100047
-0.086148
-0.074330
-0.064333
-0.055862
-0.048685
-0.042587
-0.037392
-0.032952
-0.029142
-0.025863
-0.023028
-0.020569
-0.018428
-0.016556
-0.014915
-0.013468
-0.012193
-0.011060
-0.010058
-0.009158
-0.008362
-0.007639
-0.006999
-0.006411
-0.005894
-0.005409
-0.004989
-0.004585
-0.004243
-0.003900
-0.003622
-0.003326
-0.003103
-0.002842
-0.002666
-0.002431
-0.002296
-0.002077
-0.001983
-0.001771
-0.001716
-0.001503
-0.001490
-0.001265
-0.001297
-0.001050
-0.001136
-0.000851
-0.001010
-0.000636
-0.000984
-0.000254
0.007787
0.006231
0.012771
0.011975
0.016536
0.015808
0.019243
0.019124
0.022344
0.023097
0.026569
0.028278
0.032354
0.035147
0.040224
0.044340
0.050915
0.056732
0.065435
0.073486
0.085061
0.096002
0.111126
0.125556
0.144196
0.162124
0.181731
0.200908
0.214308
0.222656
0.217712
0.194737
0.146131
0.080215
0.001489
-0.075326
-0.139551
-0.183153
-0.207548
-0.214216
-0.209729
-0.197127
-0.180877
-0.162679
-0.144674
-0.127476
-0.111844
-0.097814
-0.085509
-0.074758
-0.065461
-0.057422
-0.050496
-0.044519
-0.039361
-0.034900
-0.031033
-0.027673
-0.024745
-0.022187
-0.019945
-0.017973
-0.016235
-0.014696
-0.013335
-0.012119
-0.011041
-0.010070
-0.009207
-0.008423
-0.007727
-0.007086
-0.006521
-0.005991
-0.005530
-0.005086
-0.004710
-0.004332
-0.004026
-0.003700
-0.003453
-0.003165
-0.002970
-0.002709
-0.002560
-0.002316
-0.002212
-0.001976
-0.001916
-0.001678
-0.001664
-0.001413
-0.001450
-0.001174
-0.001270
-0.000952
-0.001130
-0.000711
-0.001101
-0.000285
0.008406
0.006709
0.013764
0.012873
0.017779
0.016946
0.020610
0.020408
0.023796
0.024495
0.028084
0.029749
0.033875
0.036600
0.041614
0.045580
0.051888
0.057371
0.065434
0.072781
0.083044
0.092591
0.105254
0.117073
0.131478
0.144786
0.158143
0.169803
0.176031
0.176743
0.166379
0.143632
0.104762
0.055499
-0.002046
-0.057952
-0.106491
-0.141712
-0.164192
-0.173798
-0.174537
-0.168089
-0.157831
-0.145039
-0.131618
-0.118145
-0.105449
-0.093659
-0.083035
-0.073511
-0.065099
-0.057680
-0.051179
-0.045483
-0.040501
-0.036139
-0.032318
-0.028967
-0.026021
-0.023427
-0.021138
-0.019112
-0.017316
-0.015718
-0.014298
-0.013024
-0.011890
-0.010864
-0.009951
-0.009117
-0.008377
-0.007691
-0.007087
-0.006518
-0.006024
-0.005544
-0.005140
-0.004731
-0.004400
-0.004046
-0.003779
-0.003465
-0.003253
-0.002969
-0.002808
-0.002541
-0.002428
-0.002170
-0.002105
-0.001843
-0.001829
-0.001553
-0.001595
-0.001291
-0.001397
-0.001047
-0.001243
-0.000783
-0.001212
-0.000314
0.008934
0.007112
0.014608
0.013624
0.018822
0.017880
0.021728
0.021430
0.024936
0.025553
0.029200
0.030775
0.034877
0.037466
0.042328
0.046055
0.051998
0.057041
0.064379
0.070929
0.079883
0.088034
0.098495
0.107991
0.119032
0.128756
0.137817
0.144748
0.147090
0.144640
0.133631
0.114213
0.083526
0.045764
0.002306
-0.040142
-0.078221
-0.107451
-0.127991
-0.139096
-0.143312
-0.141448
-0.135964
-0.127703
-0.118263
-0.108140
-0.098164
-0.088525
-0.079570
-0.071316
-0.063860
-0.057144
-0.051158
-0.045827
-0.041100
-0.036909
-0.033197
-0.029909
-0.026992
-0.024403
-0.022102
-0.020052
-0.018224
-0.016589
-0.015128
-0.013812
-0.012636
-0.011569
-0.010615
-0.009741
-0.008963
-0.008241
-0.007603
-0.007000
-0.006476
-0.005967
-0.005536
-0.005100
-0.004748
-0.004368
-0.004083
-0.003746
-0.003519
-0.003213
-0.003040
-0.002753
-0.002632
-0.002352
-0.002283
-0.002000
-0.001985
-0.001686
-0.001732
-0.001402
-0.001518
-0.001138
-0.001352
-0.000852
-0.001318
-0.000343
0.009386
0.007450
0.015321
0.014247
0.019688
0.018639
0.022632
0.022230
0.025815
0.026330
0.029989
0.031440
0.035463
0.037870
0.042514
0.045942
0.051448
0.055985
0.062543
0.068244
0.075894
0.082663
0.091086
0.098440
0.106579
0.113242
0.118797
0.122038
0.121287
0.116378
0.104825
0.087277
0.062159
0.032654
-0.000597
-0.032913
-0.062569
-0.086203
-0.103935
-0.114753
-0.120298
-0.120845
-0.118194
-0.112881
-0.106218
-0.098594
-0.090769
-0.082931
-0.075449
-0.068376
-0.061852
-0.055862
-0.050433
-0.045524
-0.041113
-0.037154
-0.033610
-0.030437
-0.027599
-0.025059
-0.022785
-0.020744
-0.018915
-0.017268
-0.015790
-0.014453
-0.013252
-0.012157
-0.011177
-0.010274
-0.009469
-0.008719
-0.008055
-0.007425
-0.006878
-0.006343
-0.005892
-0.005432
-0.005062
-0.004660
-0.004359
-0.004002
-0.003763
-0.003436
-0.003254
-0.002947
-0.002820
-0.002521
-0.002448
-0.002145
-0.002130
-0.001809
-0.001860
-0.001506
-0.001631
-0.001222
-0.001453
-0.000915
-0.001417
-0.000370
0.009753
0.007717
0.015893
0.014733
0.020367
0.019213
0.023312
0.022801
0.026427
0.026824
0.030455
0.031758
0.035661
0.037855
0.042245
0.045344
0.050397
0.054417
0.060229
0.065127
0.071626
0.077190
0.083960
0.089620
0.095637
0.100173
0.103528
0.104709
0.102620
0.097163
0.086637
0.071820
0.051530
0.028164
0.002063
-0.023436
-0.047323
-0.067035
-0.082629
-0.093088
-0.099501
-0.101847
-0.101434
-0.098564
-0.094278
-0.088862
-0.082988
-0.076828
-0.070753
-0.064837
-0.059251
-0.054012
-0.049178
-0.044734
-0.040684
-0.037001
-0.033666
-0.030649
-0.027925
-0.025466
-0.023247
-0.021242
-0.019434
-0.017795
-0.016317
-0.014973
-0.013761
-0.012651
-0.011654
-0.010732
-0.009907
-0.009136
-0.008453
-0.007802
-0.007236
-0.006681
-0.006212
-0.005732
-0.005346
-0.004926
-0.004612
-0.004236
-0.003986
-0.003642
-0.003452
-0.003127
-0.002994
-0.002677
-0.002602
-0.002280
-0.002266
-0.001925
-0.001979
-0.001603
-0.001737
-0.001302
-0.001548
-0.000976
-0.001510
-0.000395
0.010041
0.007921
0.016334
0.015092
0.020874
0.019618
0.023787
0.023163
0.026797
0.027064
0.030632
0.031766
0.035512
0.037465
0.041564
0.044304
0.048875
0.052356
0.057422
0.061522
0.066926
0.071351
0.076625
0.080759
0.084944
0.087657
0.089168
0.088652
0.085415
0.079393
0.069498
0.056469
0.039598
0.020730
-0.000015
-0.020205
-0.039355
-0.055514
-0.068782
-0.078213
-0.084562
-0.087639
-0.088409
-0.087011
-0.084276
-0.080398
-0.075953
-0.071087
-0.066142
-0.061196
-0.056428
-0.051867
-0.047589
-0.043597
-0.039910
-0.036515
-0.033408
-0.030569
-0.027982
-0.025627
-0.023486
-0.021538
-0.019770
-0.018158
-0.016697
-0.015360
-0.014151
-0.013038
-0.012034
-0.011103
-0.010268
-0.009483
-0.008788
-0.008121
-0.007542
-0.006971
-0.006489
-0.005994
-0.005596
-0.005160
-0.004835
-0.004444
-0.004185
-0.003826
-0.003628
-0.003289
-0.003151
-0.002818
-0.002741
-0.002402
-0.002389
-0.002029
-0.002088
-0.001691
-0.001834
-0.001374
-0.001635
-0.001031
-0.001595
-0.000419
0.010254
0.008062
0.016650
0.015333
0.021217
0.019866
0.024074
0.023340
0.026956
0.027090
0.030573
0.031533
0.035107
0.036818
0.040627
0.043021
0.047143
0.050130
0.054540
0.057952
0.062456
0.065968
0.070106
0.073126
0.076061
0.077616
0.078089
0.076782
0.073281
0.067540
0.058830
0.047782
0.033878
0.018515
0.001726
-0.014693
-0.030469
-0.044096
-0.055655
-0.064317
-0.070607
-0.074265
-0.075997
-0.075839
-0.074437
-0.071918
-0.068763
-0.065088
-0.061204
-0.057188
-0.053217
-0.049332
-0.045620
-0.042096
-0.038793
-0.035712
-0.032858
-0.030222
-0.027797
-0.025568
-0.023527
-0.021656
-0.019946
-0.018377
-0.016948
-0.015632
-0.014437
-0.013331
-0.012331
-0.011398
-0.010561
-0.009769
-0.009067
-0.008391
-0.007803
-0.007220
-0.006729
-0.006222
-0.005815
-0.005366
-0.005033
-0.004630
-0.004363
-0.003991
-0.003788
-0.003435
-0.003293
-0.002947
-0.002867
-0.002514
-0.002502
-0.002125
-0.002188
-0.001772
-0.001923
-0.001442
-0.001716
-0.001082
-0.001675
-0.000441
0.010392
0.008144
0.016843
0.015457
0.021401
0.019961
0.024177
0.023333
0.026904
0.026900
0.030272
0.031048
0.034427
0.035883
0.039386
0.041424
0.045093
0.047588
0.051363
0.054111
0.057776
0.060436
0.063550
0.065564
0.067402
0.067938
0.067499
0.065478
0.061674
0.056034
0.048124
0.038460
0.026726
0.013996
0.000255
-0.013152
-0.026117
-0.037476
-0.047331
-0.054972
-0.060788
-0.064492
-0.066613
-0.067121
-0.066523
-0.064892
-0.062628
-0.059820
-0.056738
-0.053454
-0.050130
-0.046812
-0.043588
-0.040480
-0.037529
-0.034741
-0.032131
-0.029696
-0.027435
-0.025341
-0.023407
-0.021622
-0.019980
-0.018465
-0.017077
-0.015792
-0.014620
-0.013531
-0.012542
-0.011615
-0.010781
-0.009989
-0.009286
-0.008605
-0.008013
-0.007424
-0.006927
-0.006411
-0.005998
-0.005540
-0.005201
-0.004787
-0.004516
-0.004133
-0.003926
-0.003561
-0.003417
-0.003058
-0.002978
-0.002611
-0.002601
-0.002210
-0.002277
-0.001844
-0.002002
-0.001501
-0.001787
-0.001128
-0.001745
-0.000461
0.010467
0.008174
0.016930
0.015483
0.021451
0.019932
0.024133
0.023188
0.026698
0.026562
0.029818
0.030418
0.033606
0.034826
0.038045
0.039765
0.043036
0.045109
0.048356
0.050567
0.053576
0.055593
0.057969
0.059298
0.060438
0.060392
0.059522
0.057284
0.053621
0.048464
0.041553
0.033282
0.023439
0.012835
0.001444
-0.009719
-0.020604
-0.030301
-0.038894
-0.045788
-0.051262
-0.055037
-0.057505
-0.058599
-0.058711
-0.057878
-0.056424
-0.054414
-0.052084
-0.049493
-0.046794
-0.044031
-0.041291
-0.038603
-0.036011
-0.033529
-0.031176
-0.028957
-0.026876
-0.024930
-0.023120
-0.021435
-0.019875
-0.018425
-0.017090
-0.015847
-0.014709
-0.013644
-0.012674
-0.011761
-0.010937
-0.010151
-0.009452
-0.008772
-0.008180
-0.007588
-0.007089
-0.006568
-0.006152
-0.005687
-0.005344
-0.004923
-0.004648
-0.004256
-0.004046
-0.003673
-0.003526
-0.003157
-0.003077
-0.002698
-0.002689
-0.002286
-0.002356
-0.001909
-0.002074
-0.001555
-0.001852
-0.001169
-0.001809
-0.000480
0.010472
0.008151
0.016907
0.015407
0.021361
0.019770
0.023929
0.022888
0.026316
0.026050
0.029170
0.029593
0.032578
0.033559
0.036490
0.037892
0.040773
0.042434
0.045178
0.046877
0.049277
0.050696
0.052401
0.053100
0.053610
0.053026
0.051742
0.049260
0.045636
0.040780
0.034576
0.027320
0.018900
0.009932
0.000394
-0.008944
-0.018073
-0.026288
-0.033669
-0.039726
-0.044670
-0.048244
-0.050746
-0.052088
-0.052580
-0.052230
-0.051303
-0.049845
-0.048056
-0.045986
-0.043770
-0.041448
-0.039106
-0.036770
-0.034487
-0.032274
-0.030154
-0.028133
-0.026221
-0.024418
-0.022728
-0.021144
-0.019668
-0.018287
-0.017010
-0.015813
-0.014712
-0.013677
-0.012732
-0.011837
-0.011028
-0.010253
-0.009562
-0.008886
-0.008299
-0.007707
-0.007210
-0.006687
-0.006270
-0.005801
-0.005457
-0.005030
-0.004753
-0.004356
-0.004144
-0.003763
-0.003616
-0.003238
-0.003159
-0.002771
-0.002763
-0.002349
-0.002423
-0.001963
-0.002134
-0.001600
-0.001907
-0.001205
-0.001864
-0.000496
0.010428
0.008088
0.016801
0.015257
0.021168
0.019517
0.023620
0.022495
0.025834
0.025450
0.028437
0.028701
0.031498
0.032268
0.034945
0.036076
0.038629
0.039954
0.042296
0.043599
0.045543
0.046534
0.047780
0.048080
0.048223
0.047378
0.045963
0.043511
0.040153
0.035772
0.030343
0.024070
0.016899
0.009289
0.001230
-0.006694
-0.014479
-0.021574
-0.028041
-0.033475
-0.038032
-0.041481
-0.044045
-0.045631
-0.046476
-0.046574
-0.046136
-0.045193
-0.043913
-0.042337
-0.040585
-0.038693
-0.036740
-0.034754
-0.032782
-0.030842
-0.028960
-0.027145
-0.025412
-0.023761
-0.022202
-0.020727
-0.019345
-0.018042
-0.016830
-0.015688
-0.014633
-0.013635
-0.012721
-0.011851
-0.011062
-0.010301
-0.009623
-0.008957
-0.008377
-0.007790
-0.007296
-0.006775
-0.006359
-0.005890
-0.005546
-0.005116
-0.004839
-0.004437
-0.004225
-0.003839
-0.003692
-0.003308
-0.003229
-0.002833
-0.002827
-0.002404
-0.002482
-0.002011
-0.002187
-0.001641
-0.001956
-0.001236
-0.001912
-0.000512
0.010323
0.007979
0.016600
0.015020
0.020856
0.019154
0.023179
0.021976
0.025210
0.024712
0.027556
0.027663
0.030266
0.030829
0.033252
0.034120
0.036354
0.037356
0.039316
0.040244
0.041762
0.042351
0.043171
0.043095
0.042892
0.041784
0.040215
0.037735
0.034538
0.030485
0.025626
0.020091
0.013883
0.007341
0.000471
-0.006283
-0.012922
-0.019020
-0.024625
-0.029410
-0.033495
-0.036679
-0.039131
-0.040762
-0.041756
-0.042096
-0.041953
-0.041347
-0.040417
-0.039197
-0.037789
-0.036227
-0.034581
-0.032878
-0.031162
-0.029452
-0.027776
-0.026142
-0.024569
-0.023057
-0.021618
-0.020247
-0.018954
-0.017728
-0.016582
-0.015495
-0.014487
-0.013528
-0.012647
-0.011804
-0.011038
-0.010297
-0.009634
-0.008980
-0.008410
-0.007831
-0.007344
-0.006826
-0.006415
-0.005946
-0.005605
-0.005174
-0.004899
-0.004494
-0.004284
-0.003893
-0.003747
-0.003359
-0.003281
-0.002879
-0.002876
-0.002445
-0.002527
-0.002047
-0.002229
-0.001672
-0.001994
-0.001261
-0.001950
-0.000523
0.010181
0.007842
0.016338
0.014731
0.020472
0.018732
0.022668
0.021402
0.024531
0.023936
0.026644
0.026617
0.029046
0.029435
0.031641
0.032293
0.034266
0.035014
0.036679
0.037329
0.038540
0.038856
0.039402
0.039107
0.038730
0.037533
0.035975
0.033619
0.030702
0.027058
0.022786
0.017953
0.012598
0.006962
0.001069
-0.004750
-0.010487
-0.015809
-0.020748
-0.025041
-0.028771
-0.031769
-0.034160
-0.035859
-0.037009
-0.037586
-0.037727
-0.037442
-0.036846
-0.035966
-0.034890
-0.033648
-0.032302
-0.030878
-0.029417
-0.027938
-0.026469
-0.025020
-0.023610
-0.022242
-0.020929
-0.019669
-0.018472
-0.017328
-0.016253
-0.015227
-0.014272
-0.013358
-0.012515
-0.011704
-0.010966
-0.010247
-0.009604
-0.008965
-0.008409
-0.007839
-0.007362
-0.006850
-0.006445
-0.005980
-0.005643
-0.005213
-0.004941
-0.004536
-0.004327
-0.003935
-0.003790
-0.003398
-0.003322
-0.002917
-0.002916
-0.002479
-0.002564
-0.002078
-0.002263
-0.001698
-0.002027
-0.001282
-0.001982
-0.000535
0.009987
0.007667
0.015996
0.014371
0.019989
0.018220
0.022051
0.020730
0.023742
0.023056
0.025621
0.025465
0.027718
0.027938
0.029930
0.030374
0.032096
0.032602
0.033986
0.034372
0.035294
0.035349
0.035634
0.035126
0.034571
0.033266
0.031681
0.029392
0.026666
0.023320
0.019493
0.015202
0.010519
0.005609
0.000514
-0.004521
-0.009480
-0.014109
-0.018429
-0.022227
-0.025567
-0.028306
-0.030538
-0.032188
-0.033367
-0.034048
-0.034341
-0.034252
-0.033874
-0.033229
-0.032391
-0.031386
-0.030269
-0.029062
-0.027806
-0.026516
-0.025220
-0.023929
-0.022660
-0.021419
-0.020219
-0.019058
-0.017950
-0.016884
-0.015877
-0.014910
-0.014006
-0.013136
-0.012332
-0.011554
-0.010845
-0.010150
-0.009528
-0.008906
-0.008366
-0.007808
-0.007342
-0.006838
-0.006442
-0.005982
-0.005650
-0.005224
-0.004956
-0.004552
-0.004346
-0.003954
-0.003813
-0.003419
-0.003346
-0.002938
-0.002939
-0.002500
-0.002587
-0.002096
-0.002285
-0.001715
-0.002047
-0.001296
-0.002003
-0.000542
0.009769
0.007474
0.015614
0.013978
0.019460
0.017675
0.021396
0.020035
0.022932
0.022174
0.024607
0.024345
0.026443
0.026527
0.028339
0.028620
0.030140
0.030463
0.031636
0.031835
0.032556
0.032446
0.032574
0.031959
0.031338
0.030031
0.028519
0.026382
0.023909
0.020898
0.017515
0.013735
0.009652
0.005370
0.000945
-0.003447
-0.007778
-0.011855
-0.015684
-0.019099
-0.022138
-0.024686
-0.026810
-0.028443
-0.029670
-0.030465
-0.030913
-0.031016
-0.030851
-0.030433
-0.029827
-0.029053
-0.028159
-0.027168
-0.026113
-0.025011
-0.023888
-0.022755
-0.021630
-0.020518
-0.019434
-0.018376
-0.017360
-0.016375
-0.015439
-0.014535
-0.013686
-0.012865
-0.012103
-0.011361
-0.010683
-0.010015
-0.009417
-0.008816
-0.008293
-0.007750
-0.007297
-0.006804
-0.006417
-0.005965
-0.005640
-0.005219
-0.004956
-0.004555
-0.004353
-0.003963
-0.003824
-0.003431
-0.003360
-0.002951
-0.002955
-0.002513
-0.002603
-0.002110
-0.002301
-0.001727
-0.002063
-0.001307
-0.002020
-0.000550
0.009506
0.007249
0.015165
0.013530
0.018853
0.017061
0.020658
0.019264
0.022038
0.021214
0.023511
0.023150
0.025093
0.025047
0.026683
0.026807
0.028134
0.028283
0.029253
0.029273
0.029802
0.029531
0.029505
0.028778
0.028077
0.026746
0.025270
0.023234
0.020946
0.018189
0.015151
0.011775
0.008174
0.004405
0.000535
-0.003310
-0.007097
-0.010679
-0.014054
-0.017091
-0.019816
-0.022134
-0.024095
-0.025642
-0.026838
-0.027661
-0.028177
-0.028386
-0.028350
-0.028082
-0.027635
-0.027027
-0.026299
-0.025471
-0.024574
-0.023622
-0.022640
-0.021638
-0.020635
-0.019633
-0.018651
-0.017684
-0.016750
-0.015839
-0.014969
-0.014124
-0.013328
-0.012553
-0.011832
-0.011126
-0.010480
-0.009840
-0.009267
-0.008687
-0.008183
-0.007656
-0.007218
-0.006737
-0.006361
-0.005917
-0.005601
-0.005186
-0.004929
-0.004534
-0.004336
-0.003949
-0.003814
-0.003423
-0.003355
-0.002947
-0.002953
-0.002513
-0.002604
-0.002111
-0.002304
-0.001729
-0.002067
-0.001310
-0.002024
-0.000553
0.009231
0.007015
0.014695
0.013066
0.018224
0.016435
0.019907
0.018496
0.021152
0.020280
0.022452
0.022015
0.023822
0.023676
0.025165
0.025171
0.026345
0.026368
0.027189
0.027089
0.027490
0.027126
0.027017
0.026250
0.025540
0.024251
0.022869
0.020984
0.018911
0.016425
0.013726
0.010729
0.007561
0.004240
0.000845
-0.002542
-0.005878
-0.009058
-0.012066
-0.014803
-0.017281
-0.019424
-0.021264
-0.022756
-0.023945
-0.024810
-0.025402
-0.025721
-0.025815
-0.025695
-0.025405
-0.024960
-0.024395
-0.023728
-0.022985
-0.022182
-0.021341
-0.020469
-0.019587
-0.018698
-0.017817
-0.016943
-0.016093
-0.015258
-0.014457
-0.013673
-0.012931
-0.012204
-0.011527
-0.010859
-0.010247
-0.009637
-0.009090
-0.008534
-0.008050
-0.007541
-0.007119
-0.006652
-0.006287
-0.005854
-0.005548
-0.005141
-0.004891
-0.004501
-0.004310
-0.003926
-0.003796
-0.003408
-0.003343
-0.002937
-0.002946
-0.002507
-0.002600
-0.002108
-0.002303
-0.001729
-0.002067
-0.001311
-0.002025
-0.000556
0.008917
0.006756
0.014171
0.012557
0.017531
0.015756
0.019092
0.017670
0.020202
0.019288
0.021332
0.020825
0.022497
0.022257
0.023603
0.023498
0.024524
0.024427
0.025104
0.024889
0.025165
0.024708
0.024513
0.023697
0.022962
0.021694
0.020373
0.018598
0.016690
0.014416
0.011986
0.009296
0.006482
0.003535
0.000540
-0.002454
-0.005397
-0.008213
-0.010882
-0.013329
-0.015556
-0.017505
-0.019194
-0.020589
-0.021720
-0.022572
-0.023183
-0.023552
-0.023717
-0.023689
-0.023502
-0.023169
-0.022722
-0.022174
-0.021551
-0.020864
-0.020134
-0.019369
-0.018588
-0.017792
-0.016999
-0.016206
-0.015431
-0.014663
-0.013924
-0.013196
-0.012505
-0.011824
-0.011187
-0.010557
-0.009978
-0.009398
-0.008877
-0.008345
-0.007882
-0.007392
-0.006986
-0.006534
-0.006183
-0.005762
-0.005466
-0.005068
-0.004827
-0.004444
-0.004259
-0.003882
-0.003756
-0.003373
-0.003311
-0.002910
-0.002921
-0.002486
-0.002580
-0.002092
-0.002287
-0.001717
-0.002054
-0.001303
-0.002013
-0.000555
0.008603
0.006496
0.013641
0.012048
0.016836
0.015083
0.018285
0.016866
0.019280
0.018340
0.020269
0.019711
0.021266
0.020957
0.022185
0.021999
0.022910
0.022731
0.023305
0.023018
0.023215
0.022711
0.022478
0.021661
0.020948
0.019740
0.018516
0.016879
0.015151
0.013095
0.010925
0.008522
0.006028
0.003411
0.000763
-0.001896
-0.004507
-0.007022
-0.009413
-0.011624
-0.013650
-0.015444
-0.017018
-0.018342
-0.019438
-0.020292
-0.020933
-0.021359
-0.021600
-0.021665
-0.021581
-0.021360
-0.021029
-0.020599
-0.020093
-0.019520
-0.018901
-0.018242
-0.017560
-0.016859
-0.016153
-0.015441
-0.014740
-0.014041
-0.013364
-0.012693
-0.012054
-0.011420
-0.010826
-0.010234
-0.009690
-0.009140
-0.008647
-0.008140
-0.007699
-0.007229
-0.006841
-0.006405
-0.006068
-0.005660
-0.005374
-0.004987
-0.004754
-0.004380
-0.004201
-0.003831
-0.003710
-0.003333
-0.003275
-0.002879
-0.002892
-0.002462
-0.002557
-0.002074
-0.002268
-0.001704
-0.002039
-0.001294
-0.001999
-0.000554
0.008254
0.006214
0.013065
0.011503
0.016090
0.014368
0.017427
0.016017
0.018307
0.017349
0.019160
0.018557
0.019995
0.019623
0.020734
0.020474
0.021273
0.021016
0.021489
0.021133
0.021250
0.020700
0.020423
0.019595
0.018888
0.017723
0.016570
0.015039
0.013454
0.011573
0.009615
0.007449
0.005222
0.002884
0.000532
-0.001835
-0.004154
-0.006396
-0.008529
-0.010514
-0.012339
-0.013970
-0.015411
-0.016639
-0.017669
-0.018489
-0.019120
-0.019562
-0.019838
-0.019954
-0.019935
-0.019789
-0.019538
-0.019194
-0.018775
-0.018290
-0.017758
-0.017184
-0.016583
-0.015960
-0.015328
-0.014686
-0.014050
-0.013411
-0.012791
-0.012172
-0.011580
-0.010990
-0.010435
-0.009880
-0.009368
-0.008849
-0.008383
-0.007901
-0.007482
-0.007033
-0.006663
-0.006244
-0.005921
-0.005527
-0.005254
-0.004878
-0.004654
-0.004291
-0.004119
-0.003758
-0.003642
-0.003273
-0.003218
-0.002830
-0.002845
-0.002422
-0.002517
-0.002041
-0.002235
-0.001678
-0.002010
-0.001276
-0.001971
-0.000548
0.007913
0.005939
0.012499
0.010969
0.015358
0.013674
0.016594
0.015204
0.017379
0.016415
0.018119
0.017489
0.018825
0.018410
0.019426
0.019116
0.019828
0.019521
0.019923
0.019529
0.019600
0.019034
0.018746
0.017939
0.017267
0.016170
0.015107
0.013697
0.012261
0.010556
0.008801
0.006857
0.004873
0.002784
0.000690
-0.001424
-0.003494
-0.005506
-0.007423
-0.009221
-0.010882
-0.012382
-0.013718
-0.014873
-0.015854
-0.016655
-0.017288
-0.017754
-0.018070
-0.018241
-0.018288
-0.018217
-0.018047
-0.017787
-0.017454
-0.017056
-0.016610
-0.016119
-0.015599
-0.015053
-0.014494
-0.013921
-0.013350
-0.012772
-0.012207
-0.011639
-0.011095
-0.010549
-0.010035
-0.009516
-0.009038
-0.008550
-0.008112
-0.007654
-0.007259
-0.006831
-0.006479
-0.006077
-0.005770
-0.005391
-0.005129
-0.004766
-0.004551
-0.004198
-0.004034
-0.003682
-0.003571
-0.003211
-0.003160
-0.002779
-0.002796
-0.002381
-0.002476
-0.002009
-0.002200
-0.001653
-0.001981
-0.001259
-0.001943
-0.000543
0.007541
0.005644
0.011892
0.010406
0.014583
0.012945
0.015719
0.014355
0.016409
0.015445
0.017040
0.016388
0.017623
0.017171
0.018092
0.017736
0.018363
0.018011
0.018342
0.017911
0.017933
0.017350
0.017044
0.016250
0.015601
0.014556
0.013564
0.012253
0.010939
0.009379
0.007793
0.006036
0.004257
0.002383
0.000513
-0.001378
-0.003226
-0.005028
-0.006746
-0.008365
-0.009863
-0.011227
-0.012447
-0.013513
-0.014428
-0.015185
-0.015794
-0.016255
-0.016582
-0.016780
-0.016863
-0.016839
-0.016723
-0.016523
-0.016253
-0.015921
-0.015540
-0.015116
-0.014661
-0.014178
-0.013681
-0.013166
-0.012651
-0.012125
-0.011610
-0.011089
-0.010588
-0.010083
-0.009606
-0.009122
-0.008676
-0.008217
-0.007806
-0.007375
-0.007001
-0.006595
-0.006262
-0.005879
-0.005587
-0.005224
-0.004974
-0.004625
-0.004421
-0.004080
-0.003923
-0.003582
-0.003477
-0.003127
-0.003080
-0.002709
-0.002727
-0.002323
-0.002418
-0.001961
-0.002150
-0.001615
-0.001936
-0.001231
-0.001900
-0.000533
0.007186
0.005362
0.011308
0.009865
0.013837
0.012249
0.014883
0.013554
0.015496
0.014542
0.016039
0.015378
0.016525
0.016051
0.016895
0.016512
0.017073
0.016696
0.016978
0.016533
0.016528
0.015950
0.015648
0.014887
0.014278
0.013301
0.012390
0.011185
0.009994
0.008578
0.007152
0.005569
0.003977
0.002295
0.000623
-0.001074
-0.002730
-0.004353
-0.005901
-0.007370
-0.008734
-0.009985
-0.011113
-0.012108
-0.012971
-0.013697
-0.014293
-0.014757
-0.015102
-0.015329
-0.015452
-0.015476
-0.015415
-0.015274
-0.015066
-0.014799
-0.014483
-0.014124
-0.013733
-0.013312
-0.012875
-0.012418
-0.011958
-0.011484
-0.011018
-0.010543
-0.010085
-0.009620
-0.009180
-0.008731
-0.008316
-0.007887
-0.007503
-0.007097
-0.006746
-0.006361
-0.006047
-0.005682
-0.005406
-0.005058
-0.004822
-0.004486
-0.004292
-0.003963
-0.003814
-0.003484
-0.003385
-0.003045
-0.003001
-0.002641
-0.002661
-0.002266
-0.002361
-0.001916
-0.002101
-0.001579
-0.001894
-0.001205
-0.001858
-0.000524
0.006799
0.005061
0.010685
0.009295
0.013051
0.011521
0.014007
0.012719
0.014544
0.013606
0.015002
0.014338
0.015396
0.014905
0.015671
0.015264
0.015761
0.015362
0.015595
0.015136
0.015104
0.014528
0.014224
0.013490
0.012912
0.011990
0.011146
0.010031
0.008943
0.007650
0.006360
0.004928
0.003497
0.001983
0.000486
-0.001037
-0.002520
-0.003978
-0.005368
-0.006693
-0.007925
-0.009062
-0.010090
-0.011005
-0.011804
-0.012483
-0.013047
-0.013496
-0.013836
-0.014073
-0.014214
-0.014266
-0.014238
-0.014138
-0.013975
-0.013755
-0.013489
-0.013180
-0.012841
-0.012471
-0.012084
-0.011676
-0.011262
-0.010834
-0.010411
-0.009978
-0.009558
-0.009130
-0.008724
-0.008308
-0.007924
-0.007524
-0.007165
-0.006784
-0.006456
-0.006093
-0.005797
-0.005452
-0.005192
-0.004861
-0.004637
-0.004317
-0.004134
-0.003819
-0.003678
-0.003361
-0.003267
-0.002940
-0.002900
-0.002552
-0.002573
-0.002192
-0.002285
-0.001854
-0.002035
-0.001529
-0.001835
-0.001168
-0.001801
-0.000510
0.006440
0.004779
0.010096
0.008759
0.012308
0.010839
0.013186
0.011943
0.013660
0.012746
0.014052
0.013393
0.014375
0.013878
0.014580
0.014164
0.014610
0.014203
0.014403
0.013945
0.013900
0.013342
0.013050
0.012354
0.011817
0.010960
0.010187
0.009164
0.008178
0.007004
0.005842
0.004549
0.003265
0.001903
0.000560
-0.000811
-0.002143
-0.003459
-0.004714
-0.005916
-0.007038
-0.008079
-0.009025
-0.009875
-0.010623
-0.011267
-0.011808
-0.012248
-0.012591
-0.012840
-0.013003
-0.013084
-0.013092
-0.013032
-0.012914
-0.012741
-0.012523
-0.012264
-0.011975
-0.011654
-0.011316
-0.010955
-0.010587
-0.010204
-0.009823
-0.009430
-0.009048
-0.008656
-0.008284
-0.007900
-0.007544
-0.007173
-0.006840
-0.006483
-0.006176
-0.005835
-0.005558
-0.005232
-0.004986
-0.004672
-0.004462
-0.004156
-0.003983
-0.003681
-0.003548
-0.003244
-0.003156
-0.002841
-0.002804
-0.002469
-0.002491
-0.002122
-0.002214
-0.001797
-0.001973
-0.001483
-0.001780
-0.001134
-0.001748
-0.000498
0.006045
0.004477
0.009467
0.008192
0.011522
0.010121
0.012321
0.011130
0.012734
0.011848
0.013061
0.012413
0.013316
0.012819
0.013456
0.013034
0.013430
0.013019
0.013184
0.012729
0.012669
0.012127
0.011843
0.011181
0.010678
0.009877
0.009166
0.008224
0.007326
0.006255
0.005206
0.004036
0.002882
0.001656
0.000452
-0.000780
-0.001974
-0.003157
-0.004285
-0.005369
-0.006381
-0.007326
-0.008187
-0.008965
-0.009652
-0.010250
-0.010756
-0.011173
-0.011503
-0.011750
-0.011919
-0.012015
-0.012043
-0.012009
-0.011920
-0.011781
-0.011600
-0.011380
-0.011130
-0.010850
-0.010551
-0.010231
-0.009902
-0.009557
-0.009214
-0.008857
-0.008510
-0.008151
-0.007810
-0.007456
-0.007129
-0.006784
-0.006476
-0.006144
-0.005859
-0.005540
-0.005281
-0.004975
-0.004745
-0.004449
-0.004252
-0.003963
-0.003800
-0.003514
-0.003389
-0.003100
-0.003018
-0.002717
-0.002684
-0.002363
-0.002385
-0.002033
-0.002122
-0.001722
-0.001892
-0.001423
-0.001708
-0.001089
-0.001678
-0.000479
0.005687
0.004200
0.008885
0.007669
0.010794
0.009461
0.011525
0.010388
0.011889
0.011037
0.012166
0.011535
0.012370
0.011881
0.012464
0.012046
0.012402
0.011996
0.012138
0.011695
0.011630
0.011113
0.010845
0.010224
0.009759
0.009019
0.008370
0.007508
0.006696
0.005723
0.004779
0.003722
0.002685
0.001580
0.000499
-0.000611
-0.001685
-0.002753
-0.003771
-0.004754
-0.005674
-0.006538
-0.007327
-0.008046
-0.008684
-0.009245
-0.009724
-0.010125
-0.010449
-0.010698
-0.010876
-0.010988
-0.011038
-0.011030
-0.010972
-0.010866
-0.010721
-0.010538
-0.010327
-0.010086
-0.009826
-0.009544
-0.009254
-0.008946
-0.008638
-0.008316
-0.008002
-0.007675
-0.007364
-0.007039
-0.006738
-0.006420
-0.006136
-0.005827
-0.005562
-0.005264
-0.005023
-0.004736
-0.004521
-0.004242
-0.004057
-0.003784
-0.003631
-0.003360
-0.003243
-0.002967
-0.002891
-0.002604
-0.002573
-0.002266
-0.002289
-0.001951
-0.002038
-0.001654
-0.001818
-0.001368
-0.001643
-0.001048
-0.001614
-0.000464
0.005287
0.003898
0.008255
0.007109
0.010014
0.008758
0.010675
0.009601
0.010991
0.010178
0.011219
0.010612
0.011376
0.010899
0.011427
0.011016
0.011332
0.010934
0.011053
0.010624
0.010553
0.010060
0.009805
0.009223
0.008793
0.008108
0.007515
0.006726
0.005990
0.005107
0.004256
0.003303
0.002373
0.001380
0.000412
-0.000584
-0.001546
-0.002504
-0.003418
-0.004302
-0.005131
-0.005911
-0.006626
-0.007280
-0.007863
-0.008378
-0.008822
-0.009197
-0.009502
-0.009742
-0.009918
-0.010034
-0.010094
-0.010102
-0.010063
-0.009981
-0.009862
-0.009708
-0.009526
-0.009317
-0.009090
-0.008841
-0.008583
-0.008307
-0.008031
-0.007741
-0.007457
-0.007160
-0.006877
-0.006580
-0.006305
-0.006013
-0.005752
-0.005466
-0.005223
-0.004946
-0.004724
-0.004456
-0.004257
-0.003997
-0.003825
-0.003569
-0.003427
-0.003172
-0.003064
-0.002804
-0.002733
-0.002463
-0.002435
-0.002145
-0.002168
-0.001848
-0.001931
-0.001568
-0.001724
-0.001297
-0.001558
-0.000995
-0.001532
-0.000441
0.004938
0.003630
0.007689
0.006605
0.009311
0.008127
0.009912
0.008898
0.010190
0.009418
0.010382
0.009800
0.010503
0.010043
0.010525
0.010127
0.010411
0.010027
0.010129
0.009720
0.009649
0.009184
0.008947
0.008406
0.008012
0.007382
0.006844
0.006124
0.005460
0.004661
0.003895
0.003036
0.002201
0.001307
0.000438
-0.000458
-0.001322
-0.002186
-0.003009
-0.003810
-0.004560
-0.005270
-0.005923
-0.006523
-0.007061
-0.007540
-0.007956
-0.008311
-0.008604
-0.008838
-0.009015
-0.009137
-0.009210
-0.009234
-0.009216
-0.009157
-0.009064
-0.008937
-0.008785
-0.008605
-0.008409
-0.008191
-0.007964
-0.007720
-0.007473
-0.007213
-0.006957
-0.006688
-0.006432
-0.006161
-0.005911
-0.005642
-0.005403
-0.005140
-0.004915
-0.004659
-0.004453
-0.004204
-0.004020
-0.003776
-0.003617
-0.003376
-0.003245
-0.003004
-0.002904
-0.002659
-0.002593
-0.002337
-0.002312
-0.002038
-0.002061
-0.001757
-0.001837
-0.001492
-0.001641
-0.001235
-0.001484
-0.000948
-0.001459
-0.000423
0.004534
0.003330
0.007059
0.006054
0.008540
0.007440
0.009080
0.008134
0.009318
0.008595
0.009475
0.008925
0.009564
0.009125
0.009559
0.009178
0.009431
0.009064
0.009150
0.008762
0.008691
0.008256
0.008036
0.007535
0.007175
0.006599
0.006112
0.005460
0.004862
0.004142
0.003457
0.002685
0.001940
0.001140
0.000366
-0.000434
-0.001204
-0.001976
-0.002710
-0.003427
-0.004099
-0.004736
-0.005323
-0.005865
-0.006352
-0.006789
-0.007169
-0.007495
-0.007767
-0.007987
-0.008156
-0.008277
-0.008352
-0.008384
-0.008377
-0.008334
-0.008259
-0.008153
-0.008024
-0.007869
-0.007699
-0.007507
-0.007307
-0.007090
-0.006871
-0.006638
-0.006409
-0.006167
-0.005936
-0.005691
-0.005464
-0.005220
-0.005002
-0.004762
-0.004557
-0.004322
-0.004134
-0.003905
-0.003736
-0.003511
-0.003365
-0.003143
-0.003022
-0.002799
-0.002707
-0.002479
-0.002419
-0.002181
-0.002159
-0.001902
-0.001925
-0.001641
-0.001717
-0.001394
-0.001535
-0.001155
-0.001389
-0.000888
-0.001365
-0.000397
0.004199
0.003073
0.006516
0.005574
0.007868
0.006843
0.008356
0.007474
0.008564
0.007887
0.008695
0.008177
0.008761
0.008345
0.008739
0.008377
0.008604
0.008257
0.008330
0.007966
0.007898
0.007493
0.007291
0.006830
0.006503
0.005977
0.005537
0.004946
0.004409
0.003760
0.003146
0.002453
0.001787
0.001070
0.000377
-0.000340
-0.001029
-0.001722
-0.002382
-0.003027
-0.003633
-0.004210
-0.004742
-0.005236
-0.005681
-0.006082
-0.006434
-0.006739
-0.006995
-0.007205
-0.007369
-0.007490
-0.007571
-0.007612
-0.007618
-0.007590
-0.007533
-0.007447
-0.007340
-0.007208
-0.007062
-0.006895
-0.006720
-0.006529
-0.006335
-0.006127
-0.005923
-0.005705
-0.005498
-0.005276
-0.005070
-0.004848
-0.004650
-0.004430
-0.004244
-0.004028
-0.003856
-0.003644
-0.003489
-0.003281
-0.003147
-0.002940
-0.002829
-0.002621
-0.002536
-0.002324
-0.002269
-0.002046
-0.002027
-0.001786
-0.001808
-0.001542
-0.001614
-0.001311
-0.001443
-0.001087
-0.001307
-0.000835
-0.001285
-0.000375
0.003789
0.002773
0.005885
0.005029
0.007103
0.006169
0.007535
0.006729
0.007713
0.007092
0.007819
0.007341
0.007864
0.007478
0.007829
0.007493
0.007692
0.007370
0.007431
0.007095
0.007030
0.006660
0.006475
0.006057
0.005763
0.005289
0.004896
0.004367
0.003890
0.003312
0.002768
0.002153
0.001563
0.000929
0.000317
-0.000317
-0.000926
-0.001539
-0.002123
-0.002694
-0.003231
-0.003743
-0.004217
-0.004657
-0.005056
-0.005416
-0.005732
-0.006008
-0.006242
-0.006435
-0.006587
-0.006702
-0.006780
-0.006823
-0.006835
-0.006816
-0.006772
-0.006702
-0.006611
-0.006499
-0.006373
-0.006228
-0.006076
-0.005908
-0.005737
-0.005553
-0.005372
-0.005179
-0.004994
-0.004796
-0.004612
-0.004413
-0.004236
-0.004038
-0.003870
-0.003675
-0.003520
-0.003328
-0.003189
-0.003000
-0.002878
-0.002690
-0.002590
-0.002400
-0.002323
-0.002129
-0.002080
-0.001876
-0.001859
-0.001639
-0.001660
-0.001416
-0.001482
-0.001204
-0.001326
-0.000999
-0.001201
-0.000769
-0.001182
-0.000347
0.003473
0.002531
0.005371
0.004576
0.006468
0.005607
0.006855
0.006113
0.007010
0.006436
0.007097
0.006654
0.007127
0.006768
0.007084
0.006770
0.006948
0.006648
0.006701
0.006391
0.006329
0.005990
0.005822
0.005442
0.005177
0.004749
0.004398
0.003923
0.003497
0.002980
0.002496
0.001948
0.001424
0.000859
0.000316
-0.000248
-0.000790
-0.001336
-0.001856
-0.002366
-0.002846
-0.003305
-0.003731
-0.004128
-0.004488
-0.004815
-0.005104
-0.005357
-0.005573
-0.005753
-0.005897
-0.006008
-0.006086
-0.006133
-0.006152
-0.006143
-0.006111
-0.006055
-0.005980
-0.005886
-0.005778
-0.005654
-0.005521
-0.005374
-0.005225
-0.005062
-0.004902
-0.004730
-0.004566
-0.004388
-0.004224
-0.004045
-0.003885
-0.003706
-0.003555
-0.003378
-0.003238
-0.003063
-0.002936
-0.002764
-0.002653
-0.002481
-0.002390
-0.002216
-0.002146
-0.001967
-0.001923
-0.001735
-0.001720
-0.001516
-0.001536
-0.001311
-0.001373
-0.001115
-0.001229
-0.000926
-0.001114
-0.000713
-0.001095
-0.000322
0.003053
0.002230
0.004734
0.004034
0.005702
0.004940
0.006040
0.005381
0.006171
0.005659
0.006240
0.005844
0.006259
0.005937
0.006213
0.005930
0.006084
0.005815
0.005859
0.005582
0.005525
0.005224
0.005075
0.004738
0.004506
0.004129
0.003821
0.003405
0.003034
0.002582
0.002161
0.001683
0.001228
0.000737
0.000265
-0.000226
-0.000696
-0.001171
-0.001623
-0.002067
-0.002485
-0.002886
-0.003258
-0.003605
-0.003921
-0.004209
-0.004463
-0.004688
-0.004879
-0.005041
-0.005171
-0.005272
-0.005344
-0.005389
-0.005410
-0.005406
-0.005382
-0.005337
-0.005275
-0.005196
-0.005105
-0.004998
-0.004885
-0.004758
-0.004629
-0.004488
-0.004349
-0.004198
-0.004055
-0.003899
-0.003755
-0.003598
-0.003458
-0.003300
-0.003167
-0.003010
-0.002887
-0.002732
-0.002620
-0.002467
-0.002369
-0.002217
-0.002135
-0.001981
-0.001919
-0.001760
-0.001720
-0.001553
-0.001539
-0.001358
-0.001376
-0.001175
-0.001230
-0.001001
-0.001102
-0.000831
-0.000999
-0.000641
-0.000983
-0.000292
0.002761
0.002004
0.004254
0.003612
0.005109
0.004418
0.005406
0.004811
0.005519
0.005056
0.005576
0.005215
0.005586
0.005292
0.005536
0.005279
0.005414
0.005168
0.005206
0.004954
0.004903
0.004631
0.004498
0.004197
0.003990
0.003655
0.003383
0.003015
0.002688
0.002289
0.001919
0.001499
0.001100
0.000668
0.000254
-0.000177
-0.000590
-0.001007
-0.001404
-0.001796
-0.002164
-0.002518
-0.002847
-0.003155
-0.003436
-0.003692
-0.003920
-0.004122
-0.004296
-0.004443
-0.004562
-0.004656
-0.004725
-0.004771
-0.004794
-0.004796
-0.004779
-0.004744
-0.004694
-0.004628
-0.004551
-0.004460
-0.004363
-0.004254
-0.004142
-0.004019
-0.003897
-0.003766
-0.003640
-0.003503
-0.003376
-0.003236
-0.003112
-0.002972
-0.002854
-0.002715
-0.002605
-0.002466
-0.002367
-0.002229
-0.002142
-0.002004
-0.001932
-0.001793
-0.001738
-0.001594
-0.001559
-0.001407
-0.001396
-0.001231
-0.001248
-0.001065
-0.001116
-0.000907
-0.001000
-0.000753
-0.000907
-0.000581
-0.000892
-0.000265
0.002325
0.001696
0.003601
0.003065
0.004333
0.003749
0.004585
0.004080
0.004679
0.004285
0.004725
0.004418
0.004731
0.004480
0.004686
0.004465
0.004579
0.004369
0.004400
0.004185
0.004140
0.003908
0.003795
0.003539
0.003364
0.003080
0.002850
0.002538
0.002263
0.001926
0.001614
0.001260
0.000923
0.000559
0.000211
-0.000153
-0.000500
-0.000853
-0.001187
-0.001518
-0.001829
-0.002129
-0.002407
-0.002668
-0.002907
-0.003125
-0.003319
-0.003492
-0.003641
-0.003768
-0.003871
-0.003953
-0.004014
-0.004055
-0.004078
-0.004082
-0.004070
-0.004043
-0.004002
-0.003948
-0.003885
-0.003810
-0.003728
-0.003637
-0.003543
-0.003440
-0.003338
-0.003226
-0.003120
-0.003004
-0.002896
-0.002778
-0.002672
-0.002553
-0.002452
-0.002334
-0.002240
-0.002121
-0.002036
-0.001919
-0.001844
-0.001726
-0.001664
-0.001545
-0.001498
-0.001374
-0.001344
-0.001214
-0.001204
-0.001063
-0.001077
-0.000921
-0.000964
-0.000785
-0.000864
-0.000654
-0.000784
-0.000506
-0.000772
-0.000234
0.002064
0.001491
0.003164
0.002677
0.003790
0.003270
0.004005
0.003558
0.004084
0.003735
0.004120
0.003847
0.004119
0.003896
0.004074
0.003878
0.003976
0.003789
0.003814
0.003624
0.003584
0.003381
0.003282
0.003058
0.002906
0.002660
0.002461
0.002191
0.001954
0.001664
0.001396
0.001091
0.000803
0.000490
0.000191
-0.000121
-0.000419
-0.000721
-0.001008
-0.001292
-0.001560
-0.001818
-0.002057
-0.002283
-0.002489
-0.002679
-0.002848
-0.002998
-0.003129
-0.003240
-0.003332
-0.003405
-0.003461
-0.003499
-0.003521
-0.003527
-0.003520
-0.003499
-0.003467
-0.003422
-0.003370
-0.003307
-0.003239
-0.003162
-0.003082
-0.002994
-0.002907
-0.002812
-0.002721
-0.002621
-0.002529
-0.002427
-0.002336
-0.002233
-0.002146
-0.002043
-0.001961
-0.001859
-0.001785
-0.001682
-0.001618
-0.001515
-0.001461
-0.001356
-0.001315
-0.001207
-0.001181
-0.001066
-0.001058
-0.000934
-0.000947
-0.000809
-0.000848
-0.000689
-0.000760
-0.000573
-0.000690
-0.000442
-0.000679
-0.000203
0.001599
0.001171
0.002483
0.002116
0.002988
0.002588
0.003163
0.002816
0.003227
0.002956
0.003258
0.003046
0.003259
0.003085
0.003225
0.003072
0.003149
0.003003
0.003022
0.002873
0.002841
0.002680
0.002602
0.002426
0.002305
0.002110
0.001953
0.001740
0.001552
0.001322
0.001110
0.000869
0.000640
0.000392
0.000156
-0.000092
-0.000328
-0.000568
-0.000797
-0.001023
-0.001236
-0.001441
-0.001632
-0.001813
-0.001978
-0.002130
-0.002266
-0.002387
-0.002492
-0.002582
-0.002657
-0.002717
-0.002763
-0.002795
-0.002815
-0.002821
-0.002817
-0.002801
-0.002777
-0.002743
-0.002702
-0.002653
-0.002600
-0.002539
-0.002476
-0.002407
-0.002338
-0.002262
-0.002190
-0.002110
-0.002037
-0.001955
-0.001882
-0.001800
-0.001730
-0.001648
-0.001582
-0.001500
-0.001441
-0.001359
-0.001307
-0.001224
-0.001181
-0.001097
-0.001064
-0.000977
-0.000956
-0.000864
-0.000857
-0.000758
-0.000767
-0.000657
-0.000687
-0.000562
-0.000617
-0.000469
-0.000560
-0.000364
-0.000551
-0.000172
0.001381
0.000991
0.002099
0.001767
0.002504
0.002156
0.002644
0.002345
0.002694
0.002461
0.002715
0.002532
0.002712
0.002561
0.002678
0.002546
0.002609
0.002484
0.002499
0.002372
0.002345
0.002209
0.002144
0.001996
0.001896
0.001734
0.001604
0.001428
0.001273
0.001084
0.000910
0.000711
0.000524
0.000321
0.000128
-0.000075
-0.000268
-0.000465
-0.000651
-0.000836
-0.001010
-0.001178
-0.001335
-0.001483
-0.001618
-0.001743
-0.001854
-0.001954
-0.002041
-0.002116
-0.002178
-0.002228
-0.002267
-0.002294
-0.002311
-0.002318
-0.002315
-0.002304
-0.002285
-0.002258
-0.002225
-0.002186
-0.002143
-0.002094
-0.002043
-0.001987
-0.001930
-0.001869
-0.001810
-0.001745
-0.001685
-0.001618
-0.001558
-0.001490
-0.001433
-0.001365
-0.001312
-0.001244
-0.001195
-0.001127
-0.001084
-0.001015
-0.000980
-0.000910
-0.000883
-0.000810
-0.000794
-0.000717
-0.000712
-0.000628
-0.000637
-0.000544
-0.000571
-0.000464
-0.000512
-0.000386
-0.000466
-0.000298
-0.000458
-0.000137
0.000871
0.000650
0.001368
0.001180
0.001656
0.001446
0.001759
0.001577
0.001801
0.001658
0.001822
0.001710
0.001826
0.001733
0.001809
0.001727
0.001768
0.001689
0.001699
0.001617
0.001598
0.001510
0.001466
0.001368
0.001301
0.001193
0.001105
0.000986
0.000881
0.000753
0.000634
0.000500
0.000372
0.000233
0.000101
-0.000038
-0.000171
-0.000306
-0.000434
-0.000562
-0.000682
-0.000799
-0.000908
-0.001011
-0.001105
-0.001192
-0.001271
-0.001341
-0.001402
-0.001456
-0.001500
-0.001536
-0.001564
-0.001585
-0.001598
-0.001604
-0.001603
-0.001597
-0.001585
-0.001567
-0.001546
-0.001519
-0.001490
-0.001457
-0.001423
-0.001384
-0.001346
-0.001303
-0.001263
-0.001218
-0.001177
-0.001130
-0.001089
-0.001043
-0.001003
-0.000956
-0.000918
-0.000872
-0.000837
-0.000791
-0.000760
-0.000713
-0.000688
-0.000640
-0.000620
-0.000571
-0.000558
-0.000506
-0.000501
-0.000445
-0.000449
-0.000387
-0.000402
-0.000332
-0.000362
-0.000279
-0.000329
-0.000219
-0.000323
-0.000109
0.000711
0.000499
0.001055
0.000877
0.001247
0.001069
0.001315
0.001164
0.001340
0.001222
0.001350
0.001257
0.001347
0.001270
0.001329
0.001261
0.001293
0.001229
0.001237
0.001172
0.001159
0.001091
0.001058
0.000984
0.000935
0.000854
0.000790
0.000702
0.000626
0.000533
0.000447
0.000349
0.000258
0.000158
0.000063
-0.000037
-0.000132
-0.000228
-0.000320
-0.000411
-0.000497
-0.000579
-0.000657
-0.000730
-0.000797
-0.000858
-0.000914
-0.000964
-0.001007
-0.001045
-0.001076
-0.001101
-0.001121
-0.001135
-0.001145
-0.001149
-0.001148
-0.001143
-0.001135
-0.001122
-0.001107
-0.001088
-0.001067
-0.001043
-0.001019
-0.000991
-0.000964
-0.000934
-0.000905
-0.000873
-0.000843
-0.000810
-0.000781
-0.000747
-0.000719
-0.000685
-0.000659
-0.000625
-0.000600
-0.000566
-0.000545
-0.000511
-0.000493
-0.000458
-0.000445
-0.000408
-0.000400
-0.000361
-0.000359
-0.000317
-0.000322
-0.000274
-0.000288
-0.000234
-0.000259
-0.000194
-0.000236
-0.000150
-0.000232
-0.000069
0.000122
0.000124
0.000243
0.000248
0.000326
0.000316
0.000364
0.000352
0.000386
0.000377
0.000401
0.000394
0.000412
0.000405
0.000417
0.000410
0.000415
0.000406
0.000406
0.000394
0.000388
0.000374
0.000362
0.000344
0.000328
0.000306
0.000285
0.000259
0.000234
0.000205
0.000177
0.000145
0.000114
0.000081
0.000048
0.000014
-0.000020
-0.000053
-0.000086
-0.000119
-0.000150
-0.000181
-0.000210
-0.000237
-0.000263
-0.000287
-0.000308
-0.000328
-0.000346
-0.000362
-0.000375
-0.000386
-0.000396
-0.000403
-0.000408
-0.000412
-0.000413
-0.000413
-0.000412
-0.000409
-0.000404
-0.000399
-0.000392
-0.000385
-0.000377
-0.000368
-0.000358
-0.000348
-0.000338
-0.000327
-0.000316
-0.000305
-0.000294
-0.000282
-0.000272
-0.000260
-0.000250
-0.000238
-0.000228
-0.000217
-0.000208
-0.000197
-0.000189
-0.000178
-0.000171
-0.000160
-0.000154
-0.000143
-0.000139
-0.000128
-0.000125
-0.000113
-0.000112
-0.000099
-0.000101
-0.000086
-0.000092
-0.000071
-0.000089
-0.000046
