# p - 300 ites
-0.087537
-0.009767
-0.076043
-0.017210
-0.067413
-0.022977
-0.061004
-0.027579
-0.056342
-0.031380
-0.053074
-0.034634
-0.050932
-0.037516
-0.049707
-0.040148
-0.049232
-0.042612
-0.049369
-0.044963
-0.049997
-0.047234
-0.051011
-0.049445
-0.052320
-0.051605
-0.053840
-0.053712
-0.055499
-0.055761
-0.057233
-0.057740
-0.058990
-0.059638
-0.060724
-0.061440
-0.062402
-0.063135
-0.063997
-0.064715
-0.065490
-0.066172
-0.066871
-0.067505
-0.068133
-0.068713
-0.069276
-0.069801
-0.070303
-0.070773
-0.071220
-0.071639
-0.072034
-0.072407
-0.072756
-0.073086
-0.073393
-0.073686
-0.073955
-0.074217
-0.074452
-0.074689
-0.074891
-0.075110
-0.075280
-0.075488
-0.075625
-0.075831
-0.075932
-0.076148
-0.076203
-0.076445
-0.076444
-0.076730
-0.076654
-0.077010
-0.076835
-0.077292
-0.076987
-0.077585
-0.077109
-0.077897
-0.077199
-0.078236
-0.077254
-0.078612
-0.077271
-0.079035
-0.077245
-0.079515
-0.077171
-0.080067
-0.077038
-0.080706
-0.076837
-0.081454
-0.076550
-0.082337
-0.076154
-0.083393
-0.085507
-0.009311
-0.074169
-0.016447
-0.065646
-0.022007
-0.059319
-0.026475
-0.054730
-0.030197
-0.051535
-0.033414
-0.049471
-0.036297
-0.048333
-0.038963
-0.047959
-0.041491
-0.048210
-0.043932
-0.048967
-0.046319
-0.050126
-0.048666
-0.051593
-0.050979
-0.053282
-0.053253
-0.055118
-0.055477
-0.057033
-0.057635
-0.058971
-0.059710
-0.060882
-0.061685
-0.062729
-0.063543
-0.064481
-0.065272
-0.066116
-0.066862
-0.067621
-0.068309
-0.068988
-0.069613
-0.070216
-0.070776
-0.071308
-0.071804
-0.072271
-0.072707
-0.073114
-0.073494
-0.073847
-0.074177
-0.074480
-0.074767
-0.075027
-0.075276
-0.075496
-0.075716
-0.075899
-0.076096
-0.076245
-0.076428
-0.076542
-0.076721
-0.076796
-0.076984
-0.077013
-0.077225
-0.077197
-0.077453
-0.077352
-0.077676
-0.077479
-0.077902
-0.077578
-0.078139
-0.077649
-0.078397
-0.077691
-0.078683
-0.077701
-0.079007
-0.077677
-0.079378
-0.077614
-0.079808
-0.077507
-0.080308
-0.077348
-0.080895
-0.077126
-0.081587
-0.076827
-0.082409
-0.076429
-0.083393
-0.086466
-0.009621
-0.075093
-0.016962
-0.066560
-0.022660
-0.060233
-0.027218
-0.055642
-0.030993
-0.052438
-0.034237
-0.050356
-0.037124
-0.049190
-0.039771
-0.048773
-0.042262
-0.048969
-0.044648
-0.049657
-0.046963
-0.050734
-0.049225
-0.052107
-0.051440
-0.053691
-0.053606
-0.055413
-0.055713
-0.057209
-0.057751
-0.059025
-0.059703
-0.060813
-0.061555
-0.062540
-0.063295
-0.064176
-0.064912
-0.065704
-0.066400
-0.067112
-0.067756
-0.068393
-0.068980
-0.069549
-0.070077
-0.070582
-0.071053
-0.071500
-0.071917
-0.072310
-0.072679
-0.073024
-0.073349
-0.073650
-0.073937
-0.074200
-0.074455
-0.074682
-0.074911
-0.075106
-0.075316
-0.075480
-0.075679
-0.075809
-0.076006
-0.076100
-0.076307
-0.076357
-0.076589
-0.076582
-0.076859
-0.076779
-0.077125
-0.076948
-0.077393
-0.077089
-0.077673
-0.077200
-0.077972
-0.077281
-0.078298
-0.077328
-0.078661
-0.077338
-0.079070
-0.077306
-0.079536
-0.077228
-0.080074
-0.077093
-0.080697
-0.076891
-0.081428
-0.076606
-0.082291
-0.076215
-0.083324
-0.084499
-0.009220
-0.073296
-0.016287
-0.064884
-0.021799
-0.058652
-0.026237
-0.054145
-0.029942
-0.051022
-0.033155
-0.049023
-0.036045
-0.047948
-0.038727
-0.047631
-0.041278
-0.047938
-0.043750
-0.048751
-0.046171
-0.049963
-0.048557
-0.051481
-0.050911
-0.053219
-0.053226
-0.055100
-0.055489
-0.057058
-0.057684
-0.059032
-0.059791
-0.060975
-0.061792
-0.062846
-0.063671
-0.064616
-0.065415
-0.066264
-0.067014
-0.067775
-0.068465
-0.069143
-0.069767
-0.070368
-0.070925
-0.071454
-0.071945
-0.072407
-0.072838
-0.073239
-0.073613
-0.073960
-0.074284
-0.074582
-0.074862
-0.075116
-0.075360
-0.075574
-0.075788
-0.075967
-0.076159
-0.076303
-0.076481
-0.076591
-0.076765
-0.076837
-0.077020
-0.077047
-0.077254
-0.077226
-0.077475
-0.077375
-0.077692
-0.077498
-0.077913
-0.077593
-0.078145
-0.077661
-0.078396
-0.077701
-0.078677
-0.077710
-0.078994
-0.077685
-0.079358
-0.077623
-0.079780
-0.077517
-0.080272
-0.077360
-0.080848
-0.077142
-0.081528
-0.076847
-0.082336
-0.076456
-0.083304
-0.084570
-0.009398
-0.073427
-0.016582
-0.065083
-0.022172
-0.058916
-0.026661
-0.054465
-0.030400
-0.051387
-0.033633
-0.049421
-0.036530
-0.048365
-0.039208
-0.048055
-0.041746
-0.048357
-0.044194
-0.049151
-0.046583
-0.050334
-0.048927
-0.051812
-0.051230
-0.053499
-0.053486
-0.055322
-0.055683
-0.057212
-0.057806
-0.059114
-0.059837
-0.060980
-0.061759
-0.062772
-0.063558
-0.064462
-0.065222
-0.066032
-0.066745
-0.067468
-0.068123
-0.068768
-0.069360
-0.069931
-0.070460
-0.070963
-0.071432
-0.071873
-0.072284
-0.072670
-0.073030
-0.073365
-0.073680
-0.073971
-0.074247
-0.074499
-0.074742
-0.074958
-0.075175
-0.075359
-0.075557
-0.075710
-0.075897
-0.076017
-0.076203
-0.076287
-0.076483
-0.076525
-0.076745
-0.076733
-0.076996
-0.076913
-0.077243
-0.077067
-0.077494
-0.077194
-0.077757
-0.077293
-0.078038
-0.077364
-0.078347
-0.077402
-0.078692
-0.077406
-0.079083
-0.077369
-0.079530
-0.077288
-0.080045
-0.077153
-0.080645
-0.076953
-0.081349
-0.076674
-0.082182
-0.076292
-0.083178
-0.082507
-0.009032
-0.071566
-0.015961
-0.063371
-0.021377
-0.057325
-0.025754
-0.052979
-0.029427
-0.049999
-0.032633
-0.048131
-0.035537
-0.047177
-0.038251
-0.046977
-0.040850
-0.047396
-0.043382
-0.048318
-0.045875
-0.049636
-0.048339
-0.051258
-0.050775
-0.053094
-0.053173
-0.055069
-0.055516
-0.057110
-0.057784
-0.059159
-0.059957
-0.061165
-0.062012
-0.063086
-0.063933
-0.064893
-0.065706
-0.066564
-0.067323
-0.068087
-0.068780
-0.069457
-0.070079
-0.070675
-0.071226
-0.071747
-0.072229
-0.072682
-0.073101
-0.073491
-0.073853
-0.074188
-0.074500
-0.074785
-0.075054
-0.075296
-0.075528
-0.075731
-0.075934
-0.076102
-0.076284
-0.076419
-0.076587
-0.076689
-0.076854
-0.076920
-0.077093
-0.077117
-0.077313
-0.077283
-0.077522
-0.077422
-0.077726
-0.077536
-0.077935
-0.077625
-0.078156
-0.077687
-0.078396
-0.077723
-0.078665
-0.077729
-0.078969
-0.077703
-0.079320
-0.077641
-0.079726
-0.077538
-0.080200
-0.077385
-0.080756
-0.077173
-0.081413
-0.076888
-0.082193
-0.076509
-0.083129
-0.081814
-0.009095
-0.071015
-0.016063
-0.062956
-0.021505
-0.057030
-0.025901
-0.052790
-0.029590
-0.049900
-0.032810
-0.048107
-0.035725
-0.047214
-0.038448
-0.047063
-0.041055
-0.047520
-0.043591
-0.048468
-0.046084
-0.049803
-0.048545
-0.051431
-0.050972
-0.053266
-0.053354
-0.055228
-0.055675
-0.057249
-0.057915
-0.059268
-0.060051
-0.061236
-0.062064
-0.063113
-0.063937
-0.064871
-0.065658
-0.066489
-0.067220
-0.067956
-0.068621
-0.069271
-0.069866
-0.070436
-0.070961
-0.071458
-0.071918
-0.072349
-0.072749
-0.073121
-0.073467
-0.073788
-0.074087
-0.074362
-0.074621
-0.074856
-0.075083
-0.075283
-0.075484
-0.075652
-0.075835
-0.075973
-0.076144
-0.076252
-0.076422
-0.076496
-0.076676
-0.076709
-0.076913
-0.076895
-0.077140
-0.077055
-0.077365
-0.077191
-0.077595
-0.077303
-0.077836
-0.077389
-0.078097
-0.077448
-0.078385
-0.077478
-0.078707
-0.077475
-0.079074
-0.077434
-0.079495
-0.077351
-0.079983
-0.077218
-0.080551
-0.077024
-0.081218
-0.076754
-0.082009
-0.076388
-0.082956
-0.079545
-0.008746
-0.068990
-0.015467
-0.061118
-0.020740
-0.055346
-0.025026
-0.051239
-0.028651
-0.048471
-0.031847
-0.046797
-0.034771
-0.046024
-0.037534
-0.045997
-0.040205
-0.046584
-0.042830
-0.047670
-0.045430
-0.049150
-0.048015
-0.050928
-0.050576
-0.052915
-0.053101
-0.055030
-0.055566
-0.057201
-0.057948
-0.059363
-0.060219
-0.061464
-0.062356
-0.063461
-0.064340
-0.065322
-0.066156
-0.067028
-0.067797
-0.068567
-0.069262
-0.069937
-0.070554
-0.071142
-0.071682
-0.072190
-0.072658
-0.073094
-0.073496
-0.073868
-0.074212
-0.074528
-0.074821
-0.075088
-0.075337
-0.075561
-0.075775
-0.075962
-0.076148
-0.076301
-0.076467
-0.076589
-0.076743
-0.076833
-0.076984
-0.077041
-0.077201
-0.077217
-0.077400
-0.077367
-0.077589
-0.077491
-0.077776
-0.077592
-0.077968
-0.077670
-0.078172
-0.077725
-0.078396
-0.077754
-0.078647
-0.077757
-0.078933
-0.077729
-0.079263
-0.077668
-0.079646
-0.077567
-0.080094
-0.077420
-0.080621
-0.077218
-0.081244
-0.076945
-0.081984
-0.076585
-0.082873
-0.078171
-0.008709
-0.067834
-0.015400
-0.060158
-0.020653
-0.054557
-0.024928
-0.050598
-0.028553
-0.047960
-0.031756
-0.046398
-0.034695
-0.045724
-0.037479
-0.045782
-0.040176
-0.046445
-0.042829
-0.047598
-0.045461
-0.049136
-0.048076
-0.050963
-0.050666
-0.052991
-0.053215
-0.055138
-0.055698
-0.057329
-0.058090
-0.059500
-0.060361
-0.061599
-0.062489
-0.063583
-0.064453
-0.065421
-0.066240
-0.067094
-0.067845
-0.068594
-0.069267
-0.069919
-0.070513
-0.071077
-0.071594
-0.072079
-0.072524
-0.072938
-0.073319
-0.073672
-0.073997
-0.074295
-0.074572
-0.074825
-0.075062
-0.075275
-0.075480
-0.075659
-0.075838
-0.075987
-0.076148
-0.076269
-0.076421
-0.076513
-0.076664
-0.076724
-0.076885
-0.076909
-0.077092
-0.077068
-0.077292
-0.077206
-0.077491
-0.077321
-0.077695
-0.077416
-0.077912
-0.077487
-0.078148
-0.077534
-0.078410
-0.077555
-0.078706
-0.077545
-0.079044
-0.077502
-0.079434
-0.077419
-0.079886
-0.077289
-0.080414
-0.077104
-0.081036
-0.076847
-0.081774
-0.076501
-0.082659
-0.075615
-0.008361
-0.065572
-0.014804
-0.058128
-0.019885
-0.052718
-0.024049
-0.048925
-0.027611
-0.046437
-0.030791
-0.045019
-0.033743
-0.044485
-0.036570
-0.044688
-0.039339
-0.045499
-0.042089
-0.046806
-0.044838
-0.048504
-0.047586
-0.050495
-0.050320
-0.052688
-0.053020
-0.054998
-0.055653
-0.057345
-0.058190
-0.059662
-0.060596
-0.061892
-0.062844
-0.063990
-0.064912
-0.065923
-0.066784
-0.067672
-0.068454
-0.069229
-0.069924
-0.070594
-0.071202
-0.071776
-0.072300
-0.072788
-0.073235
-0.073647
-0.074025
-0.074372
-0.074689
-0.074979
-0.075245
-0.075486
-0.075710
-0.075910
-0.076100
-0.076264
-0.076427
-0.076560
-0.076705
-0.076809
-0.076943
-0.077019
-0.077151
-0.077196
-0.077338
-0.077346
-0.077510
-0.077473
-0.077675
-0.077578
-0.077839
-0.077663
-0.078009
-0.077727
-0.078192
-0.077772
-0.078394
-0.077793
-0.078622
-0.077791
-0.078884
-0.077761
-0.079188
-0.077701
-0.079542
-0.077604
-0.079957
-0.077465
-0.080445
-0.077275
-0.081023
-0.077019
-0.081712
-0.076682
-0.082539
-0.073616
-0.008236
-0.063863
-0.014587
-0.056670
-0.019606
-0.051478
-0.023731
-0.047873
-0.027276
-0.045550
-0.030457
-0.044277
-0.033426
-0.043875
-0.036284
-0.044197
-0.039095
-0.045119
-0.041896
-0.046529
-0.044703
-0.048323
-0.047515
-0.050405
-0.050314
-0.052680
-0.053075
-0.055061
-0.055765
-0.057468
-0.058348
-0.059831
-0.060789
-0.062092
-0.063058
-0.064205
-0.065131
-0.066138
-0.066994
-0.067872
-0.068643
-0.069402
-0.070081
-0.070731
-0.071318
-0.071870
-0.072371
-0.072836
-0.073259
-0.073648
-0.074003
-0.074327
-0.074623
-0.074893
-0.075140
-0.075363
-0.075571
-0.075756
-0.075932
-0.076084
-0.076237
-0.076362
-0.076498
-0.076597
-0.076725
-0.076798
-0.076926
-0.076972
-0.077110
-0.077122
-0.077283
-0.077252
-0.077450
-0.077363
-0.077619
-0.077456
-0.077795
-0.077531
-0.077983
-0.077587
-0.078190
-0.077621
-0.078423
-0.077632
-0.078688
-0.077616
-0.078992
-0.077570
-0.079345
-0.077489
-0.079756
-0.077366
-0.080237
-0.077191
-0.080805
-0.076953
-0.081480
-0.076632
-0.082291
-0.070714
-0.007876
-0.061311
-0.013969
-0.054398
-0.018810
-0.049438
-0.022819
-0.046034
-0.026298
-0.043891
-0.029458
-0.042788
-0.032444
-0.042552
-0.035352
-0.043041
-0.038244
-0.044134
-0.041154
-0.045721
-0.044093
-0.047698
-0.047054
-0.049965
-0.050014
-0.052425
-0.052942
-0.054986
-0.055796
-0.057564
-0.058535
-0.060082
-0.061117
-0.062478
-0.063507
-0.064703
-0.065678
-0.066724
-0.067617
-0.068523
-0.069318
-0.070095
-0.070788
-0.071447
-0.072039
-0.072592
-0.073091
-0.073551
-0.073967
-0.074347
-0.074691
-0.075002
-0.075285
-0.075539
-0.075771
-0.075978
-0.076169
-0.076337
-0.076495
-0.076631
-0.076766
-0.076873
-0.076991
-0.077074
-0.077184
-0.077241
-0.077351
-0.077382
-0.077501
-0.077500
-0.077640
-0.077599
-0.077775
-0.077680
-0.077912
-0.077746
-0.078056
-0.077795
-0.078213
-0.077826
-0.078390
-0.077839
-0.078591
-0.077831
-0.078824
-0.077799
-0.079096
-0.077740
-0.079414
-0.077648
-0.079789
-0.077519
-0.080230
-0.077343
-0.080755
-0.077108
-0.081380
-0.076799
-0.082132
-0.068127
-0.007672
-0.059084
-0.013616
-0.052476
-0.018354
-0.047776
-0.022298
-0.044597
-0.025744
-0.042651
-0.028898
-0.041724
-0.031900
-0.041648
-0.034846
-0.042287
-0.037794
-0.043523
-0.040776
-0.045248
-0.043800
-0.047358
-0.046856
-0.049754
-0.049916
-0.052336
-0.052943
-0.055010
-0.055891
-0.057687
-0.058713
-0.060287
-0.061363
-0.062746
-0.063802
-0.065013
-0.066004
-0.067055
-0.067952
-0.068854
-0.069644
-0.070409
-0.071088
-0.071729
-0.072302
-0.072833
-0.073309
-0.073744
-0.074135
-0.074488
-0.074806
-0.075092
-0.075350
-0.075581
-0.075790
-0.075976
-0.076146
-0.076296
-0.076437
-0.076558
-0.076678
-0.076773
-0.076880
-0.076953
-0.077053
-0.077105
-0.077207
-0.077235
-0.077347
-0.077347
-0.077481
-0.077443
-0.077613
-0.077526
-0.077748
-0.077594
-0.077891
-0.077648
-0.078048
-0.077687
-0.078224
-0.077708
-0.078424
-0.077709
-0.078654
-0.077688
-0.078920
-0.077641
-0.079231
-0.077562
-0.079595
-0.077447
-0.080022
-0.077287
-0.080528
-0.077069
-0.081131
-0.076778
-0.081855
-0.064836
-0.007291
-0.056203
-0.012961
-0.049926
-0.017508
-0.045501
-0.021328
-0.042557
-0.024705
-0.040823
-0.027836
-0.040094
-0.030858
-0.040211
-0.033863
-0.041043
-0.036905
-0.042477
-0.040013
-0.044407
-0.043190
-0.046729
-0.046419
-0.049341
-0.049666
-0.052137
-0.052885
-0.055018
-0.056021
-0.057888
-0.059016
-0.060660
-0.061819
-0.063263
-0.064384
-0.065644
-0.066681
-0.067767
-0.068695
-0.069618
-0.070423
-0.071197
-0.071880
-0.072519
-0.073087
-0.073607
-0.074071
-0.074490
-0.074864
-0.075198
-0.075497
-0.075762
-0.075998
-0.076207
-0.076395
-0.076559
-0.076708
-0.076837
-0.076957
-0.077058
-0.077157
-0.077234
-0.077321
-0.077377
-0.077458
-0.077495
-0.077577
-0.077592
-0.077685
-0.077673
-0.077786
-0.077740
-0.077887
-0.077795
-0.077993
-0.077838
-0.078107
-0.077869
-0.078235
-0.077887
-0.078382
-0.077890
-0.078552
-0.077875
-0.078752
-0.077841
-0.078987
-0.077783
-0.079265
-0.077698
-0.079592
-0.077580
-0.079980
-0.077421
-0.080442
-0.077211
-0.080993
-0.076935
-0.081658
-0.061685
-0.007013
-0.053481
-0.012480
-0.047562
-0.016886
-0.043438
-0.020615
-0.040753
-0.023941
-0.039245
-0.027056
-0.038718
-0.030093
-0.039021
-0.033140
-0.040030
-0.036250
-0.041636
-0.039449
-0.043736
-0.042736
-0.046227
-0.046090
-0.049007
-0.049473
-0.051967
-0.052830
-0.055002
-0.056100
-0.058012
-0.059217
-0.060904
-0.062122
-0.063603
-0.064766
-0.066052
-0.067115
-0.068215
-0.069153
-0.070079
-0.070883
-0.071647
-0.072318
-0.072940
-0.073487
-0.073984
-0.074423
-0.074814
-0.075160
-0.075465
-0.075735
-0.075971
-0.076179
-0.076360
-0.076521
-0.076660
-0.076786
-0.076892
-0.076992
-0.077073
-0.077155
-0.077217
-0.077288
-0.077333
-0.077401
-0.077429
-0.077501
-0.077510
-0.077593
-0.077580
-0.077684
-0.077639
-0.077776
-0.077690
-0.077875
-0.077732
-0.077984
-0.077765
-0.078107
-0.077785
-0.078248
-0.077793
-0.078412
-0.077785
-0.078604
-0.077759
-0.078829
-0.077711
-0.079093
-0.077637
-0.079404
-0.077532
-0.079772
-0.077389
-0.080208
-0.077196
-0.080729
-0.076940
-0.081357
-0.057974
-0.006603
-0.050244
-0.011773
-0.044707
-0.015972
-0.040900
-0.019566
-0.038487
-0.022816
-0.037222
-0.025907
-0.036921
-0.028968
-0.037444
-0.032083
-0.038675
-0.035303
-0.040511
-0.038649
-0.042850
-0.042117
-0.045591
-0.045678
-0.048626
-0.049283
-0.051841
-0.052869
-0.055122
-0.056360
-0.058357
-0.059679
-0.061446
-0.062756
-0.064303
-0.065534
-0.066869
-0.067977
-0.069107
-0.070068
-0.071005
-0.071814
-0.072575
-0.073237
-0.073842
-0.074370
-0.074842
-0.075255
-0.075617
-0.075934
-0.076207
-0.076446
-0.076651
-0.076829
-0.076980
-0.077112
-0.077223
-0.077321
-0.077403
-0.077477
-0.077536
-0.077595
-0.077636
-0.077686
-0.077712
-0.077760
-0.077772
-0.077825
-0.077820
-0.077884
-0.077860
-0.077944
-0.077892
-0.078007
-0.077918
-0.078078
-0.077937
-0.078159
-0.077949
-0.078255
-0.077952
-0.078370
-0.077944
-0.078506
-0.077923
-0.078669
-0.077886
-0.078863
-0.077831
-0.079095
-0.077753
-0.079370
-0.077648
-0.079698
-0.077508
-0.080089
-0.077326
-0.080558
-0.077087
-0.081125
-0.054279
-0.006255
-0.047046
-0.011172
-0.041918
-0.015192
-0.038452
-0.018666
-0.036327
-0.021845
-0.035311
-0.024907
-0.035234
-0.027976
-0.035964
-0.031135
-0.037395
-0.034432
-0.039428
-0.037885
-0.041968
-0.041487
-0.044913
-0.045205
-0.048156
-0.048984
-0.051578
-0.052749
-0.055059
-0.056417
-0.058479
-0.059899
-0.061728
-0.063115
-0.064716
-0.066003
-0.067376
-0.068520
-0.069672
-0.070651
-0.071595
-0.072405
-0.073158
-0.073807
-0.074393
-0.074900
-0.075345
-0.075730
-0.076060
-0.076345
-0.076585
-0.076791
-0.076962
-0.077108
-0.077227
-0.077329
-0.077411
-0.077482
-0.077537
-0.077587
-0.077624
-0.077662
-0.077685
-0.077717
-0.077729
-0.077762
-0.077763
-0.077802
-0.077791
-0.077843
-0.077815
-0.077887
-0.077836
-0.077938
-0.077854
-0.077998
-0.077869
-0.078070
-0.077878
-0.078157
-0.077881
-0.078262
-0.077875
-0.078388
-0.077859
-0.078539
-0.077828
-0.078719
-0.077781
-0.078933
-0.077713
-0.079187
-0.077620
-0.079490
-0.077496
-0.079850
-0.077331
-0.080282
-0.077114
-0.080803
-0.050129
-0.005809
-0.043434
-0.010402
-0.038741
-0.014195
-0.035633
-0.017518
-0.033814
-0.020613
-0.033071
-0.023648
-0.033247
-0.026745
-0.034225
-0.029982
-0.035909
-0.033407
-0.038207
-0.037035
-0.041028
-0.040854
-0.044271
-0.044823
-0.047822
-0.048875
-0.051554
-0.052920
-0.055333
-0.056857
-0.059025
-0.060582
-0.062506
-0.063998
-0.065673
-0.067032
-0.068455
-0.069639
-0.070815
-0.071806
-0.072748
-0.073548
-0.074280
-0.074902
-0.075453
-0.075922
-0.076323
-0.076664
-0.076947
-0.077186
-0.077379
-0.077541
-0.077667
-0.077772
-0.077851
-0.077915
-0.077962
-0.078000
-0.078024
-0.078045
-0.078055
-0.078067
-0.078067
-0.078076
-0.078069
-0.078081
-0.078066
-0.078085
-0.078060
-0.078093
-0.078055
-0.078107
-0.078050
-0.078130
-0.078045
-0.078164
-0.078039
-0.078211
-0.078031
-0.078273
-0.078018
-0.078352
-0.077999
-0.078452
-0.077971
-0.078575
-0.077933
-0.078725
-0.077881
-0.078907
-0.077811
-0.079125
-0.077721
-0.079387
-0.077603
-0.079702
-0.077451
-0.080080
-0.077253
-0.080539
-0.045905
-0.005395
-0.039776
-0.009683
-0.035540
-0.013258
-0.032808
-0.016432
-0.031302
-0.019431
-0.030827
-0.022421
-0.031243
-0.025515
-0.032443
-0.028791
-0.034342
-0.032296
-0.036859
-0.036044
-0.039907
-0.040020
-0.043389
-0.044178
-0.047189
-0.048443
-0.051176
-0.052714
-0.055206
-0.056877
-0.059133
-0.060812
-0.062821
-0.064410
-0.066157
-0.067587
-0.069062
-0.070292
-0.071498
-0.072511
-0.073463
-0.074264
-0.074988
-0.075597
-0.076125
-0.076568
-0.076938
-0.077246
-0.077492
-0.077695
-0.077849
-0.077974
-0.078061
-0.078130
-0.078173
-0.078203
-0.078217
-0.078224
-0.078220
-0.078214
-0.078199
-0.078188
-0.078168
-0.078157
-0.078133
-0.078127
-0.078100
-0.078104
-0.078071
-0.078089
-0.078048
-0.078085
-0.078028
-0.078093
-0.078013
-0.078113
-0.078000
-0.078148
-0.077987
-0.078198
-0.077972
-0.078265
-0.077954
-0.078352
-0.077929
-0.078460
-0.077895
-0.078592
-0.077849
-0.078753
-0.077789
-0.078947
-0.077710
-0.079179
-0.077608
-0.079458
-0.077474
-0.079794
-0.077300
-0.080201
-0.041307
-0.004908
-0.035783
-0.008842
-0.032032
-0.012165
-0.029698
-0.015171
-0.028529
-0.018074
-0.028352
-0.021031
-0.029046
-0.024153
-0.030521
-0.027519
-0.032705
-0.031174
-0.035527
-0.035131
-0.038906
-0.039372
-0.042746
-0.043840
-0.046924
-0.048446
-0.051295
-0.053070
-0.055698
-0.057571
-0.059963
-0.061806
-0.063932
-0.065642
-0.067477
-0.068983
-0.070508
-0.071771
-0.072990
-0.073999
-0.074930
-0.075698
-0.076376
-0.076932
-0.077398
-0.077777
-0.078076
-0.078317
-0.078491
-0.078628
-0.078714
-0.078778
-0.078805
-0.078819
-0.078809
-0.078792
-0.078762
-0.078728
-0.078687
-0.078647
-0.078602
-0.078562
-0.078516
-0.078481
-0.078437
-0.078409
-0.078365
-0.078349
-0.078304
-0.078303
-0.078252
-0.078270
-0.078209
-0.078252
-0.078172
-0.078248
-0.078140
-0.078258
-0.078111
-0.078285
-0.078083
-0.078328
-0.078053
-0.078389
-0.078020
-0.078470
-0.077980
-0.078574
-0.077932
-0.078703
-0.077872
-0.078861
-0.077798
-0.079052
-0.077704
-0.079285
-0.077585
-0.079566
-0.077432
-0.079910
-0.036574
-0.004429
-0.031682
-0.008006
-0.028435
-0.011071
-0.026505
-0.013893
-0.025668
-0.016673
-0.025771
-0.019560
-0.026711
-0.022662
-0.028414
-0.026055
-0.030822
-0.029787
-0.033875
-0.033870
-0.037503
-0.038286
-0.041614
-0.042975
-0.046084
-0.047838
-0.050763
-0.052741
-0.055475
-0.057527
-0.060036
-0.062029
-0.064267
-0.066097
-0.068025
-0.069618
-0.071211
-0.072528
-0.073785
-0.074819
-0.075761
-0.076530
-0.077196
-0.077734
-0.078172
-0.078521
-0.078782
-0.078985
-0.079115
-0.079211
-0.079252
-0.079275
-0.079258
-0.079233
-0.079183
-0.079130
-0.079063
-0.078997
-0.078925
-0.078855
-0.078784
-0.078719
-0.078652
-0.078594
-0.078533
-0.078487
-0.078430
-0.078398
-0.078343
-0.078327
-0.078271
-0.078274
-0.078212
-0.078238
-0.078163
-0.078219
-0.078123
-0.078215
-0.078088
-0.078228
-0.078057
-0.078257
-0.078026
-0.078303
-0.077994
-0.078367
-0.077958
-0.078450
-0.077915
-0.078556
-0.077864
-0.078686
-0.077801
-0.078844
-0.077722
-0.079037
-0.077622
-0.079272
-0.077494
-0.079559
-0.031532
-0.003898
-0.027310
-0.007086
-0.024596
-0.009871
-0.023099
-0.012504
-0.022625
-0.015172
-0.023048
-0.018017
-0.024286
-0.021147
-0.026288
-0.024640
-0.029012
-0.028546
-0.032415
-0.032880
-0.036434
-0.037621
-0.040978
-0.042698
-0.045919
-0.047997
-0.051085
-0.053354
-0.056274
-0.058576
-0.061266
-0.063460
-0.065850
-0.067822
-0.069855
-0.071528
-0.073170
-0.074508
-0.075760
-0.076764
-0.077656
-0.078357
-0.078941
-0.079388
-0.079726
-0.079974
-0.080128
-0.080230
-0.080258
-0.080260
-0.080208
-0.080147
-0.080050
-0.079954
-0.079836
-0.079724
-0.079603
-0.079489
-0.079373
-0.079265
-0.079159
-0.079062
-0.078968
-0.078884
-0.078802
-0.078733
-0.078660
-0.078608
-0.078542
-0.078507
-0.078443
-0.078427
-0.078361
-0.078367
-0.078294
-0.078325
-0.078237
-0.078299
-0.078188
-0.078290
-0.078145
-0.078296
-0.078106
-0.078318
-0.078067
-0.078357
-0.078027
-0.078412
-0.077984
-0.078486
-0.077935
-0.078580
-0.077878
-0.078698
-0.077809
-0.078844
-0.077726
-0.079024
-0.077621
-0.079245
-0.026315
-0.003354
-0.022788
-0.006135
-0.020618
-0.008618
-0.019549
-0.011028
-0.019417
-0.013538
-0.020120
-0.016281
-0.021599
-0.019361
-0.023821
-0.022858
-0.026764
-0.026826
-0.030400
-0.031284
-0.034681
-0.036212
-0.039524
-0.041540
-0.044801
-0.047144
-0.050335
-0.052843
-0.055905
-0.058421
-0.061267
-0.063645
-0.066183
-0.068301
-0.070455
-0.072232
-0.073959
-0.075359
-0.076656
-0.077685
-0.078587
-0.079284
-0.079850
-0.080272
-0.080574
-0.080784
-0.080892
-0.080951
-0.080927
-0.080885
-0.080781
-0.080677
-0.080531
-0.080395
-0.080234
-0.080085
-0.079925
-0.079778
-0.079630
-0.079493
-0.079360
-0.079237
-0.079121
-0.079016
-0.078916
-0.078829
-0.078743
-0.078673
-0.078598
-0.078547
-0.078479
-0.078446
-0.078381
-0.078368
-0.078301
-0.078310
-0.078235
-0.078270
-0.078180
-0.078246
-0.078133
-0.078237
-0.078091
-0.078242
-0.078053
-0.078262
-0.078016
-0.078295
-0.077978
-0.078344
-0.077937
-0.078408
-0.077892
-0.078491
-0.077839
-0.078595
-0.077774
-0.078725
-0.077695
-0.078886
-0.020844
-0.002777
-0.018052
-0.005130
-0.016458
-0.007304
-0.015852
-0.009499
-0.016102
-0.011876
-0.017138
-0.014563
-0.018929
-0.017666
-0.021469
-0.021271
-0.024758
-0.025439
-0.028791
-0.030198
-0.033532
-0.035527
-0.038906
-0.041349
-0.044776
-0.047516
-0.050940
-0.053813
-0.057135
-0.059970
-0.063064
-0.065694
-0.068433
-0.070723
-0.073005
-0.074865
-0.076637
-0.078035
-0.079299
-0.080256
-0.081063
-0.081639
-0.082069
-0.082346
-0.082491
-0.082550
-0.082500
-0.082414
-0.082245
-0.082074
-0.081842
-0.081629
-0.081377
-0.081151
-0.080904
-0.080684
-0.080458
-0.080255
-0.080056
-0.079875
-0.079704
-0.079548
-0.079403
-0.079271
-0.079149
-0.079040
-0.078938
-0.078850
-0.078764
-0.078695
-0.078620
-0.078570
-0.078502
-0.078470
-0.078405
-0.078391
-0.078325
-0.078331
-0.078259
-0.078287
-0.078202
-0.078257
-0.078154
-0.078240
-0.078111
-0.078234
-0.078072
-0.078241
-0.078034
-0.078258
-0.077997
-0.078288
-0.077959
-0.078330
-0.077918
-0.078387
-0.077871
-0.078461
-0.077816
-0.078556
-0.015178
-0.002169
-0.013139
-0.004063
-0.012122
-0.005887
-0.011957
-0.007816
-0.012547
-0.009991
-0.013850
-0.012532
-0.015861
-0.015542
-0.018597
-0.019113
-0.022082
-0.023311
-0.026331
-0.028174
-0.031333
-0.033692
-0.037024
-0.039790
-0.043275
-0.046315
-0.049876
-0.053032
-0.056542
-0.059637
-0.062939
-0.065796
-0.068730
-0.071200
-0.073639
-0.075622
-0.077499
-0.078964
-0.080279
-0.081255
-0.082067
-0.082628
-0.083030
-0.083270
-0.083367
-0.083380
-0.083273
-0.083138
-0.082910
-0.082692
-0.082406
-0.082148
-0.081847
-0.081581
-0.081291
-0.081036
-0.080772
-0.080538
-0.080308
-0.080100
-0.079903
-0.079723
-0.079557
-0.079405
-0.079267
-0.079140
-0.079026
-0.078921
-0.078827
-0.078742
-0.078663
-0.078597
-0.078530
-0.078480
-0.078421
-0.078386
-0.078332
-0.078311
-0.078259
-0.078251
-0.078198
-0.078205
-0.078148
-0.078171
-0.078106
-0.078146
-0.078069
-0.078129
-0.078037
-0.078121
-0.078008
-0.078119
-0.077981
-0.078125
-0.077955
-0.078138
-0.077928
-0.078160
-0.077899
-0.078193
-0.009314
-0.001545
-0.008067
-0.002972
-0.007664
-0.004454
-0.007981
-0.006138
-0.008963
-0.008153
-0.010603
-0.010616
-0.012929
-0.013638
-0.015991
-0.017319
-0.019846
-0.021743
-0.024540
-0.026961
-0.030084
-0.032974
-0.036428
-0.039703
-0.043436
-0.046971
-0.050865
-0.054491
-0.058371
-0.061883
-0.065534
-0.068720
-0.071929
-0.074609
-0.077211
-0.079273
-0.081186
-0.082606
-0.083843
-0.084678
-0.085324
-0.085684
-0.085869
-0.085882
-0.085746
-0.085534
-0.085201
-0.084863
-0.084433
-0.084041
-0.083584
-0.083185
-0.082747
-0.082370
-0.081974
-0.081634
-0.081291
-0.080994
-0.080705
-0.080450
-0.080211
-0.079996
-0.079800
-0.079621
-0.079463
-0.079314
-0.079186
-0.079063
-0.078960
-0.078859
-0.078776
-0.078693
-0.078625
-0.078556
-0.078502
-0.078444
-0.078402
-0.078352
-0.078319
-0.078274
-0.078252
-0.078209
-0.078196
-0.078153
-0.078150
-0.078105
-0.078113
-0.078062
-0.078083
-0.078024
-0.078059
-0.077988
-0.078041
-0.077953
-0.078028
-0.077920
-0.078019
-0.077886
-0.078016
-0.077852
-0.003247
-0.000875
-0.002805
-0.001790
-0.003003
-0.002872
-0.003763
-0.004238
-0.005069
-0.005997
-0.006945
-0.008255
-0.009448
-0.011123
-0.012657
-0.014707
-0.016658
-0.019105
-0.021526
-0.024387
-0.027304
-0.030570
-0.033968
-0.037590
-0.041398
-0.045271
-0.049346
-0.053307
-0.057440
-0.061273
-0.065207
-0.068677
-0.072151
-0.075053
-0.077861
-0.080067
-0.082109
-0.083595
-0.084882
-0.085721
-0.086358
-0.086683
-0.086821
-0.086781
-0.086580
-0.086312
-0.085910
-0.085520
-0.085026
-0.084589
-0.084075
-0.083638
-0.083151
-0.082743
-0.082306
-0.081938
-0.081562
-0.081240
-0.080923
-0.080646
-0.080385
-0.080151
-0.079938
-0.079741
-0.079569
-0.079405
-0.079267
-0.079130
-0.079020
-0.078905
-0.078818
-0.078720
-0.078654
-0.078568
-0.078521
-0.078442
-0.078412
-0.078335
-0.078324
-0.078243
-0.078253
-0.078162
-0.078196
-0.078089
-0.078150
-0.078021
-0.078116
-0.077955
-0.078091
-0.077890
-0.078075
-0.077823
-0.078068
-0.077751
-0.078070
-0.077673
-0.078082
-0.077587
-0.078104
-0.077489
0.002958
-0.000206
0.002558
-0.000615
0.001719
-0.001317
0.000466
-0.002403
-0.001228
-0.003969
-0.003430
-0.006120
-0.006237
-0.008975
-0.009767
-0.012662
-0.014150
-0.017303
-0.019505
-0.022998
-0.025913
-0.029788
-0.033380
-0.037618
-0.041784
-0.046287
-0.050842
-0.055424
-0.060092
-0.064488
-0.068925
-0.072838
-0.076700
-0.079867
-0.082886
-0.085157
-0.087212
-0.088579
-0.089709
-0.090295
-0.090656
-0.090654
-0.090456
-0.090071
-0.089525
-0.088933
-0.088212
-0.087541
-0.086773
-0.086107
-0.085371
-0.084756
-0.084096
-0.083554
-0.082989
-0.082523
-0.082054
-0.081662
-0.081281
-0.080955
-0.080649
-0.080380
-0.080137
-0.079915
-0.079723
-0.079540
-0.079389
-0.079237
-0.079120
-0.078991
-0.078902
-0.078789
-0.078724
-0.078621
-0.078580
-0.078480
-0.078463
-0.078358
-0.078368
-0.078251
-0.078292
-0.078153
-0.078231
-0.078060
-0.078185
-0.077970
-0.078151
-0.077880
-0.078129
-0.077785
-0.078119
-0.077684
-0.078121
-0.077574
-0.078137
-0.077450
-0.078167
-0.077309
-0.078216
-0.077145
0.009359
0.000522
0.008112
0.000679
0.006661
0.000428
0.004977
-0.000282
0.002992
-0.001524
0.000606
-0.003393
-0.002309
-0.006008
-0.005904
-0.009506
-0.010345
-0.014030
-0.015792
-0.019707
-0.022371
-0.026616
-0.030132
-0.034730
-0.038987
-0.043870
-0.048662
-0.053647
-0.058661
-0.063465
-0.068296
-0.072579
-0.076806
-0.080258
-0.083552
-0.085988
-0.088196
-0.089615
-0.090785
-0.091340
-0.091662
-0.091588
-0.091313
-0.090848
-0.090215
-0.089554
-0.088754
-0.088032
-0.087197
-0.086496
-0.085708
-0.085069
-0.084370
-0.083810
-0.083214
-0.082734
-0.082241
-0.081836
-0.081436
-0.081097
-0.080776
-0.080495
-0.080240
-0.080006
-0.079805
-0.079610
-0.079453
-0.079289
-0.079168
-0.079027
-0.078937
-0.078811
-0.078749
-0.078630
-0.078597
-0.078476
-0.078474
-0.078342
-0.078374
-0.078221
-0.078295
-0.078108
-0.078233
-0.077999
-0.078187
-0.077890
-0.078156
-0.077777
-0.078140
-0.077656
-0.078138
-0.077524
-0.078151
-0.077376
-0.078182
-0.077208
-0.078233
-0.077014
-0.078308
-0.076787
0.015830
0.001234
0.013703
0.001934
0.011596
0.002101
0.009424
0.001711
0.007068
0.000704
0.004384
-0.001014
0.001198
-0.003579
-0.002691
-0.007154
-0.007504
-0.011923
-0.013464
-0.018064
-0.020762
-0.025703
-0.029499
-0.034849
-0.039615
-0.045312
-0.050797
-0.056625
-0.062424
-0.068017
-0.073595
-0.078499
-0.083290
-0.087089
-0.090658
-0.093125
-0.095296
-0.096464
-0.097340
-0.097457
-0.097327
-0.096732
-0.095943
-0.094962
-0.093829
-0.092709
-0.091467
-0.090368
-0.089170
-0.088175
-0.087104
-0.086248
-0.085337
-0.084621
-0.083875
-0.083286
-0.082689
-0.082210
-0.081740
-0.081352
-0.080986
-0.080671
-0.080388
-0.080132
-0.079914
-0.079703
-0.079537
-0.079360
-0.079235
-0.079082
-0.078992
-0.078853
-0.078796
-0.078662
-0.078637
-0.078497
-0.078508
-0.078350
-0.078404
-0.078216
-0.078322
-0.078088
-0.078258
-0.077962
-0.078212
-0.077832
-0.078183
-0.077695
-0.078171
-0.077547
-0.078175
-0.077383
-0.078199
-0.077197
-0.078244
-0.076984
-0.078314
-0.076737
-0.078414
-0.076445
0.022474
0.002014
0.019474
0.003329
0.016757
0.004003
0.014182
0.004054
0.011589
0.003450
0.008798
0.002109
0.005604
-0.000099
0.001771
-0.003352
-0.002962
-0.007861
-0.008873
-0.013847
-0.016217
-0.021497
-0.025171
-0.030881
-0.035742
-0.041862
-0.047655
-0.053980
-0.060261
-0.066393
-0.072539
-0.077949
-0.083270
-0.087446
-0.091391
-0.094045
-0.096388
-0.097564
-0.098441
-0.098453
-0.098224
-0.097492
-0.096574
-0.095474
-0.094223
-0.093025
-0.091694
-0.090555
-0.089298
-0.088292
-0.087184
-0.086331
-0.085399
-0.084693
-0.083933
-0.083354
-0.082748
-0.082276
-0.081800
-0.081414
-0.081043
-0.080727
-0.080440
-0.080180
-0.079959
-0.079743
-0.079574
-0.079390
-0.079264
-0.079103
-0.079015
-0.078865
-0.078812
-0.078664
-0.078648
-0.078489
-0.078515
-0.078332
-0.078408
-0.078186
-0.078324
-0.078045
-0.078261
-0.077903
-0.078216
-0.077755
-0.078190
-0.077597
-0.078183
-0.077423
-0.078196
-0.077228
-0.078230
-0.077006
-0.078290
-0.076751
-0.078380
-0.076452
-0.078506
-0.076098
0.029112
0.002760
0.025208
0.004654
0.021836
0.005783
0.018792
0.006198
0.015864
0.005881
0.012824
0.004749
0.009418
0.002653
0.005351
-0.000622
0.000291
-0.005347
-0.006124
-0.011822
-0.014252
-0.020321
-0.024373
-0.031002
-0.036565
-0.043756
-0.050543
-0.058046
-0.065500
-0.072783
-0.080068
-0.086394
-0.092561
-0.097212
-0.101518
-0.104124
-0.106319
-0.107006
-0.107347
-0.106613
-0.105646
-0.104095
-0.102399
-0.100538
-0.098577
-0.096742
-0.094817
-0.093184
-0.091460
-0.090091
-0.088636
-0.087528
-0.086348
-0.085467
-0.084538
-0.083844
-0.083126
-0.082580
-0.082032
-0.081601
-0.081187
-0.080843
-0.080531
-0.080254
-0.080019
-0.079792
-0.079617
-0.079425
-0.079298
-0.079128
-0.079042
-0.078883
-0.078836
-0.078675
-0.078669
-0.078493
-0.078534
-0.078327
-0.078425
-0.078171
-0.078341
-0.078017
-0.078277
-0.077859
-0.078234
-0.077693
-0.078210
-0.077512
-0.078208
-0.077313
-0.078228
-0.077087
-0.078273
-0.076830
-0.078346
-0.076531
-0.078455
-0.076181
-0.078607
-0.075765
0.035886
0.003582
0.031098
0.006135
0.027135
0.007824
0.023734
0.008749
0.020642
0.008925
0.017598
0.008290
0.014319
0.006700
0.010479
0.003929
0.005702
-0.000325
-0.000440
-0.006422
-0.008396
-0.014732
-0.018565
-0.025525
-0.031158
-0.038813
-0.045992
-0.054122
-0.062266
-0.070300
-0.078446
-0.085512
-0.092487
-0.097673
-0.102510
-0.105313
-0.107676
-0.108257
-0.108496
-0.107507
-0.106323
-0.104517
-0.102609
-0.100572
-0.098457
-0.096541
-0.094529
-0.092886
-0.091127
-0.089792
-0.088333
-0.087276
-0.086108
-0.085279
-0.084366
-0.083717
-0.083015
-0.082502
-0.081968
-0.081559
-0.081154
-0.080824
-0.080519
-0.080248
-0.080019
-0.079793
-0.079622
-0.079428
-0.079305
-0.079130
-0.079048
-0.078882
-0.078841
-0.078669
-0.078672
-0.078480
-0.078536
-0.078306
-0.078426
-0.078140
-0.078341
-0.077974
-0.078278
-0.077802
-0.078237
-0.077619
-0.078217
-0.077418
-0.078221
-0.077194
-0.078248
-0.076940
-0.078304
-0.076648
-0.078392
-0.076308
-0.078520
-0.075909
-0.078697
-0.075433
0.042565
0.004352
0.036868
0.007510
0.032267
0.009690
0.028434
0.011025
0.025062
0.011549
0.021843
0.011199
0.018442
0.009811
0.014471
0.007115
0.009469
0.002729
0.002895
-0.003823
-0.005853
-0.013060
-0.017355
-0.025427
-0.031994
-0.041067
-0.049668
-0.059485
-0.069411
-0.079197
-0.089144
-0.097641
-0.105941
-0.111811
-0.117123
-0.119701
-0.121670
-0.121315
-0.120578
-0.118318
-0.115934
-0.112848
-0.109778
-0.106642
-0.103537
-0.100766
-0.097979
-0.095717
-0.093384
-0.091621
-0.089757
-0.088417
-0.086972
-0.085964
-0.084869
-0.084109
-0.083293
-0.082714
-0.082111
-0.081665
-0.081222
-0.080871
-0.080547
-0.080266
-0.080028
-0.079796
-0.079624
-0.079426
-0.079305
-0.079126
-0.079050
-0.078877
-0.078844
-0.078662
-0.078677
-0.078470
-0.078541
-0.078291
-0.078433
-0.078116
-0.078349
-0.077940
-0.078287
-0.077755
-0.078248
-0.077555
-0.078232
-0.077334
-0.078241
-0.077087
-0.078276
-0.076804
-0.078342
-0.076478
-0.078444
-0.076098
-0.078590
-0.075650
-0.078791
-0.075115
0.049326
0.005201
0.042756
0.009053
0.037600
0.011840
0.033472
0.013752
0.030026
0.014867
0.026930
0.015150
0.023827
0.014452
0.020308
0.012501
0.015872
0.008886
0.009906
0.003055
0.001693
-0.005642
-0.009531
-0.017849
-0.024390
-0.033948
-0.043024
-0.053652
-0.064590
-0.075485
-0.086811
-0.096488
-0.106110
-0.112806
-0.118895
-0.121643
-0.123693
-0.122962
-0.121870
-0.119050
-0.116217
-0.112677
-0.109263
-0.105880
-0.102589
-0.099756
-0.096909
-0.094704
-0.092390
-0.090740
-0.088931
-0.087717
-0.086337
-0.085443
-0.084409
-0.083741
-0.082974
-0.082465
-0.081900
-0.081501
-0.081086
-0.080767
-0.080462
-0.080200
-0.079977
-0.079756
-0.079594
-0.079399
-0.079287
-0.079107
-0.079039
-0.078861
-0.078837
-0.078645
-0.078671
-0.078450
-0.078537
-0.078266
-0.078429
-0.078084
-0.078346
-0.077897
-0.078287
-0.077700
-0.078250
-0.077485
-0.078238
-0.077246
-0.078252
-0.076975
-0.078295
-0.076666
-0.078372
-0.076308
-0.078487
-0.075889
-0.078651
-0.075394
-0.078877
-0.074804
0.055894
0.005979
0.048435
0.010452
0.042677
0.013758
0.038169
0.016126
0.034516
0.017655
0.031341
0.018316
0.028241
0.017944
0.024746
0.016219
0.020264
0.012638
0.014044
0.006498
0.005156
-0.003090
-0.007462
-0.017087
-0.024797
-0.036221
-0.047298
-0.060385
-0.074085
-0.087766
-0.102073
-0.114152
-0.125964
-0.133714
-0.140410
-0.142530
-0.143631
-0.141092
-0.138196
-0.133197
-0.128407
-0.122888
-0.117763
-0.112837
-0.108216
-0.104286
-0.100477
-0.097541
-0.094562
-0.092448
-0.090195
-0.088697
-0.087031
-0.085969
-0.084756
-0.083994
-0.083121
-0.082562
-0.081938
-0.081516
-0.081071
-0.080742
-0.080425
-0.080161
-0.079936
-0.079715
-0.079557
-0.079364
-0.079258
-0.079078
-0.079018
-0.078836
-0.078822
-0.078624
-0.078662
-0.078429
-0.078532
-0.078242
-0.078427
-0.078054
-0.078347
-0.077860
-0.078290
-0.077651
-0.078257
-0.077422
-0.078249
-0.077165
-0.078268
-0.076873
-0.078319
-0.076537
-0.078405
-0.076148
-0.078533
-0.075692
-0.078715
-0.075153
-0.078963
-0.074507
0.062473
0.006834
0.054175
0.012018
0.047914
0.015966
0.043185
0.018972
0.039561
0.021188
0.036651
0.022627
0.034050
0.023158
0.031282
0.022478
0.027737
0.020070
0.022606
0.015160
0.014824
0.006691
0.003076
-0.006601
-0.014032
-0.025901
-0.037479
-0.051622
-0.066832
-0.082249
-0.098906
-0.113065
-0.127227
-0.136408
-0.144291
-0.146425
-0.147262
-0.143683
-0.139833
-0.133658
-0.127983
-0.121684
-0.116036
-0.110797
-0.105986
-0.102074
-0.098286
-0.095537
-0.092681
-0.090810
-0.088709
-0.087446
-0.085923
-0.085059
-0.083965
-0.083355
-0.082574
-0.082126
-0.081570
-0.081225
-0.080828
-0.080551
-0.080268
-0.080036
-0.079834
-0.079633
-0.079492
-0.079309
-0.079215
-0.079039
-0.078989
-0.078806
-0.078803
-0.078598
-0.078648
-0.078403
-0.078522
-0.078213
-0.078420
-0.078021
-0.078342
-0.077818
-0.078287
-0.077599
-0.078257
-0.077356
-0.078254
-0.077082
-0.078279
-0.076770
-0.078336
-0.076410
-0.078432
-0.075992
-0.078574
-0.075500
-0.078772
-0.074918
-0.079042
-0.074221
0.068756
0.007599
0.059612
0.013404
0.052802
0.017888
0.047760
0.021387
0.044015
0.024083
0.041141
0.026004
0.038698
0.027015
0.036164
0.026776
0.032848
0.024683
0.027796
0.019784
0.019679
0.010697
0.006738
-0.004371
-0.013099
-0.027343
-0.041633
-0.059376
-0.078931
-0.098981
-0.120867
-0.139436
-0.157487
-0.168439
-0.177031
-0.177572
-0.176150
-0.168970
-0.161702
-0.151754
-0.142886
-0.133585
-0.125490
-0.118184
-0.111681
-0.106465
-0.101572
-0.098046
-0.094489
-0.092173
-0.089638
-0.088130
-0.086344
-0.085352
-0.084103
-0.083433
-0.082565
-0.082093
-0.081493
-0.081143
-0.080728
-0.080455
-0.080169
-0.079945
-0.079748
-0.079555
-0.079421
-0.079245
-0.079161
-0.078988
-0.078949
-0.078766
-0.078774
-0.078565
-0.078628
-0.078374
-0.078508
-0.078184
-0.078411
-0.077988
-0.078337
-0.077779
-0.078286
-0.077551
-0.078260
-0.077296
-0.078260
-0.077007
-0.078291
-0.076675
-0.078356
-0.076292
-0.078461
-0.075846
-0.078615
-0.075321
-0.078829
-0.074698
-0.079120
-0.073952
0.074960
0.008434
0.065036
0.014944
0.057791
0.020084
0.052607
0.024264
0.048995
0.027727
0.046531
0.030564
0.044796
0.032698
0.043298
0.033845
0.041370
0.033430
0.038046
0.030470
0.031889
0.023418
0.020841
0.010073
0.002205
-0.012269
-0.026872
-0.045936
-0.067736
-0.090623
-0.116805
-0.139466
-0.162149
-0.175925
-0.186399
-0.186361
-0.183512
-0.173617
-0.163977
-0.151615
-0.141090
-0.130545
-0.121734
-0.114139
-0.107546
-0.102557
-0.097872
-0.094768
-0.091514
-0.089637
-0.087395
-0.086267
-0.084726
-0.084033
-0.082974
-0.082524
-0.081796
-0.081480
-0.080979
-0.080735
-0.080389
-0.080187
-0.079948
-0.079768
-0.079604
-0.079438
-0.079327
-0.079166
-0.079099
-0.078933
-0.078907
-0.078726
-0.078745
-0.078532
-0.078608
-0.078344
-0.078493
-0.078154
-0.078400
-0.077955
-0.078330
-0.077740
-0.078282
-0.077503
-0.078259
-0.077236
-0.078264
-0.076933
-0.078300
-0.076583
-0.078372
-0.076179
-0.078486
-0.075706
-0.078651
-0.075150
-0.078881
-0.074489
-0.079192
-0.073696
0.080763
0.009160
0.070064
0.016270
0.062340
0.021943
0.056918
0.026637
0.053274
0.030634
0.050965
0.034054
0.049560
0.036838
0.048548
0.038696
0.047220
0.039001
0.044500
0.036615
0.038691
0.029629
0.027171
0.015083
0.006149
-0.011100
-0.029044
-0.053262
-0.081908
-0.112776
-0.148859
-0.180573
-0.210825
-0.227900
-0.238998
-0.234888
-0.226467
-0.209040
-0.192718
-0.173763
-0.158088
-0.143158
-0.131043
-0.120915
-0.112378
-0.106041
-0.100251
-0.096467
-0.092590
-0.090387
-0.087793
-0.086519
-0.084780
-0.084031
-0.082865
-0.082403
-0.081622
-0.081314
-0.080791
-0.080564
-0.080215
-0.080031
-0.079798
-0.079636
-0.079482
-0.079330
-0.079232
-0.079081
-0.079027
-0.078868
-0.078854
-0.078675
-0.078706
-0.078492
-0.078580
-0.078309
-0.078474
-0.078122
-0.078387
-0.077921
-0.078321
-0.077702
-0.078278
-0.077458
-0.078259
-0.077181
-0.078268
-0.076864
-0.078309
-0.076499
-0.078387
-0.076074
-0.078510
-0.075577
-0.078686
-0.074991
-0.078930
-0.074295
-0.079260
-0.073459
0.086386
0.009941
0.074991
0.017720
0.066906
0.024036
0.061419
0.029421
0.057998
0.034232
0.056223
0.038670
0.055713
0.042770
0.056035
0.046351
0.056580
0.048899
0.056358
0.049352
0.053686
0.045744
0.045713
0.034706
0.027860
0.011014
-0.006395
-0.032030
-0.063806
-0.099383
-0.143974
-0.184808
-0.225374
-0.248822
-0.262943
-0.256056
-0.242373
-0.217757
-0.195716
-0.171967
-0.153421
-0.136786
-0.123941
-0.113840
-0.105564
-0.099911
-0.094692
-0.091708
-0.088407
-0.086908
-0.084793
-0.084071
-0.082696
-0.082352
-0.081448
-0.081273
-0.080675
-0.080563
-0.080166
-0.080070
-0.079806
-0.079707
-0.079532
-0.079423
-0.079308
-0.079190
-0.079118
-0.078987
-0.078951
-0.078803
-0.078803
-0.078628
-0.078671
-0.078455
-0.078556
-0.078278
-0.078456
-0.078092
-0.078375
-0.077890
-0.078312
-0.077666
-0.078272
-0.077415
-0.078257
-0.077129
-0.078270
-0.076800
-0.078316
-0.076419
-0.078401
-0.075976
-0.078531
-0.075456
-0.078718
-0.074843
-0.078974
-0.074114
-0.079321
-0.073238
0.091506
0.010599
0.079433
0.018930
0.070951
0.025750
0.065300
0.031644
0.061928
0.037015
0.060413
0.042109
0.060389
0.047011
0.061453
0.051586
0.063024
0.055351
0.064109
0.057202
0.062891
0.054919
0.056019
0.044318
0.037513
0.018089
-0.002463
-0.034891
-0.076993
-0.126485
-0.191845
-0.253996
-0.310961
-0.341299
-0.355343
-0.337431
-0.308989
-0.267427
-0.231830
-0.196566
-0.170029
-0.147543
-0.130764
-0.118118
-0.108048
-0.101405
-0.095379
-0.092059
-0.088385
-0.086806
-0.084511
-0.083801
-0.082339
-0.082037
-0.081093
-0.080965
-0.080354
-0.080285
-0.079891
-0.079832
-0.079579
-0.079510
-0.079350
-0.079266
-0.079167
-0.079067
-0.079010
-0.078893
-0.078871
-0.078731
-0.078744
-0.078573
-0.078629
-0.078412
-0.078525
-0.078242
-0.078435
-0.078060
-0.078359
-0.077858
-0.078302
-0.077632
-0.078266
-0.077375
-0.078255
-0.077081
-0.078272
-0.076741
-0.078323
-0.076347
-0.078413
-0.075887
-0.078551
-0.075347
-0.078747
-0.074709
-0.079016
-0.073950
-0.079379
-0.073038
0.096333
0.011288
0.083673
0.020220
0.074911
0.027630
0.069258
0.034181
0.066166
0.040356
0.065255
0.046499
0.066242
0.052823
0.068857
0.059368
0.072712
0.065882
0.077073
0.071542
0.080402
0.074375
0.079473
0.070121
0.067754
0.050281
0.032844
-0.000290
-0.045627
-0.102668
-0.186951
-0.272622
-0.355840
-0.402504
-0.420939
-0.391716
-0.344788
-0.283297
-0.234152
-0.190011
-0.159282
-0.135293
-0.118454
-0.106847
-0.097864
-0.092732
-0.087861
-0.085866
-0.083122
-0.082548
-0.080931
-0.080938
-0.079947
-0.080138
-0.079514
-0.079717
-0.079321
-0.079471
-0.079220
-0.079303
-0.079144
-0.079167
-0.079069
-0.079042
-0.078984
-0.078920
-0.078891
-0.078795
-0.078792
-0.078664
-0.078691
-0.078525
-0.078592
-0.078375
-0.078499
-0.078212
-0.078416
-0.078032
-0.078346
-0.077829
-0.078293
-0.077600
-0.078261
-0.077338
-0.078253
-0.077037
-0.078273
-0.076687
-0.078328
-0.076281
-0.078424
-0.075805
-0.078568
-0.075247
-0.078773
-0.074587
-0.079053
-0.073801
-0.079430
-0.072856
0.100571
0.011845
0.087355
0.021252
0.078284
0.029107
0.072533
0.036123
0.069546
0.042837
0.068958
0.049651
0.070529
0.056858
0.074071
0.064609
0.079325
0.072805
0.085734
0.080810
0.091945
0.086784
0.094725
0.086155
0.086573
0.068351
0.050785
0.010693
-0.047314
-0.127901
-0.262663
-0.406621
-0.528837
-0.591509
-0.608212
-0.546674
-0.456135
-0.352282
-0.274332
-0.210720
-0.168947
-0.138908
-0.118822
-0.105955
-0.096235
-0.091157
-0.086215
-0.084519
-0.081834
-0.081532
-0.079975
-0.080183
-0.079235
-0.079568
-0.078976
-0.079279
-0.078908
-0.079129
-0.078901
-0.079035
-0.078899
-0.078959
-0.078881
-0.078882
-0.078842
-0.078798
-0.078785
-0.078703
-0.078714
-0.078595
-0.078634
-0.078473
-0.078551
-0.078335
-0.078470
-0.078179
-0.078395
-0.078003
-0.078332
-0.077802
-0.078283
-0.077571
-0.078254
-0.077305
-0.078250
-0.076997
-0.078274
-0.076640
-0.078333
-0.076222
-0.078434
-0.075734
-0.078584
-0.075159
-0.078796
-0.074480
-0.079086
-0.073670
-0.079475
-0.072695
0.104402
0.012405
0.090727
0.022305
0.081455
0.030657
0.075740
0.038242
0.073042
0.045673
0.073048
0.053458
0.075620
0.062038
0.080745
0.071789
0.088451
0.082967
0.098637
0.095480
0.110643
0.108279
0.122159
0.117719
0.126433
0.113358
0.105286
0.067894
0.012129
-0.080161
-0.265247
-0.477005
-0.669951
-0.776660
-0.798724
-0.695042
-0.539982
-0.378209
-0.269250
-0.192023
-0.146569
-0.117584
-0.099655
-0.089970
-0.082758
-0.080354
-0.077289
-0.077465
-0.076043
-0.076981
-0.076244
-0.077259
-0.076838
-0.077692
-0.077438
-0.078076
-0.077922
-0.078359
-0.078269
-0.078541
-0.078494
-0.078641
-0.078621
-0.078676
-0.078675
-0.078663
-0.078676
-0.078613
-0.078642
-0.078534
-0.078586
-0.078430
-0.078518
-0.078303
-0.078447
-0.078153
-0.078379
-0.077980
-0.078320
-0.077779
-0.078275
-0.077546
-0.078249
-0.077276
-0.078247
-0.076963
-0.078275
-0.076598
-0.078337
-0.076171
-0.078442
-0.075671
-0.078597
-0.075083
-0.078816
-0.074386
-0.079114
-0.073556
-0.079514
-0.072556
0.107577
0.012831
0.093490
0.023097
0.083999
0.031800
0.078236
0.039764
0.075660
0.047650
0.075984
0.056031
0.079132
0.065443
0.085207
0.076418
0.094450
0.089478
0.107136
0.104999
0.123261
0.122723
0.141559
0.140160
0.156484
0.147491
0.148735
0.110968
0.052976
-0.078213
-0.401214
-0.761761
-1.010993
-1.131473
-1.163338
-0.999239
-0.735325
-0.466753
-0.295384
-0.190291
-0.135728
-0.106180
-0.089307
-0.081965
-0.076277
-0.075604
-0.073501
-0.074712
-0.073816
-0.075347
-0.074887
-0.076243
-0.075968
-0.077024
-0.076851
-0.077613
-0.077508
-0.078025
-0.077969
-0.078294
-0.078273
-0.078456
-0.078457
-0.078537
-0.078553
-0.078560
-0.078586
-0.078536
-0.078576
-0.078476
-0.078538
-0.078387
-0.078484
-0.078270
-0.078422
-0.078127
-0.078361
-0.077957
-0.078308
-0.077757
-0.078267
-0.077524
-0.078244
-0.077252
-0.078245
-0.076934
-0.078275
-0.076563
-0.078340
-0.076129
-0.078448
-0.075619
-0.078608
-0.075019
-0.078832
-0.074308
-0.079138
-0.073460
-0.079547
-0.072439
0.110239
0.013227
0.095836
0.023846
0.086217
0.032909
0.080501
0.041293
0.078165
0.049726
0.078970
0.058865
0.082938
0.069385
0.090349
0.082047
0.101757
0.097767
0.118010
0.117634
0.140154
0.142713
0.168875
0.172977
0.202084
0.202758
0.225368
0.201481
0.171765
0.031712
-0.346002
-0.684629
-0.865823
-0.947888
-1.052599
-0.986661
-0.743252
-0.450113
-0.260738
-0.149462
-0.097579
-0.075490
-0.064684
-0.063378
-0.061694
-0.064632
-0.064855
-0.068155
-0.068603
-0.071362
-0.071691
-0.073785
-0.073984
-0.075492
-0.075609
-0.076651
-0.076727
-0.077417
-0.077475
-0.077909
-0.077959
-0.078210
-0.078257
-0.078380
-0.078424
-0.078457
-0.078503
-0.078468
-0.078521
-0.078430
-0.078501
-0.078354
-0.078459
-0.078246
-0.078405
-0.078108
-0.078349
-0.077940
-0.078299
-0.077741
-0.078260
-0.077506
-0.078240
-0.077232
-0.078243
-0.076911
-0.078275
-0.076535
-0.078343
-0.076094
-0.078454
-0.075577
-0.078617
-0.074967
-0.078846
-0.074245
-0.079157
-0.073383
-0.079574
-0.072345
0.112207
0.013494
0.097550
0.024345
0.087801
0.033634
0.082068
0.042268
0.079828
0.051007
0.080868
0.060563
0.085265
0.071689
0.093408
0.085290
0.106067
0.102561
0.124527
0.125161
0.150773
0.155396
0.187578
0.196114
0.237726
0.248634
0.298561
0.299382
0.332023
0.241645
-0.085365
-0.384643
-0.617051
-0.665064
-0.738552
-0.718111
-0.542142
-0.320538
-0.181272
-0.098701
-0.061793
-0.051697
-0.047612
-0.051955
-0.053412
-0.059020
-0.060704
-0.065289
-0.066421
-0.069819
-0.070475
-0.072900
-0.073260
-0.074949
-0.075149
-0.076296
-0.076418
-0.077172
-0.077259
-0.077733
-0.077804
-0.078082
-0.078144
-0.078285
-0.078342
-0.078387
-0.078443
-0.078417
-0.078478
-0.078392
-0.078470
-0.078326
-0.078436
-0.078224
-0.078389
-0.078091
-0.078337
-0.077925
-0.078291
-0.077727
-0.078255
-0.077492
-0.078236
-0.077216
-0.078241
-0.076893
-0.078275
-0.076513
-0.078345
-0.076068
-0.078458
-0.075545
-0.078624
-0.074928
-0.078856
-0.074197
-0.079171
-0.073325
-0.079594
-0.072274
0.113571
0.013699
0.098754
0.024734
0.088943
0.034213
0.083242
0.043071
0.081138
0.052107
0.082449
0.062082
0.087313
0.073833
0.096232
0.088414
0.110192
0.107288
0.130910
0.132651
0.161274
0.167936
0.206095
0.218536
0.273046
0.292017
0.371641
0.391602
0.493296
0.447684
0.052856
-0.323810
-0.616576
-0.634933
-0.625926
-0.524215
-0.359913
-0.187850
-0.087757
-0.044341
-0.023047
-0.026385
-0.028809
-0.038858
-0.043509
-0.051884
-0.055224
-0.061247
-0.063268
-0.067453
-0.068605
-0.071481
-0.072127
-0.074082
-0.074451
-0.075759
-0.075984
-0.076837
-0.076987
-0.077522
-0.077632
-0.077948
-0.078035
-0.078199
-0.078272
-0.078332
-0.078397
-0.078380
-0.078448
-0.078368
-0.078450
-0.078309
-0.078423
-0.078212
-0.078379
-0.078080
-0.078331
-0.077917
-0.078286
-0.077719
-0.078252
-0.077483
-0.078234
-0.077206
-0.078240
-0.076881
-0.078275
-0.076499
-0.078346
-0.076050
-0.078460
-0.075524
-0.078628
-0.074902
-0.078862
-0.074165
-0.079181
-0.073286
-0.079608
-0.072226
0.114238
0.013790
0.099335
0.024905
0.089482
0.034461
0.083776
0.043407
0.081708
0.052552
0.083107
0.062676
0.088131
0.074651
0.097327
0.089587
0.111777
0.109070
0.133401
0.135552
0.165564
0.173067
0.214271
0.228498
0.290317
0.313375
0.411294
0.442514
0.585464
0.564019
0.127486
-0.239964
-0.495920
-0.518553
-0.538695
-0.463472
-0.334446
-0.147183
-0.038047
-0.017697
-0.003033
-0.014719
-0.020365
-0.033563
-0.039697
-0.049392
-0.053410
-0.060023
-0.062355
-0.066819
-0.068115
-0.071129
-0.071844
-0.073872
-0.074277
-0.075625
-0.075870
-0.076747
-0.076908
-0.077459
-0.077577
-0.077902
-0.077995
-0.078166
-0.078243
-0.078307
-0.078376
-0.078362
-0.078433
-0.078354
-0.078439
-0.078299
-0.078415
-0.078204
-0.078374
-0.078074
-0.078327
-0.077911
-0.078283
-0.077714
-0.078250
-0.077479
-0.078233
-0.077201
-0.078239
-0.076875
-0.078275
-0.076492
-0.078346
-0.076042
-0.078462
-0.075513
-0.078630
-0.074889
-0.078866
-0.074149
-0.079186
-0.073266
-0.079614
-0.072202
0.114238
0.013790
0.099335
0.024905
0.089482
0.034461
0.083776
0.043407
0.081708
0.052552
0.083107
0.062676
0.088131
0.074651
0.097327
0.089587
0.111777
0.109070
0.133401
0.135552
0.165564
0.173067
0.214271
0.228498
0.290317
0.313375
0.411294
0.442514
0.585464
0.564019
0.127486
-0.239964
-0.495920
-0.518553
-0.538695
-0.463472
-0.334446
-0.147183
-0.038047
-0.017697
-0.003033
-0.014719
-0.020365
-0.033563
-0.039697
-0.049392
-0.053410
-0.060023
-0.062355
-0.066819
-0.068115
-0.071129
-0.071844
-0.073872
-0.074277
-0.075625
-0.075870
-0.076747
-0.076908
-0.077459
-0.077577
-0.077902
-0.077995
-0.078166
-0.078243
-0.078307
-0.078376
-0.078362
-0.078433
-0.078354
-0.078439
-0.078299
-0.078415
-0.078204
-0.078374
-0.078074
-0.078327
-0.077911
-0.078283
-0.077714
-0.078250
-0.077479
-0.078233
-0.077201
-0.078239
-0.076875
-0.078275
-0.076492
-0.078346
-0.076042
-0.078462
-0.075513
-0.078630
-0.074889
-0.078866
-0.074149
-0.079186
-0.073266
-0.079614
-0.072202
0.113571
0.013699
0.098754
0.024734
0.088943
0.034213
0.083242
0.043071
0.081138
0.052107
0.082449
0.062082
0.087313
0.073833
0.096232
0.088414
0.110192
0.107288
0.130910
0.132651
0.161274
0.167936
0.206095
0.218536
0.273046
0.292017
0.371641
0.391602
0.493296
0.447684
0.052856
-0.323810
-0.616576
-0.634933
-0.625926
-0.524215
-0.359913
-0.187850
-0.087757
-0.044341
-0.023047
-0.026385
-0.028809
-0.038858
-0.043509
-0.051884
-0.055224
-0.061247
-0.063268
-0.067453
-0.068605
-0.071481
-0.072127
-0.074082
-0.074451
-0.075759
-0.075984
-0.076837
-0.076987
-0.077522
-0.077632
-0.077948
-0.078035
-0.078199
-0.078272
-0.078332
-0.078397
-0.078380
-0.078448
-0.078368
-0.078450
-0.078309
-0.078423
-0.078212
-0.078379
-0.078080
-0.078331
-0.077917
-0.078286
-0.077719
-0.078252
-0.077483
-0.078234
-0.077206
-0.078240
-0.076881
-0.078275
-0.076499
-0.078346
-0.076050
-0.078460
-0.075524
-0.078628
-0.074902
-0.078862
-0.074165
-0.079181
-0.073286
-0.079608
-0.072226
0.112207
0.013494
0.097550
0.024345
0.087801
0.033634
0.082068
0.042268
0.079828
0.051007
0.080868
0.060563
0.085265
0.071689
0.093408
0.085290
0.106067
0.102561
0.124527
0.125161
0.150773
0.155396
0.187578
0.196114
0.237726
0.248634
0.298561
0.299382
0.332023
0.241645
-0.085365
-0.384643
-0.617051
-0.665064
-0.738552
-0.718111
-0.542142
-0.320538
-0.181272
-0.098701
-0.061793
-0.051697
-0.047612
-0.051955
-0.053412
-0.059020
-0.060704
-0.065289
-0.066421
-0.069819
-0.070475
-0.072900
-0.073260
-0.074949
-0.075149
-0.076296
-0.076418
-0.077172
-0.077259
-0.077733
-0.077804
-0.078082
-0.078144
-0.078285
-0.078342
-0.078387
-0.078443
-0.078417
-0.078478
-0.078392
-0.078470
-0.078326
-0.078436
-0.078224
-0.078389
-0.078091
-0.078337
-0.077925
-0.078291
-0.077727
-0.078255
-0.077492
-0.078236
-0.077216
-0.078241
-0.076893
-0.078275
-0.076513
-0.078345
-0.076068
-0.078458
-0.075545
-0.078624
-0.074928
-0.078856
-0.074197
-0.079171
-0.073325
-0.079594
-0.072274
0.110239
0.013227
0.095836
0.023846
0.086217
0.032909
0.080501
0.041293
0.078165
0.049726
0.078970
0.058865
0.082938
0.069385
0.090349
0.082047
0.101757
0.097767
0.118010
0.117634
0.140154
0.142713
0.168875
0.172977
0.202084
0.202758
0.225368
0.201481
0.171765
0.031712
-0.346002
-0.684629
-0.865823
-0.947888
-1.052599
-0.986661
-0.743252
-0.450113
-0.260738
-0.149462
-0.097579
-0.075490
-0.064684
-0.063378
-0.061694
-0.064632
-0.064855
-0.068155
-0.068603
-0.071362
-0.071691
-0.073785
-0.073984
-0.075492
-0.075609
-0.076651
-0.076727
-0.077417
-0.077475
-0.077909
-0.077959
-0.078210
-0.078257
-0.078380
-0.078424
-0.078457
-0.078503
-0.078468
-0.078521
-0.078430
-0.078501
-0.078354
-0.078459
-0.078246
-0.078405
-0.078108
-0.078349
-0.077940
-0.078299
-0.077741
-0.078260
-0.077506
-0.078240
-0.077232
-0.078243
-0.076911
-0.078275
-0.076535
-0.078343
-0.076094
-0.078454
-0.075577
-0.078617
-0.074967
-0.078846
-0.074245
-0.079157
-0.073383
-0.079574
-0.072345
0.107577
0.012831
0.093490
0.023097
0.083999
0.031800
0.078236
0.039764
0.075660
0.047650
0.075984
0.056031
0.079132
0.065443
0.085207
0.076418
0.094450
0.089478
0.107136
0.104999
0.123261
0.122723
0.141559
0.140160
0.156484
0.147491
0.148735
0.110968
0.052976
-0.078213
-0.401214
-0.761761
-1.010993
-1.131473
-1.163338
-0.999239
-0.735325
-0.466753
-0.295384
-0.190291
-0.135728
-0.106180
-0.089307
-0.081965
-0.076277
-0.075604
-0.073501
-0.074712
-0.073816
-0.075347
-0.074887
-0.076243
-0.075968
-0.077024
-0.076851
-0.077613
-0.077508
-0.078025
-0.077969
-0.078294
-0.078273
-0.078456
-0.078457
-0.078537
-0.078553
-0.078560
-0.078586
-0.078536
-0.078576
-0.078476
-0.078538
-0.078387
-0.078484
-0.078270
-0.078422
-0.078127
-0.078361
-0.077957
-0.078308
-0.077757
-0.078267
-0.077524
-0.078244
-0.077252
-0.078245
-0.076934
-0.078275
-0.076563
-0.078340
-0.076129
-0.078448
-0.075619
-0.078608
-0.075019
-0.078832
-0.074308
-0.079138
-0.073460
-0.079547
-0.072439
0.104402
0.012405
0.090727
0.022305
0.081455
0.030657
0.075740
0.038242
0.073042
0.045673
0.073048
0.053458
0.075620
0.062038
0.080745
0.071789
0.088451
0.082967
0.098637
0.095480
0.110643
0.108279
0.122159
0.117719
0.126433
0.113358
0.105286
0.067894
0.012129
-0.080161
-0.265247
-0.477005
-0.669951
-0.776660
-0.798724
-0.695042
-0.539982
-0.378209
-0.269250
-0.192023
-0.146569
-0.117584
-0.099655
-0.089970
-0.082758
-0.080354
-0.077289
-0.077465
-0.076043
-0.076981
-0.076244
-0.077259
-0.076838
-0.077692
-0.077438
-0.078076
-0.077922
-0.078359
-0.078269
-0.078541
-0.078494
-0.078641
-0.078621
-0.078676
-0.078675
-0.078663
-0.078676
-0.078613
-0.078642
-0.078534
-0.078586
-0.078430
-0.078518
-0.078303
-0.078447
-0.078153
-0.078379
-0.077980
-0.078320
-0.077779
-0.078275
-0.077546
-0.078249
-0.077276
-0.078247
-0.076963
-0.078275
-0.076598
-0.078337
-0.076171
-0.078442
-0.075671
-0.078597
-0.075083
-0.078816
-0.074386
-0.079114
-0.073556
-0.079514
-0.072556
0.100571
0.011845
0.087355
0.021252
0.078284
0.029107
0.072533
0.036123
0.069546
0.042837
0.068958
0.049651
0.070529
0.056858
0.074071
0.064609
0.079325
0.072805
0.085734
0.080810
0.091945
0.086784
0.094725
0.086155
0.086573
0.068351
0.050785
0.010693
-0.047314
-0.127901
-0.262663
-0.406621
-0.528837
-0.591509
-0.608212
-0.546674
-0.456135
-0.352282
-0.274332
-0.210720
-0.168947
-0.138908
-0.118822
-0.105955
-0.096235
-0.091157
-0.086215
-0.084519
-0.081834
-0.081532
-0.079975
-0.080183
-0.079235
-0.079568
-0.078976
-0.079279
-0.078908
-0.079129
-0.078901
-0.079035
-0.078899
-0.078959
-0.078881
-0.078882
-0.078842
-0.078798
-0.078785
-0.078703
-0.078714
-0.078595
-0.078634
-0.078473
-0.078551
-0.078335
-0.078470
-0.078179
-0.078395
-0.078003
-0.078332
-0.077802
-0.078283
-0.077571
-0.078254
-0.077305
-0.078250
-0.076997
-0.078274
-0.076640
-0.078333
-0.076222
-0.078434
-0.075734
-0.078584
-0.075159
-0.078796
-0.074480
-0.079086
-0.073670
-0.079475
-0.072695
0.096333
0.011288
0.083673
0.020220
0.074911
0.027630
0.069258
0.034181
0.066166
0.040356
0.065255
0.046499
0.066242
0.052823
0.068857
0.059368
0.072712
0.065882
0.077073
0.071542
0.080402
0.074375
0.079473
0.070121
0.067754
0.050281
0.032844
-0.000290
-0.045627
-0.102668
-0.186951
-0.272622
-0.355840
-0.402504
-0.420939
-0.391716
-0.344788
-0.283297
-0.234152
-0.190011
-0.159282
-0.135293
-0.118454
-0.106847
-0.097864
-0.092732
-0.087861
-0.085866
-0.083122
-0.082548
-0.080931
-0.080938
-0.079947
-0.080138
-0.079514
-0.079717
-0.079321
-0.079471
-0.079220
-0.079303
-0.079144
-0.079167
-0.079069
-0.079042
-0.078984
-0.078920
-0.078891
-0.078795
-0.078792
-0.078664
-0.078691
-0.078525
-0.078592
-0.078375
-0.078499
-0.078212
-0.078416
-0.078032
-0.078346
-0.077829
-0.078293
-0.077600
-0.078261
-0.077338
-0.078253
-0.077037
-0.078273
-0.076687
-0.078328
-0.076281
-0.078424
-0.075805
-0.078568
-0.075247
-0.078773
-0.074587
-0.079053
-0.073801
-0.079430
-0.072856
0.091506
0.010599
0.079433
0.018930
0.070951
0.025750
0.065300
0.031644
0.061928
0.037015
0.060413
0.042109
0.060389
0.047011
0.061453
0.051586
0.063024
0.055351
0.064109
0.057202
0.062891
0.054919
0.056019
0.044318
0.037513
0.018089
-0.002463
-0.034891
-0.076993
-0.126485
-0.191845
-0.253996
-0.310961
-0.341299
-0.355343
-0.337431
-0.308989
-0.267427
-0.231830
-0.196566
-0.170029
-0.147543
-0.130764
-0.118118
-0.108048
-0.101405
-0.095379
-0.092059
-0.088385
-0.086806
-0.084511
-0.083801
-0.082339
-0.082037
-0.081093
-0.080965
-0.080354
-0.080285
-0.079891
-0.079832
-0.079579
-0.079510
-0.079350
-0.079266
-0.079167
-0.079067
-0.079010
-0.078893
-0.078871
-0.078731
-0.078744
-0.078573
-0.078629
-0.078412
-0.078525
-0.078242
-0.078435
-0.078060
-0.078359
-0.077858
-0.078302
-0.077632
-0.078266
-0.077375
-0.078255
-0.077081
-0.078272
-0.076741
-0.078323
-0.076347
-0.078413
-0.075887
-0.078551
-0.075347
-0.078747
-0.074709
-0.079016
-0.073950
-0.079379
-0.073038
0.086386
0.009941
0.074991
0.017720
0.066906
0.024036
0.061419
0.029421
0.057998
0.034232
0.056223
0.038670
0.055713
0.042770
0.056035
0.046351
0.056580
0.048899
0.056358
0.049352
0.053686
0.045744
0.045713
0.034706
0.027860
0.011014
-0.006395
-0.032030
-0.063806
-0.099383
-0.143974
-0.184808
-0.225374
-0.248822
-0.262943
-0.256056
-0.242373
-0.217757
-0.195716
-0.171967
-0.153421
-0.136786
-0.123941
-0.113840
-0.105564
-0.099911
-0.094692
-0.091708
-0.088407
-0.086908
-0.084793
-0.084071
-0.082696
-0.082352
-0.081448
-0.081273
-0.080675
-0.080563
-0.080166
-0.080070
-0.079806
-0.079707
-0.079532
-0.079423
-0.079308
-0.079190
-0.079118
-0.078987
-0.078951
-0.078803
-0.078803
-0.078628
-0.078671
-0.078455
-0.078556
-0.078278
-0.078456
-0.078092
-0.078375
-0.077890
-0.078312
-0.077666
-0.078272
-0.077415
-0.078257
-0.077129
-0.078270
-0.076800
-0.078316
-0.076419
-0.078401
-0.075976
-0.078531
-0.075456
-0.078718
-0.074843
-0.078974
-0.074114
-0.079321
-0.073238
0.080763
0.009160
0.070064
0.016270
0.062340
0.021943
0.056918
0.026637
0.053274
0.030634
0.050965
0.034054
0.049560
0.036838
0.048548
0.038696
0.047220
0.039001
0.044500
0.036615
0.038691
0.029629
0.027171
0.015083
0.006149
-0.011100
-0.029044
-0.053262
-0.081908
-0.112776
-0.148859
-0.180573
-0.210825
-0.227900
-0.238998
-0.234888
-0.226467
-0.209040
-0.192718
-0.173763
-0.158088
-0.143158
-0.131043
-0.120915
-0.112378
-0.106041
-0.100251
-0.096467
-0.092590
-0.090387
-0.087793
-0.086519
-0.084780
-0.084031
-0.082865
-0.082403
-0.081622
-0.081314
-0.080791
-0.080564
-0.080215
-0.080031
-0.079798
-0.079636
-0.079482
-0.079330
-0.079232
-0.079081
-0.079027
-0.078868
-0.078854
-0.078675
-0.078706
-0.078492
-0.078580
-0.078309
-0.078474
-0.078122
-0.078387
-0.077921
-0.078321
-0.077702
-0.078278
-0.077458
-0.078259
-0.077181
-0.078268
-0.076864
-0.078309
-0.076499
-0.078387
-0.076074
-0.078510
-0.075577
-0.078686
-0.074991
-0.078930
-0.074295
-0.079260
-0.073459
0.074960
0.008434
0.065036
0.014944
0.057791
0.020084
0.052607
0.024264
0.048995
0.027727
0.046531
0.030564
0.044796
0.032698
0.043298
0.033845
0.041370
0.033430
0.038046
0.030470
0.031889
0.023418
0.020841
0.010073
0.002205
-0.012269
-0.026872
-0.045936
-0.067736
-0.090623
-0.116805
-0.139466
-0.162149
-0.175925
-0.186399
-0.186361
-0.183512
-0.173617
-0.163977
-0.151615
-0.141090
-0.130545
-0.121734
-0.114139
-0.107546
-0.102557
-0.097872
-0.094768
-0.091514
-0.089637
-0.087395
-0.086267
-0.084726
-0.084033
-0.082974
-0.082524
-0.081796
-0.081480
-0.080979
-0.080735
-0.080389
-0.080187
-0.079948
-0.079768
-0.079604
-0.079438
-0.079327
-0.079166
-0.079099
-0.078933
-0.078907
-0.078726
-0.078745
-0.078532
-0.078608
-0.078344
-0.078493
-0.078154
-0.078400
-0.077955
-0.078330
-0.077740
-0.078282
-0.077503
-0.078259
-0.077236
-0.078264
-0.076933
-0.078300
-0.076583
-0.078372
-0.076179
-0.078486
-0.075706
-0.078651
-0.075150
-0.078881
-0.074489
-0.079192
-0.073696
0.068756
0.007599
0.059612
0.013404
0.052802
0.017888
0.047760
0.021387
0.044015
0.024083
0.041141
0.026004
0.038698
0.027015
0.036164
0.026776
0.032848
0.024683
0.027796
0.019784
0.019679
0.010697
0.006738
-0.004371
-0.013099
-0.027343
-0.041633
-0.059376
-0.078931
-0.098981
-0.120867
-0.139436
-0.157487
-0.168439
-0.177031
-0.177572
-0.176150
-0.168970
-0.161702
-0.151754
-0.142886
-0.133585
-0.125490
-0.118184
-0.111681
-0.106465
-0.101572
-0.098046
-0.094489
-0.092173
-0.089638
-0.088130
-0.086344
-0.085352
-0.084103
-0.083433
-0.082565
-0.082093
-0.081493
-0.081143
-0.080728
-0.080455
-0.080169
-0.079945
-0.079748
-0.079555
-0.079421
-0.079245
-0.079161
-0.078988
-0.078949
-0.078766
-0.078774
-0.078565
-0.078628
-0.078374
-0.078508
-0.078184
-0.078411
-0.077988
-0.078337
-0.077779
-0.078286
-0.077551
-0.078260
-0.077296
-0.078260
-0.077007
-0.078291
-0.076675
-0.078356
-0.076292
-0.078461
-0.075846
-0.078615
-0.075321
-0.078829
-0.074698
-0.079120
-0.073952
0.062473
0.006834
0.054175
0.012018
0.047914
0.015966
0.043185
0.018972
0.039561
0.021188
0.036651
0.022627
0.034050
0.023158
0.031282
0.022478
0.027737
0.020070
0.022606
0.015160
0.014824
0.006691
0.003076
-0.006601
-0.014032
-0.025901
-0.037479
-0.051622
-0.066832
-0.082249
-0.098906
-0.113065
-0.127227
-0.136408
-0.144291
-0.146425
-0.147262
-0.143683
-0.139833
-0.133658
-0.127983
-0.121684
-0.116036
-0.110797
-0.105986
-0.102074
-0.098286
-0.095537
-0.092681
-0.090810
-0.088709
-0.087446
-0.085923
-0.085059
-0.083965
-0.083355
-0.082574
-0.082126
-0.081570
-0.081225
-0.080828
-0.080551
-0.080268
-0.080036
-0.079834
-0.079633
-0.079492
-0.079309
-0.079215
-0.079039
-0.078989
-0.078806
-0.078803
-0.078598
-0.078648
-0.078403
-0.078522
-0.078213
-0.078420
-0.078021
-0.078342
-0.077818
-0.078287
-0.077599
-0.078257
-0.077356
-0.078254
-0.077082
-0.078279
-0.076770
-0.078336
-0.076410
-0.078432
-0.075992
-0.078574
-0.075500
-0.078772
-0.074918
-0.079042
-0.074221
0.055894
0.005979
0.048435
0.010452
0.042677
0.013758
0.038169
0.016126
0.034516
0.017655
0.031341
0.018316
0.028241
0.017944
0.024746
0.016219
0.020264
0.012638
0.014044
0.006498
0.005156
-0.003090
-0.007462
-0.017087
-0.024797
-0.036221
-0.047298
-0.060385
-0.074085
-0.087766
-0.102073
-0.114152
-0.125964
-0.133714
-0.140410
-0.142530
-0.143631
-0.141092
-0.138196
-0.133197
-0.128407
-0.122888
-0.117763
-0.112837
-0.108216
-0.104286
-0.100477
-0.097541
-0.094562
-0.092448
-0.090195
-0.088697
-0.087031
-0.085969
-0.084756
-0.083994
-0.083121
-0.082562
-0.081938
-0.081516
-0.081071
-0.080742
-0.080425
-0.080161
-0.079936
-0.079715
-0.079557
-0.079364
-0.079258
-0.079078
-0.079018
-0.078836
-0.078822
-0.078624
-0.078662
-0.078429
-0.078532
-0.078242
-0.078427
-0.078054
-0.078347
-0.077860
-0.078290
-0.077651
-0.078257
-0.077422
-0.078249
-0.077165
-0.078268
-0.076873
-0.078319
-0.076537
-0.078405
-0.076148
-0.078533
-0.075692
-0.078715
-0.075153
-0.078963
-0.074507
0.049326
0.005201
0.042756
0.009053
0.037600
0.011840
0.033472
0.013752
0.030026
0.014867
0.026930
0.015150
0.023827
0.014452
0.020308
0.012501
0.015872
0.008886
0.009906
0.003055
0.001693
-0.005642
-0.009531
-0.017849
-0.024390
-0.033948
-0.043024
-0.053652
-0.064590
-0.075485
-0.086811
-0.096488
-0.106110
-0.112806
-0.118895
-0.121643
-0.123693
-0.122962
-0.121870
-0.119050
-0.116217
-0.112677
-0.109263
-0.105880
-0.102589
-0.099756
-0.096909
-0.094704
-0.092390
-0.090740
-0.088931
-0.087717
-0.086337
-0.085443
-0.084409
-0.083741
-0.082974
-0.082465
-0.081900
-0.081501
-0.081086
-0.080767
-0.080462
-0.080200
-0.079977
-0.079756
-0.079594
-0.079399
-0.079287
-0.079107
-0.079039
-0.078861
-0.078837
-0.078645
-0.078671
-0.078450
-0.078537
-0.078266
-0.078429
-0.078084
-0.078346
-0.077897
-0.078287
-0.077700
-0.078250
-0.077485
-0.078238
-0.077246
-0.078252
-0.076975
-0.078295
-0.076666
-0.078372
-0.076308
-0.078487
-0.075889
-0.078651
-0.075394
-0.078877
-0.074804
0.042565
0.004352
0.036868
0.007510
0.032267
0.009690
0.028434
0.011025
0.025062
0.011549
0.021843
0.011199
0.018442
0.009811
0.014471
0.007115
0.009469
0.002729
0.002895
-0.003823
-0.005853
-0.013060
-0.017355
-0.025427
-0.031994
-0.041067
-0.049668
-0.059485
-0.069411
-0.079197
-0.089144
-0.097641
-0.105941
-0.111811
-0.117123
-0.119701
-0.121670
-0.121315
-0.120578
-0.118318
-0.115934
-0.112848
-0.109778
-0.106642
-0.103537
-0.100766
-0.097979
-0.095717
-0.093384
-0.091621
-0.089757
-0.088417
-0.086972
-0.085964
-0.084869
-0.084109
-0.083293
-0.082714
-0.082111
-0.081665
-0.081222
-0.080871
-0.080547
-0.080266
-0.080028
-0.079796
-0.079624
-0.079426
-0.079305
-0.079126
-0.079050
-0.078877
-0.078844
-0.078662
-0.078677
-0.078470
-0.078541
-0.078291
-0.078433
-0.078116
-0.078349
-0.077940
-0.078287
-0.077755
-0.078248
-0.077555
-0.078232
-0.077334
-0.078241
-0.077087
-0.078276
-0.076804
-0.078342
-0.076478
-0.078444
-0.076098
-0.078590
-0.075650
-0.078791
-0.075115
0.035886
0.003582
0.031098
0.006135
0.027135
0.007824
0.023734
0.008749
0.020642
0.008925
0.017598
0.008290
0.014319
0.006700
0.010479
0.003929
0.005702
-0.000325
-0.000440
-0.006422
-0.008396
-0.014732
-0.018565
-0.025525
-0.031158
-0.038813
-0.045992
-0.054122
-0.062266
-0.070300
-0.078446
-0.085512
-0.092487
-0.097673
-0.102510
-0.105313
-0.107676
-0.108257
-0.108496
-0.107507
-0.106323
-0.104517
-0.102609
-0.100572
-0.098457
-0.096541
-0.094529
-0.092886
-0.091127
-0.089792
-0.088333
-0.087276
-0.086108
-0.085279
-0.084366
-0.083717
-0.083015
-0.082502
-0.081968
-0.081559
-0.081154
-0.080824
-0.080519
-0.080248
-0.080019
-0.079793
-0.079622
-0.079428
-0.079305
-0.079130
-0.079048
-0.078882
-0.078841
-0.078669
-0.078672
-0.078480
-0.078536
-0.078306
-0.078426
-0.078140
-0.078341
-0.077974
-0.078278
-0.077802
-0.078237
-0.077619
-0.078217
-0.077418
-0.078221
-0.077194
-0.078248
-0.076940
-0.078304
-0.076648
-0.078392
-0.076308
-0.078520
-0.075909
-0.078697
-0.075433
0.029112
0.002760
0.025208
0.004654
0.021836
0.005783
0.018792
0.006198
0.015864
0.005881
0.012824
0.004749
0.009418
0.002653
0.005351
-0.000622
0.000291
-0.005347
-0.006124
-0.011822
-0.014252
-0.020321
-0.024373
-0.031002
-0.036565
-0.043756
-0.050543
-0.058046
-0.065500
-0.072783
-0.080068
-0.086394
-0.092561
-0.097212
-0.101518
-0.104124
-0.106319
-0.107006
-0.107347
-0.106613
-0.105646
-0.104095
-0.102399
-0.100538
-0.098577
-0.096742
-0.094817
-0.093184
-0.091460
-0.090091
-0.088636
-0.087528
-0.086348
-0.085467
-0.084538
-0.083844
-0.083126
-0.082580
-0.082032
-0.081601
-0.081187
-0.080843
-0.080531
-0.080254
-0.080019
-0.079792
-0.079617
-0.079425
-0.079298
-0.079128
-0.079042
-0.078883
-0.078836
-0.078675
-0.078669
-0.078493
-0.078534
-0.078327
-0.078425
-0.078171
-0.078341
-0.078017
-0.078277
-0.077859
-0.078234
-0.077693
-0.078210
-0.077512
-0.078208
-0.077313
-0.078228
-0.077087
-0.078273
-0.076830
-0.078346
-0.076531
-0.078455
-0.076181
-0.078607
-0.075765
0.022474
0.002014
0.019474
0.003329
0.016757
0.004003
0.014182
0.004054
0.011589
0.003450
0.008798
0.002109
0.005604
-0.000099
0.001771
-0.003352
-0.002962
-0.007861
-0.008873
-0.013847
-0.016217
-0.021497
-0.025171
-0.030881
-0.035742
-0.041862
-0.047655
-0.053980
-0.060261
-0.066393
-0.072539
-0.077949
-0.083270
-0.087446
-0.091391
-0.094045
-0.096388
-0.097564
-0.098441
-0.098453
-0.098224
-0.097492
-0.096574
-0.095474
-0.094223
-0.093025
-0.091694
-0.090555
-0.089298
-0.088292
-0.087184
-0.086331
-0.085399
-0.084693
-0.083933
-0.083354
-0.082748
-0.082276
-0.081800
-0.081414
-0.081043
-0.080727
-0.080440
-0.080180
-0.079959
-0.079743
-0.079574
-0.079390
-0.079264
-0.079103
-0.079015
-0.078865
-0.078812
-0.078664
-0.078648
-0.078489
-0.078515
-0.078332
-0.078408
-0.078186
-0.078324
-0.078045
-0.078261
-0.077903
-0.078216
-0.077755
-0.078190
-0.077597
-0.078183
-0.077423
-0.078196
-0.077228
-0.078230
-0.077006
-0.078290
-0.076751
-0.078380
-0.076452
-0.078506
-0.076098
0.015830
0.001234
0.013703
0.001934
0.011596
0.002101
0.009424
0.001711
0.007068
0.000704
0.004384
-0.001014
0.001198
-0.003579
-0.002691
-0.007154
-0.007504
-0.011923
-0.013464
-0.018064
-0.020762
-0.025703
-0.029499
-0.034849
-0.039615
-0.045312
-0.050797
-0.056625
-0.062424
-0.068017
-0.073595
-0.078499
-0.083290
-0.087089
-0.090658
-0.093125
-0.095296
-0.096464
-0.097340
-0.097457
-0.097327
-0.096732
-0.095943
-0.094962
-0.093829
-0.092709
-0.091467
-0.090368
-0.089170
-0.088175
-0.087104
-0.086248
-0.085337
-0.084621
-0.083875
-0.083286
-0.082689
-0.082210
-0.081740
-0.081352
-0.080986
-0.080671
-0.080388
-0.080132
-0.079914
-0.079703
-0.079537
-0.079360
-0.079235
-0.079082
-0.078992
-0.078853
-0.078796
-0.078662
-0.078637
-0.078497
-0.078508
-0.078350
-0.078404
-0.078216
-0.078322
-0.078088
-0.078258
-0.077962
-0.078212
-0.077832
-0.078183
-0.077695
-0.078171
-0.077547
-0.078175
-0.077383
-0.078199
-0.077197
-0.078244
-0.076984
-0.078314
-0.076737
-0.078414
-0.076445
0.009359
0.000522
0.008112
0.000679
0.006661
0.000428
0.004977
-0.000282
0.002992
-0.001524
0.000606
-0.003393
-0.002309
-0.006008
-0.005904
-0.009506
-0.010345
-0.014030
-0.015792
-0.019707
-0.022371
-0.026616
-0.030132
-0.034730
-0.038987
-0.043870
-0.048662
-0.053647
-0.058661
-0.063465
-0.068296
-0.072579
-0.076806
-0.080258
-0.083552
-0.085988
-0.088196
-0.089615
-0.090785
-0.091340
-0.091662
-0.091588
-0.091313
-0.090848
-0.090215
-0.089554
-0.088754
-0.088032
-0.087197
-0.086496
-0.085708
-0.085069
-0.084370
-0.083810
-0.083214
-0.082734
-0.082241
-0.081836
-0.081436
-0.081097
-0.080776
-0.080495
-0.080240
-0.080006
-0.079805
-0.079610
-0.079453
-0.079289
-0.079168
-0.079027
-0.078937
-0.078811
-0.078749
-0.078630
-0.078597
-0.078476
-0.078474
-0.078342
-0.078374
-0.078221
-0.078295
-0.078108
-0.078233
-0.077999
-0.078187
-0.077890
-0.078156
-0.077777
-0.078140
-0.077656
-0.078138
-0.077524
-0.078151
-0.077376
-0.078182
-0.077208
-0.078233
-0.077014
-0.078308
-0.076787
0.002958
-0.000206
0.002558
-0.000615
0.001719
-0.001317
0.000466
-0.002403
-0.001228
-0.003969
-0.003430
-0.006120
-0.006237
-0.008975
-0.009767
-0.012662
-0.014150
-0.017303
-0.019505
-0.022998
-0.025913
-0.029788
-0.033380
-0.037618
-0.041784
-0.046287
-0.050842
-0.055424
-0.060092
-0.064488
-0.068925
-0.072838
-0.076700
-0.079867
-0.082886
-0.085157
-0.087212
-0.088579
-0.089709
-0.090295
-0.090656
-0.090654
-0.090456
-0.090071
-0.089525
-0.088933
-0.088212
-0.087541
-0.086773
-0.086107
-0.085371
-0.084756
-0.084096
-0.083554
-0.082989
-0.082523
-0.082054
-0.081662
-0.081281
-0.080955
-0.080649
-0.080380
-0.080137
-0.079915
-0.079723
-0.079540
-0.079389
-0.079237
-0.079120
-0.078991
-0.078902
-0.078789
-0.078724
-0.078621
-0.078580
-0.078480
-0.078463
-0.078358
-0.078368
-0.078251
-0.078292
-0.078153
-0.078231
-0.078060
-0.078185
-0.077970
-0.078151
-0.077880
-0.078129
-0.077785
-0.078119
-0.077684
-0.078121
-0.077574
-0.078137
-0.077450
-0.078167
-0.077309
-0.078216
-0.077145
-0.003247
-0.000875
-0.002805
-0.001790
-0.003003
-0.002872
-0.003763
-0.004238
-0.005069
-0.005997
-0.006945
-0.008255
-0.009448
-0.011123
-0.012657
-0.014707
-0.016658
-0.019105
-0.021526
-0.024387
-0.027304
-0.030570
-0.033968
-0.037590
-0.041398
-0.045271
-0.049346
-0.053307
-0.057440
-0.061273
-0.065207
-0.068677
-0.072151
-0.075053
-0.077861
-0.080067
-0.082109
-0.083595
-0.084882
-0.085721
-0.086358
-0.086683
-0.086821
-0.086781
-0.086580
-0.086312
-0.085910
-0.085520
-0.085026
-0.084589
-0.084075
-0.083638
-0.083151
-0.082743
-0.082306
-0.081938
-0.081562
-0.081240
-0.080923
-0.080646
-0.080385
-0.080151
-0.079938
-0.079741
-0.079569
-0.079405
-0.079267
-0.079130
-0.079020
-0.078905
-0.078818
-0.078720
-0.078654
-0.078568
-0.078521
-0.078442
-0.078412
-0.078335
-0.078324
-0.078243
-0.078253
-0.078162
-0.078196
-0.078089
-0.078150
-0.078021
-0.078116
-0.077955
-0.078091
-0.077890
-0.078075
-0.077823
-0.078068
-0.077751
-0.078070
-0.077673
-0.078082
-0.077587
-0.078104
-0.077489
-0.009314
-0.001545
-0.008067
-0.002972
-0.007664
-0.004454
-0.007981
-0.006138
-0.008963
-0.008153
-0.010603
-0.010616
-0.012929
-0.013638
-0.015991
-0.017319
-0.019846
-0.021743
-0.024540
-0.026961
-0.030084
-0.032974
-0.036428
-0.039703
-0.043436
-0.046971
-0.050865
-0.054491
-0.058371
-0.061883
-0.065534
-0.068720
-0.071929
-0.074609
-0.077211
-0.079273
-0.081186
-0.082606
-0.083843
-0.084678
-0.085324
-0.085684
-0.085869
-0.085882
-0.085746
-0.085534
-0.085201
-0.084863
-0.084433
-0.084041
-0.083584
-0.083185
-0.082747
-0.082370
-0.081974
-0.081634
-0.081291
-0.080994
-0.080705
-0.080450
-0.080211
-0.079996
-0.079800
-0.079621
-0.079463
-0.079314
-0.079186
-0.079063
-0.078960
-0.078859
-0.078776
-0.078693
-0.078625
-0.078556
-0.078502
-0.078444
-0.078402
-0.078352
-0.078319
-0.078274
-0.078252
-0.078209
-0.078196
-0.078153
-0.078150
-0.078105
-0.078113
-0.078062
-0.078083
-0.078024
-0.078059
-0.077988
-0.078041
-0.077953
-0.078028
-0.077920
-0.078019
-0.077886
-0.078016
-0.077852
-0.015178
-0.002169
-0.013139
-0.004063
-0.012122
-0.005887
-0.011957
-0.007816
-0.012547
-0.009991
-0.013850
-0.012532
-0.015861
-0.015542
-0.018597
-0.019113
-0.022082
-0.023311
-0.026331
-0.028174
-0.031333
-0.033692
-0.037024
-0.039790
-0.043275
-0.046315
-0.049876
-0.053032
-0.056542
-0.059637
-0.062939
-0.065796
-0.068730
-0.071200
-0.073639
-0.075622
-0.077499
-0.078964
-0.080279
-0.081255
-0.082067
-0.082628
-0.083030
-0.083270
-0.083367
-0.083380
-0.083273
-0.083138
-0.082910
-0.082692
-0.082406
-0.082148
-0.081847
-0.081581
-0.081291
-0.081036
-0.080772
-0.080538
-0.080308
-0.080100
-0.079903
-0.079723
-0.079557
-0.079405
-0.079267
-0.079140
-0.079026
-0.078921
-0.078827
-0.078742
-0.078663
-0.078597
-0.078530
-0.078480
-0.078421
-0.078386
-0.078332
-0.078311
-0.078259
-0.078251
-0.078198
-0.078205
-0.078148
-0.078171
-0.078106
-0.078146
-0.078069
-0.078129
-0.078037
-0.078121
-0.078008
-0.078119
-0.077981
-0.078125
-0.077955
-0.078138
-0.077928
-0.078160
-0.077899
-0.078193
-0.020844
-0.002777
-0.018052
-0.005130
-0.016458
-0.007304
-0.015852
-0.009499
-0.016102
-0.011876
-0.017138
-0.014563
-0.018929
-0.017666
-0.021469
-0.021271
-0.024758
-0.025439
-0.028791
-0.030198
-0.033532
-0.035527
-0.038906
-0.041349
-0.044776
-0.047516
-0.050940
-0.053813
-0.057135
-0.059970
-0.063064
-0.065694
-0.068433
-0.070723
-0.073005
-0.074865
-0.076637
-0.078035
-0.079299
-0.080256
-0.081063
-0.081639
-0.082069
-0.082346
-0.082491
-0.082550
-0.082500
-0.082414
-0.082245
-0.082074
-0.081842
-0.081629
-0.081377
-0.081151
-0.080904
-0.080684
-0.080458
-0.080255
-0.080056
-0.079875
-0.079704
-0.079548
-0.079403
-0.079271
-0.079149
-0.079040
-0.078938
-0.078850
-0.078764
-0.078695
-0.078620
-0.078570
-0.078502
-0.078470
-0.078405
-0.078391
-0.078325
-0.078331
-0.078259
-0.078287
-0.078202
-0.078257
-0.078154
-0.078240
-0.078111
-0.078234
-0.078072
-0.078241
-0.078034
-0.078258
-0.077997
-0.078288
-0.077959
-0.078330
-0.077918
-0.078387
-0.077871
-0.078461
-0.077816
-0.078556
-0.026315
-0.003354
-0.022788
-0.006135
-0.020618
-0.008618
-0.019549
-0.011028
-0.019417
-0.013538
-0.020120
-0.016281
-0.021599
-0.019361
-0.023821
-0.022858
-0.026764
-0.026826
-0.030400
-0.031284
-0.034681
-0.036212
-0.039524
-0.041540
-0.044801
-0.047144
-0.050335
-0.052843
-0.055905
-0.058421
-0.061267
-0.063645
-0.066183
-0.068301
-0.070455
-0.072232
-0.073959
-0.075359
-0.076656
-0.077685
-0.078587
-0.079284
-0.079850
-0.080272
-0.080574
-0.080784
-0.080892
-0.080951
-0.080927
-0.080885
-0.080781
-0.080677
-0.080531
-0.080395
-0.080234
-0.080085
-0.079925
-0.079778
-0.079630
-0.079493
-0.079360
-0.079237
-0.079121
-0.079016
-0.078916
-0.078829
-0.078743
-0.078673
-0.078598
-0.078547
-0.078479
-0.078446
-0.078381
-0.078368
-0.078301
-0.078310
-0.078235
-0.078270
-0.078180
-0.078246
-0.078133
-0.078237
-0.078091
-0.078242
-0.078053
-0.078262
-0.078016
-0.078295
-0.077978
-0.078344
-0.077937
-0.078408
-0.077892
-0.078491
-0.077839
-0.078595
-0.077774
-0.078725
-0.077695
-0.078886
-0.031532
-0.003898
-0.027310
-0.007086
-0.024596
-0.009871
-0.023099
-0.012504
-0.022625
-0.015172
-0.023048
-0.018017
-0.024286
-0.021147
-0.026288
-0.024640
-0.029012
-0.028546
-0.032415
-0.032880
-0.036434
-0.037621
-0.040978
-0.042698
-0.045919
-0.047997
-0.051085
-0.053354
-0.056274
-0.058576
-0.061266
-0.063460
-0.065850
-0.067822
-0.069855
-0.071528
-0.073170
-0.074508
-0.075760
-0.076764
-0.077656
-0.078357
-0.078941
-0.079388
-0.079726
-0.079974
-0.080128
-0.080230
-0.080258
-0.080260
-0.080208
-0.080147
-0.080050
-0.079954
-0.079836
-0.079724
-0.079603
-0.079489
-0.079373
-0.079265
-0.079159
-0.079062
-0.078968
-0.078884
-0.078802
-0.078733
-0.078660
-0.078608
-0.078542
-0.078507
-0.078443
-0.078427
-0.078361
-0.078367
-0.078294
-0.078325
-0.078237
-0.078299
-0.078188
-0.078290
-0.078145
-0.078296
-0.078106
-0.078318
-0.078067
-0.078357
-0.078027
-0.078412
-0.077984
-0.078486
-0.077935
-0.078580
-0.077878
-0.078698
-0.077809
-0.078844
-0.077726
-0.079024
-0.077621
-0.079245
-0.036574
-0.004429
-0.031682
-0.008006
-0.028435
-0.011071
-0.026505
-0.013893
-0.025668
-0.016673
-0.025771
-0.019560
-0.026711
-0.022662
-0.028414
-0.026055
-0.030822
-0.029787
-0.033875
-0.033870
-0.037503
-0.038286
-0.041614
-0.042975
-0.046084
-0.047838
-0.050763
-0.052741
-0.055475
-0.057527
-0.060036
-0.062029
-0.064267
-0.066097
-0.068025
-0.069618
-0.071211
-0.072528
-0.073785
-0.074819
-0.075761
-0.076530
-0.077196
-0.077734
-0.078172
-0.078521
-0.078782
-0.078985
-0.079115
-0.079211
-0.079252
-0.079275
-0.079258
-0.079233
-0.079183
-0.079130
-0.079063
-0.078997
-0.078925
-0.078855
-0.078784
-0.078719
-0.078652
-0.078594
-0.078533
-0.078487
-0.078430
-0.078398
-0.078343
-0.078327
-0.078271
-0.078274
-0.078212
-0.078238
-0.078163
-0.078219
-0.078123
-0.078215
-0.078088
-0.078228
-0.078057
-0.078257
-0.078026
-0.078303
-0.077994
-0.078367
-0.077958
-0.078450
-0.077915
-0.078556
-0.077864
-0.078686
-0.077801
-0.078844
-0.077722
-0.079037
-0.077622
-0.079272
-0.077494
-0.079559
-0.041307
-0.004908
-0.035783
-0.008842
-0.032032
-0.012165
-0.029698
-0.015171
-0.028529
-0.018074
-0.028352
-0.021031
-0.029046
-0.024153
-0.030521
-0.027519
-0.032705
-0.031174
-0.035527
-0.035131
-0.038906
-0.039372
-0.042746
-0.043840
-0.046924
-0.048446
-0.051295
-0.053070
-0.055698
-0.057571
-0.059963
-0.061806
-0.063932
-0.065642
-0.067477
-0.068983
-0.070508
-0.071771
-0.072990
-0.073999
-0.074930
-0.075698
-0.076376
-0.076932
-0.077398
-0.077777
-0.078076
-0.078317
-0.078491
-0.078628
-0.078714
-0.078778
-0.078805
-0.078819
-0.078809
-0.078792
-0.078762
-0.078728
-0.078687
-0.078647
-0.078602
-0.078562
-0.078516
-0.078481
-0.078437
-0.078409
-0.078365
-0.078349
-0.078304
-0.078303
-0.078252
-0.078270
-0.078209
-0.078252
-0.078172
-0.078248
-0.078140
-0.078258
-0.078111
-0.078285
-0.078083
-0.078328
-0.078053
-0.078389
-0.078020
-0.078470
-0.077980
-0.078574
-0.077932
-0.078703
-0.077872
-0.078861
-0.077798
-0.079052
-0.077704
-0.079285
-0.077585
-0.079566
-0.077432
-0.079910
-0.045905
-0.005395
-0.039776
-0.009683
-0.035540
-0.013258
-0.032808
-0.016432
-0.031302
-0.019431
-0.030827
-0.022421
-0.031243
-0.025515
-0.032443
-0.028791
-0.034342
-0.032296
-0.036859
-0.036044
-0.039907
-0.040020
-0.043389
-0.044178
-0.047189
-0.048443
-0.051176
-0.052714
-0.055206
-0.056877
-0.059133
-0.060812
-0.062821
-0.064410
-0.066157
-0.067587
-0.069062
-0.070292
-0.071498
-0.072511
-0.073463
-0.074264
-0.074988
-0.075597
-0.076125
-0.076568
-0.076938
-0.077246
-0.077492
-0.077695
-0.077849
-0.077974
-0.078061
-0.078130
-0.078173
-0.078203
-0.078217
-0.078224
-0.078220
-0.078214
-0.078199
-0.078188
-0.078168
-0.078157
-0.078133
-0.078127
-0.078100
-0.078104
-0.078071
-0.078089
-0.078048
-0.078085
-0.078028
-0.078093
-0.078013
-0.078113
-0.078000
-0.078148
-0.077987
-0.078198
-0.077972
-0.078265
-0.077954
-0.078352
-0.077929
-0.078460
-0.077895
-0.078592
-0.077849
-0.078753
-0.077789
-0.078947
-0.077710
-0.079179
-0.077608
-0.079458
-0.077474
-0.079794
-0.077300
-0.080201
-0.050129
-0.005809
-0.043434
-0.010402
-0.038741
-0.014195
-0.035633
-0.017518
-0.033814
-0.020613
-0.033071
-0.023648
-0.033247
-0.026745
-0.034225
-0.029982
-0.035909
-0.033407
-0.038207
-0.037035
-0.041028
-0.040854
-0.044271
-0.044823
-0.047822
-0.048875
-0.051554
-0.052920
-0.055333
-0.056857
-0.059025
-0.060582
-0.062506
-0.063998
-0.065673
-0.067032
-0.068455
-0.069639
-0.070815
-0.071806
-0.072748
-0.073548
-0.074280
-0.074902
-0.075453
-0.075922
-0.076323
-0.076664
-0.076947
-0.077186
-0.077379
-0.077541
-0.077667
-0.077772
-0.077851
-0.077915
-0.077962
-0.078000
-0.078024
-0.078045
-0.078055
-0.078067
-0.078067
-0.078076
-0.078069
-0.078081
-0.078066
-0.078085
-0.078060
-0.078093
-0.078055
-0.078107
-0.078050
-0.078130
-0.078045
-0.078164
-0.078039
-0.078211
-0.078031
-0.078273
-0.078018
-0.078352
-0.077999
-0.078452
-0.077971
-0.078575
-0.077933
-0.078725
-0.077881
-0.078907
-0.077811
-0.079125
-0.077721
-0.079387
-0.077603
-0.079702
-0.077451
-0.080080
-0.077253
-0.080539
-0.054279
-0.006255
-0.047046
-0.011172
-0.041918
-0.015192
-0.038452
-0.018666
-0.036327
-0.021845
-0.035311
-0.024907
-0.035234
-0.027976
-0.035964
-0.031135
-0.037395
-0.034432
-0.039428
-0.037885
-0.041968
-0.041487
-0.044913
-0.045205
-0.048156
-0.048984
-0.051578
-0.052749
-0.055059
-0.056417
-0.058479
-0.059899
-0.061728
-0.063115
-0.064716
-0.066003
-0.067376
-0.068520
-0.069672
-0.070651
-0.071595
-0.072405
-0.073158
-0.073807
-0.074393
-0.074900
-0.075345
-0.075730
-0.076060
-0.076345
-0.076585
-0.076791
-0.076962
-0.077108
-0.077227
-0.077329
-0.077411
-0.077482
-0.077537
-0.077587
-0.077624
-0.077662
-0.077685
-0.077717
-0.077729
-0.077762
-0.077763
-0.077802
-0.077791
-0.077843
-0.077815
-0.077887
-0.077836
-0.077938
-0.077854
-0.077998
-0.077869
-0.078070
-0.077878
-0.078157
-0.077881
-0.078262
-0.077875
-0.078388
-0.077859
-0.078539
-0.077828
-0.078719
-0.077781
-0.078933
-0.077713
-0.079187
-0.077620
-0.079490
-0.077496
-0.079850
-0.077331
-0.080282
-0.077114
-0.080803
-0.057974
-0.006603
-0.050244
-0.011773
-0.044707
-0.015972
-0.040900
-0.019566
-0.038487
-0.022816
-0.037222
-0.025907
-0.036921
-0.028968
-0.037444
-0.032083
-0.038675
-0.035303
-0.040511
-0.038649
-0.042850
-0.042117
-0.045591
-0.045678
-0.048626
-0.049283
-0.051841
-0.052869
-0.055122
-0.056360
-0.058357
-0.059679
-0.061446
-0.062756
-0.064303
-0.065534
-0.066869
-0.067977
-0.069107
-0.070068
-0.071005
-0.071814
-0.072575
-0.073237
-0.073842
-0.074370
-0.074842
-0.075255
-0.075617
-0.075934
-0.076207
-0.076446
-0.076651
-0.076829
-0.076980
-0.077112
-0.077223
-0.077321
-0.077403
-0.077477
-0.077536
-0.077595
-0.077636
-0.077686
-0.077712
-0.077760
-0.077772
-0.077825
-0.077820
-0.077884
-0.077860
-0.077944
-0.077892
-0.078007
-0.077918
-0.078078
-0.077937
-0.078159
-0.077949
-0.078255
-0.077952
-0.078370
-0.077944
-0.078506
-0.077923
-0.078669
-0.077886
-0.078863
-0.077831
-0.079095
-0.077753
-0.079370
-0.077648
-0.079698
-0.077508
-0.080089
-0.077326
-0.080558
-0.077087
-0.081125
-0.061685
-0.007013
-0.053481
-0.012480
-0.047562
-0.016886
-0.043438
-0.020615
-0.040753
-0.023941
-0.039245
-0.027056
-0.038718
-0.030093
-0.039021
-0.033140
-0.040030
-0.036250
-0.041636
-0.039449
-0.043736
-0.042736
-0.046227
-0.046090
-0.049007
-0.049473
-0.051967
-0.052830
-0.055002
-0.056100
-0.058012
-0.059217
-0.060904
-0.062122
-0.063603
-0.064766
-0.066052
-0.067115
-0.068215
-0.069153
-0.070079
-0.070883
-0.071647
-0.072318
-0.072940
-0.073487
-0.073984
-0.074423
-0.074814
-0.075160
-0.075465
-0.075735
-0.075971
-0.076179
-0.076360
-0.076521
-0.076660
-0.076786
-0.076892
-0.076992
-0.077073
-0.077155
-0.077217
-0.077288
-0.077333
-0.077401
-0.077429
-0.077501
-0.077510
-0.077593
-0.077580
-0.077684
-0.077639
-0.077776
-0.077690
-0.077875
-0.077732
-0.077984
-0.077765
-0.078107
-0.077785
-0.078248
-0.077793
-0.078412
-0.077785
-0.078604
-0.077759
-0.078829
-0.077711
-0.079093
-0.077637
-0.079404
-0.077532
-0.079772
-0.077389
-0.080208
-0.077196
-0.080729
-0.076940
-0.081357
-0.064836
-0.007291
-0.056203
-0.012961
-0.049926
-0.017508
-0.045501
-0.021328
-0.042557
-0.024705
-0.040823
-0.027836
-0.040094
-0.030858
-0.040211
-0.033863
-0.041043
-0.036905
-0.042477
-0.040013
-0.044407
-0.043190
-0.046729
-0.046419
-0.049341
-0.049666
-0.052137
-0.052885
-0.055018
-0.056021
-0.057888
-0.059016
-0.060660
-0.061819
-0.063263
-0.064384
-0.065644
-0.066681
-0.067767
-0.068695
-0.069618
-0.070423
-0.071197
-0.071880
-0.072519
-0.073087
-0.073607
-0.074071
-0.074490
-0.074864
-0.075198
-0.075497
-0.075762
-0.075998
-0.076207
-0.076395
-0.076559
-0.076708
-0.076837
-0.076957
-0.077058
-0.077157
-0.077234
-0.077321
-0.077377
-0.077458
-0.077495
-0.077577
-0.077592
-0.077685
-0.077673
-0.077786
-0.077740
-0.077887
-0.077795
-0.077993
-0.077838
-0.078107
-0.077869
-0.078235
-0.077887
-0.078382
-0.077890
-0.078552
-0.077875
-0.078752
-0.077841
-0.078987
-0.077783
-0.079265
-0.077698
-0.079592
-0.077580
-0.079980
-0.077421
-0.080442
-0.077211
-0.080993
-0.076935
-0.081658
-0.068127
-0.007672
-0.059084
-0.013616
-0.052476
-0.018354
-0.047776
-0.022298
-0.044597
-0.025744
-0.042651
-0.028898
-0.041724
-0.031900
-0.041648
-0.034846
-0.042287
-0.037794
-0.043523
-0.040776
-0.045248
-0.043800
-0.047358
-0.046856
-0.049754
-0.049916
-0.052336
-0.052943
-0.055010
-0.055891
-0.057687
-0.058713
-0.060287
-0.061363
-0.062746
-0.063802
-0.065013
-0.066004
-0.067055
-0.067952
-0.068854
-0.069644
-0.070409
-0.071088
-0.071729
-0.072302
-0.072833
-0.073309
-0.073744
-0.074135
-0.074488
-0.074806
-0.075092
-0.075350
-0.075581
-0.075790
-0.075976
-0.076146
-0.076296
-0.076437
-0.076558
-0.076678
-0.076773
-0.076880
-0.076953
-0.077053
-0.077105
-0.077207
-0.077235
-0.077347
-0.077347
-0.077481
-0.077443
-0.077613
-0.077526
-0.077748
-0.077594
-0.077891
-0.077648
-0.078048
-0.077687
-0.078224
-0.077708
-0.078424
-0.077709
-0.078654
-0.077688
-0.078920
-0.077641
-0.079231
-0.077562
-0.079595
-0.077447
-0.080022
-0.077287
-0.080528
-0.077069
-0.081131
-0.076778
-0.081855
-0.070714
-0.007876
-0.061311
-0.013969
-0.054398
-0.018810
-0.049438
-0.022819
-0.046034
-0.026298
-0.043891
-0.029458
-0.042788
-0.032444
-0.042552
-0.035352
-0.043041
-0.038244
-0.044134
-0.041154
-0.045721
-0.044093
-0.047698
-0.047054
-0.049965
-0.050014
-0.052425
-0.052942
-0.054986
-0.055796
-0.057564
-0.058535
-0.060082
-0.061117
-0.062478
-0.063507
-0.064703
-0.065678
-0.066724
-0.067617
-0.068523
-0.069318
-0.070095
-0.070788
-0.071447
-0.072039
-0.072592
-0.073091
-0.073551
-0.073967
-0.074347
-0.074691
-0.075002
-0.075285
-0.075539
-0.075771
-0.075978
-0.076169
-0.076337
-0.076495
-0.076631
-0.076766
-0.076873
-0.076991
-0.077074
-0.077184
-0.077241
-0.077351
-0.077382
-0.077501
-0.077500
-0.077640
-0.077599
-0.077775
-0.077680
-0.077912
-0.077746
-0.078056
-0.077795
-0.078213
-0.077826
-0.078390
-0.077839
-0.078591
-0.077831
-0.078824
-0.077799
-0.079096
-0.077740
-0.079414
-0.077648
-0.079789
-0.077519
-0.080230
-0.077343
-0.080755
-0.077108
-0.081380
-0.076799
-0.082132
-0.073616
-0.008236
-0.063863
-0.014587
-0.056670
-0.019606
-0.051478
-0.023731
-0.047873
-0.027276
-0.045550
-0.030457
-0.044277
-0.033426
-0.043875
-0.036284
-0.044197
-0.039095
-0.045119
-0.041896
-0.046529
-0.044703
-0.048323
-0.047515
-0.050405
-0.050314
-0.052680
-0.053075
-0.055061
-0.055765
-0.057468
-0.058348
-0.059831
-0.060789
-0.062092
-0.063058
-0.064205
-0.065131
-0.066138
-0.066994
-0.067872
-0.068643
-0.069402
-0.070081
-0.070731
-0.071318
-0.071870
-0.072371
-0.072836
-0.073259
-0.073648
-0.074003
-0.074327
-0.074623
-0.074893
-0.075140
-0.075363
-0.075571
-0.075756
-0.075932
-0.076084
-0.076237
-0.076362
-0.076498
-0.076597
-0.076725
-0.076798
-0.076926
-0.076972
-0.077110
-0.077122
-0.077283
-0.077252
-0.077450
-0.077363
-0.077619
-0.077456
-0.077795
-0.077531
-0.077983
-0.077587
-0.078190
-0.077621
-0.078423
-0.077632
-0.078688
-0.077616
-0.078992
-0.077570
-0.079345
-0.077489
-0.079756
-0.077366
-0.080237
-0.077191
-0.080805
-0.076953
-0.081480
-0.076632
-0.082291
-0.075615
-0.008361
-0.065572
-0.014804
-0.058128
-0.019885
-0.052718
-0.024049
-0.048925
-0.027611
-0.046437
-0.030791
-0.045019
-0.033743
-0.044485
-0.036570
-0.044688
-0.039339
-0.045499
-0.042089
-0.046806
-0.044838
-0.048504
-0.047586
-0.050495
-0.050320
-0.052688
-0.053020
-0.054998
-0.055653
-0.057345
-0.058190
-0.059662
-0.060596
-0.061892
-0.062844
-0.063990
-0.064912
-0.065923
-0.066784
-0.067672
-0.068454
-0.069229
-0.069924
-0.070594
-0.071202
-0.071776
-0.072300
-0.072788
-0.073235
-0.073647
-0.074025
-0.074372
-0.074689
-0.074979
-0.075245
-0.075486
-0.075710
-0.075910
-0.076100
-0.076264
-0.076427
-0.076560
-0.076705
-0.076809
-0.076943
-0.077019
-0.077151
-0.077196
-0.077338
-0.077346
-0.077510
-0.077473
-0.077675
-0.077578
-0.077839
-0.077663
-0.078009
-0.077727
-0.078192
-0.077772
-0.078394
-0.077793
-0.078622
-0.077791
-0.078884
-0.077761
-0.079188
-0.077701
-0.079542
-0.077604
-0.079957
-0.077465
-0.080445
-0.077275
-0.081023
-0.077019
-0.081712
-0.076682
-0.082539
-0.078171
-0.008709
-0.067834
-0.015400
-0.060158
-0.020653
-0.054557
-0.024928
-0.050598
-0.028553
-0.047960
-0.031756
-0.046398
-0.034695
-0.045724
-0.037479
-0.045782
-0.040176
-0.046445
-0.042829
-0.047598
-0.045461
-0.049136
-0.048076
-0.050963
-0.050666
-0.052991
-0.053215
-0.055138
-0.055698
-0.057329
-0.058090
-0.059500
-0.060361
-0.061599
-0.062489
-0.063583
-0.064453
-0.065421
-0.066240
-0.067094
-0.067845
-0.068594
-0.069267
-0.069919
-0.070513
-0.071077
-0.071594
-0.072079
-0.072524
-0.072938
-0.073319
-0.073672
-0.073997
-0.074295
-0.074572
-0.074825
-0.075062
-0.075275
-0.075480
-0.075659
-0.075838
-0.075987
-0.076148
-0.076269
-0.076421
-0.076513
-0.076664
-0.076724
-0.076885
-0.076909
-0.077092
-0.077068
-0.077292
-0.077206
-0.077491
-0.077321
-0.077695
-0.077416
-0.077912
-0.077487
-0.078148
-0.077534
-0.078410
-0.077555
-0.078706
-0.077545
-0.079044
-0.077502
-0.079434
-0.077419
-0.079886
-0.077289
-0.080414
-0.077104
-0.081036
-0.076847
-0.081774
-0.076501
-0.082659
-0.079545
-0.008746
-0.068990
-0.015467
-0.061118
-0.020740
-0.055346
-0.025026
-0.051239
-0.028651
-0.048471
-0.031847
-0.046797
-0.034771
-0.046024
-0.037534
-0.045997
-0.040205
-0.046584
-0.042830
-0.047670
-0.045430
-0.049150
-0.048015
-0.050928
-0.050576
-0.052915
-0.053101
-0.055030
-0.055566
-0.057201
-0.057948
-0.059363
-0.060219
-0.061464
-0.062356
-0.063461
-0.064340
-0.065322
-0.066156
-0.067028
-0.067797
-0.068567
-0.069262
-0.069937
-0.070554
-0.071142
-0.071682
-0.072190
-0.072658
-0.073094
-0.073496
-0.073868
-0.074212
-0.074528
-0.074821
-0.075088
-0.075337
-0.075561
-0.075775
-0.075962
-0.076148
-0.076301
-0.076467
-0.076589
-0.076743
-0.076833
-0.076984
-0.077041
-0.077201
-0.077217
-0.077400
-0.077367
-0.077589
-0.077491
-0.077776
-0.077592
-0.077968
-0.077670
-0.078172
-0.077725
-0.078396
-0.077754
-0.078647
-0.077757
-0.078933
-0.077729
-0.079263
-0.077668
-0.079646
-0.077567
-0.080094
-0.077420
-0.080621
-0.077218
-0.081244
-0.076945
-0.081984
-0.076585
-0.082873
-0.081814
-0.009095
-0.071015
-0.016063
-0.062956
-0.021505
-0.057030
-0.025901
-0.052790
-0.029590
-0.049900
-0.032810
-0.048107
-0.035725
-0.047214
-0.038448
-0.047063
-0.041055
-0.047520
-0.043591
-0.048468
-0.046084
-0.049803
-0.048545
-0.051431
-0.050972
-0.053266
-0.053354
-0.055228
-0.055675
-0.057249
-0.057915
-0.059268
-0.060051
-0.061236
-0.062064
-0.063113
-0.063937
-0.064871
-0.065658
-0.066489
-0.067220
-0.067956
-0.068621
-0.069271
-0.069866
-0.070436
-0.070961
-0.071458
-0.071918
-0.072349
-0.072749
-0.073121
-0.073467
-0.073788
-0.074087
-0.074362
-0.074621
-0.074856
-0.075083
-0.075283
-0.075484
-0.075652
-0.075835
-0.075973
-0.076144
-0.076252
-0.076422
-0.076496
-0.076676
-0.076709
-0.076913
-0.076895
-0.077140
-0.077055
-0.077365
-0.077191
-0.077595
-0.077303
-0.077836
-0.077389
-0.078097
-0.077448
-0.078385
-0.077478
-0.078707
-0.077475
-0.079074
-0.077434
-0.079495
-0.077351
-0.079983
-0.077218
-0.080551
-0.077024
-0.081218
-0.076754
-0.082009
-0.076388
-0.082956
-0.082507
-0.009032
-0.071566
-0.015961
-0.063371
-0.021377
-0.057325
-0.025754
-0.052979
-0.029427
-0.049999
-0.032633
-0.048131
-0.035537
-0.047177
-0.038251
-0.046977
-0.040850
-0.047396
-0.043382
-0.048318
-0.045875
-0.049636
-0.048339
-0.051258
-0.050775
-0.053094
-0.053173
-0.055069
-0.055516
-0.057110
-0.057784
-0.059159
-0.059957
-0.061165
-0.062012
-0.063086
-0.063933
-0.064893
-0.065706
-0.066564
-0.067323
-0.068087
-0.068780
-0.069457
-0.070079
-0.070675
-0.071226
-0.071747
-0.072229
-0.072682
-0.073101
-0.073491
-0.073853
-0.074188
-0.074500
-0.074785
-0.075054
-0.075296
-0.075528
-0.075731
-0.075934
-0.076102
-0.076284
-0.076419
-0.076587
-0.076689
-0.076854
-0.076920
-0.077093
-0.077117
-0.077313
-0.077283
-0.077522
-0.077422
-0.077726
-0.077536
-0.077935
-0.077625
-0.078156
-0.077687
-0.078396
-0.077723
-0.078665
-0.077729
-0.078969
-0.077703
-0.079320
-0.077641
-0.079726
-0.077538
-0.080200
-0.077385
-0.080756
-0.077173
-0.081413
-0.076888
-0.082193
-0.076509
-0.083129
-0.084570
-0.009398
-0.073427
-0.016582
-0.065083
-0.022172
-0.058916
-0.026661
-0.054465
-0.030400
-0.051387
-0.033633
-0.049421
-0.036530
-0.048365
-0.039208
-0.048055
-0.041746
-0.048357
-0.044194
-0.049151
-0.046583
-0.050334
-0.048927
-0.051812
-0.051230
-0.053499
-0.053486
-0.055322
-0.055683
-0.057212
-0.057806
-0.059114
-0.059837
-0.060980
-0.061759
-0.062772
-0.063558
-0.064462
-0.065222
-0.066032
-0.066745
-0.067468
-0.068123
-0.068768
-0.069360
-0.069931
-0.070460
-0.070963
-0.071432
-0.071873
-0.072284
-0.072670
-0.073030
-0.073365
-0.073680
-0.073971
-0.074247
-0.074499
-0.074742
-0.074958
-0.075175
-0.075359
-0.075557
-0.075710
-0.075897
-0.076017
-0.076203
-0.076287
-0.076483
-0.076525
-0.076745
-0.076733
-0.076996
-0.076913
-0.077243
-0.077067
-0.077494
-0.077194
-0.077757
-0.077293
-0.078038
-0.077364
-0.078347
-0.077402
-0.078692
-0.077406
-0.079083
-0.077369
-0.079530
-0.077288
-0.080046
-0.077153
-0.080645
-0.076953
-0.081349
-0.076674
-0.082182
-0.076292
-0.083178
-0.084499
-0.009220
-0.073296
-0.016287
-0.064884
-0.021799
-0.058652
-0.026237
-0.054145
-0.029942
-0.051022
-0.033155
-0.049023
-0.036045
-0.047948
-0.038727
-0.047631
-0.041278
-0.047938
-0.043750
-0.048751
-0.046171
-0.049963
-0.048557
-0.051481
-0.050911
-0.053219
-0.053226
-0.055100
-0.055489
-0.057058
-0.057684
-0.059032
-0.059791
-0.060975
-0.061792
-0.062846
-0.063671
-0.064616
-0.065415
-0.066264
-0.067014
-0.067775
-0.068465
-0.069143
-0.069767
-0.070368
-0.070925
-0.071454
-0.071945
-0.072407
-0.072838
-0.073239
-0.073613
-0.073960
-0.074284
-0.074582
-0.074862
-0.075116
-0.075360
-0.075574
-0.075788
-0.075967
-0.076159
-0.076303
-0.076481
-0.076591
-0.076765
-0.076837
-0.077020
-0.077047
-0.077254
-0.077226
-0.077475
-0.077375
-0.077692
-0.077498
-0.077913
-0.077593
-0.078145
-0.077661
-0.078396
-0.077701
-0.078677
-0.077710
-0.078994
-0.077685
-0.079358
-0.077623
-0.079780
-0.077517
-0.080272
-0.077360
-0.080848
-0.077142
-0.081528
-0.076847
-0.082336
-0.076456
-0.083304
-0.086466
-0.009621
-0.075093
-0.016962
-0.066560
-0.022660
-0.060233
-0.027218
-0.055642
-0.030993
-0.052438
-0.034237
-0.050356
-0.037124
-0.049190
-0.039771
-0.048773
-0.042262
-0.048969
-0.044648
-0.049657
-0.046963
-0.050734
-0.049225
-0.052107
-0.051440
-0.053691
-0.053606
-0.055413
-0.055713
-0.057209
-0.057751
-0.059025
-0.059703
-0.060813
-0.061555
-0.062540
-0.063295
-0.064176
-0.064912
-0.065704
-0.066400
-0.067112
-0.067756
-0.068393
-0.068980
-0.069549
-0.070077
-0.070582
-0.071053
-0.071500
-0.071917
-0.072310
-0.072679
-0.073024
-0.073349
-0.073650
-0.073937
-0.074200
-0.074455
-0.074682
-0.074911
-0.075106
-0.075316
-0.075480
-0.075679
-0.075809
-0.076006
-0.076100
-0.076307
-0.076357
-0.076589
-0.076582
-0.076859
-0.076779
-0.077125
-0.076948
-0.077393
-0.077089
-0.077673
-0.077200
-0.077972
-0.077281
-0.078298
-0.077328
-0.078661
-0.077338
-0.079070
-0.077306
-0.079536
-0.077228
-0.080074
-0.077093
-0.080697
-0.076891
-0.081428
-0.076606
-0.082291
-0.076215
-0.083324
-0.085507
-0.009311
-0.074169
-0.016447
-0.065646
-0.022007
-0.059319
-0.026475
-0.054730
-0.030197
-0.051535
-0.033414
-0.049471
-0.036297
-0.048333
-0.038963
-0.047959
-0.041491
-0.048210
-0.043932
-0.048967
-0.046319
-0.050126
-0.048666
-0.051593
-0.050979
-0.053282
-0.053253
-0.055118
-0.055477
-0.057033
-0.057635
-0.058971
-0.059710
-0.060882
-0.061685
-0.062729
-0.063543
-0.064481
-0.065272
-0.066116
-0.066862
-0.067621
-0.068309
-0.068988
-0.069613
-0.070216
-0.070776
-0.071308
-0.071804
-0.072271
-0.072707
-0.073114
-0.073494
-0.073847
-0.074177
-0.074480
-0.074767
-0.075027
-0.075276
-0.075496
-0.075716
-0.075899
-0.076096
-0.076245
-0.076428
-0.076542
-0.076721
-0.076796
-0.076984
-0.077013
-0.077225
-0.077197
-0.077453
-0.077352
-0.077676
-0.077479
-0.077902
-0.077578
-0.078139
-0.077649
-0.078397
-0.077691
-0.078683
-0.077701
-0.079007
-0.077677
-0.079378
-0.077614
-0.079808
-0.077507
-0.080308
-0.077348
-0.080895
-0.077126
-0.081587
-0.076827
-0.082409
-0.076429
-0.083393
-0.087537
-0.009767
-0.076043
-0.017210
-0.067413
-0.022977
-0.061004
-0.027579
-0.056342
-0.031380
-0.053074
-0.034634
-0.050932
-0.037516
-0.049707
-0.040148
-0.049232
-0.042612
-0.049369
-0.044963
-0.049997
-0.047234
-0.051011
-0.049445
-0.052320
-0.051605
-0.053840
-0.053712
-0.055499
-0.055761
-0.057233
-0.057740
-0.058990
-0.059638
-0.060724
-0.061440
-0.062402
-0.063135
-0.063997
-0.064715
-0.065490
-0.066172
-0.066871
-0.067505
-0.068133
-0.068713
-0.069276
-0.069801
-0.070303
-0.070773
-0.071220
-0.071639
-0.072034
-0.072407
-0.072756
-0.073086
-0.073393
-0.073686
-0.073955
-0.074217
-0.074452
-0.074689
-0.074891
-0.075110
-0.075280
-0.075488
-0.075625
-0.075831
-0.075932
-0.076148
-0.076203
-0.076445
-0.076444
-0.076730
-0.076654
-0.077010
-0.076835
-0.077292
-0.076987
-0.077585
-0.077109
-0.077897
-0.077199
-0.078236
-0.077254
-0.078612
-0.077271
-0.079035
-0.077245
-0.079515
-0.077171
-0.080067
-0.077038
-0.080706
-0.076837
-0.081454
-0.076550
-0.082337
-0.076154
-0.083393
