# u - 300 ites
1.017958
1.002912
1.016458
1.005465
1.015602
1.007646
1.015217
1.009545
1.015191
1.011232
1.015442
1.012757
1.015899
1.014150
1.016503
1.015433
1.017204
1.016612
1.017955
1.017691
1.018716
1.018663
1.019449
1.019520
1.020121
1.020250
1.020700
1.020840
1.021163
1.021279
1.021489
1.021558
1.021664
1.021669
1.021677
1.021610
1.021528
1.021385
1.021217
1.021001
1.020755
1.020468
1.020153
1.019804
1.019429
1.019026
1.018602
1.018156
1.017692
1.017213
1.016721
1.016219
1.015710
1.015195
1.014678
1.014160
1.013643
1.013128
1.012619
1.012115
1.011620
1.011133
1.010657
1.010190
1.009737
1.009292
1.008867
1.008446
1.008050
1.007654
1.007289
1.006916
1.006585
1.006232
1.005938
1.005601
1.005348
1.005020
1.004813
1.004486
1.004332
1.003996
1.003904
1.003543
1.003528
1.003123
1.003203
1.002731
1.002929
1.002359
1.002707
1.002002
1.002537
1.001651
1.002422
1.001298
1.002367
1.000932
1.002378
1.000541
1.017672
1.002868
1.016234
1.005410
1.015428
1.007591
1.015083
1.009497
1.015092
1.011197
1.015375
1.012739
1.015864
1.014154
1.016500
1.015461
1.017233
1.016669
1.018017
1.017776
1.018811
1.018777
1.019575
1.019663
1.020275
1.020419
1.020880
1.021032
1.021364
1.021489
1.021705
1.021779
1.021889
1.021896
1.021905
1.021837
1.021751
1.021604
1.021430
1.021206
1.020951
1.020655
1.020329
1.019968
1.019580
1.019164
1.018726
1.018266
1.017788
1.017295
1.016790
1.016274
1.015752
1.015224
1.014695
1.014165
1.013637
1.013113
1.012595
1.012082
1.011580
1.011085
1.010604
1.010131
1.009674
1.009225
1.008796
1.008373
1.007974
1.007576
1.007211
1.006837
1.006506
1.006153
1.005859
1.005524
1.005271
1.004946
1.004739
1.004415
1.004261
1.003928
1.003837
1.003480
1.003465
1.003065
1.003143
1.002678
1.002873
1.002312
1.002653
1.001961
1.002485
1.001616
1.002371
1.001270
1.002316
1.000914
1.002324
1.000533
1.017753
1.002882
1.016286
1.005424
1.015461
1.007603
1.015103
1.009505
1.015104
1.011202
1.015380
1.012739
1.015863
1.014151
1.016495
1.015454
1.017224
1.016658
1.018005
1.017762
1.018795
1.018761
1.019557
1.019644
1.020255
1.020399
1.020859
1.021011
1.021342
1.021467
1.021683
1.021757
1.021867
1.021874
1.021883
1.021814
1.021729
1.021582
1.021408
1.021184
1.020930
1.020634
1.020308
1.019947
1.019560
1.019145
1.018707
1.018248
1.017771
1.017279
1.016775
1.016260
1.015739
1.015213
1.014685
1.014157
1.013630
1.013107
1.012590
1.012079
1.011578
1.011085
1.010604
1.010133
1.009677
1.009229
1.008801
1.008379
1.007981
1.007584
1.007219
1.006846
1.006515
1.006163
1.005870
1.005534
1.005282
1.004957
1.004750
1.004426
1.004272
1.003939
1.003848
1.003491
1.003475
1.003076
1.003154
1.002688
1.002883
1.002321
1.002663
1.001969
1.002495
1.001623
1.002381
1.001276
1.002327
1.000917
1.002337
1.000532
1.017474
1.002845
1.016063
1.005375
1.015284
1.007552
1.014965
1.009460
1.015001
1.011168
1.015310
1.012723
1.015826
1.014156
1.016491
1.015484
1.017254
1.016716
1.018068
1.017851
1.018893
1.018881
1.019688
1.019794
1.020417
1.020577
1.021048
1.021213
1.021554
1.021688
1.021911
1.021991
1.022104
1.022114
1.022123
1.022053
1.021964
1.021812
1.021631
1.021399
1.021135
1.020828
1.020490
1.020116
1.019715
1.019286
1.018833
1.018359
1.017868
1.017360
1.016842
1.016313
1.015778
1.015239
1.014698
1.014158
1.013620
1.013087
1.012561
1.012042
1.011533
1.011033
1.010546
1.010069
1.009609
1.009157
1.008726
1.008301
1.007902
1.007504
1.007137
1.006764
1.006433
1.006082
1.005789
1.005455
1.005203
1.004880
1.004674
1.004354
1.004200
1.003871
1.003779
1.003427
1.003411
1.003017
1.003093
1.002635
1.002825
1.002274
1.002608
1.001927
1.002442
1.001588
1.002330
1.001248
1.002275
1.000898
1.002283
1.000523
1.017429
1.002850
1.016015
1.005376
1.015237
1.007549
1.014922
1.009455
1.014964
1.011162
1.015282
1.012720
1.015807
1.014157
1.016483
1.015494
1.017258
1.016735
1.018086
1.017881
1.018925
1.018923
1.019733
1.019849
1.020476
1.020643
1.021119
1.021290
1.021635
1.021774
1.022000
1.022083
1.022197
1.022207
1.022216
1.022145
1.022054
1.021900
1.021715
1.021479
1.021210
1.020897
1.020553
1.020173
1.019766
1.019329
1.018870
1.018389
1.017891
1.017378
1.016853
1.016319
1.015778
1.015234
1.014689
1.014145
1.013604
1.013067
1.012538
1.012017
1.011506
1.011004
1.010516
1.010038
1.009578
1.009126
1.008695
1.008270
1.007871
1.007473
1.007107
1.006735
1.006405
1.006054
1.005762
1.005429
1.005178
1.004857
1.004651
1.004332
1.004179
1.003852
1.003760
1.003410
1.003393
1.003002
1.003076
1.002622
1.002810
1.002263
1.002594
1.001918
1.002429
1.001581
1.002317
1.001242
1.002263
1.000892
1.002272
1.000518
1.017110
1.002810
1.015753
1.005319
1.015025
1.007488
1.014753
1.009399
1.014835
1.011120
1.015192
1.012697
1.015757
1.014160
1.016473
1.015528
1.017290
1.016804
1.018161
1.017988
1.019043
1.019069
1.019894
1.020034
1.020676
1.020864
1.021354
1.021543
1.021899
1.022052
1.022286
1.022377
1.022496
1.022509
1.022518
1.022445
1.022349
1.022188
1.021995
1.021747
1.021465
1.021138
1.020779
1.020382
1.019956
1.019502
1.019023
1.018523
1.018006
1.017474
1.016930
1.016378
1.015820
1.015260
1.014699
1.014140
1.013585
1.013037
1.012496
1.011964
1.011444
1.010935
1.010440
1.009956
1.009490
1.009034
1.008600
1.008173
1.007771
1.007372
1.007006
1.006634
1.006303
1.005954
1.005663
1.005332
1.005082
1.004764
1.004559
1.004244
1.004091
1.003769
1.003677
1.003334
1.003315
1.002932
1.003003
1.002558
1.002741
1.002206
1.002528
1.001869
1.002366
1.001540
1.002256
1.001209
1.002202
1.000869
1.002210
1.000507
1.016946
1.002802
1.015607
1.005302
1.014898
1.007465
1.014646
1.009375
1.014750
1.011099
1.015129
1.012686
1.015718
1.014163
1.016461
1.015549
1.017306
1.016849
1.018207
1.018058
1.019119
1.019167
1.020000
1.020160
1.020812
1.021017
1.021517
1.021719
1.022084
1.022246
1.022487
1.022584
1.022706
1.022722
1.022730
1.022655
1.022555
1.022388
1.022187
1.021931
1.021638
1.021300
1.020927
1.020517
1.020077
1.019608
1.019116
1.018601
1.018069
1.017523
1.016966
1.016401
1.015832
1.015260
1.014689
1.014120
1.013557
1.013001
1.012453
1.011916
1.011391
1.010877
1.010378
1.009892
1.009424
1.008966
1.008530
1.008103
1.007702
1.007303
1.006937
1.006566
1.006237
1.005890
1.005599
1.005271
1.005022
1.004706
1.004502
1.004191
1.004039
1.003720
1.003628
1.003289
1.003269
1.002892
1.002961
1.002523
1.002701
1.002175
1.002491
1.001843
1.002330
1.001518
1.002222
1.001192
1.002168
1.000856
1.002176
1.000497
1.016573
1.002758
1.015296
1.005237
1.014642
1.007393
1.014439
1.009307
1.014589
1.011045
1.015015
1.012654
1.015651
1.014163
1.016443
1.015586
1.017340
1.016929
1.018294
1.018186
1.019261
1.019345
1.020196
1.020387
1.021059
1.021291
1.021809
1.022033
1.022414
1.022593
1.022845
1.022953
1.023081
1.023101
1.023109
1.023032
1.022925
1.022749
1.022536
1.022265
1.021956
1.021598
1.021205
1.020773
1.020310
1.019817
1.019299
1.018760
1.018204
1.017634
1.017053
1.016466
1.015875
1.015282
1.014692
1.014106
1.013526
1.012955
1.012394
1.011844
1.011309
1.010785
1.010279
1.009786
1.009312
1.008850
1.008411
1.007981
1.007577
1.007178
1.006812
1.006441
1.006113
1.005767
1.005478
1.005153
1.004905
1.004594
1.004391
1.004085
1.003933
1.003622
1.003529
1.003198
1.003177
1.002809
1.002874
1.002448
1.002619
1.002109
1.002414
1.001785
1.002256
1.001469
1.002150
1.001153
1.002097
1.000829
1.002103
1.000483
1.016296
1.002737
1.015056
1.005200
1.014437
1.007347
1.014269
1.009261
1.014453
1.011006
1.014914
1.012631
1.015589
1.014162
1.016421
1.015616
1.017362
1.016995
1.018363
1.018293
1.019378
1.019496
1.020362
1.020582
1.021270
1.021528
1.022063
1.022309
1.022704
1.022899
1.023161
1.023278
1.023411
1.023435
1.023442
1.023362
1.023249
1.023064
1.022839
1.022554
1.022228
1.021852
1.021438
1.020985
1.020500
1.019984
1.019444
1.018882
1.018304
1.017712
1.017110
1.016503
1.015893
1.015283
1.014677
1.014076
1.013483
1.012899
1.012328
1.011769
1.011225
1.010695
1.010183
1.009686
1.009208
1.008744
1.008303
1.007873
1.007469
1.007071
1.006705
1.006336
1.006009
1.005666
1.005378
1.005057
1.004811
1.004503
1.004302
1.004001
1.003850
1.003545
1.003452
1.003128
1.003105
1.002746
1.002807
1.002392
1.002557
1.002060
1.002354
1.001743
1.002200
1.001434
1.002095
1.001125
1.002043
1.000808
1.002050
1.000469
1.015858
1.002687
1.014688
1.005124
1.014129
1.007260
1.014017
1.009176
1.014254
1.010937
1.014769
1.012587
1.015500
1.014154
1.016392
1.015654
1.017396
1.017086
1.018463
1.018444
1.019546
1.019710
1.020598
1.020859
1.021572
1.021865
1.022424
1.022698
1.023114
1.023331
1.023608
1.023739
1.023880
1.023908
1.023915
1.023831
1.023709
1.023512
1.023271
1.022967
1.022618
1.022218
1.021777
1.021295
1.020779
1.020233
1.019661
1.019068
1.018458
1.017836
1.017205
1.016570
1.015933
1.015298
1.014669
1.014046
1.013434
1.012833
1.012246
1.011673
1.011117
1.010576
1.010055
1.009550
1.009067
1.008598
1.008154
1.007721
1.007316
1.006917
1.006551
1.006184
1.005858
1.005518
1.005233
1.004915
1.004671
1.004369
1.004170
1.003875
1.003726
1.003428
1.003336
1.003021
1.002996
1.002649
1.002705
1.002304
1.002461
1.001982
1.002264
1.001676
1.002114
1.001378
1.002012
1.001081
1.001961
1.000776
1.001966
1.000451
1.015473
1.002652
1.014355
1.005065
1.013846
1.007190
1.013780
1.009104
1.014064
1.010874
1.014627
1.012545
1.015408
1.014144
1.016356
1.015685
1.017419
1.017168
1.018551
1.018583
1.019701
1.019910
1.020821
1.021123
1.021861
1.022190
1.022773
1.023077
1.023514
1.023753
1.024045
1.024190
1.024339
1.024372
1.024378
1.024290
1.024159
1.023950
1.023691
1.023366
1.022994
1.022567
1.022098
1.021585
1.021039
1.020460
1.019856
1.019231
1.018590
1.017938
1.017278
1.016615
1.015952
1.015294
1.014642
1.013999
1.013369
1.012752
1.012151
1.011566
1.010999
1.010450
1.009922
1.009412
1.008924
1.008453
1.008006
1.007573
1.007167
1.006770
1.006405
1.006041
1.005717
1.005381
1.005097
1.004785
1.004543
1.004247
1.004050
1.003762
1.003614
1.003324
1.003231
1.002926
1.002899
1.002563
1.002615
1.002229
1.002377
1.001916
1.002185
1.001619
1.002039
1.001330
1.001939
1.001043
1.001889
1.000748
1.001893
1.000434
1.014960
1.002595
1.013919
1.004975
1.013478
1.007084
1.013475
1.008999
1.013819
1.010783
1.014444
1.012483
1.015291
1.014124
1.016309
1.015719
1.017449
1.017267
1.018662
1.018756
1.019897
1.020163
1.021103
1.021456
1.022226
1.022600
1.023215
1.023556
1.024019
1.024287
1.024598
1.024761
1.024920
1.024959
1.024965
1.024871
1.024729
1.024503
1.024223
1.023873
1.023471
1.023011
1.022507
1.021957
1.021371
1.020752
1.020109
1.019444
1.018764
1.018073
1.017377
1.016679
1.015985
1.015296
1.014616
1.013948
1.013295
1.012657
1.012038
1.011437
1.010857
1.010296
1.009759
1.009241
1.008747
1.008271
1.007822
1.007387
1.006981
1.006584
1.006220
1.005858
1.005537
1.005205
1.004924
1.004617
1.004379
1.004089
1.003895
1.003615
1.003469
1.003188
1.003096
1.002802
1.002773
1.002451
1.002498
1.002128
1.002268
1.001827
1.002082
1.001542
1.001940
1.001266
1.001844
1.000992
1.001795
1.000712
1.001798
1.000413
1.014467
1.002546
1.013494
1.004893
1.013114
1.006984
1.013168
1.008895
1.013569
1.010691
1.014253
1.012416
1.015163
1.014096
1.016250
1.015744
1.017466
1.017358
1.018762
1.018922
1.020086
1.020411
1.021383
1.021790
1.022595
1.023017
1.023665
1.024047
1.024539
1.024837
1.025171
1.025353
1.025523
1.025569
1.025574
1.025475
1.025320
1.025076
1.024772
1.024394
1.023959
1.023463
1.022920
1.022329
1.021700
1.021039
1.020352
1.019644
1.018923
1.018193
1.017458
1.016725
1.015997
1.015277
1.014570
1.013876
1.013201
1.012543
1.011907
1.011291
1.010699
1.010128
1.009583
1.009059
1.008561
1.008082
1.007631
1.007196
1.006790
1.006395
1.006034
1.005676
1.005357
1.005030
1.004754
1.004453
1.004218
1.003936
1.003745
1.003473
1.003329
1.003058
1.002966
1.002684
1.002653
1.002345
1.002386
1.002034
1.002164
1.001745
1.001984
1.001471
1.001848
1.001207
1.001754
1.000945
1.001707
1.000677
1.001709
1.000392
1.013871
1.002478
1.012983
1.004783
1.012679
1.006853
1.012801
1.008761
1.013270
1.010571
1.014023
1.012327
1.015008
1.014055
1.016177
1.015767
1.017484
1.017460
1.018879
1.019115
1.020308
1.020704
1.021713
1.022185
1.023032
1.023511
1.024201
1.024630
1.025159
1.025494
1.025852
1.026058
1.026241
1.026295
1.026299
1.026192
1.026022
1.025756
1.025424
1.025011
1.024537
1.023998
1.023408
1.022768
1.022090
1.021377
1.020639
1.019882
1.019111
1.018334
1.017555
1.016780
1.016012
1.015257
1.014516
1.013793
1.013091
1.012410
1.011754
1.011121
1.010514
1.009932
1.009376
1.008845
1.008341
1.007859
1.007406
1.006970
1.006565
1.006173
1.005813
1.005459
1.005144
1.004823
1.004551
1.004257
1.004027
1.003753
1.003566
1.003304
1.003162
1.002902
1.002811
1.002542
1.002509
1.002217
1.002253
1.001920
1.002040
1.001645
1.001868
1.001385
1.001737
1.001136
1.001648
1.000888
1.001601
1.000636
1.001602
1.000369
1.013271
1.002414
1.012463
1.004675
1.012230
1.006719
1.012419
1.008620
1.012953
1.010440
1.013774
1.012224
1.014833
1.014000
1.016086
1.015776
1.017486
1.017550
1.018985
1.019302
1.020526
1.020997
1.022049
1.022590
1.023484
1.024026
1.024762
1.025246
1.025814
1.026190
1.026579
1.026811
1.027009
1.027073
1.027076
1.026961
1.026773
1.026483
1.026119
1.025668
1.025150
1.024563
1.023920
1.023226
1.022491
1.021722
1.020928
1.020115
1.019291
1.018463
1.017636
1.016816
1.016007
1.015213
1.014439
1.013686
1.012957
1.012253
1.011577
1.010927
1.010307
1.009714
1.009150
1.008613
1.008105
1.007621
1.007166
1.006732
1.006329
1.005940
1.005584
1.005236
1.004925
1.004611
1.004344
1.004058
1.003833
1.003568
1.003385
1.003134
1.002995
1.002747
1.002657
1.002402
1.002367
1.002091
1.002121
1.001808
1.001917
1.001547
1.001753
1.001302
1.001628
1.001066
1.001543
1.000833
1.001498
1.000596
1.001499
1.000345
1.012583
1.002334
1.011869
1.004542
1.011717
1.006556
1.011981
1.008447
1.012588
1.010280
1.013485
1.012097
1.014628
1.013926
1.015976
1.015778
1.017483
1.017646
1.019101
1.019509
1.020772
1.021329
1.022431
1.023053
1.024002
1.024618
1.025408
1.025954
1.026570
1.026994
1.027418
1.027680
1.027895
1.027969
1.027970
1.027845
1.027636
1.027316
1.026914
1.026417
1.025848
1.025203
1.024500
1.023741
1.022942
1.022107
1.021248
1.020372
1.019487
1.018601
1.017719
1.016849
1.015993
1.015158
1.014345
1.013558
1.012800
1.012070
1.011372
1.010705
1.010069
1.009464
1.008891
1.008347
1.007835
1.007349
1.006894
1.006462
1.006061
1.005676
1.005324
1.004982
1.004677
1.004371
1.004109
1.003833
1.003613
1.003359
1.003181
1.002941
1.002806
1.002571
1.002482
1.002242
1.002206
1.001948
1.001972
1.001681
1.001779
1.001436
1.001624
1.001206
1.001505
1.000986
1.001425
1.000770
1.001382
1.000551
1.001381
1.000319
1.011874
1.002252
1.011251
1.004403
1.011179
1.006382
1.011515
1.008259
1.012193
1.010099
1.013166
1.011946
1.014393
1.013828
1.015837
1.015756
1.017456
1.017724
1.019200
1.019706
1.021011
1.021662
1.022819
1.023531
1.024543
1.025240
1.026093
1.026711
1.027382
1.027862
1.028326
1.028624
1.028861
1.028948
1.028948
1.028812
1.028580
1.028226
1.027780
1.027232
1.026603
1.025893
1.025120
1.024290
1.023417
1.022508
1.021576
1.020630
1.019677
1.018727
1.017786
1.016861
1.015956
1.015075
1.014222
1.013401
1.012612
1.011857
1.011137
1.010451
1.009802
1.009186
1.008606
1.008057
1.007542
1.007056
1.006602
1.006172
1.005775
1.005396
1.005051
1.004716
1.004417
1.004120
1.003866
1.003599
1.003387
1.003143
1.002971
1.002744
1.002613
1.002392
1.002305
1.002081
1.002043
1.001803
1.001822
1.001553
1.001640
1.001324
1.001494
1.001111
1.001383
1.000907
1.001306
1.000708
1.001266
1.000505
1.001264
1.000292
1.011089
1.002156
1.010566
1.004240
1.010580
1.006178
1.010994
1.008039
1.011749
1.009886
1.012804
1.011766
1.014123
1.013707
1.015674
1.015721
1.017417
1.017800
1.019304
1.019919
1.021275
1.022030
1.023254
1.024066
1.025152
1.025943
1.026869
1.027568
1.028303
1.028846
1.029357
1.029695
1.029956
1.030055
1.030053
1.029902
1.029641
1.029247
1.028749
1.028138
1.027440
1.026654
1.025801
1.024887
1.023930
1.022937
1.021923
1.020897
1.019870
1.018849
1.017842
1.016856
1.015897
1.014967
1.014071
1.013212
1.012391
1.011609
1.010866
1.010163
1.009499
1.008873
1.008285
1.007731
1.007214
1.006728
1.006277
1.005851
1.005458
1.005086
1.004747
1.004421
1.004131
1.003844
1.003597
1.003342
1.003137
1.002906
1.002741
1.002527
1.002401
1.002195
1.002110
1.001903
1.001864
1.001644
1.001658
1.001413
1.001488
1.001202
1.001352
1.001006
1.001249
1.000821
1.001178
1.000639
1.001139
1.000456
1.001137
1.000263
1.010269
1.002056
1.009846
1.004066
1.009945
1.005955
1.010435
1.007792
1.011264
1.009641
1.012399
1.011549
1.013810
1.013547
1.015468
1.015648
1.017340
1.017846
1.019378
1.020111
1.021522
1.022393
1.023690
1.024615
1.025785
1.026683
1.027694
1.028488
1.029298
1.029917
1.030484
1.030871
1.031162
1.031279
1.031277
1.031110
1.030818
1.030378
1.029821
1.029140
1.028361
1.027488
1.026542
1.025533
1.024479
1.023391
1.022284
1.021169
1.020056
1.018957
1.017877
1.016826
1.015807
1.014825
1.013884
1.012985
1.012131
1.011321
1.010556
1.009835
1.009159
1.008523
1.007930
1.007374
1.006857
1.006373
1.005925
1.005505
1.005120
1.004756
1.004426
1.004110
1.003829
1.003554
1.003317
1.003074
1.002878
1.002661
1.002503
1.002303
1.002183
1.001993
1.001911
1.001722
1.001682
1.001483
1.001490
1.001270
1.001333
1.001078
1.001208
1.000901
1.001113
1.000733
1.001048
1.000570
1.001012
1.000406
1.001008
1.000234
1.009380
1.001942
1.009064
1.003868
1.009251
1.005701
1.009820
1.007510
1.010728
1.009358
1.011946
1.011297
1.013455
1.013357
1.015231
1.015555
1.017244
1.017884
1.019451
1.020314
1.021790
1.022790
1.024174
1.025227
1.026494
1.027514
1.028623
1.029524
1.030421
1.031124
1.031756
1.032196
1.032520
1.032654
1.032647
1.032459
1.032126
1.031629
1.031000
1.030235
1.029362
1.028387
1.027334
1.026216
1.025052
1.023857
1.022645
1.021431
1.020226
1.019041
1.017883
1.016761
1.015679
1.014642
1.013653
1.012714
1.011826
1.010989
1.010202
1.009465
1.008776
1.008132
1.007534
1.006977
1.006461
1.005981
1.005539
1.005127
1.004750
1.004396
1.004076
1.003772
1.003502
1.003239
1.003013
1.002785
1.002598
1.002396
1.002246
1.002063
1.001949
1.001776
1.001697
1.001527
1.001487
1.001310
1.001312
1.001118
1.001169
1.000945
1.001055
1.000788
1.000969
1.000639
1.000909
1.000496
1.000877
1.000353
1.000872
1.000203
1.008448
1.001819
1.008238
1.003652
1.008511
1.005419
1.009156
1.007190
1.010136
1.009030
1.011435
1.010992
1.013039
1.013110
1.014931
1.015404
1.017090
1.017869
1.019475
1.020477
1.022024
1.023165
1.024646
1.025842
1.027222
1.028381
1.029606
1.030633
1.031635
1.032441
1.033153
1.033661
1.034029
1.034187
1.034181
1.033971
1.033595
1.033034
1.032324
1.031462
1.030480
1.029386
1.028210
1.026965
1.025674
1.024355
1.023024
1.021698
1.020387
1.019106
1.017861
1.016661
1.015510
1.014415
1.013375
1.012394
1.011471
1.010607
1.009799
1.009046
1.008347
1.007698
1.007097
1.006542
1.006030
1.005556
1.005122
1.004720
1.004354
1.004012
1.003704
1.003414
1.003157
1.002909
1.002695
1.002482
1.002307
1.002121
1.001981
1.001814
1.001707
1.001552
1.001478
1.001327
1.001287
1.001133
1.001129
1.000962
1.001001
1.000811
1.000900
1.000673
1.000823
1.000545
1.000769
1.000422
1.000740
1.000299
1.000734
1.000171
1.007452
1.001684
1.007352
1.003411
1.007714
1.005105
1.008434
1.006831
1.009490
1.008659
1.010871
1.010643
1.012573
1.012824
1.014592
1.015223
1.016909
1.017840
1.019492
1.020646
1.022278
1.023577
1.025171
1.026528
1.028039
1.029356
1.030714
1.031885
1.033007
1.033928
1.034730
1.035311
1.035724
1.035904
1.035891
1.035649
1.035216
1.034574
1.033764
1.032784
1.031673
1.030441
1.029122
1.027732
1.026299
1.024841
1.023379
1.021929
1.020505
1.019121
1.017784
1.016503
1.015282
1.014126
1.013036
1.012014
1.011058
1.010167
1.009340
1.008574
1.007867
1.007215
1.006615
1.006063
1.005557
1.005093
1.004669
1.004279
1.003925
1.003599
1.003305
1.003031
1.002787
1.002557
1.002356
1.002160
1.001998
1.001829
1.001699
1.001551
1.001451
1.001316
1.001246
1.001117
1.001076
1.000946
1.000937
1.000799
1.000825
1.000669
1.000737
1.000553
1.000670
1.000445
1.000623
1.000343
1.000597
1.000243
1.000591
1.000139
1.006406
1.001536
1.006416
1.003146
1.006861
1.004752
1.007652
1.006422
1.008774
1.008226
1.010229
1.010222
1.012024
1.012456
1.014163
1.014956
1.016640
1.017727
1.019427
1.020742
1.022466
1.023936
1.025657
1.027196
1.028857
1.030357
1.031874
1.033217
1.034486
1.035550
1.036466
1.037143
1.037620
1.037835
1.037825
1.037552
1.037058
1.036327
1.035403
1.034287
1.033026
1.031632
1.030145
1.028586
1.026986
1.025368
1.023753
1.022163
1.020609
1.019109
1.017668
1.016298
1.015000
1.013780
1.012636
1.011571
1.010581
1.009666
1.008822
1.008045
1.007333
1.006680
1.006084
1.005539
1.005043
1.004591
1.004181
1.003806
1.003468
1.003159
1.002881
1.002626
1.002399
1.002186
1.002002
1.001824
1.001676
1.001526
1.001408
1.001278
1.001188
1.001073
1.001008
1.000901
1.000861
1.000756
1.000742
1.000632
1.000646
1.000525
1.000571
1.000430
1.000515
1.000345
1.000475
1.000264
1.000452
1.000186
1.000446
1.000105
1.005301
1.001376
1.005422
1.002855
1.005951
1.004364
1.006810
1.005969
1.007998
1.007743
1.009527
1.009749
1.011417
1.012038
1.013684
1.014648
1.016334
1.017589
1.019348
1.020841
1.022672
1.024335
1.026204
1.027948
1.029784
1.031493
1.033193
1.034732
1.036168
1.037392
1.038435
1.039215
1.039756
1.040000
1.039979
1.039659
1.039081
1.038233
1.037166
1.035885
1.034443
1.032858
1.031178
1.029426
1.027640
1.025844
1.024064
1.022322
1.020631
1.019010
1.017463
1.016003
1.014628
1.013345
1.012151
1.011047
1.010027
1.009092
1.008234
1.007451
1.006738
1.006089
1.005500
1.004966
1.004484
1.004047
1.003654
1.003298
1.002979
1.002689
1.002431
1.002195
1.001987
1.001795
1.001628
1.001471
1.001337
1.001207
1.001103
1.000993
1.000913
1.000819
1.000760
1.000676
1.000637
1.000558
1.000539
1.000459
1.000461
1.000376
1.000401
1.000304
1.000355
1.000240
1.000323
1.000182
1.000304
1.000127
1.000297
1.000071
1.004143
1.001201
1.004373
1.002534
1.004979
1.003928
1.005897
1.005451
1.007137
1.007178
1.008727
1.009176
1.010698
1.011506
1.013081
1.014214
1.015896
1.017322
1.019137
1.020816
1.022761
1.024632
1.026665
1.028639
1.030676
1.032629
1.034547
1.036323
1.037968
1.039395
1.040605
1.041524
1.042160
1.042457
1.042441
1.042077
1.041412
1.040434
1.039205
1.037731
1.036079
1.034270
1.032361
1.030381
1.028375
1.026370
1.024396
1.022479
1.020630
1.018871
1.017205
1.015644
1.014186
1.012836
1.011588
1.010444
1.009396
1.008442
1.007575
1.006789
1.006079
1.005438
1.004861
1.004343
1.003878
1.003461
1.003089
1.002755
1.002458
1.002191
1.001955
1.001742
1.001555
1.001386
1.001238
1.001103
1.000986
1.000878
1.000788
1.000700
1.000630
1.000559
1.000507
1.000446
1.000409
1.000356
1.000333
1.000283
1.000273
1.000224
1.000228
1.000176
1.000194
1.000135
1.000170
1.000100
1.000154
1.000068
1.000147
1.000037
1.002932
1.001013
1.003270
1.002185
1.003950
1.003454
1.004922
1.004884
1.006211
1.006555
1.007858
1.008542
1.009910
1.010913
1.012415
1.013727
1.015410
1.017020
1.018905
1.020788
1.022868
1.024973
1.027197
1.029434
1.031707
1.033939
1.036111
1.038157
1.040042
1.041696
1.043090
1.044156
1.044886
1.045222
1.045190
1.044751
1.043962
1.042810
1.041373
1.039660
1.037753
1.035678
1.033505
1.031267
1.029016
1.026784
1.024603
1.022500
1.020490
1.018592
1.016808
1.015151
1.013614
1.012204
1.010911
1.009735
1.008666
1.007701
1.006831
1.006050
1.005349
1.004723
1.004164
1.003667
1.003225
1.002832
1.002484
1.002176
1.001905
1.001664
1.001453
1.001266
1.001102
1.000957
1.000830
1.000719
1.000621
1.000536
1.000461
1.000396
1.000338
1.000290
1.000245
1.000209
1.000174
1.000148
1.000121
1.000103
1.000081
1.000069
1.000051
1.000045
1.000029
1.000028
1.000013
1.000016
1.000002
1.000008
0.999994
1.000002
1.001667
1.000807
1.002109
1.001800
1.002852
1.002921
1.003864
1.004237
1.005183
1.005828
1.006865
1.007777
1.008974
1.010163
1.011577
1.013059
1.014731
1.016519
1.018469
1.020559
1.022776
1.025129
1.027563
1.030092
1.032633
1.035190
1.037668
1.040045
1.042232
1.044181
1.045825
1.047098
1.047975
1.048390
1.048369
1.047865
1.046948
1.045604
1.043929
1.041937
1.039730
1.037338
1.034849
1.032303
1.029759
1.027258
1.024832
1.022513
1.020313
1.018257
1.016338
1.014574
1.012951
1.011477
1.010136
1.008929
1.007842
1.006871
1.006002
1.005231
1.004546
1.003940
1.003405
1.002934
1.002520
1.002157
1.001839
1.001561
1.001319
1.001109
1.000925
1.000767
1.000629
1.000512
1.000408
1.000323
1.000245
1.000185
1.000126
1.000085
1.000040
1.000015
0.999979
0.999968
0.999936
0.999938
0.999907
0.999920
0.999887
0.999913
0.999873
0.999913
0.999864
0.999919
0.999856
0.999931
0.999849
0.999947
0.999841
0.999967
1.000355
1.000589
1.000899
1.001387
1.001699
1.002348
1.002744
1.003537
1.004087
1.005038
1.005798
1.006941
1.007961
1.009340
1.010665
1.012326
1.013992
1.015974
1.018002
1.020322
1.022703
1.025338
1.028017
1.030883
1.033740
1.036674
1.039508
1.042268
1.044802
1.047082
1.049001
1.050492
1.051510
1.051982
1.051932
1.051309
1.050201
1.048592
1.046607
1.044262
1.041688
1.038921
1.036068
1.033174
1.030310
1.027519
1.024837
1.022299
1.019913
1.017704
1.015662
1.013803
1.012108
1.010584
1.009210
1.007986
1.006894
1.005928
1.005074
1.004323
1.003663
1.003086
1.002583
1.002145
1.001766
1.001437
1.001154
1.000911
1.000703
1.000526
1.000373
1.000247
1.000137
1.000049
0.999971
0.999913
0.999857
0.999822
0.999782
0.999766
0.999735
0.999735
0.999707
0.999722
0.999694
0.999724
0.999690
0.999735
0.999690
0.999754
0.999693
0.999779
0.999697
0.999810
0.999698
0.999845
0.999695
0.999886
0.999688
0.999932
0.998991
1.000350
0.999629
1.000932
1.000474
1.001707
1.001531
1.002740
1.002870
1.004117
1.004577
1.005936
1.006756
1.008306
1.009518
1.011338
1.012977
1.015135
1.017225
1.019766
1.022307
1.025230
1.028170
1.031403
1.034617
1.037990
1.041252
1.044483
1.047463
1.050181
1.052483
1.054294
1.055544
1.056142
1.056113
1.055390
1.054088
1.052184
1.049841
1.047081
1.044068
1.040848
1.037555
1.034240
1.030989
1.027851
1.024863
1.022064
1.019458
1.017072
1.014888
1.012922
1.011148
1.009571
1.008165
1.006927
1.005835
1.004882
1.004048
1.003325
1.002698
1.002158
1.001694
1.001297
1.000958
1.000671
1.000428
1.000225
1.000054
0.999915
0.999797
0.999706
0.999627
0.999571
0.999520
0.999492
0.999459
0.999452
0.999431
0.999441
0.999424
0.999450
0.999433
0.999474
0.999450
0.999508
0.999471
0.999549
0.999493
0.999595
0.999513
0.999646
0.999530
0.999701
0.999540
0.999760
0.999542
0.999825
0.999534
0.999896
0.997591
1.000099
0.998319
1.000450
0.999199
1.001025
1.000260
1.001888
1.001585
1.003129
1.003279
1.004854
1.005467
1.007190
1.008288
1.010273
1.011890
1.014239
1.016408
1.019198
1.021928
1.025184
1.028433
1.032096
1.035732
1.039619
1.043385
1.047166
1.050662
1.053879
1.056604
1.058752
1.060223
1.060903
1.060826
1.059908
1.058301
1.055980
1.053160
1.049868
1.046317
1.042559
1.038761
1.034979
1.031312
1.027812
1.024516
1.021467
1.018657
1.016116
1.013814
1.011769
1.009941
1.008339
1.006924
1.005696
1.004624
1.003702
1.002906
1.002226
1.001645
1.001153
1.000738
1.000390
1.000101
0.999861
0.999665
0.999506
0.999378
0.999280
0.999201
0.999146
0.999102
0.999080
0.999058
0.999061
0.999053
0.999075
0.999074
0.999111
0.999110
0.999162
0.999155
0.999223
0.999203
0.999290
0.999251
0.999361
0.999295
0.999435
0.999333
0.999511
0.999363
0.999591
0.999382
0.999675
0.999389
0.999764
0.999382
0.999861
0.996143
0.999827
0.996951
0.999921
0.997849
1.000267
0.998887
1.000924
1.000162
1.001984
1.001796
1.003562
1.003934
1.005798
1.006746
1.008859
1.010417
1.012920
1.015133
1.018142
1.021039
1.024619
1.028180
1.032298
1.036401
1.040877
1.045245
1.049708
1.053873
1.057762
1.061092
1.063753
1.065604
1.066492
1.066452
1.065374
1.063455
1.060666
1.057289
1.053361
1.049157
1.044743
1.040324
1.035969
1.031791
1.027850
1.024181
1.020829
1.017776
1.015052
1.012613
1.010476
1.008591
1.006962
1.005542
1.004330
1.003287
1.002405
1.001656
1.001030
1.000505
1.000071
0.999714
0.999424
0.999190
0.999006
0.998862
0.998754
0.998673
0.998620
0.998583
0.998570
0.998562
0.998576
0.998586
0.998622
0.998641
0.998692
0.998712
0.998778
0.998793
0.998872
0.998876
0.998971
0.998957
0.999072
0.999032
0.999174
0.999098
0.999276
0.999154
0.999378
0.999197
0.999482
0.999226
0.999590
0.999238
0.999703
0.999231
0.999827
0.994672
0.999544
0.995554
0.999368
0.996460
0.999470
0.997463
0.999908
0.998676
1.000773
1.000237
1.002190
1.002316
1.004319
1.005115
1.007358
1.008864
1.011533
1.013808
1.017066
1.020167
1.024124
1.028058
1.032716
1.037377
1.042557
1.047644
1.052915
1.057865
1.062529
1.066537
1.069741
1.071954
1.072972
1.072846
1.071435
1.069010
1.065540
1.061406
1.056656
1.051648
1.046456
1.041335
1.036356
1.031648
1.027271
1.023250
1.019631
1.016377
1.013518
1.010991
1.008813
1.006914
1.005302
1.003916
1.002755
1.001771
1.000956
1.000278
0.999724
0.999272
0.998910
0.998624
0.998402
0.998233
0.998111
0.998026
0.997973
0.997944
0.997941
0.997949
0.997979
0.998011
0.998064
0.998107
0.998177
0.998223
0.998306
0.998349
0.998443
0.998475
0.998582
0.998597
0.998720
0.998711
0.998855
0.998813
0.998988
0.998902
0.999117
0.998977
0.999246
0.999034
0.999374
0.999072
0.999506
0.999089
0.999644
0.999082
0.999792
0.993162
0.999239
0.994106
0.998766
0.994998
0.998591
0.995933
0.998766
0.997037
0.999380
0.998463
1.000563
1.000401
1.002491
1.003082
1.005396
1.006785
1.009554
1.011825
1.015268
1.018515
1.022805
1.027084
1.032286
1.037537
1.043505
1.049435
1.055704
1.061674
1.067398
1.072397
1.076458
1.079324
1.080699
1.080639
1.078953
1.076001
1.071754
1.066718
1.060968
1.054964
1.048808
1.042809
1.037054
1.031684
1.026764
1.022308
1.018360
1.014860
1.011838
1.009204
1.006977
1.005064
1.003474
1.002130
1.001030
1.000117
0.999383
0.998787
0.998319
0.997952
0.997674
0.997468
0.997323
0.997228
0.997175
0.997155
0.997164
0.997192
0.997242
0.997300
0.997377
0.997450
0.997544
0.997622
0.997728
0.997803
0.997918
0.997984
0.998107
0.998157
0.998292
0.998319
0.998470
0.998466
0.998640
0.998597
0.998803
0.998709
0.998961
0.998802
0.999115
0.998873
0.999268
0.998920
0.999423
0.998943
0.999585
0.998936
0.999759
0.991647
0.998927
0.992644
0.998145
0.993512
0.997682
0.994367
0.997581
0.995349
0.997930
0.996626
0.998864
0.998409
1.000580
1.000964
1.003346
1.004623
1.007500
1.009784
1.013439
1.016872
1.021558
1.026258
1.032115
1.038082
1.045006
1.051959
1.059433
1.066626
1.073599
1.079732
1.084722
1.088214
1.089812
1.089591
1.087311
1.083476
1.078073
1.071794
1.064740
1.057515
1.050232
1.043266
1.036700
1.030682
1.025268
1.020446
1.016254
1.012598
1.009504
1.006850
1.004654
1.002801
1.001298
1.000051
0.999062
0.998262
0.997643
0.997160
0.996802
0.996540
0.996362
0.996251
0.996195
0.996183
0.996207
0.996259
0.996335
0.996424
0.996532
0.996641
0.996767
0.996884
0.997020
0.997135
0.997278
0.997383
0.997530
0.997621
0.997774
0.997842
0.998004
0.998044
0.998222
0.998225
0.998428
0.998384
0.998622
0.998519
0.998808
0.998630
0.998987
0.998715
0.999164
0.998772
0.999343
0.998800
0.999527
0.998794
0.999726
0.990107
0.998593
0.991143
0.997476
0.991961
0.996688
0.992698
0.996264
0.993502
0.996280
0.994550
0.996872
0.996068
0.998248
0.998350
1.000706
1.001777
1.004649
1.006831
1.010578
1.014075
1.019047
1.024072
1.030530
1.037194
1.045142
1.053252
1.062191
1.070963
1.079656
1.087478
1.093975
1.098646
1.100891
1.100784
1.097994
1.093208
1.086445
1.078642
1.069966
1.061198
1.052489
1.044290
1.036695
1.029851
1.023810
1.018523
1.014022
1.010164
1.006975
1.004290
1.002127
1.000339
0.998935
0.997801
0.996939
0.996267
0.995780
0.995425
0.995192
0.995048
0.994983
0.994977
0.995019
0.995099
0.995208
0.995337
0.995485
0.995640
0.995809
0.995974
0.996151
0.996315
0.996495
0.996648
0.996828
0.996965
0.997146
0.997261
0.997443
0.997531
0.997721
0.997774
0.997979
0.997989
0.998219
0.998176
0.998444
0.998334
0.998657
0.998463
0.998862
0.998561
0.999063
0.998628
0.999264
0.998661
0.999472
0.998656
0.999694
0.988582
0.998258
0.989649
0.996800
0.990407
0.995680
0.991015
0.994921
0.991629
0.994593
0.992435
0.994830
0.993674
0.995852
0.995669
0.997993
0.998858
1.001725
1.003818
1.007675
1.011273
1.016593
1.022026
1.029220
1.036745
1.045958
1.055498
1.066250
1.076964
1.087745
1.097566
1.105755
1.111587
1.114249
1.113827
1.109911
1.103496
1.094673
1.084752
1.073962
1.063328
1.052999
1.043508
1.034915
1.027347
1.020823
1.015234
1.010596
1.006704
1.003576
1.001000
0.998994
0.997378
0.996166
0.995221
0.994550
0.994060
0.993749
0.993557
0.993478
0.993476
0.993542
0.993656
0.993808
0.993988
0.994189
0.994403
0.994627
0.994852
0.995084
0.995307
0.995538
0.995748
0.995974
0.996166
0.996384
0.996553
0.996767
0.996907
0.997119
0.997225
0.997443
0.997509
0.997741
0.997758
0.998016
0.997973
0.998271
0.998154
0.998512
0.998300
0.998741
0.998413
0.998964
0.998489
0.999188
0.998527
0.999418
0.998523
0.999663
0.987051
0.997904
0.988133
0.996080
0.988804
0.994594
0.989241
0.993450
0.989602
0.992702
0.990073
0.992470
0.990897
0.992975
0.992411
0.994569
0.995090
0.997780
0.999601
1.003356
1.006836
1.012274
1.017888
1.025635
1.033867
1.044325
1.055369
1.068243
1.081405
1.095044
1.107876
1.118882
1.126983
1.130892
1.130648
1.125695
1.117429
1.106090
1.093485
1.079994
1.066937
1.054517
1.043339
1.033454
1.024936
1.017782
1.011791
1.006961
1.003002
0.999930
0.997466
0.995633
0.994207
0.993208
0.992474
0.992016
0.991727
0.991610
0.991598
0.991688
0.991841
0.992049
0.992294
0.992565
0.992853
0.993152
0.993455
0.993760
0.994058
0.994357
0.994640
0.994926
0.995186
0.995457
0.995689
0.995947
0.996148
0.996395
0.996560
0.996803
0.996928
0.997173
0.997252
0.997511
0.997535
0.997819
0.997777
0.998104
0.997980
0.998371
0.998144
0.998624
0.998270
0.998870
0.998355
0.999115
0.998398
0.999366
0.998395
0.999633
0.985561
0.997556
0.986650
0.995366
0.987227
0.993513
0.987487
0.991983
0.987588
0.990810
0.987716
0.990103
0.988114
0.990080
0.989132
0.991112
0.991288
0.993788
0.995340
0.998994
1.002374
1.007971
1.013835
1.022270
1.031391
1.043412
1.056348
1.071918
1.088187
1.105424
1.122001
1.136343
1.146760
1.151536
1.150635
1.143390
1.131905
1.116695
1.100347
1.083380
1.067493
1.052838
1.040058
1.029100
1.019934
1.012482
1.006418
1.001710
0.997965
0.995195
0.993053
0.991570
0.990480
0.989814
0.989387
0.989221
0.989195
0.989322
0.989529
0.989817
0.990149
0.990518
0.990906
0.991307
0.991711
0.992114
0.992510
0.992900
0.993273
0.993641
0.993984
0.994326
0.994635
0.994953
0.995225
0.995522
0.995754
0.996034
0.996225
0.996496
0.996641
0.996912
0.997005
0.997288
0.997320
0.997630
0.997589
0.997944
0.997814
0.998236
0.997995
0.998512
0.998133
0.998779
0.998227
0.999045
0.998275
0.999316
0.998273
0.999605
0.984088
0.997194
0.985169
0.994621
0.985626
0.992371
0.985667
0.990406
0.985445
0.988729
0.985128
0.987423
0.984945
0.986680
0.985231
0.986858
0.986508
0.988571
0.989590
0.992804
0.995720
1.001053
1.006714
1.015393
1.024949
1.038252
1.052885
1.071386
1.091349
1.113379
1.135598
1.155600
1.170724
1.178085
1.177392
1.167808
1.152419
1.132269
1.111003
1.089459
1.069791
1.052174
1.037242
1.024857
1.014804
1.006934
1.000731
0.996132
0.992609
0.990168
0.988379
0.987281
0.986559
0.986258
0.986165
0.986314
0.986573
0.986961
0.987403
0.987903
0.988424
0.988963
0.989503
0.990040
0.990566
0.991077
0.991570
0.992046
0.992498
0.992935
0.993341
0.993739
0.994098
0.994463
0.994774
0.995109
0.995374
0.995687
0.995902
0.996202
0.996365
0.996662
0.996768
0.997076
0.997115
0.997450
0.997410
0.997792
0.997655
0.998108
0.997853
0.998406
0.998004
0.998693
0.998107
0.998978
0.998159
0.999269
0.998158
0.999578
0.982683
0.996847
0.983750
0.993901
0.984085
0.991264
0.983910
0.988873
0.983366
0.986702
0.982610
0.984803
0.981848
0.983342
0.981399
0.982659
0.981783
0.983385
0.983861
0.986605
0.989044
0.994094
0.999561
1.008552
1.018665
1.033581
1.050356
1.072663
1.097457
1.125761
1.155523
1.182724
1.202865
1.212224
1.210078
1.195392
1.173095
1.145228
1.117142
1.089919
1.066170
1.045799
1.029250
1.016115
1.005879
0.998260
0.992512
0.988538
0.985662
0.983905
0.982750
0.982265
0.982089
0.982293
0.982642
0.983191
0.983799
0.984498
0.985210
0.985950
0.986680
0.987404
0.988107
0.988787
0.989439
0.990062
0.990654
0.991217
0.991747
0.992253
0.992721
0.993175
0.993583
0.993993
0.994344
0.994716
0.995011
0.995356
0.995595
0.995922
0.996104
0.996426
0.996544
0.996875
0.996921
0.997280
0.997241
0.997648
0.997507
0.997987
0.997720
0.998306
0.997882
0.998613
0.997993
0.998916
0.998051
0.999225
0.998050
0.999553
0.981323
0.996495
0.982364
0.993168
0.982555
0.990124
0.982127
0.987268
0.981206
0.984532
0.979915
0.981920
0.978417
0.979538
0.976976
0.977664
0.976051
0.976871
0.976462
0.978247
0.979672
0.983736
0.988216
0.996608
1.006238
1.021853
1.039781
1.065620
1.095414
1.131509
1.172443
1.212052
1.242811
1.257962
1.255709
1.235138
1.203926
1.165817
1.128458
1.093502
1.064078
1.039924
1.021098
1.006910
0.996356
0.988997
0.983756
0.980493
0.978347
0.977353
0.976898
0.977081
0.977495
0.978239
0.979059
0.980029
0.981002
0.982024
0.983017
0.984004
0.984950
0.985863
0.986731
0.987556
0.988336
0.989071
0.989763
0.990414
0.991021
0.991597
0.992125
0.992635
0.993091
0.993545
0.993934
0.994343
0.994668
0.995043
0.995306
0.995659
0.995858
0.996204
0.996334
0.996687
0.996740
0.997121
0.997084
0.997513
0.997368
0.997875
0.997596
0.998213
0.997770
0.998538
0.997888
0.998858
0.997950
0.999184
0.997950
0.999530
0.980061
0.996167
0.981072
0.992481
0.981125
0.989053
0.980457
0.985758
0.979176
0.982487
0.977375
0.979195
0.975172
0.975924
0.972767
0.972879
0.970544
0.970559
0.969257
0.970019
0.970379
0.973332
0.976717
0.984368
0.993397
1.009807
1.029042
1.059490
1.095765
1.142377
1.199838
1.256619
1.299012
1.319190
1.313690
1.280633
1.233104
1.178579
1.128675
1.085058
1.050688
1.024242
1.004850
0.991243
0.981782
0.975860
0.972058
0.970245
0.969395
0.969602
0.970177
0.971279
0.972468
0.973892
0.975283
0.976750
0.978142
0.979527
0.980827
0.982080
0.983253
0.984363
0.985401
0.986373
0.987282
0.988129
0.988918
0.989655
0.990338
0.990980
0.991567
0.992130
0.992632
0.993128
0.993553
0.993996
0.994350
0.994753
0.995038
0.995415
0.995631
0.995998
0.996140
0.996514
0.996573
0.996974
0.996938
0.997390
0.997240
0.997771
0.997482
0.998128
0.997666
0.998469
0.997792
0.998805
0.997858
0.999147
0.997859
0.999509
0.978875
0.995846
0.979846
0.991804
0.979747
0.987988
0.978817
0.984232
0.977137
0.980378
0.974754
0.976310
0.971715
0.971975
0.968113
0.967443
0.964179
0.963033
0.960463
0.959588
0.958212
0.959027
0.960133
0.965419
0.971865
0.986837
1.004478
1.037550
1.077867
1.135484
1.216666
1.302552
1.369329
1.402817
1.395956
1.347511
1.278970
1.202686
1.135166
1.078979
1.037048
1.007139
0.986778
0.973900
0.965823
0.961693
0.959633
0.959521
0.960151
0.961692
0.963388
0.965470
0.967474
0.969601
0.971578
0.973548
0.975361
0.977108
0.978714
0.980230
0.981627
0.982930
0.984135
0.985251
0.986284
0.987239
0.988123
0.988943
0.989698
0.990405
0.991048
0.991660
0.992206
0.992742
0.993201
0.993676
0.994057
0.994487
0.994792
0.995192
0.995423
0.995810
0.995963
0.996355
0.996421
0.996841
0.996807
0.997278
0.997125
0.997677
0.997379
0.998050
0.997572
0.998407
0.997705
0.998757
0.997774
0.999113
0.997776
0.999490
0.977815
0.995559
0.978748
0.991197
0.978510
0.987030
0.977343
0.982859
0.975303
0.978478
0.972393
0.973705
0.968590
0.968390
0.963880
0.962460
0.958325
0.956027
0.952226
0.949650
0.946500
0.944943
0.943545
0.945936
0.949197
0.961982
0.976914
1.013043
1.056619
1.129966
1.250280
1.373602
1.456818
1.495916
1.488600
1.418488
1.312816
1.200958
1.112514
1.047114
1.003031
0.974854
0.957680
0.948698
0.944304
0.943640
0.944507
0.946948
0.949655
0.952958
0.956072
0.959345
0.962309
0.965240
0.967870
0.970388
0.972651
0.974777
0.976697
0.978479
0.980101
0.981594
0.982961
0.984215
0.985367
0.986426
0.987398
0.988296
0.989118
0.989883
0.990578
0.991237
0.991823
0.992395
0.992885
0.993389
0.993794
0.994248
0.994572
0.994993
0.995238
0.995643
0.995805
0.996214
0.996286
0.996722
0.996689
0.997178
0.997022
0.997594
0.997287
0.997981
0.997489
0.998351
0.997627
0.998715
0.997700
0.999083
0.997702
0.999473
0.976861
0.995291
0.977752
0.990627
0.977374
0.986124
0.975964
0.981543
0.973551
0.976622
0.970083
0.971100
0.965448
0.964702
0.959485
0.957159
0.952014
0.948258
0.942934
0.938046
0.932504
0.927353
0.922112
0.919206
0.916333
0.922467
0.928283
0.960879
0.994438
1.081733
1.246724
1.395014
1.473037
1.500883
1.504225
1.458034
1.356433
1.216654
1.096139
1.011978
0.961734
0.935581
0.923200
0.919916
0.920607
0.924407
0.928848
0.934242
0.939262
0.944450
0.949043
0.953523
0.957443
0.961161
0.964422
0.967464
0.970153
0.972635
0.974851
0.976881
0.978711
0.980380
0.981897
0.983279
0.984541
0.985693
0.986748
0.987716
0.988599
0.989419
0.990161
0.990861
0.991483
0.992087
0.992606
0.993136
0.993563
0.994038
0.994379
0.994818
0.995075
0.995496
0.995667
0.996091
0.996168
0.996618
0.996587
0.997090
0.996932
0.997521
0.997208
0.997922
0.997417
0.998303
0.997560
0.998678
0.997636
0.999057
0.997639
0.999458
0.976057
0.995067
0.976911
0.990148
0.976414
0.985361
0.974802
0.980435
0.972076
0.975060
0.968139
0.968905
0.962800
0.961582
0.955762
0.952629
0.946607
0.941505
0.934811
0.927668
0.919867
0.910931
0.901777
0.892664
0.882806
0.879744
0.873209
0.897904
0.910361
1.025910
1.210051
1.238141
1.103373
0.992006
0.992869
1.059024
1.110264
1.067224
0.989953
0.927395
0.891865
0.879363
0.878469
0.884932
0.893182
0.902993
0.911968
0.920917
0.928619
0.935921
0.942127
0.947893
0.952809
0.957331
0.961225
0.964784
0.967888
0.970711
0.973205
0.975467
0.977488
0.979320
0.980971
0.982468
0.983828
0.985063
0.986189
0.987219
0.988156
0.989022
0.989805
0.990540
0.991193
0.991826
0.992369
0.992922
0.993366
0.993860
0.994215
0.994669
0.994937
0.995372
0.995550
0.995986
0.996068
0.996530
0.996500
0.997017
0.996856
0.997460
0.997140
0.997871
0.997356
0.998263
0.997503
0.998646
0.997582
0.999035
0.997585
0.999445
0.975389
0.994873
0.976206
0.989736
0.975601
0.984699
0.973802
0.979461
0.970784
0.973666
0.966401
0.966907
0.960378
0.958675
0.952269
0.948291
0.941388
0.934819
0.926708
0.916969
0.906732
0.893083
0.879422
0.861597
0.842628
0.823505
0.796944
0.792770
0.758486
0.842819
0.810066
0.433019
0.036793
-0.092865
0.016354
0.273028
0.544691
0.675376
0.724683
0.752387
0.775387
0.800685
0.823675
0.845941
0.864683
0.881840
0.895931
0.908621
0.919024
0.928365
0.936086
0.943026
0.948837
0.954068
0.958515
0.962521
0.965980
0.969095
0.971825
0.974284
0.976467
0.978434
0.980200
0.981793
0.983235
0.984541
0.985727
0.986808
0.987790
0.988695
0.989512
0.990277
0.990956
0.991612
0.992175
0.992746
0.993206
0.993715
0.994082
0.994549
0.994825
0.995271
0.995455
0.995902
0.995987
0.996459
0.996430
0.996957
0.996795
0.997410
0.997086
0.997830
0.997307
0.998230
0.997458
0.998621
0.997538
0.999017
0.997542
0.999435
0.974886
0.994730
0.975677
0.989428
0.974991
0.984206
0.973055
0.978737
0.969823
0.972633
0.965114
0.965428
0.958587
0.956519
0.949680
0.945050
0.937488
0.929743
0.920548
0.908598
0.896441
0.878403
0.861036
0.833956
0.807053
0.767011
0.721881
0.664671
0.586545
0.522228
0.180095
-0.296905
-0.485472
-0.471545
-0.363574
-0.187452
0.078435
0.307172
0.453337
0.568102
0.653947
0.720474
0.769399
0.808405
0.837954
0.862468
0.881540
0.897791
0.910704
0.921909
0.930990
0.938970
0.945563
0.951405
0.956324
0.960706
0.964462
0.967818
0.970742
0.973360
0.975674
0.977749
0.979606
0.981275
0.982781
0.984141
0.985374
0.986495
0.987512
0.988447
0.989289
0.990077
0.990776
0.991450
0.992028
0.992613
0.993085
0.993605
0.993981
0.994457
0.994740
0.995194
0.995383
0.995838
0.995925
0.996405
0.996377
0.996912
0.996749
0.997372
0.997045
0.997799
0.997269
0.998205
0.997423
0.998602
0.997505
0.999004
0.997509
0.999428
0.974541
0.994629
0.975312
0.989211
0.974566
0.983855
0.972528
0.978218
0.969135
0.971881
0.964177
0.964337
0.957261
0.954901
0.947731
0.942572
0.934502
0.925778
0.915759
0.901891
0.888350
0.866246
0.846519
0.810006
0.779102
0.715174
0.663071
0.541485
0.447083
0.196205
-0.123759
-0.174221
-0.006089
0.051334
-0.005736
-0.097574
-0.076157
0.104876
0.286410
0.448775
0.571567
0.663963
0.730153
0.780960
0.818395
0.848369
0.871162
0.890054
0.904819
0.917380
0.927441
0.936161
0.943305
0.949575
0.954822
0.959463
0.963423
0.966944
0.970001
0.972728
0.975132
0.977281
0.979200
0.980921
0.982471
0.983869
0.985134
0.986282
0.987323
0.988278
0.989138
0.989942
0.990654
0.991340
0.991928
0.992523
0.993003
0.993531
0.993913
0.994396
0.994683
0.995143
0.995335
0.995795
0.995884
0.996369
0.996342
0.996882
0.996718
0.997347
0.997017
0.997779
0.997244
0.998188
0.997400
0.998589
0.997483
0.998995
0.997488
0.999423
0.974370
0.994579
0.975131
0.989104
0.974357
0.983684
0.972270
0.977966
0.968801
0.971519
0.963726
0.963813
0.956626
0.954127
0.946799
0.941384
0.933073
0.923858
0.913452
0.898569
0.884398
0.859963
0.839282
0.796804
0.764745
0.684368
0.630890
0.464832
0.359531
0.000322
-0.073384
0.217291
0.395853
0.381126
0.247212
0.115020
-0.049588
-0.001971
0.193329
0.385739
0.527408
0.633705
0.708709
0.765956
0.807650
0.840662
0.865503
0.885863
0.901647
0.914955
0.925551
0.934674
0.942116
0.948617
0.954039
0.958820
0.962888
0.966496
0.969623
0.972407
0.974856
0.977045
0.978995
0.980743
0.982315
0.983732
0.985013
0.986175
0.987228
0.988193
0.989062
0.989874
0.990593
0.991285
0.991878
0.992478
0.992962
0.993494
0.993879
0.994365
0.994655
0.995117
0.995311
0.995773
0.995863
0.996351
0.996324
0.996867
0.996702
0.997335
0.997003
0.997768
0.997232
0.998180
0.997388
0.998583
0.997472
0.998990
0.997477
0.999420
0.974370
0.994579
0.975131
0.989104
0.974357
0.983684
0.972270
0.977966
0.968801
0.971519
0.963726
0.963813
0.956626
0.954127
0.946799
0.941384
0.933073
0.923858
0.913452
0.898569
0.884398
0.859963
0.839282
0.796804
0.764745
0.684368
0.630890
0.464832
0.359531
0.000322
-0.073384
0.217291
0.395853
0.381126
0.247212
0.115020
-0.049588
-0.001971
0.193329
0.385739
0.527408
0.633705
0.708709
0.765956
0.807650
0.840662
0.865503
0.885863
0.901647
0.914955
0.925551
0.934674
0.942116
0.948617
0.954039
0.958820
0.962888
0.966496
0.969623
0.972407
0.974856
0.977045
0.978995
0.980743
0.982315
0.983732
0.985013
0.986175
0.987228
0.988193
0.989062
0.989874
0.990593
0.991285
0.991878
0.992478
0.992962
0.993494
0.993879
0.994365
0.994655
0.995117
0.995311
0.995773
0.995863
0.996351
0.996324
0.996867
0.996702
0.997335
0.997003
0.997768
0.997232
0.998180
0.997388
0.998583
0.997472
0.998990
0.997477
0.999420
0.974541
0.994629
0.975312
0.989211
0.974566
0.983855
0.972528
0.978218
0.969135
0.971881
0.964177
0.964337
0.957261
0.954901
0.947731
0.942572
0.934502
0.925778
0.915759
0.901891
0.888350
0.866246
0.846519
0.810006
0.779102
0.715174
0.663071
0.541485
0.447083
0.196205
-0.123759
-0.174221
-0.006089
0.051334
-0.005736
-0.097574
-0.076157
0.104876
0.286410
0.448775
0.571567
0.663963
0.730153
0.780960
0.818395
0.848369
0.871162
0.890054
0.904819
0.917380
0.927441
0.936161
0.943305
0.949575
0.954822
0.959463
0.963423
0.966944
0.970001
0.972728
0.975132
0.977281
0.979200
0.980921
0.982471
0.983869
0.985134
0.986282
0.987323
0.988278
0.989138
0.989942
0.990654
0.991340
0.991928
0.992523
0.993003
0.993531
0.993913
0.994396
0.994683
0.995143
0.995335
0.995795
0.995884
0.996369
0.996342
0.996882
0.996718
0.997347
0.997017
0.997779
0.997244
0.998188
0.997400
0.998589
0.997483
0.998995
0.997488
0.999423
0.974886
0.994730
0.975677
0.989428
0.974991
0.984206
0.973055
0.978737
0.969823
0.972633
0.965114
0.965428
0.958587
0.956519
0.949680
0.945050
0.937488
0.929743
0.920548
0.908598
0.896441
0.878403
0.861036
0.833956
0.807053
0.767011
0.721881
0.664671
0.586545
0.522228
0.180095
-0.296905
-0.485472
-0.471545
-0.363574
-0.187452
0.078435
0.307172
0.453337
0.568102
0.653947
0.720474
0.769399
0.808405
0.837954
0.862468
0.881540
0.897791
0.910704
0.921909
0.930990
0.938970
0.945563
0.951405
0.956324
0.960706
0.964462
0.967818
0.970742
0.973360
0.975674
0.977749
0.979606
0.981275
0.982781
0.984141
0.985374
0.986495
0.987512
0.988447
0.989289
0.990077
0.990776
0.991450
0.992028
0.992613
0.993085
0.993605
0.993981
0.994457
0.994740
0.995194
0.995383
0.995838
0.995925
0.996405
0.996377
0.996912
0.996749
0.997372
0.997045
0.997799
0.997269
0.998205
0.997423
0.998602
0.997505
0.999004
0.997509
0.999428
0.975389
0.994873
0.976206
0.989736
0.975601
0.984699
0.973802
0.979461
0.970784
0.973666
0.966401
0.966907
0.960378
0.958675
0.952269
0.948291
0.941388
0.934819
0.926708
0.916969
0.906732
0.893083
0.879422
0.861597
0.842628
0.823505
0.796944
0.792770
0.758486
0.842819
0.810066
0.433019
0.036793
-0.092865
0.016354
0.273028
0.544691
0.675376
0.724683
0.752387
0.775387
0.800685
0.823675
0.845941
0.864683
0.881840
0.895931
0.908621
0.919024
0.928365
0.936086
0.943026
0.948837
0.954068
0.958515
0.962521
0.965980
0.969095
0.971825
0.974284
0.976467
0.978434
0.980200
0.981793
0.983235
0.984541
0.985727
0.986808
0.987790
0.988695
0.989512
0.990277
0.990956
0.991612
0.992175
0.992746
0.993206
0.993715
0.994082
0.994549
0.994825
0.995271
0.995455
0.995902
0.995987
0.996459
0.996430
0.996957
0.996795
0.997410
0.997086
0.997830
0.997307
0.998230
0.997458
0.998621
0.997538
0.999017
0.997542
0.999435
0.976057
0.995067
0.976911
0.990148
0.976414
0.985361
0.974802
0.980435
0.972076
0.975060
0.968139
0.968905
0.962800
0.961582
0.955762
0.952629
0.946607
0.941505
0.934811
0.927668
0.919867
0.910931
0.901777
0.892664
0.882806
0.879744
0.873209
0.897904
0.910361
1.025910
1.210051
1.238141
1.103373
0.992006
0.992869
1.059024
1.110264
1.067224
0.989953
0.927395
0.891865
0.879363
0.878469
0.884932
0.893182
0.902993
0.911968
0.920917
0.928619
0.935921
0.942127
0.947893
0.952809
0.957331
0.961225
0.964784
0.967888
0.970711
0.973205
0.975467
0.977488
0.979320
0.980971
0.982468
0.983828
0.985063
0.986189
0.987219
0.988156
0.989022
0.989805
0.990540
0.991193
0.991826
0.992369
0.992922
0.993366
0.993860
0.994215
0.994669
0.994937
0.995372
0.995550
0.995986
0.996068
0.996530
0.996500
0.997017
0.996856
0.997460
0.997140
0.997871
0.997356
0.998263
0.997503
0.998646
0.997582
0.999035
0.997585
0.999445
0.976861
0.995291
0.977752
0.990627
0.977374
0.986124
0.975964
0.981543
0.973551
0.976622
0.970083
0.971100
0.965448
0.964702
0.959485
0.957159
0.952014
0.948258
0.942934
0.938046
0.932504
0.927353
0.922112
0.919206
0.916333
0.922467
0.928283
0.960879
0.994438
1.081733
1.246724
1.395014
1.473037
1.500883
1.504225
1.458034
1.356433
1.216654
1.096139
1.011978
0.961734
0.935581
0.923200
0.919916
0.920607
0.924407
0.928848
0.934242
0.939262
0.944450
0.949043
0.953523
0.957443
0.961161
0.964422
0.967464
0.970153
0.972635
0.974851
0.976881
0.978711
0.980380
0.981897
0.983279
0.984541
0.985693
0.986748
0.987716
0.988599
0.989419
0.990161
0.990861
0.991483
0.992087
0.992606
0.993136
0.993563
0.994038
0.994379
0.994818
0.995075
0.995496
0.995667
0.996091
0.996168
0.996618
0.996587
0.997090
0.996932
0.997521
0.997208
0.997922
0.997417
0.998303
0.997560
0.998678
0.997636
0.999057
0.997639
0.999458
0.977815
0.995559
0.978748
0.991197
0.978510
0.987030
0.977343
0.982859
0.975303
0.978478
0.972393
0.973705
0.968590
0.968390
0.963880
0.962460
0.958325
0.956027
0.952226
0.949650
0.946500
0.944943
0.943545
0.945936
0.949197
0.961982
0.976914
1.013043
1.056619
1.129966
1.250280
1.373602
1.456818
1.495916
1.488600
1.418488
1.312816
1.200958
1.112514
1.047114
1.003031
0.974854
0.957680
0.948698
0.944304
0.943640
0.944507
0.946948
0.949655
0.952958
0.956072
0.959345
0.962309
0.965240
0.967870
0.970388
0.972651
0.974777
0.976697
0.978479
0.980101
0.981594
0.982961
0.984215
0.985367
0.986426
0.987398
0.988296
0.989118
0.989883
0.990578
0.991237
0.991823
0.992395
0.992885
0.993389
0.993794
0.994248
0.994572
0.994993
0.995238
0.995643
0.995805
0.996214
0.996286
0.996722
0.996689
0.997178
0.997022
0.997594
0.997287
0.997981
0.997489
0.998351
0.997627
0.998715
0.997700
0.999083
0.997702
0.999473
0.978875
0.995846
0.979846
0.991804
0.979747
0.987988
0.978817
0.984232
0.977137
0.980378
0.974754
0.976310
0.971715
0.971975
0.968113
0.967443
0.964179
0.963033
0.960463
0.959588
0.958212
0.959027
0.960133
0.965419
0.971865
0.986837
1.004478
1.037550
1.077867
1.135484
1.216666
1.302552
1.369329
1.402817
1.395956
1.347511
1.278970
1.202686
1.135166
1.078979
1.037048
1.007139
0.986778
0.973900
0.965823
0.961693
0.959633
0.959521
0.960151
0.961692
0.963388
0.965470
0.967474
0.969601
0.971578
0.973548
0.975361
0.977108
0.978714
0.980230
0.981627
0.982930
0.984135
0.985251
0.986284
0.987239
0.988123
0.988943
0.989698
0.990405
0.991048
0.991660
0.992206
0.992742
0.993201
0.993676
0.994057
0.994487
0.994792
0.995192
0.995423
0.995810
0.995963
0.996355
0.996421
0.996841
0.996807
0.997278
0.997125
0.997677
0.997379
0.998050
0.997572
0.998407
0.997705
0.998757
0.997774
0.999113
0.997776
0.999490
0.980061
0.996167
0.981072
0.992481
0.981125
0.989053
0.980457
0.985758
0.979176
0.982487
0.977375
0.979195
0.975172
0.975924
0.972767
0.972879
0.970544
0.970559
0.969257
0.970019
0.970379
0.973332
0.976717
0.984368
0.993397
1.009807
1.029042
1.059490
1.095765
1.142377
1.199838
1.256619
1.299012
1.319190
1.313690
1.280633
1.233104
1.178579
1.128675
1.085058
1.050688
1.024242
1.004850
0.991243
0.981782
0.975860
0.972058
0.970245
0.969395
0.969602
0.970177
0.971279
0.972468
0.973892
0.975283
0.976750
0.978142
0.979527
0.980827
0.982080
0.983253
0.984363
0.985401
0.986373
0.987282
0.988129
0.988918
0.989655
0.990338
0.990980
0.991567
0.992130
0.992632
0.993128
0.993553
0.993996
0.994350
0.994753
0.995038
0.995415
0.995631
0.995998
0.996140
0.996514
0.996573
0.996974
0.996938
0.997390
0.997240
0.997771
0.997482
0.998128
0.997666
0.998469
0.997792
0.998805
0.997858
0.999147
0.997859
0.999509
0.981323
0.996495
0.982364
0.993168
0.982555
0.990124
0.982127
0.987268
0.981206
0.984532
0.979915
0.981920
0.978417
0.979538
0.976976
0.977664
0.976051
0.976871
0.976462
0.978247
0.979672
0.983736
0.988216
0.996608
1.006238
1.021853
1.039781
1.065620
1.095414
1.131509
1.172443
1.212052
1.242811
1.257962
1.255709
1.235138
1.203926
1.165817
1.128458
1.093502
1.064078
1.039924
1.021098
1.006910
0.996356
0.988997
0.983756
0.980493
0.978347
0.977353
0.976898
0.977081
0.977495
0.978239
0.979059
0.980029
0.981002
0.982024
0.983017
0.984004
0.984950
0.985863
0.986731
0.987556
0.988336
0.989071
0.989763
0.990414
0.991021
0.991597
0.992125
0.992635
0.993091
0.993545
0.993934
0.994343
0.994668
0.995043
0.995306
0.995659
0.995858
0.996204
0.996334
0.996687
0.996740
0.997121
0.997084
0.997513
0.997368
0.997875
0.997596
0.998213
0.997770
0.998538
0.997888
0.998858
0.997950
0.999184
0.997950
0.999530
0.982683
0.996847
0.983750
0.993901
0.984085
0.991264
0.983910
0.988873
0.983366
0.986702
0.982610
0.984803
0.981848
0.983342
0.981399
0.982659
0.981783
0.983385
0.983861
0.986605
0.989044
0.994094
0.999561
1.008552
1.018665
1.033581
1.050356
1.072663
1.097457
1.125761
1.155523
1.182724
1.202865
1.212224
1.210078
1.195392
1.173095
1.145228
1.117142
1.089919
1.066170
1.045799
1.029250
1.016115
1.005879
0.998260
0.992512
0.988538
0.985662
0.983905
0.982750
0.982265
0.982089
0.982293
0.982642
0.983191
0.983799
0.984498
0.985210
0.985950
0.986680
0.987404
0.988107
0.988787
0.989439
0.990062
0.990654
0.991217
0.991747
0.992253
0.992721
0.993175
0.993583
0.993993
0.994344
0.994716
0.995011
0.995356
0.995595
0.995922
0.996104
0.996426
0.996544
0.996875
0.996921
0.997280
0.997241
0.997648
0.997507
0.997987
0.997720
0.998306
0.997882
0.998613
0.997993
0.998916
0.998051
0.999225
0.998050
0.999553
0.984088
0.997194
0.985169
0.994621
0.985626
0.992371
0.985667
0.990406
0.985445
0.988729
0.985128
0.987423
0.984945
0.986680
0.985231
0.986858
0.986508
0.988571
0.989590
0.992804
0.995720
1.001053
1.006714
1.015393
1.024949
1.038252
1.052885
1.071386
1.091349
1.113379
1.135598
1.155600
1.170724
1.178085
1.177392
1.167808
1.152419
1.132269
1.111003
1.089459
1.069791
1.052174
1.037242
1.024857
1.014804
1.006934
1.000731
0.996132
0.992609
0.990168
0.988379
0.987281
0.986559
0.986258
0.986165
0.986314
0.986573
0.986961
0.987403
0.987903
0.988424
0.988963
0.989503
0.990040
0.990566
0.991077
0.991570
0.992046
0.992498
0.992935
0.993341
0.993739
0.994098
0.994463
0.994774
0.995109
0.995374
0.995687
0.995902
0.996202
0.996365
0.996662
0.996768
0.997076
0.997115
0.997450
0.997410
0.997792
0.997655
0.998108
0.997853
0.998406
0.998004
0.998693
0.998107
0.998978
0.998159
0.999269
0.998158
0.999578
0.985561
0.997556
0.986650
0.995366
0.987227
0.993513
0.987487
0.991983
0.987588
0.990810
0.987716
0.990103
0.988114
0.990080
0.989132
0.991112
0.991288
0.993788
0.995340
0.998994
1.002374
1.007971
1.013835
1.022270
1.031391
1.043412
1.056348
1.071918
1.088187
1.105424
1.122001
1.136343
1.146760
1.151536
1.150635
1.143390
1.131905
1.116695
1.100347
1.083380
1.067493
1.052838
1.040058
1.029100
1.019934
1.012482
1.006418
1.001710
0.997965
0.995195
0.993053
0.991570
0.990480
0.989814
0.989387
0.989221
0.989195
0.989322
0.989529
0.989817
0.990149
0.990518
0.990906
0.991307
0.991711
0.992114
0.992510
0.992900
0.993273
0.993641
0.993984
0.994326
0.994635
0.994953
0.995225
0.995522
0.995754
0.996034
0.996225
0.996496
0.996641
0.996912
0.997005
0.997288
0.997320
0.997630
0.997589
0.997944
0.997814
0.998236
0.997995
0.998512
0.998133
0.998779
0.998227
0.999045
0.998275
0.999316
0.998273
0.999605
0.987051
0.997904
0.988133
0.996080
0.988804
0.994594
0.989241
0.993450
0.989602
0.992702
0.990073
0.992470
0.990897
0.992975
0.992411
0.994569
0.995090
0.997780
0.999601
1.003356
1.006836
1.012274
1.017888
1.025635
1.033867
1.044325
1.055369
1.068243
1.081405
1.095044
1.107876
1.118882
1.126983
1.130892
1.130648
1.125695
1.117429
1.106090
1.093485
1.079994
1.066937
1.054517
1.043339
1.033454
1.024936
1.017782
1.011791
1.006961
1.003002
0.999930
0.997466
0.995633
0.994207
0.993208
0.992474
0.992016
0.991727
0.991610
0.991598
0.991688
0.991841
0.992049
0.992294
0.992565
0.992853
0.993152
0.993455
0.993760
0.994058
0.994357
0.994640
0.994926
0.995186
0.995457
0.995689
0.995947
0.996148
0.996395
0.996560
0.996803
0.996928
0.997173
0.997252
0.997511
0.997535
0.997819
0.997777
0.998104
0.997980
0.998371
0.998144
0.998624
0.998270
0.998870
0.998355
0.999115
0.998398
0.999366
0.998395
0.999633
0.988582
0.998258
0.989649
0.996800
0.990407
0.995680
0.991015
0.994921
0.991629
0.994593
0.992435
0.994830
0.993674
0.995852
0.995669
0.997993
0.998858
1.001725
1.003818
1.007675
1.011273
1.016593
1.022026
1.029220
1.036745
1.045958
1.055498
1.066250
1.076964
1.087745
1.097566
1.105755
1.111587
1.114249
1.113827
1.109911
1.103496
1.094673
1.084752
1.073962
1.063328
1.052999
1.043508
1.034915
1.027347
1.020823
1.015234
1.010596
1.006704
1.003576
1.001000
0.998994
0.997378
0.996166
0.995221
0.994550
0.994060
0.993749
0.993557
0.993478
0.993476
0.993542
0.993656
0.993808
0.993988
0.994189
0.994403
0.994627
0.994852
0.995084
0.995307
0.995538
0.995748
0.995974
0.996166
0.996384
0.996553
0.996767
0.996907
0.997119
0.997225
0.997443
0.997509
0.997741
0.997758
0.998016
0.997973
0.998271
0.998154
0.998512
0.998300
0.998741
0.998413
0.998964
0.998489
0.999188
0.998527
0.999418
0.998523
0.999663
0.990107
0.998593
0.991143
0.997476
0.991961
0.996688
0.992698
0.996264
0.993502
0.996280
0.994550
0.996872
0.996068
0.998248
0.998350
1.000706
1.001777
1.004649
1.006831
1.010578
1.014075
1.019047
1.024072
1.030530
1.037194
1.045142
1.053252
1.062191
1.070963
1.079656
1.087478
1.093975
1.098646
1.100891
1.100784
1.097994
1.093208
1.086445
1.078642
1.069966
1.061198
1.052489
1.044290
1.036695
1.029851
1.023810
1.018523
1.014022
1.010164
1.006975
1.004290
1.002127
1.000339
0.998935
0.997801
0.996939
0.996267
0.995780
0.995425
0.995192
0.995048
0.994983
0.994977
0.995019
0.995099
0.995208
0.995337
0.995485
0.995640
0.995809
0.995974
0.996151
0.996315
0.996495
0.996648
0.996828
0.996965
0.997146
0.997261
0.997443
0.997531
0.997721
0.997774
0.997979
0.997989
0.998219
0.998176
0.998444
0.998334
0.998657
0.998463
0.998862
0.998561
0.999063
0.998628
0.999264
0.998661
0.999472
0.998656
0.999694
0.991647
0.998927
0.992644
0.998145
0.993512
0.997682
0.994367
0.997581
0.995349
0.997930
0.996626
0.998864
0.998409
1.000580
1.000964
1.003346
1.004623
1.007500
1.009784
1.013439
1.016872
1.021558
1.026258
1.032115
1.038082
1.045006
1.051959
1.059433
1.066626
1.073599
1.079732
1.084722
1.088214
1.089812
1.089591
1.087311
1.083476
1.078073
1.071794
1.064740
1.057515
1.050232
1.043266
1.036700
1.030682
1.025268
1.020446
1.016254
1.012598
1.009504
1.006850
1.004654
1.002801
1.001298
1.000051
0.999062
0.998262
0.997643
0.997160
0.996802
0.996540
0.996362
0.996251
0.996195
0.996183
0.996207
0.996259
0.996335
0.996424
0.996532
0.996641
0.996767
0.996884
0.997020
0.997135
0.997278
0.997383
0.997530
0.997621
0.997774
0.997842
0.998004
0.998044
0.998222
0.998225
0.998428
0.998384
0.998622
0.998519
0.998808
0.998630
0.998987
0.998715
0.999164
0.998772
0.999343
0.998800
0.999527
0.998794
0.999726
0.993162
0.999239
0.994106
0.998766
0.994998
0.998591
0.995933
0.998766
0.997037
0.999380
0.998463
1.000563
1.000401
1.002491
1.003082
1.005396
1.006785
1.009554
1.011825
1.015268
1.018515
1.022805
1.027084
1.032286
1.037537
1.043505
1.049435
1.055704
1.061674
1.067398
1.072397
1.076458
1.079324
1.080699
1.080639
1.078953
1.076001
1.071754
1.066718
1.060968
1.054964
1.048808
1.042809
1.037054
1.031684
1.026764
1.022308
1.018360
1.014860
1.011838
1.009204
1.006977
1.005064
1.003474
1.002130
1.001030
1.000117
0.999383
0.998787
0.998319
0.997952
0.997674
0.997468
0.997323
0.997228
0.997175
0.997155
0.997164
0.997192
0.997242
0.997300
0.997377
0.997450
0.997544
0.997622
0.997728
0.997803
0.997918
0.997984
0.998107
0.998157
0.998292
0.998319
0.998470
0.998466
0.998640
0.998597
0.998803
0.998709
0.998961
0.998802
0.999115
0.998873
0.999268
0.998920
0.999423
0.998943
0.999585
0.998936
0.999759
0.994672
0.999544
0.995554
0.999368
0.996460
0.999470
0.997463
0.999908
0.998676
1.000773
1.000237
1.002190
1.002316
1.004319
1.005115
1.007358
1.008864
1.011533
1.013808
1.017066
1.020167
1.024124
1.028058
1.032716
1.037377
1.042557
1.047644
1.052915
1.057865
1.062529
1.066537
1.069741
1.071954
1.072972
1.072846
1.071435
1.069010
1.065540
1.061406
1.056656
1.051648
1.046456
1.041335
1.036356
1.031648
1.027271
1.023250
1.019631
1.016377
1.013518
1.010991
1.008813
1.006914
1.005302
1.003916
1.002755
1.001771
1.000956
1.000278
0.999724
0.999272
0.998910
0.998624
0.998402
0.998233
0.998111
0.998026
0.997973
0.997944
0.997941
0.997949
0.997979
0.998011
0.998064
0.998107
0.998177
0.998223
0.998306
0.998349
0.998443
0.998475
0.998582
0.998597
0.998720
0.998711
0.998855
0.998813
0.998988
0.998902
0.999117
0.998977
0.999246
0.999034
0.999374
0.999072
0.999506
0.999089
0.999644
0.999082
0.999792
0.996143
0.999827
0.996951
0.999921
0.997849
1.000267
0.998887
1.000924
1.000162
1.001984
1.001796
1.003562
1.003934
1.005798
1.006746
1.008859
1.010417
1.012920
1.015133
1.018142
1.021039
1.024619
1.028180
1.032298
1.036401
1.040877
1.045245
1.049708
1.053873
1.057762
1.061092
1.063753
1.065604
1.066492
1.066452
1.065374
1.063455
1.060666
1.057289
1.053361
1.049157
1.044743
1.040324
1.035969
1.031791
1.027850
1.024181
1.020829
1.017776
1.015052
1.012613
1.010476
1.008591
1.006962
1.005542
1.004330
1.003287
1.002405
1.001656
1.001030
1.000505
1.000071
0.999714
0.999424
0.999190
0.999006
0.998862
0.998754
0.998673
0.998620
0.998583
0.998570
0.998562
0.998576
0.998586
0.998622
0.998641
0.998692
0.998712
0.998778
0.998793
0.998872
0.998876
0.998971
0.998957
0.999072
0.999032
0.999174
0.999098
0.999276
0.999154
0.999378
0.999197
0.999482
0.999226
0.999590
0.999238
0.999703
0.999231
0.999827
0.997591
1.000099
0.998319
1.000450
0.999199
1.001025
1.000260
1.001888
1.001585
1.003129
1.003279
1.004854
1.005467
1.007190
1.008288
1.010273
1.011890
1.014239
1.016408
1.019198
1.021928
1.025184
1.028433
1.032096
1.035732
1.039619
1.043385
1.047166
1.050662
1.053879
1.056604
1.058752
1.060223
1.060903
1.060826
1.059908
1.058301
1.055980
1.053160
1.049868
1.046317
1.042559
1.038761
1.034979
1.031312
1.027812
1.024516
1.021467
1.018657
1.016116
1.013814
1.011769
1.009941
1.008339
1.006924
1.005696
1.004624
1.003702
1.002906
1.002226
1.001645
1.001153
1.000738
1.000390
1.000101
0.999861
0.999665
0.999506
0.999378
0.999280
0.999201
0.999146
0.999102
0.999080
0.999058
0.999061
0.999053
0.999075
0.999074
0.999111
0.999110
0.999162
0.999155
0.999223
0.999203
0.999290
0.999251
0.999361
0.999295
0.999435
0.999333
0.999511
0.999363
0.999591
0.999382
0.999675
0.999389
0.999764
0.999382
0.999861
0.998991
1.000350
0.999629
1.000932
1.000474
1.001707
1.001531
1.002740
1.002870
1.004117
1.004577
1.005936
1.006756
1.008306
1.009518
1.011338
1.012977
1.015135
1.017225
1.019766
1.022307
1.025230
1.028170
1.031403
1.034617
1.037990
1.041252
1.044483
1.047463
1.050181
1.052483
1.054294
1.055544
1.056142
1.056113
1.055390
1.054088
1.052184
1.049841
1.047081
1.044068
1.040848
1.037555
1.034240
1.030989
1.027851
1.024863
1.022064
1.019458
1.017072
1.014888
1.012922
1.011148
1.009571
1.008165
1.006927
1.005835
1.004882
1.004048
1.003325
1.002698
1.002158
1.001694
1.001297
1.000958
1.000671
1.000428
1.000225
1.000054
0.999915
0.999797
0.999706
0.999627
0.999571
0.999520
0.999492
0.999459
0.999452
0.999431
0.999441
0.999424
0.999450
0.999433
0.999474
0.999450
0.999508
0.999471
0.999549
0.999493
0.999595
0.999513
0.999646
0.999530
0.999701
0.999540
0.999760
0.999542
0.999825
0.999534
0.999896
1.000355
1.000589
1.000899
1.001387
1.001699
1.002348
1.002744
1.003537
1.004087
1.005038
1.005798
1.006941
1.007961
1.009340
1.010665
1.012326
1.013992
1.015974
1.018002
1.020322
1.022703
1.025338
1.028017
1.030883
1.033740
1.036674
1.039508
1.042268
1.044802
1.047082
1.049001
1.050492
1.051510
1.051982
1.051932
1.051309
1.050201
1.048592
1.046607
1.044262
1.041688
1.038921
1.036068
1.033174
1.030310
1.027519
1.024837
1.022299
1.019913
1.017704
1.015662
1.013803
1.012108
1.010584
1.009210
1.007986
1.006894
1.005928
1.005074
1.004323
1.003663
1.003086
1.002583
1.002145
1.001766
1.001437
1.001154
1.000911
1.000703
1.000526
1.000373
1.000247
1.000137
1.000049
0.999971
0.999913
0.999857
0.999822
0.999782
0.999766
0.999735
0.999735
0.999707
0.999722
0.999694
0.999724
0.999690
0.999735
0.999690
0.999754
0.999693
0.999779
0.999697
0.999810
0.999698
0.999845
0.999695
0.999886
0.999688
0.999932
1.001667
1.000807
1.002109
1.001800
1.002852
1.002921
1.003864
1.004237
1.005183
1.005828
1.006865
1.007777
1.008974
1.010163
1.011577
1.013059
1.014731
1.016519
1.018469
1.020559
1.022776
1.025129
1.027563
1.030092
1.032633
1.035190
1.037668
1.040045
1.042232
1.044181
1.045825
1.047098
1.047975
1.048390
1.048369
1.047865
1.046948
1.045604
1.043929
1.041937
1.039730
1.037338
1.034849
1.032303
1.029759
1.027258
1.024832
1.022513
1.020313
1.018257
1.016338
1.014574
1.012951
1.011477
1.010136
1.008929
1.007842
1.006871
1.006002
1.005231
1.004546
1.003940
1.003405
1.002934
1.002520
1.002157
1.001839
1.001561
1.001319
1.001109
1.000925
1.000767
1.000629
1.000512
1.000408
1.000323
1.000245
1.000185
1.000126
1.000085
1.000040
1.000015
0.999979
0.999968
0.999936
0.999938
0.999907
0.999920
0.999887
0.999913
0.999873
0.999913
0.999864
0.999919
0.999856
0.999931
0.999849
0.999947
0.999841
0.999967
1.002932
1.001013
1.003270
1.002185
1.003950
1.003454
1.004922
1.004884
1.006211
1.006555
1.007858
1.008542
1.009910
1.010913
1.012415
1.013727
1.015410
1.017020
1.018905
1.020788
1.022868
1.024973
1.027197
1.029434
1.031707
1.033939
1.036111
1.038157
1.040042
1.041696
1.043090
1.044156
1.044886
1.045222
1.045190
1.044751
1.043962
1.042810
1.041373
1.039660
1.037753
1.035678
1.033505
1.031267
1.029016
1.026784
1.024603
1.022500
1.020490
1.018592
1.016808
1.015151
1.013614
1.012204
1.010911
1.009735
1.008666
1.007701
1.006831
1.006050
1.005349
1.004723
1.004164
1.003667
1.003225
1.002832
1.002484
1.002176
1.001905
1.001664
1.001453
1.001266
1.001102
1.000957
1.000830
1.000719
1.000621
1.000536
1.000461
1.000396
1.000338
1.000290
1.000245
1.000209
1.000174
1.000148
1.000121
1.000103
1.000081
1.000069
1.000051
1.000045
1.000029
1.000028
1.000013
1.000016
1.000002
1.000008
0.999994
1.000002
1.004143
1.001201
1.004373
1.002534
1.004979
1.003928
1.005897
1.005451
1.007137
1.007178
1.008727
1.009176
1.010698
1.011506
1.013081
1.014214
1.015896
1.017322
1.019137
1.020816
1.022761
1.024632
1.026665
1.028639
1.030676
1.032629
1.034547
1.036323
1.037968
1.039395
1.040605
1.041524
1.042160
1.042457
1.042441
1.042077
1.041412
1.040434
1.039205
1.037731
1.036079
1.034270
1.032361
1.030381
1.028375
1.026370
1.024396
1.022479
1.020630
1.018871
1.017205
1.015644
1.014186
1.012836
1.011588
1.010444
1.009396
1.008442
1.007575
1.006789
1.006079
1.005438
1.004861
1.004343
1.003878
1.003461
1.003089
1.002755
1.002458
1.002191
1.001955
1.001742
1.001555
1.001386
1.001238
1.001103
1.000986
1.000878
1.000788
1.000700
1.000630
1.000559
1.000507
1.000446
1.000409
1.000356
1.000333
1.000283
1.000273
1.000224
1.000228
1.000176
1.000194
1.000135
1.000170
1.000100
1.000154
1.000068
1.000147
1.000037
1.005301
1.001376
1.005422
1.002855
1.005951
1.004364
1.006810
1.005969
1.007998
1.007743
1.009527
1.009749
1.011417
1.012038
1.013684
1.014648
1.016334
1.017589
1.019348
1.020841
1.022672
1.024335
1.026204
1.027948
1.029784
1.031493
1.033193
1.034732
1.036168
1.037392
1.038435
1.039215
1.039756
1.040000
1.039979
1.039659
1.039081
1.038233
1.037166
1.035885
1.034443
1.032858
1.031178
1.029426
1.027640
1.025844
1.024064
1.022322
1.020631
1.019010
1.017463
1.016003
1.014628
1.013345
1.012151
1.011047
1.010027
1.009092
1.008234
1.007451
1.006738
1.006089
1.005500
1.004966
1.004484
1.004047
1.003654
1.003298
1.002979
1.002689
1.002431
1.002195
1.001987
1.001795
1.001628
1.001471
1.001337
1.001207
1.001103
1.000993
1.000913
1.000819
1.000760
1.000676
1.000637
1.000558
1.000539
1.000459
1.000461
1.000376
1.000401
1.000304
1.000355
1.000240
1.000323
1.000182
1.000304
1.000127
1.000297
1.000071
1.006406
1.001536
1.006416
1.003146
1.006861
1.004752
1.007652
1.006422
1.008774
1.008226
1.010229
1.010222
1.012024
1.012456
1.014163
1.014956
1.016640
1.017727
1.019427
1.020742
1.022466
1.023936
1.025657
1.027196
1.028857
1.030357
1.031874
1.033217
1.034486
1.035550
1.036466
1.037143
1.037620
1.037835
1.037825
1.037552
1.037058
1.036327
1.035403
1.034287
1.033026
1.031632
1.030145
1.028586
1.026986
1.025368
1.023753
1.022163
1.020609
1.019109
1.017668
1.016298
1.015000
1.013780
1.012636
1.011571
1.010581
1.009666
1.008822
1.008045
1.007333
1.006680
1.006084
1.005539
1.005043
1.004591
1.004181
1.003806
1.003468
1.003159
1.002881
1.002626
1.002399
1.002186
1.002002
1.001824
1.001676
1.001526
1.001408
1.001278
1.001188
1.001073
1.001008
1.000901
1.000861
1.000756
1.000742
1.000632
1.000646
1.000525
1.000571
1.000430
1.000515
1.000345
1.000475
1.000264
1.000452
1.000186
1.000446
1.000105
1.007452
1.001684
1.007352
1.003411
1.007714
1.005105
1.008434
1.006831
1.009490
1.008659
1.010871
1.010643
1.012573
1.012824
1.014592
1.015223
1.016909
1.017840
1.019492
1.020646
1.022278
1.023577
1.025171
1.026528
1.028039
1.029356
1.030714
1.031885
1.033007
1.033928
1.034730
1.035311
1.035724
1.035904
1.035891
1.035649
1.035216
1.034574
1.033764
1.032784
1.031673
1.030441
1.029122
1.027732
1.026299
1.024841
1.023379
1.021929
1.020505
1.019121
1.017784
1.016503
1.015282
1.014126
1.013036
1.012014
1.011058
1.010167
1.009340
1.008574
1.007867
1.007215
1.006615
1.006063
1.005557
1.005093
1.004669
1.004279
1.003925
1.003599
1.003305
1.003031
1.002787
1.002557
1.002356
1.002160
1.001998
1.001829
1.001699
1.001551
1.001451
1.001316
1.001246
1.001117
1.001076
1.000946
1.000937
1.000799
1.000825
1.000669
1.000737
1.000553
1.000670
1.000445
1.000623
1.000343
1.000597
1.000243
1.000591
1.000139
1.008448
1.001819
1.008238
1.003652
1.008511
1.005419
1.009156
1.007190
1.010136
1.009030
1.011435
1.010992
1.013039
1.013110
1.014931
1.015404
1.017090
1.017869
1.019475
1.020477
1.022024
1.023165
1.024646
1.025842
1.027222
1.028381
1.029606
1.030633
1.031635
1.032441
1.033153
1.033661
1.034029
1.034187
1.034181
1.033971
1.033595
1.033034
1.032324
1.031462
1.030480
1.029386
1.028210
1.026965
1.025674
1.024355
1.023024
1.021698
1.020387
1.019106
1.017861
1.016661
1.015510
1.014415
1.013375
1.012394
1.011471
1.010607
1.009799
1.009046
1.008347
1.007698
1.007097
1.006542
1.006030
1.005556
1.005122
1.004720
1.004354
1.004012
1.003704
1.003414
1.003157
1.002909
1.002695
1.002482
1.002307
1.002121
1.001981
1.001814
1.001707
1.001552
1.001478
1.001327
1.001287
1.001133
1.001129
1.000962
1.001001
1.000811
1.000900
1.000673
1.000823
1.000545
1.000769
1.000422
1.000740
1.000299
1.000734
1.000171
1.009380
1.001942
1.009064
1.003868
1.009251
1.005701
1.009820
1.007510
1.010728
1.009358
1.011946
1.011297
1.013455
1.013357
1.015231
1.015555
1.017244
1.017884
1.019451
1.020314
1.021790
1.022790
1.024174
1.025227
1.026494
1.027514
1.028623
1.029524
1.030421
1.031124
1.031756
1.032196
1.032520
1.032654
1.032647
1.032459
1.032126
1.031629
1.031000
1.030235
1.029362
1.028387
1.027334
1.026216
1.025052
1.023857
1.022645
1.021431
1.020226
1.019041
1.017883
1.016761
1.015679
1.014642
1.013653
1.012714
1.011826
1.010989
1.010202
1.009465
1.008776
1.008132
1.007534
1.006977
1.006461
1.005981
1.005539
1.005127
1.004750
1.004396
1.004076
1.003772
1.003502
1.003239
1.003013
1.002785
1.002598
1.002396
1.002246
1.002063
1.001949
1.001776
1.001697
1.001527
1.001487
1.001310
1.001312
1.001118
1.001169
1.000945
1.001055
1.000788
1.000969
1.000639
1.000909
1.000496
1.000877
1.000353
1.000872
1.000203
1.010269
1.002056
1.009846
1.004066
1.009945
1.005955
1.010435
1.007792
1.011264
1.009641
1.012399
1.011549
1.013810
1.013547
1.015468
1.015648
1.017340
1.017846
1.019378
1.020111
1.021522
1.022393
1.023690
1.024615
1.025785
1.026683
1.027694
1.028488
1.029298
1.029917
1.030484
1.030871
1.031162
1.031279
1.031277
1.031110
1.030818
1.030378
1.029821
1.029140
1.028361
1.027488
1.026542
1.025533
1.024479
1.023391
1.022284
1.021169
1.020056
1.018957
1.017877
1.016826
1.015807
1.014825
1.013884
1.012985
1.012131
1.011321
1.010556
1.009835
1.009159
1.008523
1.007930
1.007374
1.006857
1.006373
1.005925
1.005505
1.005120
1.004756
1.004426
1.004110
1.003829
1.003554
1.003317
1.003074
1.002878
1.002661
1.002503
1.002303
1.002183
1.001993
1.001911
1.001722
1.001682
1.001483
1.001490
1.001270
1.001333
1.001078
1.001208
1.000901
1.001113
1.000733
1.001048
1.000570
1.001012
1.000406
1.001008
1.000234
1.011089
1.002156
1.010566
1.004240
1.010580
1.006178
1.010994
1.008039
1.011749
1.009886
1.012804
1.011766
1.014123
1.013707
1.015674
1.015721
1.017417
1.017800
1.019304
1.019919
1.021275
1.022030
1.023254
1.024066
1.025152
1.025943
1.026869
1.027568
1.028303
1.028846
1.029357
1.029695
1.029956
1.030055
1.030053
1.029902
1.029641
1.029247
1.028749
1.028138
1.027440
1.026654
1.025801
1.024887
1.023930
1.022937
1.021923
1.020897
1.019870
1.018849
1.017842
1.016856
1.015897
1.014967
1.014071
1.013212
1.012391
1.011609
1.010866
1.010163
1.009499
1.008873
1.008285
1.007731
1.007214
1.006728
1.006277
1.005851
1.005458
1.005086
1.004747
1.004421
1.004131
1.003844
1.003597
1.003342
1.003137
1.002906
1.002741
1.002527
1.002401
1.002195
1.002110
1.001903
1.001864
1.001644
1.001658
1.001413
1.001488
1.001202
1.001352
1.001006
1.001249
1.000821
1.001178
1.000639
1.001139
1.000456
1.001137
1.000263
1.011874
1.002252
1.011251
1.004403
1.011179
1.006382
1.011515
1.008259
1.012193
1.010099
1.013166
1.011946
1.014393
1.013828
1.015837
1.015756
1.017456
1.017724
1.019200
1.019706
1.021011
1.021662
1.022819
1.023531
1.024543
1.025240
1.026093
1.026711
1.027382
1.027862
1.028326
1.028624
1.028861
1.028948
1.028948
1.028812
1.028580
1.028226
1.027780
1.027232
1.026603
1.025893
1.025120
1.024290
1.023417
1.022508
1.021576
1.020630
1.019677
1.018727
1.017786
1.016861
1.015956
1.015075
1.014222
1.013401
1.012612
1.011857
1.011137
1.010451
1.009802
1.009186
1.008606
1.008057
1.007542
1.007056
1.006602
1.006172
1.005775
1.005396
1.005051
1.004716
1.004417
1.004120
1.003866
1.003599
1.003387
1.003143
1.002971
1.002744
1.002613
1.002392
1.002305
1.002081
1.002043
1.001803
1.001822
1.001553
1.001640
1.001324
1.001494
1.001111
1.001383
1.000907
1.001306
1.000708
1.001266
1.000505
1.001264
1.000292
1.012583
1.002334
1.011869
1.004542
1.011717
1.006556
1.011981
1.008447
1.012588
1.010280
1.013485
1.012097
1.014628
1.013926
1.015976
1.015778
1.017483
1.017646
1.019101
1.019509
1.020772
1.021329
1.022431
1.023053
1.024002
1.024618
1.025408
1.025954
1.026570
1.026994
1.027418
1.027680
1.027895
1.027969
1.027970
1.027845
1.027636
1.027316
1.026914
1.026417
1.025848
1.025203
1.024500
1.023741
1.022942
1.022107
1.021248
1.020372
1.019487
1.018601
1.017719
1.016849
1.015993
1.015158
1.014345
1.013558
1.012800
1.012070
1.011372
1.010705
1.010069
1.009464
1.008891
1.008347
1.007835
1.007349
1.006894
1.006462
1.006061
1.005676
1.005324
1.004982
1.004677
1.004371
1.004109
1.003833
1.003613
1.003359
1.003181
1.002941
1.002806
1.002571
1.002482
1.002242
1.002206
1.001948
1.001972
1.001681
1.001779
1.001436
1.001624
1.001206
1.001505
1.000986
1.001425
1.000770
1.001382
1.000551
1.001381
1.000319
1.013271
1.002414
1.012463
1.004675
1.012230
1.006719
1.012419
1.008620
1.012953
1.010440
1.013774
1.012224
1.014833
1.014000
1.016086
1.015776
1.017486
1.017550
1.018985
1.019302
1.020526
1.020997
1.022049
1.022590
1.023484
1.024026
1.024762
1.025246
1.025814
1.026190
1.026579
1.026811
1.027009
1.027073
1.027076
1.026961
1.026773
1.026483
1.026119
1.025668
1.025150
1.024563
1.023920
1.023226
1.022491
1.021722
1.020928
1.020115
1.019291
1.018463
1.017636
1.016816
1.016007
1.015213
1.014439
1.013686
1.012957
1.012253
1.011577
1.010927
1.010307
1.009714
1.009150
1.008613
1.008105
1.007621
1.007166
1.006732
1.006329
1.005940
1.005584
1.005236
1.004925
1.004611
1.004344
1.004058
1.003833
1.003568
1.003385
1.003134
1.002995
1.002747
1.002657
1.002402
1.002367
1.002091
1.002121
1.001808
1.001917
1.001547
1.001753
1.001302
1.001628
1.001066
1.001543
1.000833
1.001498
1.000596
1.001499
1.000345
1.013871
1.002478
1.012983
1.004783
1.012679
1.006853
1.012801
1.008761
1.013270
1.010571
1.014023
1.012327
1.015008
1.014055
1.016177
1.015767
1.017484
1.017460
1.018879
1.019115
1.020308
1.020704
1.021713
1.022185
1.023032
1.023511
1.024201
1.024630
1.025159
1.025494
1.025852
1.026058
1.026241
1.026295
1.026299
1.026192
1.026022
1.025756
1.025424
1.025011
1.024537
1.023998
1.023408
1.022768
1.022090
1.021377
1.020639
1.019882
1.019111
1.018334
1.017555
1.016780
1.016012
1.015257
1.014516
1.013793
1.013091
1.012410
1.011754
1.011121
1.010514
1.009932
1.009376
1.008845
1.008341
1.007859
1.007406
1.006970
1.006565
1.006173
1.005813
1.005459
1.005144
1.004823
1.004551
1.004257
1.004027
1.003753
1.003566
1.003304
1.003162
1.002902
1.002811
1.002542
1.002509
1.002217
1.002253
1.001920
1.002040
1.001645
1.001868
1.001385
1.001737
1.001136
1.001648
1.000888
1.001601
1.000636
1.001602
1.000369
1.014467
1.002546
1.013494
1.004893
1.013114
1.006984
1.013168
1.008895
1.013569
1.010691
1.014253
1.012416
1.015163
1.014096
1.016250
1.015744
1.017466
1.017358
1.018762
1.018922
1.020086
1.020411
1.021383
1.021790
1.022595
1.023017
1.023665
1.024047
1.024539
1.024837
1.025171
1.025353
1.025523
1.025569
1.025574
1.025475
1.025320
1.025076
1.024772
1.024394
1.023959
1.023463
1.022920
1.022329
1.021700
1.021039
1.020352
1.019644
1.018923
1.018193
1.017458
1.016725
1.015997
1.015277
1.014570
1.013876
1.013201
1.012543
1.011907
1.011291
1.010699
1.010128
1.009583
1.009059
1.008561
1.008082
1.007631
1.007196
1.006790
1.006395
1.006034
1.005676
1.005357
1.005030
1.004754
1.004453
1.004218
1.003936
1.003745
1.003473
1.003329
1.003058
1.002966
1.002684
1.002653
1.002345
1.002386
1.002034
1.002164
1.001745
1.001984
1.001471
1.001848
1.001207
1.001754
1.000945
1.001707
1.000677
1.001709
1.000392
1.014960
1.002595
1.013919
1.004975
1.013478
1.007084
1.013475
1.008999
1.013819
1.010783
1.014444
1.012483
1.015291
1.014124
1.016309
1.015719
1.017449
1.017267
1.018662
1.018756
1.019897
1.020163
1.021103
1.021456
1.022226
1.022600
1.023215
1.023556
1.024019
1.024287
1.024598
1.024761
1.024920
1.024959
1.024965
1.024871
1.024729
1.024503
1.024223
1.023873
1.023471
1.023011
1.022507
1.021957
1.021371
1.020752
1.020109
1.019444
1.018764
1.018073
1.017377
1.016679
1.015985
1.015296
1.014616
1.013948
1.013295
1.012657
1.012038
1.011437
1.010857
1.010296
1.009759
1.009241
1.008747
1.008271
1.007822
1.007387
1.006981
1.006584
1.006220
1.005858
1.005537
1.005205
1.004924
1.004617
1.004379
1.004089
1.003895
1.003615
1.003469
1.003188
1.003096
1.002802
1.002773
1.002451
1.002498
1.002128
1.002268
1.001827
1.002082
1.001542
1.001940
1.001266
1.001844
1.000992
1.001795
1.000712
1.001798
1.000413
1.015473
1.002652
1.014355
1.005065
1.013846
1.007190
1.013780
1.009104
1.014064
1.010874
1.014627
1.012545
1.015408
1.014144
1.016356
1.015685
1.017419
1.017168
1.018551
1.018583
1.019701
1.019910
1.020821
1.021123
1.021861
1.022190
1.022773
1.023077
1.023514
1.023753
1.024045
1.024190
1.024339
1.024372
1.024378
1.024290
1.024159
1.023950
1.023691
1.023366
1.022994
1.022567
1.022098
1.021585
1.021039
1.020460
1.019856
1.019231
1.018590
1.017938
1.017278
1.016615
1.015952
1.015294
1.014642
1.013999
1.013369
1.012752
1.012151
1.011566
1.010999
1.010450
1.009922
1.009412
1.008924
1.008453
1.008006
1.007573
1.007167
1.006770
1.006405
1.006041
1.005717
1.005381
1.005097
1.004785
1.004543
1.004247
1.004050
1.003762
1.003614
1.003324
1.003231
1.002926
1.002899
1.002563
1.002615
1.002229
1.002377
1.001916
1.002185
1.001619
1.002039
1.001330
1.001939
1.001043
1.001889
1.000748
1.001893
1.000434
1.015858
1.002687
1.014688
1.005124
1.014129
1.007260
1.014017
1.009176
1.014254
1.010937
1.014769
1.012587
1.015500
1.014154
1.016392
1.015654
1.017396
1.017086
1.018463
1.018444
1.019546
1.019710
1.020598
1.020859
1.021572
1.021865
1.022424
1.022698
1.023114
1.023331
1.023608
1.023739
1.023880
1.023908
1.023915
1.023831
1.023709
1.023512
1.023271
1.022967
1.022618
1.022218
1.021777
1.021295
1.020779
1.020233
1.019661
1.019068
1.018458
1.017836
1.017205
1.016570
1.015933
1.015298
1.014669
1.014046
1.013434
1.012833
1.012246
1.011673
1.011117
1.010576
1.010055
1.009550
1.009067
1.008598
1.008154
1.007721
1.007316
1.006917
1.006551
1.006184
1.005858
1.005518
1.005233
1.004915
1.004671
1.004369
1.004170
1.003875
1.003726
1.003428
1.003336
1.003021
1.002996
1.002649
1.002705
1.002304
1.002461
1.001982
1.002264
1.001676
1.002114
1.001378
1.002012
1.001081
1.001961
1.000776
1.001966
1.000451
1.016296
1.002737
1.015056
1.005200
1.014437
1.007347
1.014269
1.009261
1.014453
1.011006
1.014914
1.012631
1.015589
1.014162
1.016421
1.015616
1.017362
1.016995
1.018363
1.018293
1.019378
1.019496
1.020362
1.020582
1.021270
1.021528
1.022063
1.022309
1.022704
1.022899
1.023161
1.023278
1.023411
1.023435
1.023442
1.023362
1.023249
1.023064
1.022839
1.022554
1.022228
1.021852
1.021438
1.020985
1.020500
1.019984
1.019444
1.018882
1.018304
1.017712
1.017110
1.016503
1.015893
1.015283
1.014677
1.014076
1.013483
1.012899
1.012328
1.011769
1.011225
1.010695
1.010183
1.009686
1.009208
1.008744
1.008303
1.007873
1.007469
1.007071
1.006705
1.006336
1.006009
1.005666
1.005378
1.005057
1.004811
1.004503
1.004302
1.004001
1.003850
1.003545
1.003452
1.003128
1.003105
1.002746
1.002807
1.002392
1.002557
1.002060
1.002354
1.001743
1.002200
1.001434
1.002095
1.001125
1.002043
1.000808
1.002050
1.000469
1.016573
1.002758
1.015296
1.005237
1.014642
1.007393
1.014439
1.009307
1.014589
1.011045
1.015015
1.012654
1.015651
1.014163
1.016443
1.015586
1.017340
1.016929
1.018294
1.018186
1.019261
1.019345
1.020196
1.020387
1.021059
1.021291
1.021809
1.022033
1.022414
1.022593
1.022845
1.022953
1.023081
1.023101
1.023109
1.023032
1.022925
1.022749
1.022536
1.022265
1.021956
1.021598
1.021205
1.020773
1.020310
1.019817
1.019299
1.018760
1.018204
1.017634
1.017053
1.016466
1.015875
1.015282
1.014692
1.014106
1.013526
1.012955
1.012394
1.011844
1.011309
1.010785
1.010279
1.009786
1.009312
1.008850
1.008411
1.007981
1.007577
1.007178
1.006812
1.006441
1.006113
1.005767
1.005478
1.005153
1.004905
1.004594
1.004391
1.004085
1.003933
1.003622
1.003529
1.003198
1.003177
1.002809
1.002874
1.002448
1.002619
1.002109
1.002414
1.001785
1.002256
1.001469
1.002150
1.001153
1.002097
1.000829
1.002103
1.000483
1.016946
1.002802
1.015607
1.005302
1.014898
1.007465
1.014646
1.009375
1.014750
1.011099
1.015129
1.012686
1.015718
1.014163
1.016461
1.015549
1.017306
1.016849
1.018207
1.018058
1.019119
1.019167
1.020000
1.020160
1.020812
1.021017
1.021517
1.021719
1.022084
1.022246
1.022487
1.022584
1.022706
1.022722
1.022730
1.022655
1.022555
1.022388
1.022187
1.021931
1.021638
1.021300
1.020927
1.020517
1.020077
1.019608
1.019116
1.018601
1.018069
1.017523
1.016966
1.016401
1.015832
1.015260
1.014689
1.014120
1.013557
1.013001
1.012453
1.011916
1.011391
1.010877
1.010378
1.009892
1.009424
1.008966
1.008530
1.008103
1.007702
1.007303
1.006937
1.006566
1.006237
1.005890
1.005599
1.005271
1.005022
1.004706
1.004502
1.004191
1.004039
1.003720
1.003628
1.003289
1.003269
1.002892
1.002961
1.002523
1.002701
1.002175
1.002491
1.001843
1.002330
1.001518
1.002222
1.001192
1.002168
1.000856
1.002176
1.000497
1.017110
1.002810
1.015753
1.005319
1.015025
1.007488
1.014753
1.009399
1.014835
1.011120
1.015192
1.012697
1.015757
1.014160
1.016473
1.015528
1.017290
1.016804
1.018161
1.017988
1.019043
1.019069
1.019894
1.020034
1.020676
1.020864
1.021354
1.021543
1.021899
1.022052
1.022286
1.022377
1.022496
1.022509
1.022518
1.022445
1.022349
1.022188
1.021995
1.021747
1.021465
1.021138
1.020779
1.020382
1.019956
1.019502
1.019023
1.018523
1.018006
1.017474
1.016930
1.016378
1.015820
1.015260
1.014699
1.014140
1.013585
1.013037
1.012496
1.011964
1.011444
1.010935
1.010440
1.009956
1.009490
1.009034
1.008600
1.008173
1.007771
1.007372
1.007006
1.006634
1.006303
1.005954
1.005663
1.005332
1.005082
1.004764
1.004559
1.004244
1.004091
1.003769
1.003677
1.003334
1.003315
1.002932
1.003003
1.002558
1.002741
1.002206
1.002528
1.001869
1.002366
1.001540
1.002256
1.001209
1.002202
1.000869
1.002210
1.000507
1.017429
1.002850
1.016015
1.005376
1.015237
1.007549
1.014922
1.009455
1.014964
1.011162
1.015282
1.012720
1.015807
1.014157
1.016483
1.015494
1.017258
1.016735
1.018086
1.017881
1.018925
1.018923
1.019733
1.019849
1.020476
1.020643
1.021119
1.021290
1.021635
1.021774
1.022000
1.022083
1.022197
1.022207
1.022216
1.022145
1.022054
1.021900
1.021715
1.021479
1.021210
1.020897
1.020553
1.020173
1.019766
1.019329
1.018870
1.018389
1.017891
1.017378
1.016853
1.016319
1.015778
1.015234
1.014689
1.014145
1.013604
1.013067
1.012538
1.012017
1.011506
1.011004
1.010516
1.010038
1.009578
1.009126
1.008695
1.008270
1.007871
1.007473
1.007107
1.006735
1.006405
1.006054
1.005762
1.005429
1.005178
1.004857
1.004651
1.004332
1.004179
1.003852
1.003760
1.003410
1.003393
1.003002
1.003076
1.002622
1.002810
1.002263
1.002594
1.001918
1.002429
1.001581
1.002317
1.001242
1.002263
1.000892
1.002272
1.000518
1.017474
1.002845
1.016063
1.005375
1.015284
1.007552
1.014965
1.009460
1.015001
1.011168
1.015310
1.012723
1.015826
1.014156
1.016491
1.015484
1.017254
1.016716
1.018068
1.017851
1.018893
1.018881
1.019688
1.019794
1.020417
1.020577
1.021048
1.021213
1.021554
1.021688
1.021911
1.021991
1.022104
1.022114
1.022123
1.022053
1.021964
1.021812
1.021631
1.021399
1.021135
1.020828
1.020490
1.020116
1.019715
1.019286
1.018833
1.018359
1.017868
1.017360
1.016842
1.016313
1.015778
1.015239
1.014698
1.014158
1.013620
1.013087
1.012561
1.012042
1.011533
1.011033
1.010546
1.010069
1.009609
1.009157
1.008726
1.008301
1.007902
1.007504
1.007137
1.006764
1.006433
1.006082
1.005789
1.005455
1.005203
1.004880
1.004674
1.004354
1.004200
1.003871
1.003779
1.003427
1.003411
1.003017
1.003093
1.002635
1.002825
1.002274
1.002608
1.001927
1.002442
1.001588
1.002330
1.001248
1.002275
1.000898
1.002283
1.000523
1.017753
1.002882
1.016286
1.005424
1.015461
1.007603
1.015103
1.009505
1.015104
1.011202
1.015380
1.012739
1.015863
1.014151
1.016495
1.015454
1.017224
1.016658
1.018005
1.017762
1.018795
1.018761
1.019557
1.019644
1.020255
1.020399
1.020859
1.021011
1.021342
1.021467
1.021683
1.021757
1.021867
1.021874
1.021883
1.021814
1.021729
1.021582
1.021408
1.021184
1.020930
1.020634
1.020308
1.019947
1.019560
1.019145
1.018707
1.018248
1.017771
1.017279
1.016775
1.016260
1.015739
1.015213
1.014685
1.014157
1.013630
1.013107
1.012590
1.012079
1.011578
1.011085
1.010604
1.010133
1.009677
1.009229
1.008801
1.008379
1.007981
1.007584
1.007219
1.006846
1.006515
1.006163
1.005870
1.005534
1.005282
1.004957
1.004750
1.004426
1.004272
1.003939
1.003848
1.003491
1.003475
1.003076
1.003154
1.002688
1.002883
1.002321
1.002663
1.001969
1.002495
1.001623
1.002381
1.001276
1.002327
1.000917
1.002337
1.000532
1.017672
1.002868
1.016234
1.005410
1.015428
1.007591
1.015083
1.009497
1.015092
1.011197
1.015375
1.012739
1.015864
1.014154
1.016500
1.015461
1.017233
1.016669
1.018017
1.017776
1.018811
1.018777
1.019575
1.019663
1.020275
1.020419
1.020880
1.021032
1.021364
1.021489
1.021705
1.021779
1.021889
1.021896
1.021905
1.021837
1.021751
1.021604
1.021430
1.021206
1.020951
1.020655
1.020329
1.019968
1.019580
1.019164
1.018726
1.018266
1.017788
1.017295
1.016790
1.016274
1.015752
1.015224
1.014695
1.014165
1.013637
1.013113
1.012595
1.012082
1.011580
1.011085
1.010604
1.010131
1.009674
1.009225
1.008796
1.008373
1.007974
1.007576
1.007211
1.006837
1.006506
1.006153
1.005859
1.005524
1.005271
1.004946
1.004739
1.004415
1.004261
1.003928
1.003837
1.003480
1.003465
1.003065
1.003143
1.002678
1.002873
1.002312
1.002653
1.001961
1.002485
1.001616
1.002371
1.001270
1.002316
1.000914
1.002324
1.000533
1.017958
1.002912
1.016458
1.005465
1.015602
1.007646
1.015217
1.009545
1.015191
1.011232
1.015442
1.012757
1.015899
1.014150
1.016503
1.015433
1.017204
1.016612
1.017955
1.017691
1.018716
1.018663
1.019449
1.019520
1.020121
1.020250
1.020700
1.020840
1.021163
1.021279
1.021489
1.021558
1.021664
1.021669
1.021677
1.021610
1.021528
1.021385
1.021217
1.021001
1.020755
1.020468
1.020153
1.019804
1.019429
1.019026
1.018602
1.018156
1.017692
1.017213
1.016721
1.016219
1.015710
1.015195
1.014678
1.014160
1.013643
1.013128
1.012619
1.012115
1.011620
1.011133
1.010657
1.010190
1.009737
1.009292
1.008867
1.008446
1.008050
1.007654
1.007289
1.006916
1.006585
1.006232
1.005938
1.005601
1.005348
1.005020
1.004813
1.004486
1.004332
1.003996
1.003904
1.003543
1.003528
1.003123
1.003203
1.002731
1.002929
1.002359
1.002707
1.002002
1.002537
1.001651
1.002422
1.001298
1.002367
1.000932
1.002378
1.000541
