# v - 300 ites
-0.000094
-0.000070
-0.000128
-0.000106
-0.000144
-0.000129
-0.000157
-0.000149
-0.000169
-0.000165
-0.000179
-0.000177
-0.000187
-0.000185
-0.000191
-0.000189
-0.000191
-0.000188
-0.000186
-0.000181
-0.000177
-0.000170
-0.000163
-0.000153
-0.000144
-0.000132
-0.000120
-0.000106
-0.000092
-0.000076
-0.000060
-0.000043
-0.000026
-0.000009
0.000009
0.000027
0.000045
0.000062
0.000079
0.000096
0.000112
0.000127
0.000141
0.000155
0.000167
0.000178
0.000189
0.000198
0.000206
0.000212
0.000218
0.000222
0.000226
0.000228
0.000229
0.000230
0.000229
0.000228
0.000226
0.000223
0.000220
0.000216
0.000211
0.000207
0.000201
0.000196
0.000190
0.000185
0.000179
0.000172
0.000166
0.000160
0.000154
0.000148
0.000142
0.000136
0.000130
0.000125
0.000119
0.000114
0.000109
0.000103
0.000099
0.000094
0.000090
0.000085
0.000081
0.000076
0.000074
0.000068
0.000067
0.000061
0.000061
0.000055
0.000056
0.000048
0.000052
0.000042
0.000050
0.000033
-0.000745
-0.000404
-0.000870
-0.000580
-0.000904
-0.000695
-0.000930
-0.000785
-0.000955
-0.000854
-0.000973
-0.000902
-0.000981
-0.000928
-0.000976
-0.000933
-0.000955
-0.000915
-0.000915
-0.000873
-0.000856
-0.000808
-0.000775
-0.000721
-0.000673
-0.000611
-0.000552
-0.000483
-0.000414
-0.000339
-0.000263
-0.000183
-0.000103
-0.000021
0.000061
0.000143
0.000224
0.000303
0.000380
0.000455
0.000525
0.000593
0.000656
0.000714
0.000768
0.000816
0.000859
0.000898
0.000930
0.000958
0.000980
0.000998
0.001011
0.001019
0.001022
0.001022
0.001018
0.001010
0.000999
0.000986
0.000969
0.000951
0.000930
0.000908
0.000884
0.000859
0.000834
0.000807
0.000780
0.000753
0.000725
0.000697
0.000670
0.000643
0.000616
0.000589
0.000564
0.000537
0.000514
0.000488
0.000467
0.000441
0.000424
0.000397
0.000383
0.000356
0.000346
0.000317
0.000313
0.000280
0.000284
0.000245
0.000258
0.000212
0.000237
0.000179
0.000220
0.000146
0.000212
0.000095
-0.000908
-0.000512
-0.001082
-0.000734
-0.001131
-0.000878
-0.001168
-0.000993
-0.001203
-0.001082
-0.001230
-0.001146
-0.001245
-0.001183
-0.001243
-0.001192
-0.001220
-0.001172
-0.001173
-0.001121
-0.001099
-0.001040
-0.000998
-0.000930
-0.000869
-0.000790
-0.000715
-0.000626
-0.000538
-0.000441
-0.000343
-0.000240
-0.000136
-0.000030
0.000076
0.000183
0.000287
0.000390
0.000490
0.000586
0.000678
0.000765
0.000846
0.000922
0.000991
0.001053
0.001109
0.001158
0.001200
0.001235
0.001263
0.001285
0.001301
0.001310
0.001314
0.001313
0.001307
0.001296
0.001281
0.001263
0.001241
0.001217
0.001190
0.001160
0.001129
0.001097
0.001063
0.001029
0.000994
0.000958
0.000923
0.000887
0.000852
0.000816
0.000783
0.000748
0.000716
0.000682
0.000652
0.000619
0.000592
0.000559
0.000536
0.000503
0.000485
0.000451
0.000438
0.000401
0.000396
0.000355
0.000359
0.000312
0.000327
0.000270
0.000300
0.000230
0.000278
0.000189
0.000268
0.000125
-0.001472
-0.000814
-0.001738
-0.001167
-0.001809
-0.001396
-0.001865
-0.001577
-0.001915
-0.001717
-0.001954
-0.001815
-0.001974
-0.001870
-0.001967
-0.001882
-0.001927
-0.001848
-0.001850
-0.001766
-0.001731
-0.001637
-0.001569
-0.001461
-0.001365
-0.001241
-0.001121
-0.000981
-0.000842
-0.000689
-0.000536
-0.000374
-0.000211
-0.000044
0.000123
0.000289
0.000453
0.000614
0.000770
0.000921
0.001064
0.001200
0.001327
0.001445
0.001553
0.001650
0.001737
0.001813
0.001879
0.001933
0.001977
0.002011
0.002035
0.002050
0.002056
0.002054
0.002044
0.002027
0.002004
0.001975
0.001941
0.001903
0.001860
0.001815
0.001766
0.001715
0.001663
0.001609
0.001554
0.001499
0.001443
0.001387
0.001333
0.001277
0.001224
0.001169
0.001119
0.001066
0.001020
0.000967
0.000926
0.000874
0.000838
0.000786
0.000758
0.000703
0.000685
0.000626
0.000619
0.000553
0.000560
0.000485
0.000510
0.000419
0.000468
0.000354
0.000434
0.000289
0.000418
0.000188
-0.001711
-0.000955
-0.002032
-0.001367
-0.002117
-0.001634
-0.002183
-0.001847
-0.002244
-0.002012
-0.002293
-0.002130
-0.002319
-0.002198
-0.002314
-0.002215
-0.002271
-0.002179
-0.002183
-0.002086
-0.002046
-0.001936
-0.001857
-0.001730
-0.001618
-0.001471
-0.001330
-0.001165
-0.001000
-0.000819
-0.000637
-0.000445
-0.000252
-0.000053
0.000144
0.000342
0.000536
0.000728
0.000913
0.001091
0.001261
0.001421
0.001571
0.001710
0.001837
0.001951
0.002053
0.002141
0.002217
0.002280
0.002330
0.002368
0.002395
0.002411
0.002416
0.002411
0.002398
0.002376
0.002347
0.002312
0.002270
0.002224
0.002172
0.002117
0.002059
0.001999
0.001936
0.001872
0.001807
0.001741
0.001676
0.001610
0.001546
0.001480
0.001418
0.001354
0.001295
0.001233
0.001179
0.001118
0.001070
0.001009
0.000968
0.000907
0.000874
0.000811
0.000789
0.000722
0.000713
0.000638
0.000646
0.000558
0.000587
0.000482
0.000539
0.000408
0.000500
0.000334
0.000481
0.000217
-0.002225
-0.001237
-0.002635
-0.001774
-0.002745
-0.002122
-0.002832
-0.002398
-0.002912
-0.002613
-0.002975
-0.002765
-0.003009
-0.002854
-0.003003
-0.002877
-0.002948
-0.002829
-0.002834
-0.002709
-0.002657
-0.002515
-0.002413
-0.002248
-0.002102
-0.001912
-0.001728
-0.001514
-0.001300
-0.001065
-0.000828
-0.000578
-0.000327
-0.000069
0.000187
0.000444
0.000697
0.000945
0.001185
0.001417
0.001637
0.001845
0.002040
0.002219
0.002383
0.002531
0.002662
0.002776
0.002874
0.002955
0.003019
0.003068
0.003102
0.003121
0.003127
0.003121
0.003103
0.003074
0.003036
0.002989
0.002935
0.002874
0.002808
0.002736
0.002661
0.002582
0.002501
0.002418
0.002334
0.002249
0.002164
0.002079
0.001996
0.001911
0.001831
0.001748
0.001672
0.001591
0.001522
0.001442
0.001380
0.001302
0.001249
0.001170
0.001128
0.001047
0.001018
0.000931
0.000920
0.000822
0.000832
0.000719
0.000757
0.000621
0.000694
0.000525
0.000644
0.000429
0.000619
0.000278
-0.002520
-0.001407
-0.002993
-0.002014
-0.003119
-0.002408
-0.003217
-0.002722
-0.003309
-0.002968
-0.003384
-0.003146
-0.003427
-0.003252
-0.003424
-0.003282
-0.003366
-0.003232
-0.003241
-0.003099
-0.003042
-0.002881
-0.002766
-0.002579
-0.002413
-0.002196
-0.001986
-0.001741
-0.001495
-0.001226
-0.000953
-0.000666
-0.000377
-0.000081
0.000214
0.000510
0.000800
0.001086
0.001361
0.001627
0.001879
0.002117
0.002339
0.002543
0.002730
0.002897
0.003044
0.003173
0.003281
0.003371
0.003441
0.003494
0.003529
0.003548
0.003552
0.003541
0.003518
0.003482
0.003436
0.003380
0.003316
0.003244
0.003167
0.003083
0.002996
0.002905
0.002812
0.002716
0.002620
0.002522
0.002426
0.002328
0.002234
0.002137
0.002047
0.001952
0.001867
0.001775
0.001697
0.001608
0.001538
0.001450
0.001390
0.001302
0.001255
0.001163
0.001132
0.001034
0.001022
0.000912
0.000925
0.000798
0.000841
0.000688
0.000770
0.000581
0.000715
0.000474
0.000687
0.000306
-0.003005
-0.001678
-0.003566
-0.002405
-0.003719
-0.002878
-0.003840
-0.003257
-0.003954
-0.003554
-0.004048
-0.003769
-0.004103
-0.003898
-0.004104
-0.003938
-0.004038
-0.003882
-0.003892
-0.003725
-0.003657
-0.003466
-0.003328
-0.003105
-0.002906
-0.002646
-0.002394
-0.002099
-0.001804
-0.001479
-0.001151
-0.000805
-0.000457
-0.000100
0.000256
0.000612
0.000963
0.001306
0.001638
0.001958
0.002261
0.002547
0.002814
0.003059
0.003282
0.003481
0.003657
0.003810
0.003939
0.004044
0.004127
0.004188
0.004229
0.004250
0.004252
0.004237
0.004207
0.004163
0.004106
0.004038
0.003959
0.003872
0.003778
0.003678
0.003572
0.003462
0.003350
0.003235
0.003120
0.003003
0.002887
0.002770
0.002657
0.002542
0.002434
0.002321
0.002219
0.002110
0.002017
0.001910
0.001827
0.001722
0.001651
0.001546
0.001490
0.001381
0.001344
0.001228
0.001212
0.001083
0.001097
0.000947
0.000997
0.000817
0.000913
0.000690
0.000847
0.000563
0.000814
0.000363
-0.003343
-0.001872
-0.003975
-0.002681
-0.004146
-0.003208
-0.004282
-0.003632
-0.004413
-0.003967
-0.004522
-0.004212
-0.004589
-0.004364
-0.004598
-0.004415
-0.004531
-0.004359
-0.004374
-0.004190
-0.004116
-0.003905
-0.003752
-0.003503
-0.003280
-0.002989
-0.002706
-0.002374
-0.002041
-0.001674
-0.001303
-0.000912
-0.000518
-0.000113
0.000289
0.000693
0.001089
0.001477
0.001852
0.002212
0.002554
0.002875
0.003173
0.003447
0.003695
0.003917
0.004112
0.004279
0.004419
0.004533
0.004622
0.004685
0.004726
0.004744
0.004742
0.004721
0.004682
0.004628
0.004560
0.004479
0.004388
0.004287
0.004179
0.004064
0.003944
0.003819
0.003692
0.003562
0.003433
0.003301
0.003171
0.003041
0.002914
0.002786
0.002666
0.002541
0.002428
0.002307
0.002203
0.002086
0.001994
0.001879
0.001800
0.001685
0.001623
0.001504
0.001462
0.001335
0.001319
0.001177
0.001192
0.001028
0.001083
0.000885
0.000992
0.000747
0.000920
0.000608
0.000884
0.000390
-0.003815
-0.002138
-0.004535
-0.003067
-0.004736
-0.003674
-0.004897
-0.004164
-0.005054
-0.004553
-0.005186
-0.004841
-0.005272
-0.005021
-0.005290
-0.005087
-0.005221
-0.005029
-0.005048
-0.004842
-0.004758
-0.004518
-0.004344
-0.004059
-0.003803
-0.003468
-0.003141
-0.002758
-0.002372
-0.001948
-0.001518
-0.001064
-0.000606
-0.000137
0.000331
0.000800
0.001260
0.001710
0.002145
0.002563
0.002958
0.003329
0.003673
0.003989
0.004274
0.004528
0.004750
0.004940
0.005099
0.005227
0.005325
0.005395
0.005437
0.005454
0.005448
0.005420
0.005372
0.005306
0.005224
0.005129
0.005021
0.004903
0.004776
0.004642
0.004502
0.004357
0.004210
0.004060
0.003910
0.003759
0.003610
0.003459
0.003315
0.003167
0.003029
0.002887
0.002757
0.002619
0.002501
0.002367
0.002262
0.002131
0.002042
0.001910
0.001840
0.001705
0.001657
0.001513
0.001494
0.001334
0.001350
0.001164
0.001226
0.001003
0.001122
0.000847
0.001040
0.000690
0.001000
0.000443
-0.004189
-0.002354
-0.004988
-0.003375
-0.005210
-0.004043
-0.005391
-0.004587
-0.005570
-0.005022
-0.005723
-0.005347
-0.005827
-0.005556
-0.005858
-0.005640
-0.005793
-0.005587
-0.005612
-0.005388
-0.005300
-0.005038
-0.004847
-0.004533
-0.004250
-0.003879
-0.003515
-0.003089
-0.002658
-0.002184
-0.001702
-0.001193
-0.000679
-0.000153
0.000372
0.000897
0.001413
0.001917
0.002403
0.002869
0.003310
0.003722
0.004103
0.004452
0.004765
0.005043
0.005285
0.005491
0.005661
0.005796
0.005898
0.005968
0.006007
0.006019
0.006005
0.005966
0.005906
0.005827
0.005731
0.005619
0.005495
0.005359
0.005215
0.005063
0.004905
0.004743
0.004578
0.004411
0.004244
0.004076
0.003911
0.003745
0.003585
0.003424
0.003272
0.003115
0.002974
0.002823
0.002694
0.002548
0.002434
0.002291
0.002194
0.002052
0.001975
0.001829
0.001778
0.001622
0.001601
0.001428
0.001446
0.001246
0.001312
0.001072
0.001201
0.000904
0.001113
0.000735
0.001069
0.000469
-0.004656
-0.002621
-0.005547
-0.003763
-0.005800
-0.004514
-0.006011
-0.005128
-0.006221
-0.005622
-0.006404
-0.005997
-0.006534
-0.006242
-0.006582
-0.006348
-0.006522
-0.006301
-0.006332
-0.006089
-0.005993
-0.005704
-0.005492
-0.005143
-0.004825
-0.004409
-0.003999
-0.003517
-0.003029
-0.002492
-0.001945
-0.001366
-0.000782
-0.000183
0.000415
0.001013
0.001600
0.002173
0.002726
0.003254
0.003753
0.004219
0.004649
0.005041
0.005392
0.005703
0.005971
0.006198
0.006384
0.006531
0.006639
0.006711
0.006749
0.006755
0.006733
0.006683
0.006610
0.006515
0.006401
0.006271
0.006127
0.005970
0.005805
0.005631
0.005452
0.005267
0.005081
0.004892
0.004704
0.004514
0.004329
0.004143
0.003964
0.003783
0.003614
0.003439
0.003282
0.003114
0.002971
0.002809
0.002682
0.002524
0.002416
0.002259
0.002174
0.002013
0.001955
0.001784
0.001760
0.001570
0.001589
0.001369
0.001442
0.001178
0.001319
0.000994
0.001221
0.000808
0.001173
0.000516
-0.005059
-0.002856
-0.006036
-0.004100
-0.006316
-0.004922
-0.006552
-0.005597
-0.006791
-0.006147
-0.007004
-0.006568
-0.007160
-0.006851
-0.007229
-0.006983
-0.007181
-0.006947
-0.006988
-0.006729
-0.006629
-0.006318
-0.006088
-0.005707
-0.005359
-0.004902
-0.004448
-0.003916
-0.003373
-0.002776
-0.002166
-0.001522
-0.000870
-0.000201
0.000466
0.001133
0.001786
0.002425
0.003039
0.003625
0.004177
0.004692
0.005164
0.005593
0.005976
0.006312
0.006601
0.006843
0.007039
0.007190
0.007299
0.007368
0.007399
0.007396
0.007360
0.007296
0.007206
0.007092
0.006959
0.006808
0.006643
0.006466
0.006278
0.006083
0.005882
0.005677
0.005470
0.005261
0.005053
0.004845
0.004642
0.004438
0.004243
0.004046
0.003861
0.003672
0.003501
0.003320
0.003165
0.002990
0.002853
0.002684
0.002567
0.002399
0.002308
0.002135
0.002074
0.001891
0.001865
0.001663
0.001682
0.001448
0.001525
0.001245
0.001395
0.001048
0.001291
0.000851
0.001240
0.000540
-0.005528
-0.003129
-0.006601
-0.004497
-0.006916
-0.005405
-0.007187
-0.006156
-0.007463
-0.006773
-0.007715
-0.007252
-0.007906
-0.007582
-0.008003
-0.007746
-0.007971
-0.007726
-0.007778
-0.007503
-0.007399
-0.007063
-0.006813
-0.006397
-0.006013
-0.005508
-0.005003
-0.004411
-0.003804
-0.003136
-0.002451
-0.001727
-0.000993
-0.000241
0.000511
0.001261
0.001997
0.002715
0.003405
0.004062
0.004679
0.005253
0.005779
0.006254
0.006676
0.007045
0.007359
0.007620
0.007829
0.007988
0.008099
0.008165
0.008190
0.008175
0.008126
0.008045
0.007935
0.007801
0.007645
0.007471
0.007282
0.007079
0.006867
0.006646
0.006421
0.006191
0.005959
0.005726
0.005496
0.005265
0.005041
0.004816
0.004601
0.004384
0.004182
0.003975
0.003787
0.003590
0.003420
0.003230
0.003080
0.002896
0.002769
0.002587
0.002487
0.002301
0.002233
0.002036
0.002008
0.001790
0.001810
0.001559
0.001640
0.001340
0.001499
0.001128
0.001388
0.000915
0.001333
0.000582
-0.005955
-0.003380
-0.007121
-0.004861
-0.007469
-0.005848
-0.007772
-0.006671
-0.008086
-0.007353
-0.008377
-0.007891
-0.008607
-0.008271
-0.008736
-0.008472
-0.008726
-0.008474
-0.008539
-0.008252
-0.008145
-0.007788
-0.007519
-0.007070
-0.006651
-0.006100
-0.005545
-0.004892
-0.004221
-0.003481
-0.002720
-0.001916
-0.001098
-0.000261
0.000576
0.001411
0.002229
0.003025
0.003789
0.004515
0.005195
0.005825
0.006400
0.006917
0.007373
0.007769
0.008103
0.008377
0.008593
0.008753
0.008860
0.008917
0.008929
0.008899
0.008830
0.008728
0.008595
0.008436
0.008255
0.008055
0.007839
0.007610
0.007372
0.007125
0.006874
0.006619
0.006364
0.006108
0.005856
0.005604
0.005359
0.005115
0.004881
0.004647
0.004429
0.004206
0.004004
0.003792
0.003610
0.003408
0.003247
0.003051
0.002916
0.002722
0.002616
0.002419
0.002347
0.002138
0.002108
0.001877
0.001898
0.001633
0.001719
0.001402
0.001570
0.001179
0.001453
0.000955
0.001395
0.000604
-0.006428
-0.003660
-0.007696
-0.005269
-0.008082
-0.006348
-0.008426
-0.007255
-0.008788
-0.008015
-0.009129
-0.008623
-0.009407
-0.009063
-0.009579
-0.009312
-0.009599
-0.009343
-0.009425
-0.009128
-0.009021
-0.008643
-0.008356
-0.007872
-0.007416
-0.006813
-0.006201
-0.005481
-0.004736
-0.003914
-0.003065
-0.002167
-0.001253
-0.000315
0.000622
0.001557
0.002473
0.003363
0.004216
0.005025
0.005780
0.006477
0.007110
0.007677
0.008175
0.008603
0.008961
0.009251
0.009476
0.009638
0.009741
0.009789
0.009786
0.009737
0.009648
0.009521
0.009362
0.009176
0.008965
0.008735
0.008490
0.008230
0.007962
0.007686
0.007407
0.007124
0.006842
0.006560
0.006282
0.006006
0.005738
0.005472
0.005218
0.004964
0.004727
0.004486
0.004268
0.004039
0.003843
0.003625
0.003453
0.003243
0.003097
0.002891
0.002776
0.002566
0.002488
0.002267
0.002233
0.001989
0.002010
0.001730
0.001820
0.001484
0.001661
0.001248
0.001536
0.001011
0.001475
0.000639
-0.006874
-0.003926
-0.008242
-0.005657
-0.008667
-0.006824
-0.009051
-0.007813
-0.009461
-0.008651
-0.009855
-0.009333
-0.010186
-0.009838
-0.010406
-0.010140
-0.010463
-0.010206
-0.010309
-0.010004
-0.009899
-0.009502
-0.009198
-0.008679
-0.008185
-0.007529
-0.006859
-0.006068
-0.005245
-0.004335
-0.003393
-0.002396
-0.001378
-0.000336
0.000708
0.001747
0.002765
0.003752
0.004695
0.005586
0.006416
0.007179
0.007867
0.008480
0.009013
0.009468
0.009843
0.010143
0.010369
0.010526
0.010617
0.010649
0.010625
0.010552
0.010435
0.010278
0.010088
0.009869
0.009626
0.009363
0.009084
0.008793
0.008493
0.008186
0.007877
0.007565
0.007256
0.006947
0.006645
0.006345
0.006055
0.005768
0.005495
0.005222
0.004967
0.004710
0.004477
0.004234
0.004025
0.003794
0.003611
0.003389
0.003235
0.003017
0.002896
0.002675
0.002593
0.002361
0.002325
0.002069
0.002091
0.001798
0.001891
0.001541
0.001725
0.001294
0.001594
0.001046
0.001530
0.000658
-0.007351
-0.004212
-0.008825
-0.006078
-0.009295
-0.007344
-0.009729
-0.008426
-0.010197
-0.009355
-0.010655
-0.010122
-0.011052
-0.010706
-0.011333
-0.011075
-0.011441
-0.011191
-0.011319
-0.011013
-0.010915
-0.010503
-0.010184
-0.009632
-0.009099
-0.008389
-0.007656
-0.006789
-0.005879
-0.004872
-0.003824
-0.002714
-0.001577
-0.000412
0.000755
0.001917
0.003054
0.004155
0.005205
0.006195
0.007113
0.007953
0.008708
0.009375
0.009951
0.010437
0.010834
0.011145
0.011373
0.011524
0.011602
0.011615
0.011567
0.011466
0.011317
0.011127
0.010902
0.010646
0.010366
0.010066
0.009750
0.009422
0.009087
0.008746
0.008404
0.008060
0.007721
0.007383
0.007054
0.006728
0.006414
0.006103
0.005808
0.005515
0.005241
0.004965
0.004716
0.004457
0.004234
0.003988
0.003793
0.003558
0.003394
0.003164
0.003035
0.002803
0.002715
0.002472
0.002432
0.002165
0.002186
0.001880
0.001976
0.001610
0.001802
0.001351
0.001665
0.001092
0.001597
0.000687
-0.007808
-0.004490
-0.009389
-0.006485
-0.009903
-0.007849
-0.010388
-0.009025
-0.010917
-0.010047
-0.011445
-0.010905
-0.011914
-0.011574
-0.012264
-0.012017
-0.012430
-0.012189
-0.012347
-0.012041
-0.011952
-0.011526
-0.011192
-0.010606
-0.010032
-0.009264
-0.008461
-0.007510
-0.006506
-0.005393
-0.004228
-0.002994
-0.001726
-0.000429
0.000872
0.002165
0.003429
0.004650
0.005812
0.006902
0.007908
0.008824
0.009641
0.010358
0.010970
0.011480
0.011889
0.012202
0.012423
0.012559
0.012615
0.012599
0.012519
0.012381
0.012194
0.011963
0.011696
0.011398
0.011076
0.010734
0.010378
0.010011
0.009638
0.009260
0.008883
0.008507
0.008136
0.007770
0.007413
0.007061
0.006722
0.006389
0.006073
0.005760
0.005469
0.005176
0.004912
0.004637
0.004401
0.004143
0.003937
0.003691
0.003518
0.003278
0.003142
0.002900
0.002807
0.002554
0.002512
0.002235
0.002256
0.001938
0.002037
0.001659
0.001856
0.001391
0.001714
0.001122
0.001644
0.000703
-0.008284
-0.004781
-0.009976
-0.006916
-0.010542
-0.008386
-0.011085
-0.009667
-0.011688
-0.010795
-0.012298
-0.011759
-0.012855
-0.012530
-0.013292
-0.013067
-0.013537
-0.013317
-0.013513
-0.013219
-0.013148
-0.012717
-0.012375
-0.011761
-0.011149
-0.010324
-0.009451
-0.008413
-0.007305
-0.006075
-0.004781
-0.003406
-0.001990
-0.000540
0.000917
0.002364
0.003778
0.005141
0.006435
0.007645
0.008757
0.009763
0.010655
0.011431
0.012086
0.012626
0.013050
0.013367
0.013579
0.013698
0.013728
0.013681
0.013563
0.013385
0.013153
0.012876
0.012562
0.012217
0.011848
0.011460
0.011059
0.010648
0.010233
0.009816
0.009401
0.008989
0.008585
0.008186
0.007799
0.007420
0.007056
0.006698
0.006360
0.006026
0.005716
0.005405
0.005124
0.004834
0.004584
0.004312
0.004095
0.003836
0.003654
0.003403
0.003260
0.003007
0.002909
0.002646
0.002601
0.002314
0.002334
0.002005
0.002106
0.001715
0.001918
0.001437
0.001770
0.001159
0.001698
0.000725
-0.008744
-0.005066
-0.010547
-0.007337
-0.011165
-0.008913
-0.011770
-0.010301
-0.012449
-0.011540
-0.013148
-0.012615
-0.013801
-0.013497
-0.014335
-0.014136
-0.014667
-0.014471
-0.014710
-0.014431
-0.014379
-0.013943
-0.013592
-0.012946
-0.012290
-0.011402
-0.010448
-0.009311
-0.008087
-0.006725
-0.005283
-0.003751
-0.002168
-0.000547
0.001082
0.002697
0.004272
0.005786
0.007218
0.008550
0.009767
0.010861
0.011821
0.012648
0.013337
0.013894
0.014321
0.014628
0.014819
0.014907
0.014899
0.014808
0.014642
0.014411
0.014126
0.013794
0.013425
0.013026
0.012604
0.012164
0.011713
0.011255
0.010796
0.010336
0.009882
0.009432
0.008993
0.008562
0.008145
0.007738
0.007348
0.006967
0.006607
0.006253
0.005924
0.005596
0.005300
0.004995
0.004732
0.004448
0.004220
0.003951
0.003760
0.003499
0.003350
0.003089
0.002986
0.002715
0.002667
0.002371
0.002391
0.002053
0.002156
0.001754
0.001962
0.001468
0.001810
0.001182
0.001735
0.000736
-0.009212
-0.005358
-0.011130
-0.007773
-0.011806
-0.009464
-0.012482
-0.010970
-0.013250
-0.012332
-0.014055
-0.013539
-0.014824
-0.014553
-0.015478
-0.015321
-0.015926
-0.015771
-0.016069
-0.015820
-0.015803
-0.015378
-0.015032
-0.014368
-0.013678
-0.012733
-0.011702
-0.010465
-0.009118
-0.007614
-0.006009
-0.004301
-0.002527
-0.000710
0.001121
0.002933
0.004702
0.006397
0.007995
0.009475
0.010820
0.012021
0.013066
0.013956
0.014687
0.015268
0.015700
0.015997
0.016165
0.016219
0.016168
0.016027
0.015805
0.015516
0.015170
0.014777
0.014346
0.013886
0.013406
0.012909
0.012405
0.011895
0.011387
0.010881
0.010384
0.009894
0.009418
0.008953
0.008504
0.008068
0.007651
0.007245
0.006862
0.006487
0.006139
0.005793
0.005481
0.005161
0.004886
0.004588
0.004350
0.004070
0.003871
0.003600
0.003444
0.003174
0.003067
0.002787
0.002736
0.002432
0.002451
0.002104
0.002208
0.001796
0.002008
0.001502
0.001851
0.001209
0.001774
0.000751
-0.009661
-0.005643
-0.011694
-0.008198
-0.012429
-0.010003
-0.013179
-0.011630
-0.014042
-0.013122
-0.014959
-0.014465
-0.015854
-0.015622
-0.016639
-0.016529
-0.017214
-0.017105
-0.017464
-0.017249
-0.017269
-0.016855
-0.016510
-0.015822
-0.015090
-0.014077
-0.012953
-0.011598
-0.010106
-0.008437
-0.006642
-0.004731
-0.002738
-0.000699
0.001358
0.003389
0.005367
0.007254
0.009025
0.010656
0.012126
0.013426
0.014543
0.015483
0.016238
0.016824
0.017241
0.017509
0.017634
0.017635
0.017523
0.017315
0.017022
0.016661
0.016241
0.015776
0.015274
0.014746
0.014199
0.013639
0.013076
0.012510
0.011950
0.011396
0.010854
0.010323
0.009808
0.009308
0.008827
0.008361
0.007917
0.007487
0.007082
0.006686
0.006320
0.005958
0.005631
0.005297
0.005009
0.004700
0.004452
0.004162
0.003955
0.003676
0.003514
0.003237
0.003126
0.002839
0.002786
0.002475
0.002493
0.002138
0.002244
0.001824
0.002039
0.001523
0.001879
0.001225
0.001800
0.000758
-0.010109
-0.005929
-0.012258
-0.008630
-0.013059
-0.010557
-0.013892
-0.012315
-0.014864
-0.013952
-0.015912
-0.015455
-0.016958
-0.016782
-0.017908
-0.017865
-0.018649
-0.018609
-0.019054
-0.018899
-0.018981
-0.018604
-0.018285
-0.017596
-0.016842
-0.015777
-0.014571
-0.013104
-0.011465
-0.009621
-0.007620
-0.005482
-0.003239
-0.000941
0.001383
0.003675
0.005907
0.008029
0.010014
0.011832
0.013458
0.014885
0.016096
0.017101
0.017892
0.018489
0.018894
0.019132
0.019210
0.019153
0.018972
0.018690
0.018319
0.017876
0.017375
0.016828
0.016248
0.015643
0.015024
0.014396
0.013768
0.013142
0.012526
0.011920
0.011330
0.010755
0.010201
0.009664
0.009150
0.008653
0.008182
0.007727
0.007299
0.006883
0.006499
0.006119
0.005777
0.005430
0.005130
0.004810
0.004552
0.004252
0.004038
0.003750
0.003583
0.003298
0.003183
0.002889
0.002834
0.002516
0.002533
0.002173
0.002279
0.001851
0.002069
0.001545
0.001906
0.001241
0.001825
0.000766
-0.010533
-0.006205
-0.012797
-0.009047
-0.013664
-0.011096
-0.014584
-0.012987
-0.015669
-0.014774
-0.016857
-0.016443
-0.018063
-0.017950
-0.019188
-0.019220
-0.020109
-0.020144
-0.020679
-0.020586
-0.020731
-0.020390
-0.020093
-0.019397
-0.018607
-0.017474
-0.016161
-0.014556
-0.012736
-0.010682
-0.008432
-0.006027
-0.003492
-0.000897
0.001730
0.004314
0.006822
0.009194
0.011400
0.013401
0.015175
0.016712
0.017995
0.019038
0.019835
0.020414
0.020775
0.020953
0.020954
0.020812
0.020536
0.020157
0.019685
0.019143
0.018544
0.017903
0.017232
0.016541
0.015841
0.015138
0.014440
0.013749
0.013074
0.012413
0.011774
0.011154
0.010559
0.009984
0.009437
0.008910
0.008412
0.007932
0.007483
0.007047
0.006645
0.006250
0.005894
0.005534
0.005223
0.004892
0.004626
0.004318
0.004097
0.003803
0.003630
0.003340
0.003221
0.002922
0.002864
0.002542
0.002558
0.002193
0.002299
0.001867
0.002086
0.001556
0.001920
0.001248
0.001838
0.000768
-0.010945
-0.006477
-0.013323
-0.009462
-0.014262
-0.011638
-0.015279
-0.013673
-0.016493
-0.015627
-0.017842
-0.017489
-0.019242
-0.019213
-0.020585
-0.020717
-0.021740
-0.021882
-0.022542
-0.022551
-0.022799
-0.022535
-0.022301
-0.021637
-0.020848
-0.019680
-0.018287
-0.016559
-0.014564
-0.012295
-0.009778
-0.007075
-0.004204
-0.001261
0.001730
0.004667
0.007518
0.010203
0.012688
0.014928
0.016894
0.018578
0.019962
0.021067
0.021884
0.022452
0.022771
0.022887
0.022806
0.022570
0.022191
0.021703
0.021121
0.020469
0.019762
0.019017
0.018247
0.017463
0.016675
0.015891
0.015117
0.014358
0.013620
0.012902
0.012211
0.011544
0.010906
0.010294
0.009713
0.009155
0.008630
0.008126
0.007655
0.007199
0.006780
0.006370
0.006000
0.005628
0.005307
0.004966
0.004692
0.004376
0.004148
0.003848
0.003671
0.003376
0.003253
0.002950
0.002890
0.002564
0.002578
0.002209
0.002315
0.001879
0.002099
0.001566
0.001931
0.001255
0.001849
0.000770
-0.011325
-0.006732
-0.013813
-0.009855
-0.014825
-0.012155
-0.015940
-0.014335
-0.017288
-0.016460
-0.018805
-0.018520
-0.020406
-0.020469
-0.021979
-0.022219
-0.023380
-0.023637
-0.024426
-0.024540
-0.024892
-0.024705
-0.024528
-0.023885
-0.023079
-0.021851
-0.020343
-0.018454
-0.016233
-0.013694
-0.010847
-0.007784
-0.004511
-0.001160
0.002248
0.005582
0.008806
0.011821
0.014588
0.017055
0.019191
0.020990
0.022433
0.023553
0.024340
0.024847
0.025075
0.025082
0.024874
0.024505
0.023986
0.023359
0.022638
0.021852
0.021017
0.020151
0.019268
0.018379
0.017495
0.016622
0.015768
0.014935
0.014131
0.013354
0.012610
0.011895
0.011215
0.010565
0.009950
0.009363
0.008812
0.008284
0.007792
0.007319
0.006884
0.006459
0.006078
0.005695
0.005364
0.005015
0.004733
0.004412
0.004179
0.003874
0.003692
0.003393
0.003267
0.002962
0.002899
0.002571
0.002584
0.002213
0.002318
0.001881
0.002101
0.001566
0.001931
0.001253
0.001848
0.000766
-0.011679
-0.006976
-0.014275
-0.010234
-0.015365
-0.012664
-0.016589
-0.014998
-0.018086
-0.017311
-0.019797
-0.019599
-0.021638
-0.021818
-0.023494
-0.023877
-0.025216
-0.025631
-0.026600
-0.026875
-0.027392
-0.027345
-0.027291
-0.026737
-0.025980
-0.024753
-0.023180
-0.021170
-0.018743
-0.015939
-0.012743
-0.009281
-0.005546
-0.001711
0.002205
0.006033
0.009731
0.013172
0.016311
0.019084
0.021454
0.023422
0.024964
0.026127
0.026902
0.027357
0.027495
0.027388
0.027046
0.026533
0.025862
0.025082
0.024210
0.023279
0.022304
0.021307
0.020302
0.019300
0.018313
0.017345
0.016407
0.015497
0.014625
0.013786
0.012987
0.012224
0.011501
0.010813
0.010165
0.009548
0.008971
0.008421
0.007910
0.007419
0.006969
0.006532
0.006139
0.005746
0.005406
0.005051
0.004762
0.004435
0.004197
0.003888
0.003703
0.003402
0.003273
0.002966
0.002901
0.002572
0.002583
0.002212
0.002316
0.001878
0.002097
0.001562
0.001927
0.001249
0.001843
0.000762
-0.011992
-0.007197
-0.014688
-0.010581
-0.015854
-0.013134
-0.017187
-0.015620
-0.018836
-0.018122
-0.020744
-0.020641
-0.022830
-0.023136
-0.024980
-0.025513
-0.027033
-0.027614
-0.028768
-0.029208
-0.029892
-0.029983
-0.030046
-0.029567
-0.028833
-0.027574
-0.025888
-0.023697
-0.020989
-0.017837
-0.014192
-0.010233
-0.005932
-0.001521
0.002989
0.007372
0.011588
0.015471
0.018975
0.022024
0.024581
0.026653
0.028220
0.029346
0.030025
0.030348
0.030318
0.030028
0.029486
0.028772
0.027898
0.026925
0.025864
0.024758
0.023619
0.022472
0.021329
0.020202
0.019103
0.018034
0.017006
0.016016
0.015073
0.014172
0.013318
0.012507
0.011742
0.011017
0.010337
0.009693
0.009091
0.008520
0.007991
0.007485
0.007022
0.006573
0.006170
0.005769
0.005422
0.005061
0.004768
0.004436
0.004195
0.003884
0.003696
0.003393
0.003262
0.002954
0.002888
0.002559
0.002569
0.002199
0.002301
0.001865
0.002082
0.001550
0.001912
0.001237
0.001828
0.000752
-0.012266
-0.007397
-0.015056
-0.010901
-0.016302
-0.013580
-0.017753
-0.016225
-0.019569
-0.018934
-0.021701
-0.021715
-0.024076
-0.024537
-0.026584
-0.027309
-0.029063
-0.029869
-0.031278
-0.031961
-0.032902
-0.033228
-0.033514
-0.033220
-0.032620
-0.031437
-0.029733
-0.027444
-0.024507
-0.021033
-0.016927
-0.012423
-0.007468
-0.002362
0.002883
0.007978
0.012867
0.017345
0.021350
0.024793
0.027630
0.029882
0.031525
0.032650
0.033253
0.033452
0.033252
0.032770
0.032016
0.031087
0.029996
0.028812
0.027550
0.026255
0.024940
0.023633
0.022343
0.021085
0.019867
0.018693
0.017572
0.016500
0.015485
0.014521
0.013612
0.012753
0.011947
0.011186
0.010475
0.009805
0.009181
0.008590
0.008045
0.007525
0.007050
0.006591
0.006180
0.005772
0.005419
0.005054
0.004756
0.004422
0.004178
0.003866
0.003676
0.003373
0.003240
0.002933
0.002866
0.002538
0.002547
0.002179
0.002279
0.001847
0.002061
0.001533
0.001891
0.001223
0.001808
0.000741
-0.012485
-0.007565
-0.015358
-0.011175
-0.016680
-0.013969
-0.018245
-0.016767
-0.020226
-0.019676
-0.022582
-0.022717
-0.025246
-0.025868
-0.028117
-0.029041
-0.031031
-0.032068
-0.033737
-0.034668
-0.035869
-0.036429
-0.036929
-0.036804
-0.036308
-0.035158
-0.033369
-0.030899
-0.027620
-0.023696
-0.018971
-0.013764
-0.007983
-0.002034
0.004084
0.009985
0.015610
0.020693
0.025170
0.028939
0.031959
0.034271
0.035857
0.036846
0.037235
0.037183
0.036695
0.035917
0.034859
0.033637
0.032261
0.030813
0.029304
0.027786
0.026268
0.024778
0.023327
0.021925
0.020581
0.019297
0.018080
0.016924
0.015837
0.014810
0.013848
0.012943
0.012098
0.011304
0.010565
0.009870
0.009226
0.008618
0.008059
0.007527
0.007043
0.006576
0.006159
0.005746
0.005390
0.005021
0.004721
0.004386
0.004141
0.003828
0.003637
0.003336
0.003203
0.002898
0.002829
0.002505
0.002512
0.002148
0.002246
0.001819
0.002029
0.001508
0.001861
0.001202
0.001779
0.000726
-0.012651
-0.007703
-0.015596
-0.011409
-0.016996
-0.014315
-0.018682
-0.017269
-0.020840
-0.020393
-0.023444
-0.023725
-0.026442
-0.027258
-0.029749
-0.030922
-0.033212
-0.034554
-0.036578
-0.037862
-0.039452
-0.040387
-0.041266
-0.041483
-0.041278
-0.040348
-0.038651
-0.036159
-0.032656
-0.028358
-0.023021
-0.017052
-0.010314
-0.003331
0.003894
0.010858
0.017475
0.023405
0.028563
0.032834
0.036169
0.038640
0.040233
0.041125
0.041319
0.041018
0.040232
0.039145
0.037763
0.036229
0.034549
0.032821
0.031050
0.029295
0.027562
0.025882
0.024262
0.022712
0.021240
0.019843
0.018529
0.017290
0.016131
0.015044
0.014030
0.013081
0.012199
0.011374
0.010609
0.009893
0.009232
0.008610
0.008039
0.007498
0.007006
0.006534
0.006112
0.005697
0.005338
0.004968
0.004667
0.004332
0.004086
0.003776
0.003585
0.003286
0.003152
0.002851
0.002782
0.002462
0.002467
0.002110
0.002204
0.001785
0.001990
0.001479
0.001825
0.001177
0.001743
0.000709
-0.012747
-0.007799
-0.015750
-0.011580
-0.017219
-0.014583
-0.019018
-0.017679
-0.021344
-0.021005
-0.024187
-0.024616
-0.027513
-0.028523
-0.031251
-0.032674
-0.035264
-0.036914
-0.039297
-0.040939
-0.042923
-0.044234
-0.045488
-0.046034
-0.046088
-0.045328
-0.043637
-0.041012
-0.037118
-0.032249
-0.026048
-0.019054
-0.011070
-0.002797
0.005766
0.013945
0.021640
0.028410
0.034173
0.038798
0.042257
0.044668
0.046035
0.046601
0.046379
0.045635
0.044376
0.042831
0.041000
0.039052
0.036985
0.034911
0.032827
0.030797
0.028822
0.026933
0.025130
0.023424
0.021816
0.020306
0.018895
0.017574
0.016347
0.015201
0.014140
0.013151
0.012236
0.011384
0.010598
0.009864
0.009188
0.008556
0.007976
0.007429
0.006932
0.006457
0.006033
0.005617
0.005258
0.004890
0.004589
0.004257
0.004012
0.003704
0.003514
0.003219
0.003086
0.002790
0.002721
0.002407
0.002411
0.002061
0.002152
0.001742
0.001942
0.001442
0.001779
0.001147
0.001700
0.000689
-0.012775
-0.007854
-0.015820
-0.011693
-0.017357
-0.014785
-0.019269
-0.018020
-0.021771
-0.021555
-0.024871
-0.025467
-0.028562
-0.029800
-0.032806
-0.034532
-0.037495
-0.039541
-0.042400
-0.044535
-0.047091
-0.048975
-0.050849
-0.051989
-0.052606
-0.052334
-0.050970
-0.048520
-0.044485
-0.039232
-0.032228
-0.024149
-0.014709
-0.004821
0.005488
0.015330
0.024532
0.032538
0.039223
0.044461
0.048219
0.050693
0.051898
0.052172
0.051538
0.050338
0.048583
0.046553
0.044245
0.041858
0.039383
0.036944
0.034533
0.032218
0.029994
0.027889
0.025902
0.024039
0.022299
0.020677
0.019172
0.017773
0.016481
0.015282
0.014178
0.013153
0.012211
0.011336
0.010532
0.009784
0.009099
0.008458
0.007873
0.007323
0.006825
0.006349
0.005926
0.005511
0.005153
0.004788
0.004490
0.004162
0.003919
0.003616
0.003428
0.003139
0.003007
0.002717
0.002648
0.002342
0.002344
0.002003
0.002091
0.001692
0.001886
0.001399
0.001727
0.001112
0.001649
0.000666
-0.012720
-0.007858
-0.015787
-0.011728
-0.017380
-0.014887
-0.019392
-0.018238
-0.022051
-0.021957
-0.025388
-0.026147
-0.029422
-0.030881
-0.034151
-0.036176
-0.039504
-0.041941
-0.045278
-0.047907
-0.051043
-0.053505
-0.056007
-0.057737
-0.058899
-0.059073
-0.057943
-0.055530
-0.051122
-0.045188
-0.036976
-0.027355
-0.015949
-0.003990
0.008476
0.020236
0.031070
0.040252
0.047671
0.053214
0.056900
0.059031
0.059671
0.059276
0.057888
0.055942
0.053444
0.050731
0.047786
0.044837
0.041858
0.038987
0.036198
0.033564
0.031066
0.028733
0.026554
0.024532
0.022660
0.020929
0.019336
0.017865
0.016515
0.015270
0.014128
0.013075
0.012110
0.011218
0.010402
0.009646
0.008954
0.008311
0.007725
0.007175
0.006678
0.006206
0.005785
0.005375
0.005021
0.004661
0.004367
0.004045
0.003806
0.003510
0.003325
0.003042
0.002913
0.002631
0.002563
0.002266
0.002267
0.001936
0.002020
0.001634
0.001821
0.001350
0.001666
0.001072
0.001591
0.000641
-0.012582
-0.007809
-0.015651
-0.011687
-0.017292
-0.014897
-0.019397
-0.018352
-0.022210
-0.022249
-0.025789
-0.026725
-0.030190
-0.031895
-0.035463
-0.037834
-0.041601
-0.044520
-0.048471
-0.051750
-0.055693
-0.058990
-0.062466
-0.065176
-0.067363
-0.068508
-0.068182
-0.066398
-0.062136
-0.055961
-0.046754
-0.035561
-0.021843
-0.007210
0.008172
0.022668
0.035884
0.046893
0.055529
0.061730
0.065551
0.067463
0.067574
0.066509
0.064331
0.061594
0.058302
0.054862
0.051241
0.047700
0.044196
0.040876
0.037701
0.034744
0.031974
0.029417
0.027051
0.024877
0.022882
0.021051
0.019378
0.017843
0.016444
0.015160
0.013989
0.012914
0.011934
0.011032
0.010209
0.009450
0.008757
0.008116
0.007532
0.006987
0.006495
0.006028
0.005613
0.005210
0.004862
0.004510
0.004222
0.003907
0.003674
0.003386
0.003205
0.002932
0.002805
0.002533
0.002465
0.002179
0.002179
0.001860
0.001941
0.001569
0.001748
0.001296
0.001599
0.001027
0.001526
0.000613
-0.012348
-0.007699
-0.015394
-0.011553
-0.017068
-0.014784
-0.019244
-0.018310
-0.022183
-0.022349
-0.025967
-0.027067
-0.030694
-0.032626
-0.036467
-0.039163
-0.043349
-0.046732
-0.051288
-0.055210
-0.059969
-0.064109
-0.068590
-0.072300
-0.075536
-0.077652
-0.078072
-0.076795
-0.072392
-0.065558
-0.054707
-0.041119
-0.024138
-0.005968
0.013115
0.030810
0.046577
0.059211
0.068609
0.074820
0.078043
0.078999
0.077890
0.075555
0.072077
0.068143
0.063736
0.059327
0.054849
0.050588
0.046467
0.042641
0.039043
0.035742
0.032691
0.029908
0.027361
0.025043
0.022934
0.021015
0.019273
0.017687
0.016249
0.014938
0.013748
0.012660
0.011673
0.010768
0.009946
0.009190
0.008503
0.007867
0.007291
0.006755
0.006271
0.005814
0.005408
0.005015
0.004676
0.004333
0.004053
0.003749
0.003522
0.003244
0.003069
0.002806
0.002683
0.002421
0.002356
0.002081
0.002080
0.001776
0.001851
0.001496
0.001666
0.001235
0.001524
0.000978
0.001454
0.000582
-0.012019
-0.007528
-0.015017
-0.011326
-0.016710
-0.014553
-0.018941
-0.018125
-0.021986
-0.022280
-0.025959
-0.027223
-0.031007
-0.033174
-0.037303
-0.040352
-0.045015
-0.048933
-0.054224
-0.058943
-0.064777
-0.070057
-0.075998
-0.081233
-0.086240
-0.090160
-0.092316
-0.092662
-0.089191
-0.082737
-0.070884
-0.055022
-0.034162
-0.011237
0.013073
0.035553
0.055221
0.070547
0.081394
0.088044
0.090838
0.090883
0.088486
0.084783
0.079887
0.074652
0.069039
0.063593
0.058211
0.053200
0.048450
0.044113
0.040098
0.036465
0.033148
0.030156
0.027446
0.025002
0.022797
0.020806
0.019013
0.017389
0.015927
0.014599
0.013402
0.012312
0.011327
0.010427
0.009613
0.008867
0.008191
0.007567
0.007004
0.006480
0.006009
0.005565
0.005171
0.004791
0.004463
0.004133
0.003862
0.003570
0.003352
0.003085
0.002917
0.002666
0.002548
0.002298
0.002235
0.001974
0.001972
0.001683
0.001754
0.001417
0.001578
0.001168
0.001442
0.000925
0.001375
0.000549
-0.011587
-0.007288
-0.014506
-0.010993
-0.016199
-0.014182
-0.018456
-0.017756
-0.021566
-0.021976
-0.025675
-0.027080
-0.030975
-0.033344
-0.037714
-0.041076
-0.046168
-0.050580
-0.056573
-0.062057
-0.068965
-0.075386
-0.082844
-0.089660
-0.096557
-0.102386
-0.106368
-0.108370
-0.105588
-0.099054
-0.085226
-0.065509
-0.038884
-0.009472
0.021692
0.049876
0.073646
0.091055
0.102228
0.107908
0.108818
0.106621
0.101796
0.095822
0.088810
0.081767
0.074585
0.067859
0.061412
0.055555
0.050121
0.045252
0.040816
0.036860
0.033294
0.030115
0.027265
0.024719
0.022441
0.020400
0.018574
0.016932
0.015461
0.014133
0.012941
0.011861
0.010889
0.010004
0.009206
0.008477
0.007819
0.007214
0.006668
0.006161
0.005707
0.005280
0.004901
0.004537
0.004223
0.003907
0.003649
0.003371
0.003162
0.002910
0.002749
0.002511
0.002399
0.002163
0.002102
0.001856
0.001854
0.001581
0.001648
0.001331
0.001481
0.001097
0.001353
0.000867
0.001291
0.000514
-0.011050
-0.006979
-0.013863
-0.010554
-0.015534
-0.013669
-0.017789
-0.017206
-0.020928
-0.021442
-0.025126
-0.026654
-0.030630
-0.033180
-0.037772
-0.041433
-0.046967
-0.051889
-0.058668
-0.065013
-0.073227
-0.081056
-0.090547
-0.099551
-0.109332
-0.118275
-0.125726
-0.131427
-0.131522
-0.127417
-0.113517
-0.090669
-0.057087
-0.018425
0.022941
0.060061
0.090404
0.111570
0.123903
0.128948
0.127885
0.123209
0.115620
0.107069
0.097675
0.088626
0.079741
0.071653
0.064104
0.057392
0.051288
0.045911
0.041088
0.036847
0.033070
0.029741
0.026785
0.024169
0.021848
0.019783
0.017949
0.016309
0.014848
0.013536
0.012364
0.011306
0.010358
0.009499
0.008726
0.008022
0.007388
0.006807
0.006284
0.005800
0.005367
0.004960
0.004600
0.004255
0.003957
0.003659
0.003414
0.003152
0.002955
0.002718
0.002567
0.002343
0.002237
0.002017
0.001959
0.001729
0.001726
0.001472
0.001534
0.001238
0.001378
0.001020
0.001259
0.000806
0.001200
0.000476
-0.010408
-0.006598
-0.013082
-0.010003
-0.014707
-0.013004
-0.016927
-0.016453
-0.020042
-0.020641
-0.024258
-0.025873
-0.029869
-0.032547
-0.037287
-0.041179
-0.047069
-0.052417
-0.059898
-0.067019
-0.076491
-0.085681
-0.097264
-0.108523
-0.121454
-0.133800
-0.145193
-0.155136
-0.158269
-0.156693
-0.141610
-0.112306
-0.067717
-0.016150
0.039148
0.087318
0.124323
0.147375
0.157936
0.159171
0.153228
0.143765
0.131680
0.119362
0.106795
0.095256
0.084388
0.074798
0.066094
0.058530
0.051790
0.045956
0.040804
0.036335
0.032404
0.028976
0.025963
0.023319
0.020991
0.018936
0.017121
0.015509
0.014080
0.012803
0.011667
0.010646
0.009734
0.008910
0.008172
0.007501
0.006899
0.006348
0.005853
0.005397
0.004988
0.004606
0.004269
0.003945
0.003666
0.003387
0.003159
0.002915
0.002731
0.002511
0.002370
0.002163
0.002064
0.001860
0.001806
0.001594
0.001590
0.001356
0.001412
0.001140
0.001268
0.000938
0.001158
0.000741
0.001104
0.000437
-0.009659
-0.006145
-0.012163
-0.009337
-0.013717
-0.012182
-0.015860
-0.015489
-0.018897
-0.019555
-0.023052
-0.024713
-0.028664
-0.031414
-0.036229
-0.040275
-0.046450
-0.052143
-0.060290
-0.068136
-0.078953
-0.089584
-0.103669
-0.117644
-0.134861
-0.152012
-0.169835
-0.187438
-0.197846
-0.205058
-0.194651
-0.161821
-0.103630
-0.032065
0.045216
0.111206
0.159258
0.186509
0.195839
0.192939
0.181178
0.165927
0.148425
0.131645
0.115436
0.101123
0.088137
0.077001
0.067167
0.058805
0.051506
0.045294
0.039895
0.035273
0.031257
0.027793
0.024776
0.022152
0.019860
0.017849
0.016085
0.014527
0.013153
0.011931
0.010848
0.009879
0.009016
0.008239
0.007545
0.006916
0.006352
0.005838
0.005377
0.004953
0.004574
0.004220
0.003907
0.003609
0.003351
0.003095
0.002884
0.002660
0.002491
0.002289
0.002159
0.001970
0.001879
0.001693
0.001643
0.001450
0.001446
0.001233
0.001283
0.001036
0.001152
0.000852
0.001051
0.000673
0.001002
0.000396
-0.008810
-0.005623
-0.011112
-0.008563
-0.012570
-0.011211
-0.014600
-0.014321
-0.017499
-0.018192
-0.021510
-0.023172
-0.027002
-0.029752
-0.034538
-0.038638
-0.044959
-0.050856
-0.059495
-0.067886
-0.079873
-0.091758
-0.108290
-0.124914
-0.146776
-0.169110
-0.194592
-0.221455
-0.240614
-0.260224
-0.255007
-0.210617
-0.129258
-0.030050
0.078632
0.168535
0.227068
0.252256
0.251960
0.237498
0.214383
0.189853
0.164893
0.142612
0.122308
0.105112
0.090080
0.077555
0.066781
0.057814
0.050137
0.043710
0.038203
0.033550
0.029551
0.026137
0.023189
0.020646
0.018439
0.016516
0.014839
0.013364
0.012070
0.010923
0.009912
0.009009
0.008208
0.007489
0.006849
0.006270
0.005752
0.005281
0.004859
0.004471
0.004126
0.003803
0.003519
0.003248
0.003014
0.002782
0.002591
0.002388
0.002236
0.002054
0.001936
0.001766
0.001684
0.001517
0.001472
0.001298
0.001294
0.001103
0.001148
0.000926
0.001030
0.000762
0.000940
0.000601
0.000896
0.000353
-0.007859
-0.005031
-0.009929
-0.007676
-0.011260
-0.010079
-0.013130
-0.012928
-0.015820
-0.016511
-0.019578
-0.021180
-0.024789
-0.027445
-0.032063
-0.036071
-0.042348
-0.048234
-0.057122
-0.065758
-0.078665
-0.091446
-0.110354
-0.129401
-0.156614
-0.184788
-0.220951
-0.261249
-0.296294
-0.344727
-0.362594
-0.315722
-0.204841
-0.059743
0.099804
0.227327
0.303470
0.329596
0.319087
0.290594
0.252712
0.215927
0.181450
0.152444
0.127489
0.107222
0.090199
0.076432
0.064917
0.055541
0.047674
0.041194
0.035726
0.031163
0.027285
0.024007
0.021201
0.018799
0.016729
0.014936
0.013380
0.012019
0.010830
0.009781
0.008859
0.008038
0.007313
0.006663
0.006085
0.005564
0.005099
0.004677
0.004300
0.003954
0.003645
0.003358
0.003105
0.002864
0.002656
0.002451
0.002282
0.002102
0.001967
0.001806
0.001702
0.001552
0.001480
0.001332
0.001292
0.001140
0.001136
0.000968
0.001007
0.000813
0.000904
0.000668
0.000824
0.000527
0.000785
0.000309
-0.006823
-0.004379
-0.008631
-0.006694
-0.009814
-0.008815
-0.011488
-0.011353
-0.013914
-0.014577
-0.017333
-0.018828
-0.022134
-0.024617
-0.028942
-0.032735
-0.038773
-0.044455
-0.053296
-0.061872
-0.075283
-0.088502
-0.109330
-0.130226
-0.162768
-0.196425
-0.245410
-0.300699
-0.356874
-0.453343
-0.497408
-0.415670
-0.250109
-0.060976
0.157284
0.345098
0.445475
0.453057
0.406393
0.347328
0.286988
0.235451
0.191244
0.156166
0.127476
0.105039
0.086832
0.072499
0.060802
0.051463
0.043766
0.037518
0.032314
0.028019
0.024405
0.021375
0.018801
0.016612
0.014736
0.013120
0.011723
0.010507
0.009449
0.008518
0.007702
0.006978
0.006339
0.005769
0.005262
0.004807
0.004401
0.004033
0.003705
0.003404
0.003136
0.002888
0.002668
0.002460
0.002281
0.002103
0.001957
0.001803
0.001686
0.001548
0.001458
0.001329
0.001267
0.001140
0.001106
0.000975
0.000972
0.000828
0.000861
0.000695
0.000772
0.000571
0.000704
0.000450
0.000671
0.000264
-0.005699
-0.003666
-0.007218
-0.005611
-0.008222
-0.007404
-0.009652
-0.009564
-0.011735
-0.012328
-0.014693
-0.016008
-0.018886
-0.021077
-0.024915
-0.028293
-0.033781
-0.038920
-0.047215
-0.055150
-0.068280
-0.080923
-0.102544
-0.123549
-0.160264
-0.196768
-0.259815
-0.327711
-0.417605
-0.598316
-0.677559
-0.544927
-0.313511
-0.093981
0.140327
0.372926
0.543455
0.588721
0.523277
0.424578
0.328869
0.254257
0.196935
0.154927
0.122861
0.098920
0.080261
0.065987
0.054635
0.045746
0.038549
0.032789
0.028051
0.024183
0.020958
0.018277
0.016015
0.014103
0.012474
0.011077
0.009876
0.008834
0.007930
0.007137
0.006444
0.005831
0.005291
0.004810
0.004384
0.004001
0.003660
0.003352
0.003077
0.002825
0.002602
0.002394
0.002212
0.002038
0.001889
0.001741
0.001620
0.001491
0.001394
0.001280
0.001205
0.001099
0.001047
0.000942
0.000913
0.000805
0.000802
0.000684
0.000711
0.000573
0.000637
0.000471
0.000581
0.000371
0.000554
0.000217
-0.004512
-0.002908
-0.005720
-0.004457
-0.006530
-0.005896
-0.007689
-0.007641
-0.009387
-0.009892
-0.011816
-0.012915
-0.015294
-0.017128
-0.020358
-0.023210
-0.027934
-0.032333
-0.039687
-0.046611
-0.058732
-0.070071
-0.091212
-0.110857
-0.149939
-0.186342
-0.263528
-0.337279
-0.484224
-0.753401
-0.708597
-0.306198
-0.000258
0.052827
0.093979
0.229460
0.438213
0.573457
0.546628
0.445665
0.335289
0.249060
0.185808
0.141610
0.109480
0.086369
0.068939
0.055932
0.045810
0.038016
0.031797
0.026878
0.022874
0.019632
0.016949
0.014731
0.012871
0.011306
0.009977
0.008843
0.007870
0.007028
0.006300
0.005663
0.005107
0.004616
0.004185
0.003801
0.003461
0.003156
0.002886
0.002641
0.002423
0.002224
0.002047
0.001883
0.001738
0.001601
0.001483
0.001367
0.001271
0.001170
0.001094
0.001004
0.000945
0.000861
0.000820
0.000738
0.000716
0.000631
0.000628
0.000535
0.000557
0.000449
0.000499
0.000369
0.000455
0.000290
0.000433
0.000170
-0.003262
-0.002104
-0.004138
-0.003227
-0.004727
-0.004273
-0.005573
-0.005545
-0.006817
-0.007192
-0.008602
-0.009414
-0.011172
-0.012531
-0.014946
-0.017071
-0.020662
-0.023963
-0.029692
-0.034933
-0.044734
-0.053384
-0.071446
-0.086519
-0.122631
-0.150816
-0.229571
-0.288862
-0.467565
-0.650912
-0.266107
0.229994
0.212481
-0.074869
-0.224512
-0.154077
0.142015
0.408527
0.446337
0.373763
0.280492
0.205910
0.151551
0.113881
0.086847
0.067654
0.053391
0.042890
0.034825
0.028687
0.023841
0.020043
0.016976
0.014511
0.012484
0.010818
0.009427
0.008262
0.007276
0.006438
0.005721
0.005102
0.004568
0.004102
0.003696
0.003338
0.003024
0.002745
0.002499
0.002277
0.002081
0.001904
0.001746
0.001602
0.001474
0.001355
0.001251
0.001152
0.001067
0.000983
0.000914
0.000841
0.000786
0.000721
0.000679
0.000619
0.000589
0.000530
0.000514
0.000453
0.000451
0.000384
0.000400
0.000322
0.000358
0.000265
0.000327
0.000208
0.000311
0.000122
-0.001977
-0.001277
-0.002510
-0.001962
-0.002872
-0.002602
-0.003395
-0.003386
-0.004167
-0.004407
-0.005281
-0.005794
-0.006895
-0.007754
-0.009287
-0.010635
-0.012950
-0.015054
-0.018823
-0.022168
-0.028808
-0.034289
-0.047061
-0.056408
-0.083344
-0.100563
-0.161625
-0.201090
-0.341819
-0.348258
0.110003
0.356721
0.173085
-0.072438
-0.191840
-0.212880
-0.056648
0.197999
0.285836
0.245111
0.183000
0.133763
0.097902
0.073177
0.055418
0.042874
0.033609
0.026838
0.021680
0.017781
0.014724
0.012342
0.010428
0.008895
0.007639
0.006610
0.005753
0.005036
0.004431
0.003917
0.003478
0.003099
0.002773
0.002488
0.002241
0.002023
0.001831
0.001661
0.001511
0.001377
0.001258
0.001150
0.001055
0.000967
0.000890
0.000818
0.000755
0.000695
0.000644
0.000593
0.000551
0.000507
0.000474
0.000435
0.000409
0.000373
0.000355
0.000320
0.000310
0.000273
0.000272
0.000232
0.000241
0.000194
0.000216
0.000159
0.000197
0.000125
0.000187
0.000073
-0.000659
-0.000426
-0.000837
-0.000653
-0.000956
-0.000864
-0.001127
-0.001121
-0.001379
-0.001455
-0.001741
-0.001906
-0.002265
-0.002542
-0.003039
-0.003474
-0.004227
-0.004905
-0.006144
-0.007223
-0.009452
-0.011219
-0.015660
-0.018669
-0.028434
-0.034136
-0.056835
-0.071738
-0.122530
-0.082144
0.105545
0.113130
-0.009619
-0.074466
-0.074505
-0.084006
-0.061241
0.045163
0.102203
0.088622
0.065145
0.047380
0.034436
0.025673
0.019346
0.014914
0.011636
0.009257
0.007446
0.006086
0.005022
0.004196
0.003535
0.003008
0.002577
0.002225
0.001933
0.001690
0.001485
0.001312
0.001164
0.001036
0.000927
0.000831
0.000748
0.000675
0.000612
0.000555
0.000505
0.000460
0.000420
0.000384
0.000352
0.000323
0.000297
0.000273
0.000252
0.000232
0.000215
0.000198
0.000184
0.000169
0.000158
0.000145
0.000137
0.000125
0.000119
0.000107
0.000103
0.000091
0.000091
0.000077
0.000080
0.000065
0.000072
0.000053
0.000066
0.000042
0.000063
0.000024
0.000659
0.000426
0.000837
0.000653
0.000956
0.000864
0.001127
0.001121
0.001379
0.001455
0.001741
0.001906
0.002265
0.002542
0.003039
0.003474
0.004227
0.004905
0.006144
0.007223
0.009452
0.011219
0.015660
0.018669
0.028434
0.034136
0.056835
0.071738
0.122530
0.082144
-0.105545
-0.113130
0.009619
0.074466
0.074505
0.084006
0.061241
-0.045163
-0.102203
-0.088622
-0.065145
-0.047380
-0.034436
-0.025673
-0.019346
-0.014914
-0.011636
-0.009257
-0.007446
-0.006086
-0.005022
-0.004196
-0.003535
-0.003008
-0.002577
-0.002225
-0.001933
-0.001690
-0.001485
-0.001312
-0.001164
-0.001036
-0.000927
-0.000831
-0.000748
-0.000675
-0.000612
-0.000555
-0.000505
-0.000460
-0.000420
-0.000384
-0.000352
-0.000323
-0.000297
-0.000273
-0.000252
-0.000232
-0.000215
-0.000198
-0.000184
-0.000169
-0.000158
-0.000145
-0.000137
-0.000125
-0.000119
-0.000107
-0.000103
-0.000091
-0.000091
-0.000077
-0.000080
-0.000065
-0.000072
-0.000053
-0.000066
-0.000042
-0.000063
-0.000024
0.001977
0.001277
0.002510
0.001962
0.002872
0.002602
0.003395
0.003386
0.004167
0.004407
0.005281
0.005794
0.006895
0.007754
0.009287
0.010635
0.012950
0.015054
0.018823
0.022168
0.028808
0.034289
0.047061
0.056408
0.083344
0.100563
0.161625
0.201090
0.341819
0.348258
-0.110003
-0.356721
-0.173085
0.072438
0.191840
0.212880
0.056648
-0.197999
-0.285836
-0.245111
-0.183000
-0.133763
-0.097902
-0.073177
-0.055418
-0.042874
-0.033609
-0.026838
-0.021680
-0.017781
-0.014724
-0.012342
-0.010428
-0.008895
-0.007639
-0.006610
-0.005753
-0.005036
-0.004431
-0.003917
-0.003478
-0.003099
-0.002773
-0.002488
-0.002241
-0.002023
-0.001831
-0.001661
-0.001511
-0.001377
-0.001258
-0.001150
-0.001055
-0.000967
-0.000890
-0.000818
-0.000755
-0.000695
-0.000644
-0.000593
-0.000551
-0.000507
-0.000474
-0.000435
-0.000409
-0.000373
-0.000355
-0.000320
-0.000310
-0.000273
-0.000272
-0.000232
-0.000241
-0.000194
-0.000216
-0.000159
-0.000197
-0.000125
-0.000187
-0.000073
0.003262
0.002104
0.004138
0.003227
0.004727
0.004273
0.005573
0.005545
0.006817
0.007192
0.008602
0.009414
0.011172
0.012531
0.014946
0.017071
0.020662
0.023963
0.029692
0.034933
0.044734
0.053384
0.071446
0.086519
0.122631
0.150816
0.229571
0.288862
0.467565
0.650912
0.266107
-0.229994
-0.212481
0.074869
0.224512
0.154077
-0.142015
-0.408527
-0.446337
-0.373763
-0.280492
-0.205910
-0.151551
-0.113881
-0.086847
-0.067654
-0.053391
-0.042890
-0.034825
-0.028687
-0.023841
-0.020043
-0.016976
-0.014511
-0.012484
-0.010818
-0.009427
-0.008262
-0.007276
-0.006438
-0.005721
-0.005102
-0.004568
-0.004102
-0.003696
-0.003338
-0.003024
-0.002745
-0.002499
-0.002277
-0.002081
-0.001904
-0.001746
-0.001602
-0.001474
-0.001355
-0.001251
-0.001152
-0.001067
-0.000983
-0.000914
-0.000841
-0.000786
-0.000721
-0.000679
-0.000619
-0.000589
-0.000530
-0.000514
-0.000453
-0.000451
-0.000384
-0.000400
-0.000322
-0.000358
-0.000265
-0.000327
-0.000208
-0.000311
-0.000122
0.004512
0.002908
0.005720
0.004457
0.006530
0.005896
0.007689
0.007641
0.009387
0.009892
0.011816
0.012915
0.015294
0.017128
0.020358
0.023210
0.027934
0.032333
0.039687
0.046611
0.058732
0.070071
0.091212
0.110857
0.149939
0.186342
0.263528
0.337279
0.484224
0.753401
0.708597
0.306198
0.000258
-0.052827
-0.093979
-0.229460
-0.438213
-0.573457
-0.546628
-0.445665
-0.335289
-0.249060
-0.185808
-0.141610
-0.109480
-0.086369
-0.068939
-0.055932
-0.045810
-0.038016
-0.031797
-0.026878
-0.022874
-0.019632
-0.016949
-0.014731
-0.012871
-0.011306
-0.009977
-0.008843
-0.007870
-0.007028
-0.006300
-0.005663
-0.005107
-0.004616
-0.004185
-0.003801
-0.003461
-0.003156
-0.002886
-0.002641
-0.002423
-0.002224
-0.002047
-0.001883
-0.001738
-0.001601
-0.001483
-0.001367
-0.001271
-0.001170
-0.001094
-0.001004
-0.000945
-0.000861
-0.000820
-0.000738
-0.000716
-0.000631
-0.000628
-0.000535
-0.000557
-0.000449
-0.000499
-0.000369
-0.000455
-0.000290
-0.000433
-0.000170
0.005699
0.003666
0.007218
0.005611
0.008222
0.007404
0.009652
0.009564
0.011735
0.012328
0.014693
0.016008
0.018886
0.021077
0.024915
0.028293
0.033781
0.038920
0.047215
0.055150
0.068280
0.080923
0.102544
0.123549
0.160264
0.196768
0.259815
0.327711
0.417605
0.598316
0.677559
0.544927
0.313511
0.093981
-0.140327
-0.372926
-0.543455
-0.588721
-0.523277
-0.424578
-0.328869
-0.254257
-0.196935
-0.154927
-0.122861
-0.098920
-0.080261
-0.065987
-0.054635
-0.045746
-0.038549
-0.032789
-0.028051
-0.024183
-0.020958
-0.018277
-0.016015
-0.014103
-0.012474
-0.011077
-0.009876
-0.008834
-0.007930
-0.007137
-0.006444
-0.005831
-0.005291
-0.004810
-0.004384
-0.004001
-0.003660
-0.003352
-0.003077
-0.002825
-0.002602
-0.002394
-0.002212
-0.002038
-0.001889
-0.001741
-0.001620
-0.001491
-0.001394
-0.001280
-0.001205
-0.001099
-0.001047
-0.000942
-0.000913
-0.000805
-0.000802
-0.000684
-0.000711
-0.000573
-0.000637
-0.000471
-0.000581
-0.000371
-0.000554
-0.000217
0.006823
0.004379
0.008631
0.006694
0.009814
0.008815
0.011488
0.011353
0.013914
0.014577
0.017333
0.018828
0.022134
0.024617
0.028942
0.032735
0.038773
0.044455
0.053296
0.061872
0.075283
0.088502
0.109330
0.130226
0.162768
0.196425
0.245410
0.300699
0.356874
0.453343
0.497408
0.415670
0.250109
0.060976
-0.157284
-0.345098
-0.445475
-0.453057
-0.406393
-0.347328
-0.286988
-0.235451
-0.191244
-0.156166
-0.127476
-0.105039
-0.086832
-0.072499
-0.060802
-0.051463
-0.043766
-0.037518
-0.032314
-0.028019
-0.024405
-0.021375
-0.018801
-0.016612
-0.014736
-0.013120
-0.011723
-0.010507
-0.009449
-0.008518
-0.007702
-0.006978
-0.006339
-0.005769
-0.005262
-0.004807
-0.004401
-0.004033
-0.003705
-0.003404
-0.003136
-0.002888
-0.002668
-0.002460
-0.002281
-0.002103
-0.001957
-0.001803
-0.001686
-0.001548
-0.001458
-0.001329
-0.001267
-0.001140
-0.001106
-0.000975
-0.000972
-0.000828
-0.000861
-0.000695
-0.000772
-0.000571
-0.000704
-0.000450
-0.000671
-0.000264
0.007859
0.005031
0.009929
0.007676
0.011260
0.010079
0.013130
0.012928
0.015820
0.016511
0.019578
0.021180
0.024789
0.027445
0.032063
0.036071
0.042348
0.048234
0.057122
0.065758
0.078665
0.091446
0.110354
0.129401
0.156614
0.184788
0.220951
0.261249
0.296294
0.344727
0.362594
0.315722
0.204841
0.059743
-0.099804
-0.227327
-0.303470
-0.329596
-0.319087
-0.290594
-0.252712
-0.215927
-0.181450
-0.152444
-0.127489
-0.107222
-0.090199
-0.076432
-0.064917
-0.055541
-0.047674
-0.041194
-0.035726
-0.031163
-0.027285
-0.024007
-0.021201
-0.018799
-0.016729
-0.014936
-0.013380
-0.012019
-0.010830
-0.009781
-0.008859
-0.008038
-0.007313
-0.006663
-0.006085
-0.005564
-0.005099
-0.004677
-0.004300
-0.003954
-0.003645
-0.003358
-0.003105
-0.002864
-0.002656
-0.002451
-0.002282
-0.002102
-0.001967
-0.001806
-0.001702
-0.001552
-0.001480
-0.001332
-0.001292
-0.001140
-0.001136
-0.000968
-0.001007
-0.000813
-0.000904
-0.000668
-0.000824
-0.000527
-0.000785
-0.000309
0.008810
0.005623
0.011112
0.008563
0.012570
0.011211
0.014600
0.014321
0.017499
0.018192
0.021510
0.023172
0.027002
0.029752
0.034538
0.038638
0.044959
0.050856
0.059495
0.067886
0.079873
0.091758
0.108290
0.124914
0.146776
0.169110
0.194592
0.221455
0.240614
0.260224
0.255007
0.210617
0.129258
0.030050
-0.078632
-0.168535
-0.227068
-0.252256
-0.251960
-0.237498
-0.214383
-0.189853
-0.164893
-0.142612
-0.122308
-0.105112
-0.090080
-0.077555
-0.066781
-0.057814
-0.050137
-0.043710
-0.038203
-0.033550
-0.029551
-0.026137
-0.023189
-0.020646
-0.018439
-0.016516
-0.014839
-0.013364
-0.012070
-0.010923
-0.009912
-0.009009
-0.008208
-0.007489
-0.006849
-0.006270
-0.005752
-0.005281
-0.004859
-0.004471
-0.004126
-0.003803
-0.003519
-0.003248
-0.003014
-0.002782
-0.002591
-0.002388
-0.002236
-0.002054
-0.001936
-0.001766
-0.001684
-0.001517
-0.001472
-0.001298
-0.001294
-0.001103
-0.001148
-0.000926
-0.001030
-0.000762
-0.000940
-0.000601
-0.000896
-0.000353
0.009659
0.006145
0.012163
0.009337
0.013717
0.012182
0.015860
0.015489
0.018897
0.019555
0.023052
0.024713
0.028664
0.031414
0.036229
0.040275
0.046450
0.052143
0.060290
0.068136
0.078953
0.089584
0.103669
0.117644
0.134861
0.152012
0.169835
0.187438
0.197846
0.205058
0.194651
0.161821
0.103630
0.032065
-0.045216
-0.111206
-0.159258
-0.186509
-0.195839
-0.192939
-0.181178
-0.165927
-0.148425
-0.131645
-0.115436
-0.101123
-0.088137
-0.077001
-0.067167
-0.058805
-0.051506
-0.045294
-0.039895
-0.035273
-0.031257
-0.027793
-0.024776
-0.022152
-0.019860
-0.017849
-0.016085
-0.014527
-0.013153
-0.011931
-0.010848
-0.009879
-0.009016
-0.008239
-0.007545
-0.006916
-0.006352
-0.005838
-0.005377
-0.004953
-0.004574
-0.004220
-0.003907
-0.003609
-0.003351
-0.003095
-0.002884
-0.002660
-0.002491
-0.002289
-0.002159
-0.001970
-0.001879
-0.001693
-0.001643
-0.001450
-0.001446
-0.001233
-0.001283
-0.001036
-0.001152
-0.000852
-0.001051
-0.000673
-0.001002
-0.000396
0.010408
0.006598
0.013082
0.010003
0.014707
0.013004
0.016927
0.016453
0.020042
0.020641
0.024258
0.025873
0.029869
0.032547
0.037287
0.041179
0.047069
0.052417
0.059898
0.067019
0.076491
0.085681
0.097264
0.108523
0.121454
0.133800
0.145193
0.155136
0.158269
0.156693
0.141610
0.112306
0.067717
0.016150
-0.039148
-0.087318
-0.124323
-0.147375
-0.157936
-0.159171
-0.153228
-0.143765
-0.131680
-0.119362
-0.106795
-0.095256
-0.084388
-0.074798
-0.066094
-0.058530
-0.051790
-0.045956
-0.040804
-0.036335
-0.032404
-0.028976
-0.025963
-0.023319
-0.020991
-0.018936
-0.017121
-0.015509
-0.014080
-0.012803
-0.011667
-0.010646
-0.009734
-0.008910
-0.008172
-0.007501
-0.006899
-0.006348
-0.005853
-0.005397
-0.004988
-0.004606
-0.004269
-0.003945
-0.003666
-0.003387
-0.003159
-0.002915
-0.002731
-0.002511
-0.002370
-0.002163
-0.002064
-0.001860
-0.001806
-0.001594
-0.001590
-0.001356
-0.001412
-0.001140
-0.001268
-0.000938
-0.001158
-0.000741
-0.001104
-0.000437
0.011050
0.006979
0.013863
0.010554
0.015534
0.013669
0.017789
0.017206
0.020928
0.021442
0.025126
0.026654
0.030630
0.033180
0.037772
0.041433
0.046967
0.051889
0.058668
0.065013
0.073227
0.081056
0.090547
0.099551
0.109332
0.118275
0.125726
0.131427
0.131522
0.127417
0.113517
0.090669
0.057087
0.018425
-0.022941
-0.060061
-0.090404
-0.111570
-0.123903
-0.128948
-0.127885
-0.123209
-0.115620
-0.107069
-0.097675
-0.088626
-0.079741
-0.071653
-0.064104
-0.057392
-0.051288
-0.045911
-0.041088
-0.036847
-0.033070
-0.029741
-0.026785
-0.024169
-0.021848
-0.019783
-0.017949
-0.016309
-0.014848
-0.013536
-0.012364
-0.011306
-0.010358
-0.009499
-0.008726
-0.008022
-0.007388
-0.006807
-0.006284
-0.005800
-0.005367
-0.004960
-0.004600
-0.004255
-0.003957
-0.003659
-0.003414
-0.003152
-0.002955
-0.002718
-0.002567
-0.002343
-0.002237
-0.002017
-0.001959
-0.001729
-0.001726
-0.001472
-0.001534
-0.001238
-0.001378
-0.001020
-0.001259
-0.000806
-0.001200
-0.000476
0.011587
0.007288
0.014506
0.010993
0.016199
0.014182
0.018456
0.017756
0.021566
0.021976
0.025675
0.027080
0.030975
0.033344
0.037714
0.041076
0.046168
0.050580
0.056573
0.062057
0.068965
0.075386
0.082844
0.089660
0.096557
0.102386
0.106368
0.108370
0.105588
0.099054
0.085226
0.065509
0.038884
0.009472
-0.021692
-0.049876
-0.073646
-0.091055
-0.102228
-0.107908
-0.108818
-0.106621
-0.101796
-0.095822
-0.088810
-0.081767
-0.074585
-0.067859
-0.061412
-0.055555
-0.050121
-0.045252
-0.040816
-0.036860
-0.033294
-0.030115
-0.027265
-0.024719
-0.022441
-0.020400
-0.018574
-0.016932
-0.015461
-0.014133
-0.012941
-0.011861
-0.010889
-0.010004
-0.009206
-0.008477
-0.007819
-0.007214
-0.006668
-0.006161
-0.005707
-0.005280
-0.004901
-0.004537
-0.004223
-0.003907
-0.003649
-0.003371
-0.003162
-0.002910
-0.002749
-0.002511
-0.002399
-0.002163
-0.002102
-0.001856
-0.001854
-0.001581
-0.001648
-0.001331
-0.001481
-0.001097
-0.001353
-0.000867
-0.001291
-0.000514
0.012019
0.007528
0.015017
0.011326
0.016710
0.014553
0.018941
0.018125
0.021986
0.022280
0.025959
0.027223
0.031007
0.033174
0.037303
0.040352
0.045015
0.048933
0.054224
0.058943
0.064777
0.070057
0.075998
0.081233
0.086240
0.090160
0.092316
0.092662
0.089191
0.082737
0.070884
0.055022
0.034162
0.011237
-0.013073
-0.035553
-0.055221
-0.070547
-0.081394
-0.088044
-0.090838
-0.090883
-0.088486
-0.084783
-0.079887
-0.074652
-0.069039
-0.063593
-0.058211
-0.053200
-0.048450
-0.044113
-0.040098
-0.036465
-0.033148
-0.030156
-0.027446
-0.025002
-0.022797
-0.020806
-0.019013
-0.017389
-0.015927
-0.014599
-0.013402
-0.012312
-0.011327
-0.010427
-0.009613
-0.008867
-0.008191
-0.007567
-0.007004
-0.006480
-0.006009
-0.005565
-0.005171
-0.004791
-0.004463
-0.004133
-0.003862
-0.003570
-0.003352
-0.003085
-0.002917
-0.002666
-0.002548
-0.002298
-0.002235
-0.001974
-0.001972
-0.001683
-0.001754
-0.001417
-0.001578
-0.001168
-0.001442
-0.000925
-0.001375
-0.000549
0.012348
0.007699
0.015394
0.011553
0.017068
0.014784
0.019244
0.018310
0.022183
0.022349
0.025967
0.027067
0.030694
0.032626
0.036467
0.039163
0.043349
0.046732
0.051288
0.055210
0.059969
0.064109
0.068590
0.072300
0.075536
0.077652
0.078072
0.076795
0.072392
0.065558
0.054707
0.041119
0.024138
0.005968
-0.013115
-0.030810
-0.046577
-0.059211
-0.068609
-0.074820
-0.078043
-0.078999
-0.077890
-0.075555
-0.072077
-0.068143
-0.063736
-0.059327
-0.054849
-0.050588
-0.046467
-0.042641
-0.039043
-0.035742
-0.032691
-0.029908
-0.027361
-0.025043
-0.022934
-0.021015
-0.019273
-0.017687
-0.016249
-0.014938
-0.013748
-0.012660
-0.011673
-0.010768
-0.009946
-0.009190
-0.008503
-0.007867
-0.007291
-0.006755
-0.006271
-0.005814
-0.005408
-0.005015
-0.004676
-0.004333
-0.004053
-0.003749
-0.003522
-0.003244
-0.003069
-0.002806
-0.002683
-0.002421
-0.002356
-0.002081
-0.002080
-0.001776
-0.001851
-0.001496
-0.001666
-0.001235
-0.001524
-0.000978
-0.001454
-0.000582
0.012582
0.007809
0.015651
0.011687
0.017292
0.014897
0.019397
0.018352
0.022210
0.022249
0.025789
0.026725
0.030190
0.031895
0.035463
0.037834
0.041601
0.044520
0.048471
0.051750
0.055693
0.058990
0.062466
0.065176
0.067363
0.068508
0.068182
0.066398
0.062136
0.055961
0.046754
0.035561
0.021843
0.007210
-0.008172
-0.022668
-0.035884
-0.046893
-0.055529
-0.061730
-0.065551
-0.067463
-0.067574
-0.066509
-0.064331
-0.061594
-0.058302
-0.054862
-0.051241
-0.047700
-0.044196
-0.040876
-0.037701
-0.034744
-0.031974
-0.029417
-0.027051
-0.024877
-0.022882
-0.021051
-0.019378
-0.017843
-0.016444
-0.015160
-0.013989
-0.012914
-0.011934
-0.011032
-0.010209
-0.009450
-0.008757
-0.008116
-0.007532
-0.006987
-0.006495
-0.006028
-0.005613
-0.005210
-0.004862
-0.004510
-0.004222
-0.003907
-0.003674
-0.003386
-0.003205
-0.002932
-0.002805
-0.002533
-0.002465
-0.002179
-0.002179
-0.001860
-0.001941
-0.001569
-0.001748
-0.001296
-0.001599
-0.001027
-0.001526
-0.000613
0.012720
0.007858
0.015787
0.011728
0.017380
0.014887
0.019392
0.018238
0.022051
0.021957
0.025388
0.026147
0.029422
0.030881
0.034151
0.036176
0.039504
0.041941
0.045278
0.047907
0.051043
0.053505
0.056007
0.057737
0.058899
0.059073
0.057943
0.055530
0.051122
0.045188
0.036976
0.027355
0.015949
0.003990
-0.008476
-0.020236
-0.031070
-0.040252
-0.047671
-0.053214
-0.056900
-0.059031
-0.059671
-0.059276
-0.057888
-0.055942
-0.053444
-0.050731
-0.047786
-0.044837
-0.041858
-0.038987
-0.036198
-0.033564
-0.031066
-0.028733
-0.026554
-0.024532
-0.022660
-0.020929
-0.019336
-0.017865
-0.016515
-0.015270
-0.014128
-0.013075
-0.012110
-0.011218
-0.010402
-0.009646
-0.008954
-0.008311
-0.007725
-0.007175
-0.006678
-0.006206
-0.005785
-0.005375
-0.005021
-0.004661
-0.004367
-0.004045
-0.003806
-0.003510
-0.003325
-0.003042
-0.002913
-0.002631
-0.002563
-0.002266
-0.002267
-0.001936
-0.002020
-0.001634
-0.001821
-0.001350
-0.001666
-0.001072
-0.001591
-0.000641
0.012775
0.007854
0.015820
0.011693
0.017357
0.014785
0.019269
0.018020
0.021771
0.021555
0.024871
0.025467
0.028562
0.029800
0.032806
0.034532
0.037495
0.039541
0.042400
0.044535
0.047091
0.048975
0.050849
0.051989
0.052606
0.052334
0.050970
0.048520
0.044485
0.039232
0.032228
0.024149
0.014709
0.004821
-0.005488
-0.015330
-0.024532
-0.032538
-0.039223
-0.044461
-0.048219
-0.050693
-0.051898
-0.052172
-0.051538
-0.050338
-0.048583
-0.046553
-0.044245
-0.041858
-0.039383
-0.036944
-0.034533
-0.032218
-0.029994
-0.027889
-0.025902
-0.024039
-0.022299
-0.020677
-0.019172
-0.017773
-0.016481
-0.015282
-0.014178
-0.013153
-0.012211
-0.011336
-0.010532
-0.009784
-0.009099
-0.008458
-0.007873
-0.007323
-0.006825
-0.006349
-0.005926
-0.005511
-0.005153
-0.004788
-0.004490
-0.004162
-0.003919
-0.003616
-0.003428
-0.003139
-0.003007
-0.002717
-0.002648
-0.002342
-0.002344
-0.002003
-0.002091
-0.001692
-0.001886
-0.001399
-0.001727
-0.001112
-0.001649
-0.000666
0.012747
0.007799
0.015750
0.011580
0.017219
0.014583
0.019018
0.017679
0.021344
0.021005
0.024187
0.024616
0.027513
0.028523
0.031251
0.032674
0.035264
0.036914
0.039297
0.040939
0.042923
0.044234
0.045488
0.046034
0.046088
0.045328
0.043637
0.041012
0.037118
0.032249
0.026048
0.019054
0.011070
0.002797
-0.005766
-0.013945
-0.021640
-0.028410
-0.034173
-0.038798
-0.042257
-0.044668
-0.046035
-0.046601
-0.046379
-0.045635
-0.044376
-0.042831
-0.041000
-0.039052
-0.036985
-0.034911
-0.032827
-0.030797
-0.028822
-0.026933
-0.025130
-0.023424
-0.021816
-0.020306
-0.018895
-0.017574
-0.016347
-0.015201
-0.014140
-0.013151
-0.012236
-0.011384
-0.010598
-0.009864
-0.009188
-0.008556
-0.007976
-0.007429
-0.006932
-0.006457
-0.006033
-0.005617
-0.005258
-0.004890
-0.004589
-0.004257
-0.004012
-0.003704
-0.003514
-0.003219
-0.003086
-0.002790
-0.002721
-0.002407
-0.002411
-0.002061
-0.002152
-0.001742
-0.001942
-0.001442
-0.001779
-0.001147
-0.001700
-0.000689
0.012651
0.007703
0.015596
0.011409
0.016996
0.014315
0.018682
0.017269
0.020840
0.020393
0.023444
0.023725
0.026442
0.027258
0.029749
0.030922
0.033212
0.034554
0.036578
0.037862
0.039452
0.040387
0.041266
0.041483
0.041278
0.040348
0.038651
0.036159
0.032656
0.028358
0.023021
0.017052
0.010314
0.003331
-0.003894
-0.010858
-0.017475
-0.023405
-0.028563
-0.032834
-0.036169
-0.038640
-0.040233
-0.041125
-0.041319
-0.041018
-0.040232
-0.039145
-0.037763
-0.036229
-0.034549
-0.032821
-0.031050
-0.029295
-0.027562
-0.025882
-0.024262
-0.022712
-0.021240
-0.019843
-0.018529
-0.017290
-0.016131
-0.015044
-0.014030
-0.013081
-0.012199
-0.011374
-0.010609
-0.009893
-0.009232
-0.008610
-0.008039
-0.007498
-0.007006
-0.006534
-0.006112
-0.005697
-0.005338
-0.004968
-0.004667
-0.004332
-0.004086
-0.003776
-0.003585
-0.003286
-0.003152
-0.002851
-0.002782
-0.002462
-0.002467
-0.002110
-0.002204
-0.001785
-0.001990
-0.001479
-0.001825
-0.001177
-0.001743
-0.000709
0.012485
0.007565
0.015358
0.011175
0.016680
0.013969
0.018245
0.016767
0.020226
0.019676
0.022582
0.022717
0.025246
0.025868
0.028117
0.029041
0.031031
0.032068
0.033737
0.034668
0.035869
0.036429
0.036929
0.036804
0.036308
0.035158
0.033369
0.030899
0.027620
0.023696
0.018971
0.013764
0.007983
0.002034
-0.004084
-0.009985
-0.015610
-0.020693
-0.025170
-0.028939
-0.031959
-0.034271
-0.035857
-0.036846
-0.037235
-0.037183
-0.036695
-0.035917
-0.034859
-0.033637
-0.032261
-0.030813
-0.029304
-0.027786
-0.026268
-0.024778
-0.023327
-0.021925
-0.020581
-0.019297
-0.018080
-0.016924
-0.015837
-0.014810
-0.013848
-0.012943
-0.012098
-0.011304
-0.010565
-0.009870
-0.009226
-0.008618
-0.008059
-0.007527
-0.007043
-0.006576
-0.006159
-0.005746
-0.005390
-0.005021
-0.004721
-0.004386
-0.004141
-0.003828
-0.003637
-0.003336
-0.003203
-0.002898
-0.002829
-0.002505
-0.002512
-0.002148
-0.002246
-0.001819
-0.002029
-0.001508
-0.001861
-0.001202
-0.001779
-0.000726
0.012266
0.007397
0.015056
0.010901
0.016302
0.013580
0.017753
0.016225
0.019569
0.018934
0.021701
0.021715
0.024076
0.024537
0.026584
0.027309
0.029063
0.029869
0.031278
0.031961
0.032902
0.033228
0.033514
0.033220
0.032620
0.031437
0.029733
0.027444
0.024507
0.021033
0.016927
0.012423
0.007468
0.002362
-0.002883
-0.007978
-0.012867
-0.017345
-0.021350
-0.024793
-0.027630
-0.029882
-0.031525
-0.032650
-0.033253
-0.033452
-0.033252
-0.032770
-0.032016
-0.031087
-0.029996
-0.028812
-0.027550
-0.026255
-0.024940
-0.023633
-0.022343
-0.021085
-0.019867
-0.018693
-0.017572
-0.016500
-0.015485
-0.014521
-0.013612
-0.012753
-0.011947
-0.011186
-0.010475
-0.009805
-0.009181
-0.008590
-0.008045
-0.007525
-0.007050
-0.006591
-0.006180
-0.005772
-0.005419
-0.005054
-0.004756
-0.004422
-0.004178
-0.003866
-0.003676
-0.003373
-0.003240
-0.002933
-0.002866
-0.002538
-0.002547
-0.002179
-0.002279
-0.001847
-0.002061
-0.001533
-0.001891
-0.001223
-0.001808
-0.000741
0.011992
0.007197
0.014688
0.010581
0.015854
0.013134
0.017187
0.015620
0.018836
0.018122
0.020744
0.020641
0.022830
0.023136
0.024980
0.025513
0.027033
0.027614
0.028768
0.029208
0.029892
0.029983
0.030046
0.029567
0.028833
0.027574
0.025888
0.023697
0.020989
0.017837
0.014192
0.010233
0.005932
0.001521
-0.002989
-0.007372
-0.011588
-0.015471
-0.018975
-0.022024
-0.024581
-0.026653
-0.028220
-0.029346
-0.030025
-0.030348
-0.030318
-0.030028
-0.029486
-0.028772
-0.027898
-0.026925
-0.025864
-0.024758
-0.023619
-0.022472
-0.021329
-0.020202
-0.019103
-0.018034
-0.017006
-0.016016
-0.015073
-0.014172
-0.013318
-0.012507
-0.011742
-0.011017
-0.010337
-0.009693
-0.009091
-0.008520
-0.007991
-0.007485
-0.007022
-0.006573
-0.006170
-0.005769
-0.005422
-0.005061
-0.004768
-0.004436
-0.004195
-0.003884
-0.003696
-0.003393
-0.003262
-0.002954
-0.002888
-0.002559
-0.002569
-0.002199
-0.002301
-0.001865
-0.002082
-0.001550
-0.001912
-0.001237
-0.001828
-0.000752
0.011679
0.006976
0.014275
0.010234
0.015365
0.012664
0.016589
0.014998
0.018086
0.017311
0.019797
0.019599
0.021638
0.021818
0.023494
0.023877
0.025216
0.025631
0.026600
0.026875
0.027392
0.027345
0.027291
0.026737
0.025980
0.024753
0.023180
0.021170
0.018743
0.015939
0.012743
0.009281
0.005546
0.001711
-0.002205
-0.006033
-0.009731
-0.013172
-0.016311
-0.019084
-0.021454
-0.023422
-0.024964
-0.026127
-0.026902
-0.027357
-0.027495
-0.027388
-0.027046
-0.026533
-0.025862
-0.025082
-0.024210
-0.023279
-0.022304
-0.021307
-0.020302
-0.019300
-0.018313
-0.017345
-0.016407
-0.015497
-0.014625
-0.013786
-0.012987
-0.012224
-0.011501
-0.010813
-0.010165
-0.009548
-0.008971
-0.008421
-0.007910
-0.007419
-0.006969
-0.006532
-0.006139
-0.005746
-0.005406
-0.005051
-0.004762
-0.004435
-0.004197
-0.003888
-0.003703
-0.003402
-0.003273
-0.002966
-0.002901
-0.002572
-0.002583
-0.002212
-0.002316
-0.001878
-0.002097
-0.001562
-0.001927
-0.001249
-0.001843
-0.000762
0.011325
0.006732
0.013813
0.009855
0.014825
0.012155
0.015940
0.014335
0.017288
0.016460
0.018805
0.018520
0.020406
0.020469
0.021979
0.022219
0.023380
0.023637
0.024426
0.024540
0.024892
0.024705
0.024528
0.023885
0.023079
0.021851
0.020343
0.018454
0.016233
0.013694
0.010847
0.007784
0.004511
0.001160
-0.002248
-0.005582
-0.008806
-0.011821
-0.014588
-0.017055
-0.019191
-0.020990
-0.022433
-0.023553
-0.024340
-0.024847
-0.025075
-0.025082
-0.024874
-0.024505
-0.023986
-0.023359
-0.022638
-0.021852
-0.021017
-0.020151
-0.019268
-0.018379
-0.017495
-0.016622
-0.015768
-0.014935
-0.014131
-0.013354
-0.012610
-0.011895
-0.011215
-0.010565
-0.009950
-0.009363
-0.008812
-0.008284
-0.007792
-0.007319
-0.006884
-0.006459
-0.006078
-0.005695
-0.005364
-0.005015
-0.004733
-0.004412
-0.004179
-0.003874
-0.003692
-0.003393
-0.003267
-0.002962
-0.002899
-0.002571
-0.002584
-0.002213
-0.002318
-0.001881
-0.002101
-0.001566
-0.001931
-0.001253
-0.001848
-0.000766
0.010945
0.006477
0.013323
0.009462
0.014262
0.011638
0.015279
0.013673
0.016493
0.015627
0.017842
0.017489
0.019242
0.019213
0.020585
0.020717
0.021740
0.021882
0.022542
0.022551
0.022799
0.022535
0.022301
0.021637
0.020848
0.019680
0.018287
0.016559
0.014564
0.012295
0.009778
0.007075
0.004204
0.001261
-0.001730
-0.004667
-0.007518
-0.010203
-0.012688
-0.014928
-0.016894
-0.018578
-0.019962
-0.021067
-0.021884
-0.022452
-0.022771
-0.022887
-0.022806
-0.022570
-0.022191
-0.021703
-0.021121
-0.020469
-0.019762
-0.019017
-0.018247
-0.017463
-0.016675
-0.015891
-0.015117
-0.014358
-0.013620
-0.012902
-0.012211
-0.011544
-0.010906
-0.010294
-0.009713
-0.009155
-0.008630
-0.008126
-0.007655
-0.007199
-0.006780
-0.006370
-0.006000
-0.005628
-0.005307
-0.004966
-0.004692
-0.004376
-0.004148
-0.003848
-0.003671
-0.003376
-0.003253
-0.002950
-0.002890
-0.002564
-0.002578
-0.002209
-0.002315
-0.001879
-0.002099
-0.001566
-0.001931
-0.001255
-0.001849
-0.000770
0.010533
0.006205
0.012797
0.009047
0.013664
0.011096
0.014584
0.012987
0.015669
0.014774
0.016857
0.016443
0.018063
0.017950
0.019188
0.019220
0.020109
0.020144
0.020679
0.020586
0.020731
0.020390
0.020093
0.019397
0.018607
0.017474
0.016161
0.014556
0.012736
0.010682
0.008432
0.006027
0.003492
0.000897
-0.001730
-0.004314
-0.006822
-0.009194
-0.011400
-0.013401
-0.015175
-0.016712
-0.017995
-0.019038
-0.019835
-0.020414
-0.020775
-0.020953
-0.020954
-0.020812
-0.020536
-0.020157
-0.019685
-0.019143
-0.018544
-0.017903
-0.017232
-0.016541
-0.015841
-0.015138
-0.014440
-0.013749
-0.013074
-0.012413
-0.011774
-0.011154
-0.010559
-0.009984
-0.009437
-0.008910
-0.008412
-0.007932
-0.007483
-0.007047
-0.006645
-0.006250
-0.005894
-0.005534
-0.005223
-0.004892
-0.004626
-0.004318
-0.004097
-0.003803
-0.003630
-0.003340
-0.003221
-0.002922
-0.002864
-0.002542
-0.002558
-0.002193
-0.002299
-0.001867
-0.002086
-0.001556
-0.001920
-0.001248
-0.001838
-0.000768
0.010109
0.005929
0.012258
0.008630
0.013059
0.010557
0.013892
0.012315
0.014864
0.013952
0.015912
0.015455
0.016958
0.016782
0.017908
0.017865
0.018649
0.018609
0.019054
0.018899
0.018981
0.018604
0.018285
0.017596
0.016842
0.015777
0.014571
0.013104
0.011465
0.009621
0.007620
0.005482
0.003239
0.000941
-0.001383
-0.003675
-0.005907
-0.008029
-0.010014
-0.011832
-0.013458
-0.014885
-0.016096
-0.017101
-0.017892
-0.018489
-0.018894
-0.019132
-0.019210
-0.019153
-0.018972
-0.018690
-0.018319
-0.017876
-0.017375
-0.016828
-0.016248
-0.015643
-0.015024
-0.014396
-0.013768
-0.013142
-0.012526
-0.011920
-0.011330
-0.010755
-0.010201
-0.009664
-0.009150
-0.008653
-0.008182
-0.007727
-0.007299
-0.006883
-0.006499
-0.006119
-0.005777
-0.005430
-0.005130
-0.004810
-0.004552
-0.004252
-0.004038
-0.003750
-0.003583
-0.003298
-0.003183
-0.002889
-0.002834
-0.002516
-0.002533
-0.002173
-0.002279
-0.001851
-0.002069
-0.001545
-0.001906
-0.001241
-0.001825
-0.000766
0.009661
0.005643
0.011694
0.008198
0.012429
0.010003
0.013179
0.011630
0.014042
0.013122
0.014959
0.014465
0.015854
0.015622
0.016639
0.016529
0.017214
0.017105
0.017464
0.017249
0.017269
0.016855
0.016510
0.015822
0.015090
0.014077
0.012953
0.011598
0.010106
0.008437
0.006642
0.004731
0.002738
0.000699
-0.001358
-0.003389
-0.005367
-0.007254
-0.009025
-0.010656
-0.012126
-0.013426
-0.014543
-0.015483
-0.016238
-0.016824
-0.017241
-0.017509
-0.017634
-0.017635
-0.017523
-0.017315
-0.017022
-0.016661
-0.016241
-0.015776
-0.015274
-0.014746
-0.014199
-0.013639
-0.013076
-0.012510
-0.011950
-0.011396
-0.010854
-0.010323
-0.009808
-0.009308
-0.008827
-0.008361
-0.007917
-0.007487
-0.007082
-0.006686
-0.006320
-0.005958
-0.005631
-0.005297
-0.005009
-0.004700
-0.004452
-0.004162
-0.003955
-0.003676
-0.003514
-0.003237
-0.003126
-0.002839
-0.002786
-0.002475
-0.002493
-0.002138
-0.002244
-0.001824
-0.002039
-0.001523
-0.001879
-0.001225
-0.001800
-0.000758
0.009212
0.005358
0.011130
0.007773
0.011806
0.009464
0.012482
0.010970
0.013250
0.012332
0.014055
0.013539
0.014824
0.014553
0.015478
0.015321
0.015926
0.015771
0.016069
0.015820
0.015803
0.015378
0.015032
0.014368
0.013678
0.012733
0.011702
0.010465
0.009118
0.007614
0.006009
0.004301
0.002527
0.000710
-0.001121
-0.002933
-0.004702
-0.006397
-0.007995
-0.009475
-0.010820
-0.012021
-0.013066
-0.013956
-0.014687
-0.015268
-0.015700
-0.015997
-0.016165
-0.016219
-0.016168
-0.016027
-0.015805
-0.015516
-0.015170
-0.014777
-0.014346
-0.013886
-0.013406
-0.012909
-0.012405
-0.011895
-0.011387
-0.010881
-0.010384
-0.009894
-0.009418
-0.008953
-0.008504
-0.008068
-0.007651
-0.007245
-0.006862
-0.006487
-0.006139
-0.005793
-0.005481
-0.005161
-0.004886
-0.004588
-0.004350
-0.004070
-0.003871
-0.003600
-0.003444
-0.003174
-0.003067
-0.002787
-0.002736
-0.002432
-0.002451
-0.002104
-0.002208
-0.001796
-0.002008
-0.001502
-0.001851
-0.001209
-0.001774
-0.000751
0.008744
0.005066
0.010547
0.007337
0.011165
0.008913
0.011770
0.010301
0.012449
0.011540
0.013148
0.012615
0.013801
0.013497
0.014335
0.014136
0.014667
0.014471
0.014710
0.014431
0.014379
0.013943
0.013592
0.012946
0.012290
0.011402
0.010448
0.009311
0.008087
0.006725
0.005283
0.003751
0.002168
0.000547
-0.001082
-0.002697
-0.004272
-0.005786
-0.007218
-0.008550
-0.009767
-0.010861
-0.011821
-0.012648
-0.013337
-0.013894
-0.014321
-0.014628
-0.014819
-0.014907
-0.014899
-0.014808
-0.014642
-0.014411
-0.014126
-0.013794
-0.013425
-0.013026
-0.012604
-0.012164
-0.011713
-0.011255
-0.010796
-0.010336
-0.009882
-0.009432
-0.008993
-0.008562
-0.008145
-0.007738
-0.007348
-0.006967
-0.006607
-0.006253
-0.005924
-0.005596
-0.005300
-0.004995
-0.004732
-0.004448
-0.004220
-0.003951
-0.003760
-0.003499
-0.003350
-0.003089
-0.002986
-0.002715
-0.002667
-0.002371
-0.002391
-0.002053
-0.002156
-0.001754
-0.001962
-0.001468
-0.001810
-0.001182
-0.001735
-0.000736
0.008284
0.004781
0.009976
0.006916
0.010542
0.008386
0.011085
0.009667
0.011688
0.010795
0.012298
0.011759
0.012855
0.012530
0.013292
0.013067
0.013537
0.013317
0.013513
0.013219
0.013148
0.012717
0.012375
0.011761
0.011149
0.010324
0.009451
0.008413
0.007305
0.006075
0.004781
0.003406
0.001990
0.000540
-0.000917
-0.002364
-0.003778
-0.005141
-0.006435
-0.007645
-0.008757
-0.009763
-0.010655
-0.011431
-0.012086
-0.012626
-0.013050
-0.013367
-0.013579
-0.013698
-0.013728
-0.013681
-0.013563
-0.013385
-0.013153
-0.012876
-0.012562
-0.012217
-0.011848
-0.011460
-0.011059
-0.010648
-0.010233
-0.009816
-0.009401
-0.008989
-0.008585
-0.008186
-0.007799
-0.007420
-0.007056
-0.006698
-0.006360
-0.006026
-0.005716
-0.005405
-0.005124
-0.004834
-0.004584
-0.004312
-0.004095
-0.003836
-0.003654
-0.003403
-0.003260
-0.003007
-0.002909
-0.002646
-0.002601
-0.002314
-0.002334
-0.002005
-0.002106
-0.001715
-0.001918
-0.001437
-0.001770
-0.001159
-0.001698
-0.000725
0.007808
0.004490
0.009389
0.006485
0.009903
0.007849
0.010388
0.009025
0.010917
0.010047
0.011445
0.010905
0.011914
0.011574
0.012264
0.012017
0.012430
0.012189
0.012347
0.012041
0.011952
0.011526
0.011192
0.010606
0.010032
0.009264
0.008461
0.007510
0.006506
0.005393
0.004228
0.002994
0.001726
0.000429
-0.000872
-0.002165
-0.003429
-0.004650
-0.005812
-0.006902
-0.007908
-0.008824
-0.009641
-0.010358
-0.010970
-0.011480
-0.011889
-0.012202
-0.012423
-0.012559
-0.012615
-0.012599
-0.012519
-0.012381
-0.012194
-0.011963
-0.011696
-0.011398
-0.011076
-0.010734
-0.010378
-0.010011
-0.009638
-0.009260
-0.008883
-0.008507
-0.008136
-0.007770
-0.007413
-0.007061
-0.006722
-0.006389
-0.006073
-0.005760
-0.005469
-0.005176
-0.004912
-0.004637
-0.004401
-0.004143
-0.003937
-0.003691
-0.003518
-0.003278
-0.003142
-0.002900
-0.002807
-0.002554
-0.002512
-0.002235
-0.002256
-0.001938
-0.002037
-0.001659
-0.001856
-0.001391
-0.001714
-0.001122
-0.001644
-0.000703
0.007351
0.004212
0.008825
0.006078
0.009295
0.007344
0.009729
0.008426
0.010197
0.009355
0.010655
0.010122
0.011052
0.010706
0.011333
0.011075
0.011441
0.011191
0.011319
0.011013
0.010915
0.010503
0.010184
0.009632
0.009099
0.008389
0.007656
0.006789
0.005879
0.004872
0.003824
0.002714
0.001577
0.000412
-0.000755
-0.001917
-0.003054
-0.004155
-0.005205
-0.006195
-0.007113
-0.007953
-0.008708
-0.009375
-0.009951
-0.010437
-0.010834
-0.011145
-0.011373
-0.011524
-0.011602
-0.011615
-0.011567
-0.011466
-0.011317
-0.011127
-0.010902
-0.010646
-0.010366
-0.010066
-0.009750
-0.009422
-0.009087
-0.008746
-0.008404
-0.008060
-0.007721
-0.007383
-0.007054
-0.006728
-0.006414
-0.006103
-0.005808
-0.005515
-0.005241
-0.004965
-0.004716
-0.004457
-0.004234
-0.003988
-0.003793
-0.003558
-0.003394
-0.003164
-0.003035
-0.002803
-0.002715
-0.002472
-0.002432
-0.002165
-0.002186
-0.001880
-0.001976
-0.001610
-0.001802
-0.001351
-0.001665
-0.001092
-0.001597
-0.000687
0.006874
0.003926
0.008242
0.005657
0.008667
0.006824
0.009051
0.007813
0.009461
0.008651
0.009855
0.009333
0.010186
0.009838
0.010406
0.010140
0.010463
0.010206
0.010309
0.010004
0.009899
0.009502
0.009198
0.008679
0.008185
0.007529
0.006859
0.006068
0.005245
0.004335
0.003393
0.002396
0.001378
0.000336
-0.000708
-0.001747
-0.002765
-0.003752
-0.004695
-0.005586
-0.006416
-0.007179
-0.007867
-0.008480
-0.009013
-0.009468
-0.009843
-0.010143
-0.010369
-0.010526
-0.010617
-0.010649
-0.010625
-0.010552
-0.010435
-0.010278
-0.010088
-0.009869
-0.009626
-0.009363
-0.009084
-0.008793
-0.008493
-0.008186
-0.007877
-0.007565
-0.007256
-0.006947
-0.006645
-0.006345
-0.006055
-0.005768
-0.005495
-0.005222
-0.004967
-0.004710
-0.004477
-0.004234
-0.004025
-0.003794
-0.003611
-0.003389
-0.003235
-0.003017
-0.002896
-0.002675
-0.002593
-0.002361
-0.002325
-0.002069
-0.002091
-0.001798
-0.001891
-0.001541
-0.001725
-0.001294
-0.001594
-0.001046
-0.001530
-0.000658
0.006428
0.003660
0.007696
0.005269
0.008082
0.006348
0.008426
0.007255
0.008788
0.008015
0.009129
0.008623
0.009407
0.009063
0.009579
0.009312
0.009599
0.009343
0.009425
0.009128
0.009021
0.008643
0.008356
0.007872
0.007416
0.006813
0.006201
0.005481
0.004736
0.003914
0.003065
0.002167
0.001253
0.000315
-0.000622
-0.001557
-0.002473
-0.003363
-0.004216
-0.005025
-0.005780
-0.006477
-0.007110
-0.007677
-0.008175
-0.008603
-0.008961
-0.009251
-0.009476
-0.009638
-0.009741
-0.009789
-0.009786
-0.009737
-0.009648
-0.009521
-0.009362
-0.009176
-0.008965
-0.008735
-0.008490
-0.008230
-0.007962
-0.007686
-0.007407
-0.007124
-0.006842
-0.006560
-0.006282
-0.006006
-0.005738
-0.005472
-0.005218
-0.004964
-0.004727
-0.004486
-0.004268
-0.004039
-0.003843
-0.003625
-0.003453
-0.003243
-0.003097
-0.002891
-0.002776
-0.002566
-0.002488
-0.002267
-0.002233
-0.001989
-0.002010
-0.001730
-0.001820
-0.001484
-0.001661
-0.001248
-0.001536
-0.001011
-0.001475
-0.000639
0.005955
0.003380
0.007121
0.004861
0.007469
0.005848
0.007772
0.006671
0.008086
0.007353
0.008377
0.007891
0.008607
0.008271
0.008736
0.008472
0.008726
0.008474
0.008539
0.008252
0.008145
0.007788
0.007519
0.007070
0.006651
0.006100
0.005545
0.004892
0.004221
0.003481
0.002720
0.001916
0.001098
0.000261
-0.000576
-0.001411
-0.002229
-0.003025
-0.003789
-0.004515
-0.005195
-0.005825
-0.006400
-0.006917
-0.007373
-0.007769
-0.008103
-0.008377
-0.008593
-0.008753
-0.008860
-0.008917
-0.008929
-0.008899
-0.008830
-0.008728
-0.008595
-0.008436
-0.008255
-0.008055
-0.007839
-0.007610
-0.007372
-0.007125
-0.006874
-0.006619
-0.006364
-0.006108
-0.005856
-0.005604
-0.005359
-0.005115
-0.004881
-0.004647
-0.004429
-0.004206
-0.004004
-0.003792
-0.003610
-0.003408
-0.003247
-0.003051
-0.002916
-0.002722
-0.002616
-0.002419
-0.002347
-0.002138
-0.002108
-0.001877
-0.001898
-0.001633
-0.001719
-0.001402
-0.001570
-0.001179
-0.001453
-0.000955
-0.001395
-0.000604
0.005528
0.003129
0.006601
0.004497
0.006916
0.005405
0.007187
0.006156
0.007463
0.006773
0.007715
0.007252
0.007906
0.007582
0.008003
0.007746
0.007971
0.007726
0.007778
0.007503
0.007399
0.007063
0.006813
0.006397
0.006013
0.005508
0.005003
0.004411
0.003804
0.003136
0.002451
0.001727
0.000993
0.000241
-0.000511
-0.001261
-0.001997
-0.002715
-0.003405
-0.004062
-0.004679
-0.005253
-0.005779
-0.006254
-0.006676
-0.007045
-0.007359
-0.007620
-0.007829
-0.007988
-0.008099
-0.008165
-0.008190
-0.008175
-0.008126
-0.008045
-0.007935
-0.007801
-0.007645
-0.007471
-0.007282
-0.007079
-0.006867
-0.006646
-0.006421
-0.006191
-0.005959
-0.005726
-0.005496
-0.005265
-0.005041
-0.004816
-0.004601
-0.004384
-0.004182
-0.003975
-0.003787
-0.003590
-0.003420
-0.003230
-0.003080
-0.002896
-0.002769
-0.002587
-0.002487
-0.002301
-0.002233
-0.002036
-0.002008
-0.001790
-0.001810
-0.001559
-0.001640
-0.001340
-0.001499
-0.001128
-0.001388
-0.000915
-0.001333
-0.000582
0.005059
0.002856
0.006036
0.004100
0.006316
0.004922
0.006552
0.005597
0.006791
0.006147
0.007004
0.006568
0.007160
0.006851
0.007229
0.006983
0.007181
0.006947
0.006988
0.006729
0.006629
0.006318
0.006088
0.005707
0.005359
0.004902
0.004448
0.003916
0.003373
0.002776
0.002166
0.001522
0.000870
0.000201
-0.000466
-0.001133
-0.001786
-0.002425
-0.003039
-0.003625
-0.004177
-0.004692
-0.005164
-0.005593
-0.005976
-0.006312
-0.006601
-0.006843
-0.007039
-0.007190
-0.007299
-0.007368
-0.007399
-0.007396
-0.007360
-0.007296
-0.007206
-0.007092
-0.006959
-0.006808
-0.006643
-0.006466
-0.006278
-0.006083
-0.005882
-0.005677
-0.005470
-0.005261
-0.005053
-0.004845
-0.004642
-0.004438
-0.004243
-0.004046
-0.003861
-0.003672
-0.003501
-0.003320
-0.003165
-0.002990
-0.002853
-0.002684
-0.002567
-0.002399
-0.002308
-0.002135
-0.002074
-0.001891
-0.001865
-0.001663
-0.001682
-0.001448
-0.001525
-0.001245
-0.001395
-0.001048
-0.001291
-0.000851
-0.001240
-0.000540
0.004656
0.002621
0.005547
0.003763
0.005800
0.004514
0.006011
0.005128
0.006221
0.005622
0.006404
0.005997
0.006534
0.006242
0.006582
0.006348
0.006522
0.006301
0.006332
0.006089
0.005993
0.005704
0.005492
0.005143
0.004825
0.004409
0.003999
0.003517
0.003029
0.002492
0.001945
0.001366
0.000782
0.000183
-0.000415
-0.001013
-0.001600
-0.002173
-0.002726
-0.003254
-0.003753
-0.004219
-0.004649
-0.005041
-0.005392
-0.005703
-0.005971
-0.006198
-0.006384
-0.006531
-0.006639
-0.006711
-0.006749
-0.006755
-0.006733
-0.006683
-0.006610
-0.006515
-0.006401
-0.006271
-0.006127
-0.005970
-0.005805
-0.005631
-0.005452
-0.005267
-0.005081
-0.004892
-0.004704
-0.004514
-0.004329
-0.004143
-0.003964
-0.003783
-0.003614
-0.003439
-0.003282
-0.003114
-0.002971
-0.002809
-0.002682
-0.002524
-0.002416
-0.002259
-0.002174
-0.002013
-0.001955
-0.001784
-0.001760
-0.001570
-0.001589
-0.001369
-0.001442
-0.001178
-0.001319
-0.000994
-0.001221
-0.000808
-0.001173
-0.000516
0.004189
0.002354
0.004988
0.003375
0.005210
0.004043
0.005391
0.004587
0.005570
0.005022
0.005723
0.005347
0.005827
0.005556
0.005858
0.005640
0.005793
0.005587
0.005612
0.005388
0.005300
0.005038
0.004847
0.004533
0.004250
0.003879
0.003515
0.003089
0.002658
0.002184
0.001702
0.001193
0.000679
0.000153
-0.000372
-0.000897
-0.001413
-0.001917
-0.002403
-0.002869
-0.003310
-0.003722
-0.004103
-0.004452
-0.004765
-0.005043
-0.005285
-0.005491
-0.005661
-0.005796
-0.005898
-0.005968
-0.006007
-0.006019
-0.006005
-0.005966
-0.005906
-0.005827
-0.005731
-0.005619
-0.005495
-0.005359
-0.005215
-0.005063
-0.004905
-0.004743
-0.004578
-0.004411
-0.004244
-0.004076
-0.003911
-0.003745
-0.003585
-0.003424
-0.003272
-0.003115
-0.002974
-0.002823
-0.002694
-0.002548
-0.002434
-0.002291
-0.002194
-0.002052
-0.001975
-0.001829
-0.001778
-0.001622
-0.001601
-0.001428
-0.001446
-0.001246
-0.001312
-0.001072
-0.001201
-0.000904
-0.001113
-0.000735
-0.001069
-0.000469
0.003815
0.002138
0.004535
0.003067
0.004736
0.003674
0.004897
0.004164
0.005054
0.004553
0.005186
0.004841
0.005272
0.005021
0.005290
0.005087
0.005221
0.005029
0.005048
0.004842
0.004758
0.004518
0.004344
0.004059
0.003803
0.003468
0.003141
0.002758
0.002372
0.001948
0.001518
0.001064
0.000606
0.000137
-0.000331
-0.000800
-0.001260
-0.001710
-0.002145
-0.002563
-0.002958
-0.003329
-0.003673
-0.003989
-0.004274
-0.004528
-0.004750
-0.004940
-0.005099
-0.005227
-0.005325
-0.005395
-0.005437
-0.005454
-0.005448
-0.005420
-0.005372
-0.005306
-0.005224
-0.005129
-0.005021
-0.004903
-0.004776
-0.004642
-0.004502
-0.004357
-0.004210
-0.004060
-0.003910
-0.003759
-0.003610
-0.003459
-0.003315
-0.003167
-0.003029
-0.002887
-0.002757
-0.002619
-0.002501
-0.002367
-0.002262
-0.002131
-0.002042
-0.001910
-0.001840
-0.001705
-0.001657
-0.001513
-0.001494
-0.001334
-0.001350
-0.001164
-0.001226
-0.001003
-0.001122
-0.000847
-0.001040
-0.000690
-0.001000
-0.000443
0.003343
0.001872
0.003975
0.002681
0.004146
0.003208
0.004282
0.003632
0.004413
0.003967
0.004522
0.004212
0.004589
0.004364
0.004598
0.004415
0.004531
0.004359
0.004374
0.004190
0.004116
0.003905
0.003752
0.003503
0.003280
0.002989
0.002706
0.002374
0.002041
0.001674
0.001303
0.000912
0.000518
0.000113
-0.000289
-0.000693
-0.001089
-0.001477
-0.001852
-0.002212
-0.002554
-0.002875
-0.003173
-0.003447
-0.003695
-0.003917
-0.004112
-0.004279
-0.004419
-0.004533
-0.004622
-0.004685
-0.004726
-0.004744
-0.004742
-0.004721
-0.004682
-0.004628
-0.004560
-0.004479
-0.004388
-0.004287
-0.004179
-0.004064
-0.003944
-0.003819
-0.003692
-0.003562
-0.003433
-0.003301
-0.003171
-0.003041
-0.002914
-0.002786
-0.002666
-0.002541
-0.002428
-0.002307
-0.002203
-0.002086
-0.001994
-0.001879
-0.001800
-0.001685
-0.001623
-0.001504
-0.001462
-0.001335
-0.001319
-0.001177
-0.001192
-0.001028
-0.001083
-0.000885
-0.000992
-0.000747
-0.000920
-0.000608
-0.000884
-0.000390
0.003005
0.001678
0.003566
0.002405
0.003719
0.002878
0.003840
0.003257
0.003954
0.003554
0.004048
0.003769
0.004103
0.003898
0.004104
0.003938
0.004038
0.003882
0.003892
0.003725
0.003657
0.003466
0.003328
0.003105
0.002906
0.002646
0.002394
0.002099
0.001804
0.001479
0.001151
0.000805
0.000457
0.000100
-0.000256
-0.000612
-0.000963
-0.001306
-0.001638
-0.001958
-0.002261
-0.002547
-0.002814
-0.003059
-0.003282
-0.003481
-0.003657
-0.003810
-0.003939
-0.004044
-0.004127
-0.004188
-0.004229
-0.004250
-0.004252
-0.004237
-0.004207
-0.004163
-0.004106
-0.004038
-0.003959
-0.003872
-0.003778
-0.003678
-0.003572
-0.003462
-0.003350
-0.003235
-0.003120
-0.003003
-0.002887
-0.002770
-0.002657
-0.002542
-0.002434
-0.002321
-0.002219
-0.002110
-0.002017
-0.001910
-0.001827
-0.001722
-0.001651
-0.001546
-0.001490
-0.001381
-0.001344
-0.001228
-0.001212
-0.001083
-0.001097
-0.000947
-0.000997
-0.000817
-0.000913
-0.000690
-0.000847
-0.000563
-0.000814
-0.000363
0.002520
0.001407
0.002993
0.002014
0.003119
0.002408
0.003217
0.002722
0.003309
0.002968
0.003384
0.003146
0.003427
0.003252
0.003424
0.003282
0.003366
0.003232
0.003241
0.003099
0.003042
0.002881
0.002766
0.002579
0.002413
0.002196
0.001986
0.001741
0.001495
0.001226
0.000953
0.000666
0.000377
0.000081
-0.000214
-0.000510
-0.000800
-0.001086
-0.001361
-0.001627
-0.001879
-0.002117
-0.002339
-0.002543
-0.002730
-0.002897
-0.003044
-0.003173
-0.003281
-0.003371
-0.003441
-0.003494
-0.003529
-0.003548
-0.003552
-0.003541
-0.003518
-0.003482
-0.003436
-0.003380
-0.003316
-0.003244
-0.003167
-0.003083
-0.002996
-0.002905
-0.002812
-0.002716
-0.002620
-0.002522
-0.002426
-0.002328
-0.002234
-0.002137
-0.002047
-0.001952
-0.001867
-0.001775
-0.001697
-0.001608
-0.001538
-0.001450
-0.001390
-0.001302
-0.001255
-0.001163
-0.001132
-0.001034
-0.001022
-0.000912
-0.000925
-0.000798
-0.000841
-0.000688
-0.000770
-0.000581
-0.000715
-0.000474
-0.000687
-0.000306
0.002225
0.001237
0.002635
0.001774
0.002745
0.002122
0.002832
0.002398
0.002912
0.002613
0.002975
0.002765
0.003009
0.002854
0.003003
0.002877
0.002948
0.002829
0.002834
0.002709
0.002657
0.002515
0.002413
0.002248
0.002102
0.001912
0.001728
0.001514
0.001300
0.001065
0.000828
0.000578
0.000327
0.000069
-0.000187
-0.000444
-0.000697
-0.000945
-0.001185
-0.001417
-0.001637
-0.001845
-0.002040
-0.002219
-0.002383
-0.002531
-0.002662
-0.002776
-0.002874
-0.002955
-0.003019
-0.003068
-0.003102
-0.003121
-0.003127
-0.003121
-0.003103
-0.003074
-0.003036
-0.002989
-0.002935
-0.002874
-0.002808
-0.002736
-0.002661
-0.002582
-0.002501
-0.002418
-0.002334
-0.002249
-0.002164
-0.002079
-0.001996
-0.001911
-0.001831
-0.001748
-0.001672
-0.001591
-0.001522
-0.001442
-0.001380
-0.001302
-0.001249
-0.001170
-0.001128
-0.001047
-0.001018
-0.000931
-0.000920
-0.000822
-0.000832
-0.000719
-0.000757
-0.000621
-0.000694
-0.000525
-0.000644
-0.000429
-0.000619
-0.000278
0.001711
0.000955
0.002032
0.001367
0.002117
0.001634
0.002183
0.001847
0.002244
0.002012
0.002293
0.002130
0.002319
0.002198
0.002314
0.002215
0.002271
0.002179
0.002183
0.002086
0.002046
0.001936
0.001857
0.001730
0.001618
0.001471
0.001330
0.001165
0.001000
0.000819
0.000637
0.000445
0.000252
0.000053
-0.000144
-0.000342
-0.000536
-0.000728
-0.000913
-0.001091
-0.001261
-0.001421
-0.001571
-0.001710
-0.001837
-0.001951
-0.002053
-0.002141
-0.002217
-0.002280
-0.002330
-0.002368
-0.002395
-0.002411
-0.002416
-0.002411
-0.002398
-0.002376
-0.002347
-0.002312
-0.002270
-0.002224
-0.002172
-0.002117
-0.002059
-0.001999
-0.001936
-0.001872
-0.001807
-0.001741
-0.001676
-0.001610
-0.001546
-0.001480
-0.001418
-0.001354
-0.001295
-0.001233
-0.001179
-0.001118
-0.001070
-0.001009
-0.000968
-0.000907
-0.000874
-0.000811
-0.000789
-0.000722
-0.000713
-0.000638
-0.000646
-0.000558
-0.000587
-0.000482
-0.000539
-0.000408
-0.000500
-0.000334
-0.000481
-0.000217
0.001472
0.000814
0.001738
0.001167
0.001809
0.001396
0.001865
0.001577
0.001915
0.001717
0.001954
0.001815
0.001974
0.001870
0.001967
0.001882
0.001927
0.001848
0.001850
0.001766
0.001731
0.001637
0.001569
0.001461
0.001365
0.001241
0.001121
0.000981
0.000842
0.000689
0.000536
0.000374
0.000211
0.000044
-0.000123
-0.000289
-0.000453
-0.000614
-0.000770
-0.000921
-0.001064
-0.001200
-0.001327
-0.001445
-0.001553
-0.001650
-0.001737
-0.001813
-0.001879
-0.001933
-0.001977
-0.002011
-0.002035
-0.002050
-0.002056
-0.002054
-0.002044
-0.002027
-0.002004
-0.001975
-0.001941
-0.001903
-0.001860
-0.001815
-0.001766
-0.001715
-0.001663
-0.001609
-0.001554
-0.001499
-0.001443
-0.001387
-0.001333
-0.001277
-0.001224
-0.001169
-0.001119
-0.001066
-0.001020
-0.000967
-0.000926
-0.000874
-0.000838
-0.000786
-0.000758
-0.000703
-0.000685
-0.000626
-0.000619
-0.000553
-0.000560
-0.000485
-0.000510
-0.000419
-0.000468
-0.000354
-0.000434
-0.000289
-0.000418
-0.000188
0.000908
0.000512
0.001082
0.000734
0.001131
0.000878
0.001168
0.000993
0.001203
0.001082
0.001230
0.001146
0.001245
0.001183
0.001243
0.001192
0.001220
0.001172
0.001173
0.001121
0.001099
0.001040
0.000998
0.000930
0.000869
0.000790
0.000715
0.000626
0.000538
0.000441
0.000343
0.000240
0.000136
0.000030
-0.000076
-0.000183
-0.000287
-0.000390
-0.000490
-0.000586
-0.000678
-0.000765
-0.000846
-0.000922
-0.000991
-0.001053
-0.001109
-0.001158
-0.001200
-0.001235
-0.001263
-0.001285
-0.001301
-0.001310
-0.001314
-0.001313
-0.001307
-0.001296
-0.001281
-0.001263
-0.001241
-0.001217
-0.001190
-0.001160
-0.001129
-0.001097
-0.001063
-0.001029
-0.000994
-0.000958
-0.000923
-0.000887
-0.000852
-0.000816
-0.000783
-0.000748
-0.000716
-0.000682
-0.000652
-0.000619
-0.000592
-0.000559
-0.000536
-0.000503
-0.000485
-0.000451
-0.000438
-0.000401
-0.000396
-0.000355
-0.000359
-0.000312
-0.000327
-0.000270
-0.000300
-0.000230
-0.000278
-0.000189
-0.000268
-0.000125
0.000745
0.000404
0.000870
0.000580
0.000904
0.000695
0.000930
0.000785
0.000955
0.000854
0.000973
0.000902
0.000981
0.000928
0.000976
0.000933
0.000955
0.000915
0.000915
0.000873
0.000856
0.000808
0.000775
0.000721
0.000673
0.000611
0.000552
0.000483
0.000414
0.000339
0.000263
0.000183
0.000103
0.000021
-0.000061
-0.000143
-0.000224
-0.000303
-0.000380
-0.000455
-0.000525
-0.000593
-0.000656
-0.000714
-0.000768
-0.000816
-0.000859
-0.000898
-0.000930
-0.000958
-0.000980
-0.000998
-0.001011
-0.001019
-0.001022
-0.001022
-0.001018
-0.001010
-0.000999
-0.000986
-0.000969
-0.000951
-0.000930
-0.000908
-0.000884
-0.000859
-0.000834
-0.000807
-0.000780
-0.000753
-0.000725
-0.000697
-0.000670
-0.000643
-0.000616
-0.000589
-0.000564
-0.000537
-0.000514
-0.000488
-0.000467
-0.000441
-0.000424
-0.000397
-0.000383
-0.000356
-0.000346
-0.000317
-0.000313
-0.000280
-0.000284
-0.000245
-0.000258
-0.000212
-0.000237
-0.000179
-0.000220
-0.000146
-0.000212
-0.000095
0.000094
0.000070
0.000128
0.000106
0.000144
0.000129
0.000157
0.000149
0.000169
0.000165
0.000179
0.000177
0.000187
0.000185
0.000191
0.000189
0.000191
0.000188
0.000186
0.000181
0.000177
0.000170
0.000163
0.000153
0.000144
0.000132
0.000120
0.000106
0.000092
0.000076
0.000060
0.000043
0.000026
0.000009
-0.000009
-0.000027
-0.000045
-0.000062
-0.000079
-0.000096
-0.000112
-0.000127
-0.000141
-0.000155
-0.000167
-0.000178
-0.000189
-0.000198
-0.000206
-0.000212
-0.000218
-0.000222
-0.000226
-0.000228
-0.000229
-0.000230
-0.000229
-0.000228
-0.000226
-0.000223
-0.000220
-0.000216
-0.000211
-0.000207
-0.000201
-0.000196
-0.000190
-0.000185
-0.000179
-0.000172
-0.000166
-0.000160
-0.000154
-0.000148
-0.000142
-0.000136
-0.000130
-0.000125
-0.000119
-0.000114
-0.000109
-0.000103
-0.000099
-0.000094
-0.000090
-0.000085
-0.000081
-0.000076
-0.000074
-0.000068
-0.000067
-0.000061
-0.000061
-0.000055
-0.000056
-0.000048
-0.000052
-0.000042
-0.000050
-0.000033
