# p - 500 ites
-0.074838
-0.009214
-0.065108
-0.016217
-0.058019
-0.021619
-0.052966
-0.025913
-0.049497
-0.029455
-0.047272
-0.032501
-0.046028
-0.035230
-0.045565
-0.037766
-0.045723
-0.040189
-0.046373
-0.042549
-0.047410
-0.044873
-0.048744
-0.047171
-0.050298
-0.049440
-0.052005
-0.051668
-0.053805
-0.053841
-0.055647
-0.055941
-0.057485
-0.057949
-0.059284
-0.059849
-0.061011
-0.061628
-0.062644
-0.063275
-0.064165
-0.064784
-0.065565
-0.066154
-0.066838
-0.067386
-0.067984
-0.068485
-0.069005
-0.069458
-0.069909
-0.070315
-0.070704
-0.071065
-0.071399
-0.071721
-0.072004
-0.072293
-0.072530
-0.072791
-0.072985
-0.073227
-0.073380
-0.073609
-0.073722
-0.073948
-0.074018
-0.074250
-0.074274
-0.074525
-0.074497
-0.074778
-0.074690
-0.075016
-0.074856
-0.075246
-0.074998
-0.075473
-0.075118
-0.075703
-0.075216
-0.075944
-0.075291
-0.076201
-0.075343
-0.076484
-0.075367
-0.076800
-0.075360
-0.077162
-0.075314
-0.077583
-0.075219
-0.078080
-0.075061
-0.078675
-0.074822
-0.079396
-0.074475
-0.080280
-0.072984
-0.008795
-0.063399
-0.015520
-0.056412
-0.020744
-0.051443
-0.024930
-0.048052
-0.028417
-0.045905
-0.031447
-0.044745
-0.034193
-0.044374
-0.036774
-0.044634
-0.039265
-0.045398
-0.041715
-0.046560
-0.044148
-0.048028
-0.046568
-0.049726
-0.048971
-0.051581
-0.051342
-0.053534
-0.053662
-0.055527
-0.055907
-0.057514
-0.058057
-0.059454
-0.060091
-0.061312
-0.061993
-0.063063
-0.063749
-0.064687
-0.065353
-0.066174
-0.066801
-0.067517
-0.068095
-0.068717
-0.069239
-0.069776
-0.070242
-0.070703
-0.071115
-0.071508
-0.071870
-0.072201
-0.072518
-0.072795
-0.073073
-0.073300
-0.073548
-0.073729
-0.073954
-0.074092
-0.074302
-0.074398
-0.074603
-0.074656
-0.074866
-0.074872
-0.075099
-0.075054
-0.075311
-0.075207
-0.075507
-0.075333
-0.075695
-0.075436
-0.075881
-0.075518
-0.076071
-0.075580
-0.076273
-0.075622
-0.076492
-0.075643
-0.076736
-0.075638
-0.077015
-0.075605
-0.077339
-0.075537
-0.077721
-0.075423
-0.078177
-0.075252
-0.078728
-0.075005
-0.079398
-0.074659
-0.080222
-0.073891
-0.009076
-0.064268
-0.015984
-0.057263
-0.021325
-0.052282
-0.025582
-0.048877
-0.029106
-0.046708
-0.032148
-0.045519
-0.034886
-0.045109
-0.037440
-0.045319
-0.039890
-0.046024
-0.042286
-0.047117
-0.044652
-0.048509
-0.046996
-0.050122
-0.049315
-0.051887
-0.051596
-0.053745
-0.053822
-0.055643
-0.055972
-0.057534
-0.058028
-0.059379
-0.059971
-0.061148
-0.061786
-0.062816
-0.063463
-0.064365
-0.064996
-0.065786
-0.066383
-0.067072
-0.067625
-0.068225
-0.068728
-0.069249
-0.069701
-0.070150
-0.070553
-0.070938
-0.071295
-0.071624
-0.071940
-0.072217
-0.072499
-0.072730
-0.072984
-0.073172
-0.073405
-0.073552
-0.073773
-0.073879
-0.074097
-0.074162
-0.074386
-0.074405
-0.074647
-0.074615
-0.074887
-0.074796
-0.075112
-0.074951
-0.075330
-0.075083
-0.075546
-0.075193
-0.075766
-0.075283
-0.075996
-0.075351
-0.076243
-0.075396
-0.076515
-0.075415
-0.076821
-0.075404
-0.077172
-0.075354
-0.077582
-0.075257
-0.078066
-0.075099
-0.078647
-0.074862
-0.079351
-0.074520
-0.080214
-0.072112
-0.008712
-0.062648
-0.015375
-0.055759
-0.020557
-0.050870
-0.024717
-0.047548
-0.028191
-0.045462
-0.031220
-0.044358
-0.033975
-0.044040
-0.036572
-0.044351
-0.039088
-0.045165
-0.041567
-0.046376
-0.044033
-0.047894
-0.046491
-0.049639
-0.048933
-0.051541
-0.051342
-0.053538
-0.053699
-0.055571
-0.055978
-0.057594
-0.058158
-0.059563
-0.060217
-0.061444
-0.062137
-0.063212
-0.063907
-0.064848
-0.065518
-0.066339
-0.066967
-0.067682
-0.068258
-0.068877
-0.069395
-0.069928
-0.070389
-0.070845
-0.071251
-0.071637
-0.071993
-0.072318
-0.072628
-0.072898
-0.073170
-0.073391
-0.073632
-0.073808
-0.074027
-0.074159
-0.074364
-0.074455
-0.074655
-0.074704
-0.074909
-0.074913
-0.075135
-0.075089
-0.075339
-0.075235
-0.075528
-0.075356
-0.075711
-0.075455
-0.075891
-0.075534
-0.076077
-0.075593
-0.076273
-0.075633
-0.076487
-0.075651
-0.076726
-0.075646
-0.076999
-0.075613
-0.077317
-0.075545
-0.077692
-0.075433
-0.078140
-0.075264
-0.078681
-0.075021
-0.079340
-0.074681
-0.080150
-0.072240
-0.008871
-0.062820
-0.015635
-0.055980
-0.020881
-0.051137
-0.025081
-0.047850
-0.028577
-0.045789
-0.031615
-0.044700
-0.034369
-0.044386
-0.036956
-0.044692
-0.039454
-0.045492
-0.041909
-0.046682
-0.044344
-0.048171
-0.046766
-0.049881
-0.049166
-0.051743
-0.051530
-0.053694
-0.053837
-0.055678
-0.056064
-0.057649
-0.058189
-0.059564
-0.060193
-0.061391
-0.062058
-0.063105
-0.063774
-0.064688
-0.065334
-0.066131
-0.066736
-0.067429
-0.067985
-0.068584
-0.069085
-0.069602
-0.070048
-0.070491
-0.070885
-0.071262
-0.071609
-0.071927
-0.072232
-0.072498
-0.072768
-0.072988
-0.073230
-0.073406
-0.073628
-0.073764
-0.073973
-0.074070
-0.074276
-0.074332
-0.074544
-0.074557
-0.074785
-0.074749
-0.075008
-0.074914
-0.075217
-0.075055
-0.075419
-0.075175
-0.075619
-0.075274
-0.075825
-0.075354
-0.076041
-0.075413
-0.076274
-0.075451
-0.076533
-0.075465
-0.076824
-0.075449
-0.077160
-0.075397
-0.077553
-0.075300
-0.078018
-0.075143
-0.078577
-0.074911
-0.079256
-0.074578
-0.080089
-0.070397
-0.008541
-0.061163
-0.015080
-0.054463
-0.020177
-0.049732
-0.024285
-0.046546
-0.027735
-0.044580
-0.030762
-0.043586
-0.033535
-0.043372
-0.036166
-0.043784
-0.038729
-0.044697
-0.041269
-0.046008
-0.043803
-0.047625
-0.046336
-0.049467
-0.048856
-0.051464
-0.051344
-0.053549
-0.053776
-0.055663
-0.056125
-0.057757
-0.058365
-0.059786
-0.060474
-0.061715
-0.062432
-0.063517
-0.064227
-0.065173
-0.065851
-0.066674
-0.067304
-0.068015
-0.068588
-0.069199
-0.069711
-0.070234
-0.070685
-0.071129
-0.071523
-0.071896
-0.072239
-0.072551
-0.072847
-0.073105
-0.073364
-0.073572
-0.073801
-0.073965
-0.074171
-0.074294
-0.074487
-0.074570
-0.074759
-0.074802
-0.074995
-0.074995
-0.075205
-0.075156
-0.075395
-0.075291
-0.075572
-0.075402
-0.075742
-0.075493
-0.075912
-0.075565
-0.076087
-0.075618
-0.076273
-0.075654
-0.076477
-0.075669
-0.076706
-0.075662
-0.076968
-0.075628
-0.077274
-0.075561
-0.077635
-0.075452
-0.078067
-0.075288
-0.078589
-0.075053
-0.079225
-0.074724
-0.080008
-0.069857
-0.008594
-0.060739
-0.015164
-0.054146
-0.020280
-0.049508
-0.024400
-0.046400
-0.027858
-0.044498
-0.030891
-0.043556
-0.033668
-0.043382
-0.036303
-0.043827
-0.038869
-0.044766
-0.041410
-0.046095
-0.043945
-0.047724
-0.046476
-0.049574
-0.048991
-0.051573
-0.051471
-0.053654
-0.053892
-0.055760
-0.056225
-0.057840
-0.058445
-0.059849
-0.060529
-0.061752
-0.062459
-0.063525
-0.064221
-0.065149
-0.065811
-0.066615
-0.067228
-0.067921
-0.068477
-0.069071
-0.069567
-0.070073
-0.070510
-0.070939
-0.071320
-0.071681
-0.072012
-0.072314
-0.072602
-0.072852
-0.073104
-0.073307
-0.073531
-0.073692
-0.073896
-0.074019
-0.074210
-0.074295
-0.074484
-0.074530
-0.074725
-0.074730
-0.074942
-0.074901
-0.075141
-0.075046
-0.075329
-0.075169
-0.075511
-0.075273
-0.075693
-0.075359
-0.075881
-0.075427
-0.076080
-0.075477
-0.076296
-0.075508
-0.076536
-0.075515
-0.076810
-0.075495
-0.077125
-0.075442
-0.077496
-0.075346
-0.077936
-0.075194
-0.078467
-0.074970
-0.079111
-0.074650
-0.079902
-0.067851
-0.008280
-0.058957
-0.014631
-0.052534
-0.019602
-0.048037
-0.023634
-0.045050
-0.027047
-0.043262
-0.030071
-0.042431
-0.032870
-0.042371
-0.035552
-0.042934
-0.038189
-0.043997
-0.040818
-0.045458
-0.043458
-0.047224
-0.046105
-0.049214
-0.048745
-0.051354
-0.051354
-0.053574
-0.053901
-0.055813
-0.056356
-0.058016
-0.058689
-0.060136
-0.060873
-0.062135
-0.062888
-0.063987
-0.064720
-0.065674
-0.066363
-0.067186
-0.067817
-0.068522
-0.069089
-0.069689
-0.070188
-0.070695
-0.071130
-0.071555
-0.071931
-0.072284
-0.072606
-0.072898
-0.073174
-0.073411
-0.073650
-0.073840
-0.074049
-0.074196
-0.074384
-0.074493
-0.074668
-0.074739
-0.074910
-0.074943
-0.075120
-0.075113
-0.075306
-0.075255
-0.075476
-0.075372
-0.075634
-0.075469
-0.075788
-0.075547
-0.075942
-0.075609
-0.076102
-0.075655
-0.076274
-0.075684
-0.076463
-0.075695
-0.076676
-0.075685
-0.076922
-0.075650
-0.077210
-0.075584
-0.077550
-0.075479
-0.077959
-0.075322
-0.078453
-0.075098
-0.079057
-0.074785
-0.079800
-0.066718
-0.008242
-0.058006
-0.014562
-0.051742
-0.019510
-0.047380
-0.023528
-0.044508
-0.026936
-0.042817
-0.029963
-0.042070
-0.032771
-0.042083
-0.035468
-0.042710
-0.038125
-0.043833
-0.040779
-0.045347
-0.043445
-0.047163
-0.046121
-0.049198
-0.048790
-0.051379
-0.051425
-0.053633
-0.053996
-0.055900
-0.056468
-0.058121
-0.058811
-0.060251
-0.060997
-0.062252
-0.063006
-0.064096
-0.064825
-0.065766
-0.066447
-0.067255
-0.067875
-0.068564
-0.069116
-0.069700
-0.070184
-0.070674
-0.071094
-0.071503
-0.071863
-0.072202
-0.072510
-0.072789
-0.073053
-0.073279
-0.073507
-0.073688
-0.073889
-0.074030
-0.074211
-0.074315
-0.074485
-0.074554
-0.074721
-0.074755
-0.074929
-0.074925
-0.075115
-0.075068
-0.075286
-0.075190
-0.075448
-0.075293
-0.075607
-0.075379
-0.075767
-0.075449
-0.075934
-0.075504
-0.076112
-0.075544
-0.076307
-0.075566
-0.076527
-0.075567
-0.076777
-0.075544
-0.077069
-0.075489
-0.077412
-0.075396
-0.077821
-0.075250
-0.078315
-0.075038
-0.078917
-0.074736
-0.079656
-0.064481
-0.007928
-0.056034
-0.014029
-0.049977
-0.018830
-0.045786
-0.022758
-0.043062
-0.026121
-0.041507
-0.029142
-0.040890
-0.031975
-0.041035
-0.034726
-0.041798
-0.037460
-0.043061
-0.040213
-0.044723
-0.042995
-0.046692
-0.045800
-0.048884
-0.048606
-0.051220
-0.051381
-0.053626
-0.054088
-0.056035
-0.056689
-0.058387
-0.059149
-0.060631
-0.061435
-0.062726
-0.063525
-0.064644
-0.065406
-0.066367
-0.067070
-0.067891
-0.068522
-0.069216
-0.069772
-0.070354
-0.070835
-0.071318
-0.071730
-0.072128
-0.072476
-0.072801
-0.073094
-0.073357
-0.073605
-0.073815
-0.074026
-0.074190
-0.074373
-0.074497
-0.074660
-0.074749
-0.074900
-0.074955
-0.075104
-0.075125
-0.075280
-0.075265
-0.075436
-0.075380
-0.075578
-0.075475
-0.075712
-0.075553
-0.075844
-0.075616
-0.075978
-0.075665
-0.076119
-0.075700
-0.076272
-0.075721
-0.076443
-0.075726
-0.076637
-0.075713
-0.076862
-0.075677
-0.077126
-0.075613
-0.077441
-0.075513
-0.077819
-0.075365
-0.078277
-0.075155
-0.078838
-0.074863
-0.079530
-0.062805
-0.007809
-0.054603
-0.013822
-0.048753
-0.018562
-0.044736
-0.022452
-0.042159
-0.025797
-0.040730
-0.028815
-0.040225
-0.031660
-0.040470
-0.034435
-0.041327
-0.037205
-0.042679
-0.040002
-0.044426
-0.042836
-0.046479
-0.045698
-0.048752
-0.048564
-0.051164
-0.051398
-0.053641
-0.054161
-0.056112
-0.056811
-0.058514
-0.059309
-0.060795
-0.061622
-0.062915
-0.063727
-0.064843
-0.065609
-0.066564
-0.067263
-0.068074
-0.068696
-0.069376
-0.069919
-0.070485
-0.070950
-0.071416
-0.071810
-0.072191
-0.072522
-0.072830
-0.073107
-0.073354
-0.073587
-0.073782
-0.073979
-0.074132
-0.074303
-0.074418
-0.074570
-0.074652
-0.074795
-0.074845
-0.074986
-0.075005
-0.075153
-0.075138
-0.075303
-0.075250
-0.075441
-0.075344
-0.075574
-0.075424
-0.075705
-0.075489
-0.075840
-0.075543
-0.075982
-0.075584
-0.076137
-0.075611
-0.076309
-0.075624
-0.076504
-0.075620
-0.076728
-0.075593
-0.076991
-0.075539
-0.077302
-0.075449
-0.077674
-0.075312
-0.078125
-0.075115
-0.078675
-0.074836
-0.079353
-0.060285
-0.007484
-0.052393
-0.013268
-0.046791
-0.017855
-0.042978
-0.021651
-0.040578
-0.024950
-0.039309
-0.027963
-0.038957
-0.030838
-0.039354
-0.033675
-0.040367
-0.036533
-0.041882
-0.039444
-0.043799
-0.042411
-0.046028
-0.045421
-0.048480
-0.048443
-0.051071
-0.051436
-0.053720
-0.054354
-0.056352
-0.057147
-0.058898
-0.059771
-0.061300
-0.062188
-0.063516
-0.064373
-0.065515
-0.066310
-0.067281
-0.067996
-0.068811
-0.069438
-0.070115
-0.070653
-0.071208
-0.071661
-0.072111
-0.072489
-0.072850
-0.073161
-0.073448
-0.073703
-0.073928
-0.074138
-0.074312
-0.074487
-0.074618
-0.074767
-0.074863
-0.074994
-0.075058
-0.075180
-0.075215
-0.075336
-0.075341
-0.075470
-0.075444
-0.075589
-0.075528
-0.075698
-0.075596
-0.075804
-0.075652
-0.075909
-0.075696
-0.076019
-0.075729
-0.076137
-0.075752
-0.076268
-0.075764
-0.076416
-0.075762
-0.076587
-0.075745
-0.076787
-0.075709
-0.077023
-0.075647
-0.077306
-0.075553
-0.077648
-0.075416
-0.078063
-0.075223
-0.078572
-0.074956
-0.079201
-0.058099
-0.007292
-0.050513
-0.012935
-0.045163
-0.017425
-0.041560
-0.021159
-0.039337
-0.024425
-0.038220
-0.027429
-0.038004
-0.030317
-0.038525
-0.033184
-0.039656
-0.036090
-0.041287
-0.039063
-0.043320
-0.042106
-0.045664
-0.045201
-0.048232
-0.048313
-0.050935
-0.051399
-0.053690
-0.054404
-0.056417
-0.057277
-0.059045
-0.059967
-0.061512
-0.062436
-0.063774
-0.064654
-0.065799
-0.066605
-0.067574
-0.068290
-0.069097
-0.069717
-0.070380
-0.070905
-0.071443
-0.071880
-0.072311
-0.072669
-0.073010
-0.073302
-0.073568
-0.073805
-0.074011
-0.074203
-0.074360
-0.074518
-0.074635
-0.074769
-0.074853
-0.074971
-0.075025
-0.075136
-0.075164
-0.075274
-0.075276
-0.075394
-0.075368
-0.075503
-0.075444
-0.075604
-0.075507
-0.075703
-0.075560
-0.075804
-0.075603
-0.075911
-0.075638
-0.076026
-0.075664
-0.076155
-0.075679
-0.076300
-0.075683
-0.076467
-0.075672
-0.076662
-0.075643
-0.076892
-0.075590
-0.077167
-0.075505
-0.077497
-0.075380
-0.077898
-0.075200
-0.078389
-0.074947
-0.078995
-0.055259
-0.006947
-0.048034
-0.012346
-0.042973
-0.016671
-0.039608
-0.020303
-0.037590
-0.023520
-0.036659
-0.026520
-0.036619
-0.029444
-0.037316
-0.032383
-0.038627
-0.035393
-0.040446
-0.038498
-0.042677
-0.041697
-0.045228
-0.044966
-0.048006
-0.048264
-0.050920
-0.051536
-0.053878
-0.054723
-0.056792
-0.057761
-0.059583
-0.060593
-0.062185
-0.063174
-0.064548
-0.065472
-0.066640
-0.067472
-0.068449
-0.069174
-0.069977
-0.070592
-0.071242
-0.071751
-0.072267
-0.072681
-0.073085
-0.073416
-0.073727
-0.073989
-0.074225
-0.074431
-0.074607
-0.074769
-0.074897
-0.075027
-0.075118
-0.075225
-0.075285
-0.075379
-0.075413
-0.075500
-0.075510
-0.075599
-0.075586
-0.075684
-0.075646
-0.075760
-0.075693
-0.075832
-0.075730
-0.075904
-0.075760
-0.075980
-0.075783
-0.076062
-0.075800
-0.076155
-0.075809
-0.076260
-0.075810
-0.076383
-0.075801
-0.076527
-0.075780
-0.076698
-0.075743
-0.076903
-0.075684
-0.077149
-0.075598
-0.077448
-0.075474
-0.077813
-0.075301
-0.078262
-0.075062
-0.078818
-0.052586
-0.006685
-0.045725
-0.011893
-0.040961
-0.016086
-0.037839
-0.019632
-0.036024
-0.022799
-0.035268
-0.025782
-0.035383
-0.028715
-0.036224
-0.031689
-0.037675
-0.034757
-0.039635
-0.037941
-0.042009
-0.041238
-0.044707
-0.044619
-0.047635
-0.048040
-0.050698
-0.051438
-0.053799
-0.054748
-0.056844
-0.057898
-0.059750
-0.060826
-0.062445
-0.063482
-0.064875
-0.065830
-0.067009
-0.067856
-0.068835
-0.069562
-0.070359
-0.070966
-0.071602
-0.072096
-0.072594
-0.072988
-0.073370
-0.073679
-0.073967
-0.074207
-0.074420
-0.074603
-0.074758
-0.074899
-0.075008
-0.075119
-0.075193
-0.075283
-0.075329
-0.075407
-0.075429
-0.075503
-0.075505
-0.075581
-0.075563
-0.075648
-0.075608
-0.075710
-0.075644
-0.075771
-0.075674
-0.075833
-0.075699
-0.075902
-0.075718
-0.075978
-0.075734
-0.076064
-0.075743
-0.076164
-0.075746
-0.076280
-0.075741
-0.076418
-0.075724
-0.076580
-0.075693
-0.076775
-0.075641
-0.077009
-0.075564
-0.077292
-0.075451
-0.077638
-0.075292
-0.078062
-0.075070
-0.078588
-0.049398
-0.006312
-0.042952
-0.011255
-0.038518
-0.015268
-0.035669
-0.018702
-0.034088
-0.021816
-0.033542
-0.024795
-0.033857
-0.027769
-0.034899
-0.030826
-0.036556
-0.034015
-0.038734
-0.037356
-0.041340
-0.040839
-0.044283
-0.044430
-0.047464
-0.048074
-0.050780
-0.051700
-0.054124
-0.055227
-0.057393
-0.058574
-0.060491
-0.061667
-0.063339
-0.064447
-0.065878
-0.066877
-0.068075
-0.068942
-0.069921
-0.070647
-0.071429
-0.072019
-0.072627
-0.073092
-0.073554
-0.073911
-0.074252
-0.074520
-0.074765
-0.074962
-0.075132
-0.075275
-0.075389
-0.075492
-0.075565
-0.075640
-0.075681
-0.075739
-0.075757
-0.075806
-0.075804
-0.075852
-0.075834
-0.075886
-0.075852
-0.075915
-0.075863
-0.075943
-0.075869
-0.075973
-0.075873
-0.076009
-0.075875
-0.076052
-0.075875
-0.076105
-0.075873
-0.076169
-0.075868
-0.076247
-0.075858
-0.076342
-0.075842
-0.076457
-0.075817
-0.076596
-0.075779
-0.076765
-0.075724
-0.076970
-0.075646
-0.077222
-0.075537
-0.077531
-0.075387
-0.077912
-0.075181
-0.078386
-0.046254
-0.005984
-0.040230
-0.010687
-0.036135
-0.014531
-0.033559
-0.017852
-0.032204
-0.020898
-0.031851
-0.023847
-0.032337
-0.026825
-0.033538
-0.029917
-0.035353
-0.033172
-0.037692
-0.036606
-0.040468
-0.040209
-0.043589
-0.043941
-0.046956
-0.047742
-0.050460
-0.051532
-0.053989
-0.055221
-0.057430
-0.058717
-0.060679
-0.061938
-0.063649
-0.064817
-0.066277
-0.067315
-0.068529
-0.069415
-0.070398
-0.071127
-0.071901
-0.072481
-0.073073
-0.073519
-0.073958
-0.074292
-0.074607
-0.074849
-0.075067
-0.075238
-0.075382
-0.075500
-0.075590
-0.075669
-0.075720
-0.075774
-0.075796
-0.075836
-0.075837
-0.075870
-0.075856
-0.075888
-0.075861
-0.075899
-0.075859
-0.075908
-0.075853
-0.075920
-0.075847
-0.075937
-0.075841
-0.075961
-0.075836
-0.075994
-0.075832
-0.076038
-0.075827
-0.076094
-0.075820
-0.076164
-0.075811
-0.076250
-0.075796
-0.076356
-0.075774
-0.076484
-0.075741
-0.076640
-0.075693
-0.076829
-0.075624
-0.077061
-0.075526
-0.077346
-0.075390
-0.077698
-0.075203
-0.078135
-0.042704
-0.005577
-0.037147
-0.009990
-0.033425
-0.013635
-0.031156
-0.016832
-0.030061
-0.019817
-0.029942
-0.022760
-0.030651
-0.025784
-0.032075
-0.028971
-0.034125
-0.032367
-0.036716
-0.035987
-0.039765
-0.039814
-0.043179
-0.043803
-0.046852
-0.047879
-0.050666
-0.051950
-0.054494
-0.055908
-0.058208
-0.059644
-0.061688
-0.063061
-0.064835
-0.066082
-0.067581
-0.068661
-0.069890
-0.070786
-0.071759
-0.072472
-0.073217
-0.073761
-0.074308
-0.074705
-0.075090
-0.075367
-0.075624
-0.075807
-0.075966
-0.076079
-0.076167
-0.076230
-0.076268
-0.076299
-0.076303
-0.076314
-0.076296
-0.076297
-0.076265
-0.076263
-0.076222
-0.076224
-0.076175
-0.076186
-0.076129
-0.076154
-0.076087
-0.076130
-0.076050
-0.076117
-0.076019
-0.076114
-0.075992
-0.076123
-0.075968
-0.076144
-0.075947
-0.076178
-0.075927
-0.076227
-0.075906
-0.076292
-0.075883
-0.076376
-0.075853
-0.076481
-0.075816
-0.076611
-0.075765
-0.076773
-0.075697
-0.076973
-0.075605
-0.077221
-0.075480
-0.077528
-0.075309
-0.077911
-0.039102
-0.005184
-0.034026
-0.009308
-0.030681
-0.012746
-0.028712
-0.015801
-0.027861
-0.018694
-0.027946
-0.021591
-0.028836
-0.024608
-0.030430
-0.027826
-0.032650
-0.031291
-0.035419
-0.035017
-0.038661
-0.038984
-0.042284
-0.043144
-0.046182
-0.047416
-0.050230
-0.051695
-0.054291
-0.055861
-0.058224
-0.059791
-0.061898
-0.063372
-0.065201
-0.066520
-0.068059
-0.069184
-0.070433
-0.071350
-0.072327
-0.073040
-0.073774
-0.074303
-0.074828
-0.075201
-0.075558
-0.075806
-0.076031
-0.076183
-0.076310
-0.076393
-0.076451
-0.076486
-0.076497
-0.076503
-0.076483
-0.076471
-0.076434
-0.076415
-0.076366
-0.076348
-0.076293
-0.076280
-0.076221
-0.076218
-0.076155
-0.076166
-0.076096
-0.076125
-0.076046
-0.076097
-0.076004
-0.076082
-0.075969
-0.076080
-0.075940
-0.076091
-0.075915
-0.076116
-0.075893
-0.076155
-0.075871
-0.076209
-0.075849
-0.076281
-0.075822
-0.076373
-0.075788
-0.076488
-0.075744
-0.076631
-0.075685
-0.076809
-0.075604
-0.077028
-0.075494
-0.077302
-0.075343
-0.077643
-0.035181
-0.004739
-0.030626
-0.008542
-0.027696
-0.011759
-0.026063
-0.014674
-0.025497
-0.017496
-0.025837
-0.020383
-0.026968
-0.023449
-0.028809
-0.026774
-0.031292
-0.030404
-0.034351
-0.034350
-0.037914
-0.038590
-0.041889
-0.043065
-0.046161
-0.047681
-0.050594
-0.052314
-0.055029
-0.056819
-0.059302
-0.061048
-0.063260
-0.064868
-0.066775
-0.068179
-0.069760
-0.070923
-0.072179
-0.073092
-0.074044
-0.074719
-0.075402
-0.075870
-0.076326
-0.076624
-0.076902
-0.077068
-0.077211
-0.077282
-0.077330
-0.077336
-0.077320
-0.077285
-0.077230
-0.077174
-0.077098
-0.077033
-0.076947
-0.076883
-0.076795
-0.076738
-0.076651
-0.076605
-0.076521
-0.076490
-0.076408
-0.076393
-0.076311
-0.076316
-0.076229
-0.076256
-0.076161
-0.076214
-0.076105
-0.076188
-0.076058
-0.076177
-0.076018
-0.076181
-0.075983
-0.076200
-0.075952
-0.076234
-0.075921
-0.076285
-0.075889
-0.076354
-0.075852
-0.076444
-0.075807
-0.076559
-0.075750
-0.076704
-0.075676
-0.076886
-0.075578
-0.077114
-0.075447
-0.077401
-0.031137
-0.004280
-0.027117
-0.007745
-0.024601
-0.010716
-0.023290
-0.013454
-0.022979
-0.016157
-0.023528
-0.018974
-0.024842
-0.022016
-0.026855
-0.025361
-0.029512
-0.029057
-0.032761
-0.033116
-0.036537
-0.037517
-0.040753
-0.042196
-0.045293
-0.047053
-0.050012
-0.051947
-0.054740
-0.056718
-0.059292
-0.061195
-0.063496
-0.065226
-0.067206
-0.068696
-0.070328
-0.071540
-0.072822
-0.073752
-0.074706
-0.075374
-0.076040
-0.076483
-0.076910
-0.077174
-0.077415
-0.077543
-0.077648
-0.077681
-0.077692
-0.077663
-0.077614
-0.077549
-0.077464
-0.077382
-0.077281
-0.077193
-0.077087
-0.077004
-0.076900
-0.076826
-0.076727
-0.076666
-0.076574
-0.076529
-0.076441
-0.076413
-0.076329
-0.076319
-0.076235
-0.076246
-0.076157
-0.076191
-0.076093
-0.076154
-0.076040
-0.076133
-0.075996
-0.076126
-0.075959
-0.076135
-0.075926
-0.076157
-0.075896
-0.076195
-0.075866
-0.076250
-0.075832
-0.076322
-0.075794
-0.076417
-0.075745
-0.076537
-0.075683
-0.076688
-0.075601
-0.076879
-0.075490
-0.077119
-0.026847
-0.003793
-0.023402
-0.006904
-0.021338
-0.009628
-0.020391
-0.012206
-0.020384
-0.014823
-0.021202
-0.017622
-0.022774
-0.020714
-0.025052
-0.024176
-0.028000
-0.028060
-0.031578
-0.032380
-0.035730
-0.037112
-0.040371
-0.042184
-0.045375
-0.047476
-0.050578
-0.052823
-0.055781
-0.058029
-0.060767
-0.062889
-0.065328
-0.067217
-0.069293
-0.070875
-0.072553
-0.073793
-0.075070
-0.075973
-0.076877
-0.077476
-0.078060
-0.078406
-0.078730
-0.078882
-0.079012
-0.079025
-0.079019
-0.078942
-0.078848
-0.078719
-0.078575
-0.078422
-0.078255
-0.078098
-0.077927
-0.077777
-0.077614
-0.077478
-0.077328
-0.077211
-0.077076
-0.076979
-0.076860
-0.076784
-0.076676
-0.076621
-0.076524
-0.076489
-0.076398
-0.076384
-0.076294
-0.076303
-0.076209
-0.076243
-0.076140
-0.076201
-0.076082
-0.076175
-0.076034
-0.076164
-0.075993
-0.076167
-0.075956
-0.076185
-0.075921
-0.076217
-0.075886
-0.076265
-0.075848
-0.076331
-0.075803
-0.076419
-0.075749
-0.076532
-0.075680
-0.076677
-0.075590
-0.076861
-0.022380
-0.003270
-0.019524
-0.005991
-0.017905
-0.008424
-0.017295
-0.010788
-0.017546
-0.013252
-0.018569
-0.015950
-0.020314
-0.018990
-0.022754
-0.022452
-0.025870
-0.026390
-0.029640
-0.030825
-0.034020
-0.035734
-0.038933
-0.041045
-0.044253
-0.046631
-0.049808
-0.052308
-0.055379
-0.057856
-0.060722
-0.063036
-0.065598
-0.067635
-0.069810
-0.071490
-0.073232
-0.074524
-0.075828
-0.076741
-0.077641
-0.078218
-0.078774
-0.079079
-0.079362
-0.079465
-0.079547
-0.079510
-0.079457
-0.079334
-0.079197
-0.079029
-0.078848
-0.078663
-0.078466
-0.078282
-0.078088
-0.077916
-0.077734
-0.077582
-0.077417
-0.077286
-0.077141
-0.077032
-0.076905
-0.076817
-0.076706
-0.076639
-0.076541
-0.076493
-0.076405
-0.076377
-0.076293
-0.076285
-0.076202
-0.076214
-0.076128
-0.076161
-0.076067
-0.076125
-0.076016
-0.076103
-0.075974
-0.076095
-0.075938
-0.076099
-0.075905
-0.076115
-0.075873
-0.076145
-0.075840
-0.076189
-0.075805
-0.076250
-0.075762
-0.076331
-0.075709
-0.076435
-0.075642
-0.076570
-0.017735
-0.002739
-0.015504
-0.005069
-0.014371
-0.007226
-0.014145
-0.009405
-0.014712
-0.011764
-0.016013
-0.014430
-0.018023
-0.017514
-0.020741
-0.021100
-0.024172
-0.025250
-0.028312
-0.029990
-0.033131
-0.035301
-0.038556
-0.041102
-0.044454
-0.047244
-0.050627
-0.053511
-0.056815
-0.059630
-0.062723
-0.065310
-0.068059
-0.070285
-0.072583
-0.074361
-0.076150
-0.077451
-0.078730
-0.079578
-0.080393
-0.080852
-0.081281
-0.081437
-0.081571
-0.081513
-0.081440
-0.081245
-0.081042
-0.080773
-0.080500
-0.080204
-0.079904
-0.079610
-0.079313
-0.079038
-0.078762
-0.078517
-0.078269
-0.078057
-0.077841
-0.077662
-0.077477
-0.077329
-0.077173
-0.077053
-0.076921
-0.076827
-0.076715
-0.076643
-0.076547
-0.076495
-0.076411
-0.076377
-0.076301
-0.076285
-0.076211
-0.076213
-0.076138
-0.076158
-0.076078
-0.076118
-0.076028
-0.076091
-0.075987
-0.076076
-0.075950
-0.076071
-0.075918
-0.076077
-0.075887
-0.076093
-0.075856
-0.076122
-0.075822
-0.076164
-0.075784
-0.076222
-0.075738
-0.076301
-0.012874
-0.002152
-0.011279
-0.004038
-0.010616
-0.005858
-0.010734
-0.007779
-0.011553
-0.009942
-0.013041
-0.012466
-0.015201
-0.015458
-0.018055
-0.019009
-0.021633
-0.023188
-0.025953
-0.028033
-0.031005
-0.033532
-0.036731
-0.039610
-0.043001
-0.046111
-0.049607
-0.052797
-0.056265
-0.059360
-0.062635
-0.065462
-0.068380
-0.070789
-0.073218
-0.075111
-0.076980
-0.078328
-0.079633
-0.080473
-0.081269
-0.081683
-0.082064
-0.082155
-0.082228
-0.082098
-0.081963
-0.081702
-0.081442
-0.081118
-0.080797
-0.080457
-0.080119
-0.079792
-0.079466
-0.079168
-0.078870
-0.078608
-0.078345
-0.078121
-0.077894
-0.077705
-0.077514
-0.077357
-0.077198
-0.077069
-0.076937
-0.076833
-0.076723
-0.076640
-0.076549
-0.076483
-0.076408
-0.076357
-0.076293
-0.076256
-0.076200
-0.076175
-0.076125
-0.076111
-0.076063
-0.076061
-0.076013
-0.076022
-0.075972
-0.075992
-0.075938
-0.075972
-0.075909
-0.075958
-0.075884
-0.075952
-0.075862
-0.075953
-0.075840
-0.075961
-0.075819
-0.075978
-0.075795
-0.076005
-0.007900
-0.001574
-0.006976
-0.003033
-0.006826
-0.004543
-0.007341
-0.006250
-0.008478
-0.008280
-0.010241
-0.010750
-0.012662
-0.013772
-0.015797
-0.017446
-0.019705
-0.021855
-0.024432
-0.027053
-0.029992
-0.033036
-0.036337
-0.039727
-0.043332
-0.046947
-0.050739
-0.054413
-0.058213
-0.061743
-0.065338
-0.068513
-0.071689
-0.074328
-0.076916
-0.078909
-0.080822
-0.082146
-0.083389
-0.084104
-0.084758
-0.084981
-0.085169
-0.085036
-0.084895
-0.084537
-0.084188
-0.083713
-0.083256
-0.082742
-0.082248
-0.081747
-0.081263
-0.080804
-0.080359
-0.079955
-0.079561
-0.079216
-0.078878
-0.078588
-0.078305
-0.078065
-0.077831
-0.077634
-0.077444
-0.077282
-0.077129
-0.076997
-0.076875
-0.076767
-0.076671
-0.076581
-0.076506
-0.076431
-0.076374
-0.076310
-0.076267
-0.076211
-0.076181
-0.076130
-0.076112
-0.076063
-0.076056
-0.076007
-0.076011
-0.075959
-0.075975
-0.075918
-0.075946
-0.075881
-0.075924
-0.075848
-0.075907
-0.075817
-0.075895
-0.075787
-0.075889
-0.075757
-0.075887
-0.075727
-0.002686
-0.000924
-0.002440
-0.001885
-0.002775
-0.003008
-0.003630
-0.004406
-0.004999
-0.006187
-0.006916
-0.008460
-0.009446
-0.011334
-0.012671
-0.014918
-0.016681
-0.019312
-0.021555
-0.024585
-0.027336
-0.030757
-0.034003
-0.037761
-0.041432
-0.045420
-0.049378
-0.053425
-0.057461
-0.061346
-0.065203
-0.068685
-0.072102
-0.074969
-0.077736
-0.079860
-0.081869
-0.083227
-0.084486
-0.085159
-0.085769
-0.085903
-0.086013
-0.085774
-0.085543
-0.085084
-0.084652
-0.084091
-0.083565
-0.082986
-0.082440
-0.081893
-0.081373
-0.080884
-0.080415
-0.079993
-0.079585
-0.079229
-0.078884
-0.078589
-0.078302
-0.078058
-0.077824
-0.077624
-0.077435
-0.077270
-0.077120
-0.076983
-0.076866
-0.076750
-0.076661
-0.076560
-0.076496
-0.076406
-0.076362
-0.076278
-0.076255
-0.076173
-0.076168
-0.076083
-0.076099
-0.076007
-0.076043
-0.075939
-0.075999
-0.075878
-0.075965
-0.075821
-0.075940
-0.075765
-0.075924
-0.075708
-0.075916
-0.075649
-0.075917
-0.075585
-0.075927
-0.075513
-0.075949
-0.075430
0.002576
-0.000302
0.002111
-0.000796
0.001245
-0.001573
-0.000009
-0.002720
-0.001687
-0.004334
-0.003861
-0.006520
-0.006633
-0.009396
-0.010124
-0.013088
-0.014464
-0.017720
-0.019772
-0.023389
-0.026130
-0.030136
-0.033540
-0.037906
-0.041885
-0.046502
-0.050881
-0.055555
-0.060070
-0.064529
-0.068846
-0.072788
-0.076567
-0.079724
-0.082697
-0.084916
-0.086956
-0.088228
-0.089363
-0.089813
-0.090189
-0.090020
-0.089839
-0.089270
-0.088734
-0.087955
-0.087234
-0.086387
-0.085606
-0.084785
-0.084024
-0.083280
-0.082585
-0.081940
-0.081333
-0.080790
-0.080275
-0.079827
-0.079400
-0.079035
-0.078688
-0.078392
-0.078113
-0.077873
-0.077653
-0.077456
-0.077285
-0.077122
-0.076993
-0.076854
-0.076760
-0.076637
-0.076574
-0.076461
-0.076425
-0.076315
-0.076306
-0.076194
-0.076211
-0.076089
-0.076135
-0.075998
-0.076075
-0.075915
-0.076029
-0.075836
-0.075994
-0.075760
-0.075970
-0.075682
-0.075957
-0.075599
-0.075956
-0.075509
-0.075967
-0.075407
-0.075993
-0.075289
-0.076037
-0.075151
0.008087
0.000409
0.006913
0.000466
0.005555
0.000129
0.003977
-0.000653
0.002103
-0.001954
-0.000175
-0.003870
-0.002989
-0.006520
-0.006496
-0.010043
-0.010863
-0.014583
-0.016252
-0.020270
-0.022790
-0.027182
-0.030525
-0.035294
-0.039370
-0.044425
-0.049043
-0.054184
-0.059042
-0.063966
-0.068669
-0.073020
-0.077149
-0.080603
-0.083823
-0.086189
-0.088341
-0.089615
-0.090738
-0.091084
-0.091365
-0.091037
-0.090725
-0.089988
-0.089322
-0.088398
-0.087569
-0.086612
-0.085751
-0.084857
-0.084043
-0.083256
-0.082531
-0.081866
-0.081244
-0.080696
-0.080177
-0.079731
-0.079307
-0.078948
-0.078607
-0.078317
-0.078046
-0.077811
-0.077599
-0.077405
-0.077243
-0.077079
-0.076960
-0.076816
-0.076733
-0.076602
-0.076552
-0.076426
-0.076406
-0.076278
-0.076289
-0.076152
-0.076196
-0.076042
-0.076121
-0.075942
-0.076062
-0.075848
-0.076018
-0.075757
-0.075986
-0.075665
-0.075966
-0.075568
-0.075960
-0.075463
-0.075967
-0.075344
-0.075990
-0.075208
-0.076033
-0.075048
-0.076100
-0.074857
0.013575
0.001073
0.011662
0.001636
0.009766
0.001684
0.007799
0.001194
0.005640
0.000106
0.003141
-0.001676
0.000125
-0.004282
-0.003609
-0.007876
-0.008279
-0.012639
-0.014106
-0.018748
-0.021279
-0.026329
-0.029897
-0.035391
-0.039897
-0.045748
-0.050968
-0.056940
-0.062497
-0.068208
-0.073588
-0.078570
-0.083222
-0.087052
-0.090542
-0.092983
-0.095127
-0.096204
-0.097091
-0.097051
-0.096953
-0.096150
-0.095401
-0.094180
-0.093085
-0.091719
-0.090506
-0.089175
-0.087991
-0.086795
-0.085722
-0.084701
-0.083773
-0.082930
-0.082154
-0.081473
-0.080839
-0.080297
-0.079787
-0.079357
-0.078954
-0.078612
-0.078298
-0.078024
-0.077782
-0.077559
-0.077377
-0.077190
-0.077059
-0.076895
-0.076808
-0.076657
-0.076609
-0.076462
-0.076451
-0.076299
-0.076326
-0.076160
-0.076226
-0.076037
-0.076147
-0.075924
-0.076085
-0.075816
-0.076039
-0.075709
-0.076007
-0.075599
-0.075990
-0.075481
-0.075987
-0.075351
-0.076001
-0.075202
-0.076036
-0.075030
-0.076094
-0.074825
-0.076183
-0.074579
0.019308
0.001837
0.016665
0.003002
0.014284
0.003545
0.012023
0.003483
0.009721
0.002783
0.007191
0.001361
0.004226
-0.000914
0.000587
-0.004221
-0.003990
-0.008774
-0.009783
-0.014796
-0.017047
-0.022475
-0.025958
-0.031887
-0.036518
-0.042889
-0.048446
-0.055019
-0.061083
-0.067428
-0.073391
-0.078948
-0.084128
-0.088362
-0.092202
-0.094806
-0.097069
-0.098078
-0.098887
-0.098627
-0.098339
-0.097259
-0.096292
-0.094813
-0.093528
-0.091961
-0.090608
-0.089144
-0.087873
-0.086601
-0.085483
-0.084430
-0.083488
-0.082641
-0.081870
-0.081202
-0.080582
-0.080059
-0.079568
-0.079160
-0.078776
-0.078454
-0.078157
-0.077899
-0.077674
-0.077461
-0.077295
-0.077113
-0.076997
-0.076834
-0.076761
-0.076606
-0.076573
-0.076416
-0.076423
-0.076255
-0.076303
-0.076114
-0.076207
-0.075987
-0.076130
-0.075867
-0.076072
-0.075751
-0.076028
-0.075632
-0.076000
-0.075508
-0.075987
-0.075372
-0.075991
-0.075219
-0.076014
-0.075043
-0.076060
-0.074837
-0.076135
-0.074591
-0.076247
-0.074293
0.024941
0.002538
0.021543
0.004244
0.018631
0.005212
0.016006
0.005490
0.013460
0.005058
0.010765
0.003835
0.007667
0.001676
0.003875
-0.001632
-0.000939
-0.006356
-0.007133
-0.012792
-0.015058
-0.021214
-0.024986
-0.031780
-0.036994
-0.044387
-0.050800
-0.058509
-0.065607
-0.073075
-0.080064
-0.086535
-0.092495
-0.097236
-0.101433
-0.104054
-0.106220
-0.106827
-0.107194
-0.106277
-0.105369
-0.103549
-0.101929
-0.099748
-0.097866
-0.095700
-0.093847
-0.091906
-0.090239
-0.088604
-0.087185
-0.085864
-0.084698
-0.083659
-0.082724
-0.081919
-0.081181
-0.080562
-0.079987
-0.079510
-0.079068
-0.078697
-0.078361
-0.078068
-0.077816
-0.077577
-0.077395
-0.077192
-0.077068
-0.076886
-0.076812
-0.076639
-0.076611
-0.076435
-0.076451
-0.076262
-0.076325
-0.076110
-0.076225
-0.075972
-0.076146
-0.075842
-0.076086
-0.075713
-0.076042
-0.075580
-0.076015
-0.075439
-0.076005
-0.075283
-0.076013
-0.075107
-0.076043
-0.074903
-0.076101
-0.074662
-0.076191
-0.074373
-0.076325
-0.074023
0.030798
0.003346
0.026663
0.005699
0.023286
0.007214
0.020413
0.007986
0.017792
0.008028
0.015164
0.007275
0.012242
0.005583
0.008698
0.002724
0.004155
-0.001608
-0.001815
-0.007777
-0.009662
-0.016157
-0.019780
-0.027024
-0.032378
-0.040388
-0.047266
-0.055770
-0.063628
-0.072005
-0.079909
-0.087239
-0.094030
-0.099361
-0.104066
-0.106858
-0.109118
-0.109507
-0.109650
-0.108294
-0.107022
-0.104727
-0.102751
-0.100176
-0.098023
-0.095588
-0.093566
-0.091471
-0.089722
-0.088023
-0.086582
-0.085255
-0.084104
-0.083091
-0.082190
-0.081426
-0.080729
-0.080154
-0.079619
-0.079184
-0.078778
-0.078443
-0.078138
-0.077873
-0.077648
-0.077429
-0.077269
-0.077080
-0.076975
-0.076799
-0.076743
-0.076570
-0.076559
-0.076377
-0.076412
-0.076210
-0.076295
-0.076060
-0.076201
-0.075920
-0.076127
-0.075785
-0.076071
-0.075649
-0.076031
-0.075506
-0.076008
-0.075351
-0.076002
-0.075179
-0.076017
-0.074981
-0.076056
-0.074751
-0.076125
-0.074478
-0.076232
-0.074149
-0.076387
-0.073749
0.036472
0.004072
0.031584
0.006997
0.027696
0.008976
0.024498
0.010137
0.021694
0.010514
0.018980
0.010046
0.016025
0.008572
0.012447
0.005828
0.007792
0.001438
0.001529
-0.005068
-0.006932
-0.014207
-0.018159
-0.026423
-0.032533
-0.041864
-0.049952
-0.060048
-0.069470
-0.079524
-0.089045
-0.097776
-0.105786
-0.111840
-0.117016
-0.119690
-0.121643
-0.121240
-0.120558
-0.118079
-0.115791
-0.112343
-0.109394
-0.105817
-0.102849
-0.099623
-0.096971
-0.094292
-0.092079
-0.089965
-0.088193
-0.086580
-0.085197
-0.083989
-0.082926
-0.082031
-0.081223
-0.080560
-0.079950
-0.079455
-0.078997
-0.078622
-0.078283
-0.077989
-0.077743
-0.077504
-0.077331
-0.077126
-0.077015
-0.076826
-0.076770
-0.076582
-0.076577
-0.076379
-0.076425
-0.076203
-0.076304
-0.076045
-0.076209
-0.075898
-0.076134
-0.075753
-0.076078
-0.075607
-0.076039
-0.075451
-0.076018
-0.075282
-0.076015
-0.075091
-0.076035
-0.074872
-0.076081
-0.074616
-0.076161
-0.074310
-0.076283
-0.073941
-0.076460
-0.073490
0.042330
0.004909
0.036716
0.008514
0.032398
0.011087
0.029009
0.012809
0.026215
0.013752
0.023685
0.013879
0.021063
0.013042
0.017937
0.010964
0.013807
0.007229
0.008059
0.001280
-0.000025
-0.007545
-0.011206
-0.019896
-0.026106
-0.036158
-0.044862
-0.056038
-0.066615
-0.078040
-0.089058
-0.099174
-0.108571
-0.115556
-0.121498
-0.124318
-0.126245
-0.125297
-0.124062
-0.120733
-0.117753
-0.113503
-0.109981
-0.105822
-0.102484
-0.098917
-0.096083
-0.093252
-0.090988
-0.088848
-0.087103
-0.085532
-0.084214
-0.083080
-0.082094
-0.081281
-0.080548
-0.079962
-0.079419
-0.078991
-0.078590
-0.078268
-0.077975
-0.077723
-0.077514
-0.077305
-0.077163
-0.076977
-0.076892
-0.076714
-0.076680
-0.076496
-0.076511
-0.076310
-0.076376
-0.076144
-0.076268
-0.075992
-0.076181
-0.075845
-0.076112
-0.075698
-0.076061
-0.075545
-0.076027
-0.075381
-0.076010
-0.075199
-0.076013
-0.074993
-0.076039
-0.074755
-0.076093
-0.074474
-0.076184
-0.074137
-0.076321
-0.073731
-0.076519
-0.073233
0.047918
0.005647
0.041570
0.009844
0.036778
0.012912
0.033119
0.015073
0.030216
0.016424
0.027702
0.016939
0.025181
0.016458
0.022192
0.014670
0.018155
0.011078
0.012334
0.004988
0.003816
-0.004484
-0.008441
-0.018291
-0.025411
-0.037160
-0.047545
-0.061000
-0.073991
-0.088044
-0.101735
-0.114171
-0.125586
-0.133679
-0.140236
-0.142612
-0.143747
-0.141237
-0.138441
-0.133169
-0.128511
-0.122476
-0.117522
-0.111962
-0.107547
-0.102979
-0.099390
-0.095886
-0.093116
-0.090538
-0.088461
-0.086612
-0.085078
-0.083769
-0.082642
-0.081719
-0.080894
-0.080238
-0.079635
-0.079162
-0.078722
-0.078372
-0.078054
-0.077783
-0.077559
-0.077337
-0.077187
-0.076991
-0.076904
-0.076716
-0.076684
-0.076490
-0.076512
-0.076297
-0.076375
-0.076127
-0.076266
-0.075969
-0.076179
-0.075816
-0.076112
-0.075662
-0.076062
-0.075501
-0.076029
-0.075326
-0.076015
-0.075131
-0.076022
-0.074909
-0.076053
-0.074651
-0.076115
-0.074346
-0.076216
-0.073980
-0.076367
-0.073536
-0.076585
-0.072992
0.053629
0.006491
0.046586
0.011386
0.041412
0.015083
0.037630
0.017863
0.034831
0.019870
0.032631
0.021117
0.030627
0.021470
0.028343
0.020621
0.025167
0.018047
0.020290
0.012960
0.012644
0.004290
0.000914
-0.009246
-0.016298
-0.028839
-0.039973
-0.054903
-0.069667
-0.085888
-0.102161
-0.117022
-0.130930
-0.140647
-0.148407
-0.150793
-0.151502
-0.147698
-0.143611
-0.136688
-0.130735
-0.123366
-0.117522
-0.111141
-0.106267
-0.101317
-0.097580
-0.093978
-0.091239
-0.088719
-0.086757
-0.085032
-0.083638
-0.082471
-0.081481
-0.080691
-0.079986
-0.079446
-0.078942
-0.078563
-0.078202
-0.077924
-0.077668
-0.077452
-0.077276
-0.077094
-0.076981
-0.076812
-0.076754
-0.076583
-0.076576
-0.076390
-0.076434
-0.076219
-0.076318
-0.076062
-0.076224
-0.075912
-0.076148
-0.075763
-0.076088
-0.075608
-0.076044
-0.075442
-0.076017
-0.075260
-0.076007
-0.075055
-0.076019
-0.074819
-0.076056
-0.074543
-0.076126
-0.074215
-0.076238
-0.073822
-0.076403
-0.073343
-0.076640
-0.072755
0.058983
0.007221
0.051246
0.012711
0.045648
0.016924
0.041661
0.020186
0.038839
0.022675
0.036772
0.024423
0.035032
0.025301
0.033108
0.024980
0.030326
0.022864
0.025750
0.018013
0.018079
0.009057
0.005583
-0.005786
-0.013781
-0.028424
-0.041800
-0.060012
-0.078570
-0.099112
-0.120085
-0.139159
-0.156673
-0.168250
-0.176783
-0.177926
-0.176677
-0.169707
-0.162590
-0.152257
-0.143522
-0.133416
-0.125518
-0.117257
-0.111038
-0.104908
-0.100349
-0.096049
-0.092826
-0.089905
-0.087661
-0.085710
-0.084152
-0.082858
-0.081771
-0.080910
-0.080146
-0.079565
-0.079025
-0.078623
-0.078240
-0.077949
-0.077680
-0.077456
-0.077273
-0.077085
-0.076971
-0.076796
-0.076740
-0.076563
-0.076561
-0.076367
-0.076420
-0.076195
-0.076306
-0.076037
-0.076214
-0.075884
-0.076140
-0.075731
-0.076082
-0.075571
-0.076041
-0.075398
-0.076016
-0.075207
-0.076009
-0.074991
-0.076024
-0.074741
-0.076067
-0.074447
-0.076144
-0.074098
-0.076265
-0.073677
-0.076444
-0.073165
-0.076699
-0.072536
0.064380
0.008044
0.056000
0.014229
0.050077
0.019085
0.046037
0.023005
0.043412
0.026227
0.041792
0.028837
0.040761
0.030756
0.039827
0.031692
0.038322
0.031061
0.035276
0.027858
0.029249
0.020516
0.018174
0.006799
-0.000657
-0.016024
-0.030114
-0.050291
-0.071555
-0.095660
-0.121353
-0.145111
-0.167540
-0.182293
-0.192804
-0.193436
-0.190511
-0.180436
-0.170336
-0.156767
-0.145655
-0.133401
-0.124209
-0.114905
-0.108219
-0.101772
-0.097208
-0.092965
-0.089940
-0.087229
-0.085241
-0.083538
-0.082225
-0.081162
-0.080285
-0.079619
-0.079024
-0.078600
-0.078191
-0.077909
-0.077627
-0.077427
-0.077234
-0.077076
-0.076950
-0.076809
-0.076738
-0.076596
-0.076574
-0.076417
-0.076442
-0.076259
-0.076334
-0.076112
-0.076244
-0.075970
-0.076168
-0.075827
-0.076107
-0.075679
-0.076058
-0.075519
-0.076023
-0.075344
-0.076003
-0.075147
-0.076001
-0.074922
-0.076021
-0.074660
-0.076069
-0.074351
-0.076154
-0.073982
-0.076284
-0.073536
-0.076476
-0.072993
-0.076748
-0.072324
0.069334
0.008741
0.060321
0.015504
0.054037
0.020878
0.049861
0.025307
0.047299
0.029070
0.045930
0.032290
0.045337
0.034916
0.045025
0.036669
0.044303
0.036934
0.042120
0.034583
0.036812
0.027724
0.025802
0.013419
0.005354
-0.012375
-0.029152
-0.053956
-0.081201
-0.112694
-0.147314
-0.179654
-0.209171
-0.227409
-0.238812
-0.236115
-0.228244
-0.211432
-0.195254
-0.175601
-0.159898
-0.143563
-0.131579
-0.119941
-0.111756
-0.104102
-0.098798
-0.093972
-0.090601
-0.087625
-0.085481
-0.083664
-0.082283
-0.081175
-0.080268
-0.079587
-0.078979
-0.078552
-0.078137
-0.077858
-0.077573
-0.077377
-0.077184
-0.077029
-0.076905
-0.076766
-0.076698
-0.076556
-0.076539
-0.076381
-0.076413
-0.076225
-0.076309
-0.076081
-0.076223
-0.075939
-0.076152
-0.075796
-0.076094
-0.075646
-0.076048
-0.075483
-0.076016
-0.075302
-0.075999
-0.075098
-0.076000
-0.074863
-0.076024
-0.074589
-0.076077
-0.074265
-0.076168
-0.073877
-0.076307
-0.073408
-0.076511
-0.072836
-0.076799
-0.072131
0.074233
0.009512
0.064648
0.016935
0.058104
0.022937
0.053939
0.028035
0.051653
0.032576
0.050842
0.036755
0.051130
0.040605
0.052086
0.043936
0.053096
0.046219
0.053166
0.046364
0.050601
0.042369
0.042537
0.030809
0.024370
0.006394
-0.010465
-0.037630
-0.068794
-0.106224
-0.150118
-0.192629
-0.233033
-0.258313
-0.273108
-0.267955
-0.254437
-0.229811
-0.206683
-0.180649
-0.160754
-0.141192
-0.127595
-0.114908
-0.106507
-0.098850
-0.093885
-0.089438
-0.086546
-0.084022
-0.082330
-0.080921
-0.079912
-0.079136
-0.078517
-0.078093
-0.077701
-0.077467
-0.077212
-0.077075
-0.076907
-0.076814
-0.076706
-0.076626
-0.076564
-0.076477
-0.076455
-0.076349
-0.076366
-0.076231
-0.076290
-0.076115
-0.076222
-0.075998
-0.076161
-0.075874
-0.076107
-0.075742
-0.076061
-0.075597
-0.076024
-0.075436
-0.075998
-0.075254
-0.075986
-0.075045
-0.075992
-0.074803
-0.076021
-0.074519
-0.076079
-0.074182
-0.076176
-0.073777
-0.076324
-0.073286
-0.076539
-0.072687
-0.076842
-0.071948
0.078612
0.010145
0.068477
0.018103
0.061641
0.024600
0.057405
0.030205
0.055254
0.035317
0.054792
0.040186
0.055672
0.044903
0.057506
0.049346
0.059733
0.053041
0.061386
0.054898
0.060687
0.052713
0.054343
0.042326
0.036456
0.016479
-0.002689
-0.035831
-0.076042
-0.126270
-0.188952
-0.251584
-0.307508
-0.340160
-0.355866
-0.341483
-0.314589
-0.274545
-0.238712
-0.201654
-0.174382
-0.149113
-0.132151
-0.117033
-0.107367
-0.098846
-0.093518
-0.088847
-0.085919
-0.083395
-0.081760
-0.080412
-0.079469
-0.078757
-0.078192
-0.077820
-0.077466
-0.077270
-0.077040
-0.076931
-0.076779
-0.076705
-0.076609
-0.076541
-0.076489
-0.076410
-0.076396
-0.076294
-0.076319
-0.076185
-0.076252
-0.076076
-0.076191
-0.075963
-0.076137
-0.075842
-0.076088
-0.075711
-0.076046
-0.075566
-0.076013
-0.075402
-0.075990
-0.075216
-0.075981
-0.075002
-0.075990
-0.074753
-0.076022
-0.074459
-0.076085
-0.074109
-0.076188
-0.073688
-0.076343
-0.073178
-0.076568
-0.072554
-0.076885
-0.071784
0.082825
0.010827
0.072209
0.019376
0.065177
0.026450
0.061002
0.032691
0.059173
0.038572
0.059329
0.044431
0.061195
0.050477
0.064501
0.056740
0.068855
0.062947
0.073510
0.068242
0.076910
0.070596
0.075805
0.065668
0.063627
0.044833
0.027912
-0.007198
-0.051908
-0.111642
-0.194510
-0.282736
-0.366192
-0.416518
-0.438109
-0.413752
-0.367761
-0.306639
-0.254368
-0.204856
-0.170847
-0.141507
-0.123252
-0.107772
-0.098694
-0.090929
-0.086572
-0.082802
-0.080749
-0.078988
-0.078030
-0.077262
-0.076814
-0.076525
-0.076312
-0.076243
-0.076137
-0.076157
-0.076101
-0.076145
-0.076116
-0.076150
-0.076141
-0.076149
-0.076159
-0.076132
-0.076163
-0.076097
-0.076155
-0.076044
-0.076136
-0.075973
-0.076109
-0.075886
-0.076078
-0.075783
-0.076046
-0.075662
-0.076015
-0.075523
-0.075990
-0.075362
-0.075974
-0.075175
-0.075970
-0.074958
-0.075983
-0.074702
-0.076019
-0.074400
-0.076086
-0.074040
-0.076194
-0.073605
-0.076356
-0.073078
-0.076591
-0.072432
-0.076920
-0.071634
0.086455
0.011365
0.075390
0.020376
0.068139
0.027889
0.063943
0.034597
0.062292
0.041030
0.062849
0.047594
0.065394
0.054589
0.069754
0.062175
0.075686
0.070260
0.082658
0.078219
0.089352
0.084221
0.092591
0.083714
0.084979
0.066169
0.050021
0.009095
-0.046635
-0.127775
-0.256707
-0.399865
-0.519772
-0.586577
-0.609735
-0.558510
-0.472884
-0.373072
-0.293034
-0.223475
-0.178449
-0.142379
-0.121257
-0.104391
-0.095156
-0.087556
-0.083649
-0.080315
-0.078710
-0.077323
-0.076689
-0.076185
-0.075949
-0.075834
-0.075753
-0.075795
-0.075770
-0.075861
-0.075855
-0.075943
-0.075946
-0.076009
-0.076020
-0.076046
-0.076070
-0.076055
-0.076096
-0.076037
-0.076104
-0.075996
-0.076096
-0.075934
-0.076078
-0.075853
-0.076054
-0.075753
-0.076027
-0.075635
-0.076001
-0.075495
-0.075979
-0.075333
-0.075966
-0.075144
-0.075964
-0.074922
-0.075980
-0.074661
-0.076020
-0.074352
-0.076090
-0.073981
-0.076203
-0.073534
-0.076371
-0.072991
-0.076613
-0.072325
-0.076954
-0.071502
0.089803
0.011919
0.078363
0.021416
0.070976
0.029415
0.066866
0.036672
0.065533
0.043791
0.066689
0.051274
0.070206
0.059557
0.076070
0.069005
0.084300
0.079849
0.094776
0.091957
0.106809
0.104210
0.118042
0.112853
0.121674
0.107276
0.099518
0.059982
0.004835
-0.090189
-0.270268
-0.483912
-0.673480
-0.781824
-0.814039
-0.729153
-0.583212
-0.426536
-0.309316
-0.217383
-0.164022
-0.125152
-0.104860
-0.089721
-0.082679
-0.077108
-0.075031
-0.073234
-0.072911
-0.072575
-0.072795
-0.072991
-0.073318
-0.073669
-0.073960
-0.074315
-0.074540
-0.074842
-0.075005
-0.075238
-0.075356
-0.075518
-0.075609
-0.075704
-0.075783
-0.075814
-0.075895
-0.075868
-0.075963
-0.075875
-0.075997
-0.075847
-0.076008
-0.075789
-0.076004
-0.075704
-0.075991
-0.075595
-0.075975
-0.075461
-0.075961
-0.075301
-0.075952
-0.075112
-0.075955
-0.074888
-0.075974
-0.074623
-0.076017
-0.074307
-0.076091
-0.073928
-0.076208
-0.073470
-0.076381
-0.072914
-0.076631
-0.072231
-0.076981
-0.071387
0.092526
0.012331
0.080754
0.022186
0.073217
0.030532
0.069117
0.038171
0.067963
0.045759
0.069499
0.053868
0.073667
0.063038
0.080584
0.073811
0.090500
0.086708
0.103705
0.102105
0.120211
0.119740
0.138784
0.137119
0.153956
0.144448
0.146696
0.108284
0.052339
-0.077496
-0.383204
-0.729038
-0.954209
-1.059046
-1.095156
-0.962889
-0.736929
-0.507878
-0.342330
-0.218828
-0.153271
-0.111058
-0.091824
-0.078810
-0.074023
-0.070379
-0.069866
-0.069285
-0.069895
-0.070272
-0.071029
-0.071635
-0.072268
-0.072857
-0.073323
-0.073817
-0.074142
-0.074528
-0.074750
-0.075033
-0.075186
-0.075379
-0.075492
-0.075606
-0.075700
-0.075744
-0.075835
-0.075814
-0.075917
-0.075834
-0.075962
-0.075814
-0.075982
-0.075761
-0.075983
-0.075680
-0.075975
-0.075573
-0.075963
-0.075440
-0.075951
-0.075279
-0.075945
-0.075088
-0.075950
-0.074861
-0.075972
-0.074592
-0.076017
-0.074271
-0.076094
-0.073885
-0.076214
-0.073418
-0.076392
-0.072850
-0.076647
-0.072153
-0.077005
-0.071291
0.094854
0.012722
0.082826
0.022926
0.075205
0.031624
0.071186
0.039670
0.070290
0.047780
0.072307
0.056607
0.077270
0.066822
0.085458
0.079173
0.097413
0.094552
0.113956
0.114000
0.136085
0.138500
0.164400
0.167883
0.196705
0.196286
0.218598
0.193315
0.163264
0.024799
-0.330308
-0.664476
-0.840547
-0.914440
-1.006607
-0.939565
-0.712082
-0.476641
-0.315398
-0.185497
-0.120212
-0.082054
-0.068095
-0.060239
-0.059560
-0.059231
-0.061185
-0.062527
-0.064572
-0.066069
-0.067675
-0.068953
-0.070101
-0.071105
-0.071894
-0.072652
-0.073184
-0.073742
-0.074099
-0.074497
-0.074741
-0.075011
-0.075185
-0.075351
-0.075487
-0.075566
-0.075687
-0.075690
-0.075814
-0.075746
-0.075890
-0.075750
-0.075931
-0.075714
-0.075948
-0.075644
-0.075950
-0.075544
-0.075945
-0.075416
-0.075938
-0.075257
-0.075936
-0.075066
-0.075944
-0.074838
-0.075968
-0.074566
-0.076015
-0.074240
-0.076094
-0.073849
-0.076217
-0.073375
-0.076399
-0.072798
-0.076659
-0.072090
-0.077024
-0.071213
0.096543
0.012982
0.084312
0.023412
0.076604
0.032334
0.072603
0.040632
0.071840
0.049058
0.074132
0.058323
0.079573
0.069181
0.088559
0.082540
0.101864
0.099587
0.120768
0.121963
0.147234
0.151936
0.184000
0.192276
0.233789
0.244163
0.293856
0.294105
0.324459
0.236128
-0.072692
-0.385461
-0.624944
-0.672384
-0.727119
-0.700832
-0.531118
-0.353190
-0.240558
-0.136548
-0.084219
-0.056069
-0.048877
-0.046452
-0.049533
-0.052033
-0.055947
-0.058726
-0.061777
-0.064012
-0.066141
-0.067806
-0.069233
-0.070447
-0.071386
-0.072262
-0.072877
-0.073502
-0.073907
-0.074344
-0.074616
-0.074910
-0.075101
-0.075282
-0.075428
-0.075517
-0.075645
-0.075653
-0.075783
-0.075718
-0.075867
-0.075728
-0.075913
-0.075696
-0.075934
-0.075629
-0.075939
-0.075530
-0.075936
-0.075402
-0.075932
-0.075243
-0.075931
-0.075051
-0.075941
-0.074822
-0.075966
-0.074547
-0.076014
-0.074218
-0.076095
-0.073823
-0.076221
-0.073344
-0.076405
-0.072760
-0.076669
-0.072042
-0.077039
-0.071155
0.097738
0.013185
0.085376
0.023796
0.077629
0.032904
0.073677
0.041420
0.073058
0.050129
0.075620
0.059791
0.081513
0.071239
0.091239
0.085518
0.105773
0.104069
0.126799
0.129037
0.157135
0.163763
0.201433
0.213444
0.266989
0.285198
0.362269
0.381116
0.474530
0.425564
0.051254
-0.329360
-0.617149
-0.633240
-0.603248
-0.522371
-0.378909
-0.235099
-0.154817
-0.085202
-0.047046
-0.031124
-0.030352
-0.033210
-0.039592
-0.044701
-0.050380
-0.054519
-0.058531
-0.061504
-0.064172
-0.066257
-0.067997
-0.069459
-0.070588
-0.071617
-0.072351
-0.073073
-0.073554
-0.074055
-0.074376
-0.074712
-0.074936
-0.075146
-0.075315
-0.075422
-0.075566
-0.075587
-0.075728
-0.075671
-0.075829
-0.075695
-0.075886
-0.075672
-0.075915
-0.075610
-0.075926
-0.075516
-0.075927
-0.075389
-0.075925
-0.075232
-0.075926
-0.075040
-0.075937
-0.074810
-0.075964
-0.074534
-0.076013
-0.074203
-0.076096
-0.073804
-0.076222
-0.073322
-0.076409
-0.072733
-0.076675
-0.072010
-0.077048
-0.071115
0.098310
0.013273
0.085880
0.023963
0.078105
0.033148
0.074161
0.041752
0.073591
0.050573
0.076254
0.060392
0.082323
0.072078
0.092350
0.086736
0.107408
0.105936
0.129392
0.132093
0.161602
0.169162
0.209866
0.223849
0.284479
0.307197
0.401491
0.432017
0.565122
0.532378
0.106610
-0.257709
-0.500879
-0.525560
-0.520505
-0.461888
-0.338271
-0.186723
-0.109489
-0.056731
-0.026762
-0.018061
-0.021196
-0.026998
-0.035180
-0.041620
-0.048171
-0.052946
-0.057390
-0.060676
-0.063562
-0.065806
-0.067659
-0.069205
-0.070394
-0.071469
-0.072235
-0.072983
-0.073482
-0.073998
-0.074330
-0.074675
-0.074906
-0.075120
-0.075293
-0.075404
-0.075551
-0.075574
-0.075717
-0.075661
-0.075820
-0.075687
-0.075880
-0.075665
-0.075910
-0.075605
-0.075922
-0.075511
-0.075924
-0.075385
-0.075923
-0.075227
-0.075925
-0.075035
-0.075936
-0.074804
-0.075963
-0.074527
-0.076013
-0.074195
-0.076096
-0.073796
-0.076223
-0.073311
-0.076411
-0.072720
-0.076678
-0.071994
-0.077053
-0.071096
0.098310
0.013273
0.085880
0.023963
0.078105
0.033148
0.074161
0.041752
0.073591
0.050573
0.076254
0.060392
0.082323
0.072078
0.092350
0.086736
0.107408
0.105936
0.129392
0.132093
0.161602
0.169162
0.209866
0.223849
0.284479
0.307197
0.401491
0.432017
0.565122
0.532378
0.106610
-0.257709
-0.500879
-0.525560
-0.520505
-0.461888
-0.338271
-0.186723
-0.109489
-0.056731
-0.026762
-0.018061
-0.021196
-0.026998
-0.035180
-0.041620
-0.048171
-0.052946
-0.057390
-0.060676
-0.063562
-0.065806
-0.067659
-0.069205
-0.070394
-0.071469
-0.072235
-0.072983
-0.073482
-0.073998
-0.074330
-0.074675
-0.074906
-0.075120
-0.075293
-0.075404
-0.075551
-0.075574
-0.075717
-0.075661
-0.075820
-0.075687
-0.075880
-0.075665
-0.075910
-0.075605
-0.075922
-0.075511
-0.075924
-0.075385
-0.075923
-0.075227
-0.075925
-0.075035
-0.075936
-0.074804
-0.075963
-0.074527
-0.076013
-0.074195
-0.076096
-0.073796
-0.076223
-0.073311
-0.076411
-0.072720
-0.076678
-0.071994
-0.077053
-0.071096
0.097738
0.013185
0.085376
0.023796
0.077629
0.032904
0.073677
0.041420
0.073058
0.050129
0.075620
0.059791
0.081513
0.071239
0.091239
0.085518
0.105773
0.104069
0.126799
0.129037
0.157135
0.163763
0.201433
0.213444
0.266989
0.285198
0.362269
0.381116
0.474530
0.425564
0.051254
-0.329360
-0.617149
-0.633240
-0.603248
-0.522371
-0.378909
-0.235099
-0.154817
-0.085202
-0.047046
-0.031124
-0.030352
-0.033210
-0.039592
-0.044701
-0.050380
-0.054519
-0.058531
-0.061504
-0.064172
-0.066257
-0.067997
-0.069459
-0.070588
-0.071617
-0.072351
-0.073073
-0.073554
-0.074055
-0.074376
-0.074712
-0.074936
-0.075146
-0.075315
-0.075422
-0.075566
-0.075587
-0.075728
-0.075671
-0.075829
-0.075695
-0.075886
-0.075672
-0.075915
-0.075610
-0.075926
-0.075516
-0.075927
-0.075389
-0.075925
-0.075232
-0.075926
-0.075040
-0.075937
-0.074810
-0.075964
-0.074534
-0.076013
-0.074203
-0.076096
-0.073804
-0.076222
-0.073322
-0.076409
-0.072733
-0.076675
-0.072010
-0.077048
-0.071115
0.096543
0.012982
0.084312
0.023412
0.076604
0.032334
0.072603
0.040632
0.071840
0.049058
0.074132
0.058323
0.079573
0.069181
0.088559
0.082540
0.101864
0.099587
0.120768
0.121963
0.147234
0.151936
0.184000
0.192276
0.233789
0.244163
0.293856
0.294105
0.324459
0.236128
-0.072692
-0.385461
-0.624944
-0.672384
-0.727119
-0.700832
-0.531118
-0.353190
-0.240558
-0.136548
-0.084219
-0.056069
-0.048877
-0.046452
-0.049533
-0.052033
-0.055947
-0.058726
-0.061777
-0.064012
-0.066141
-0.067806
-0.069233
-0.070447
-0.071386
-0.072262
-0.072877
-0.073502
-0.073907
-0.074344
-0.074616
-0.074910
-0.075101
-0.075282
-0.075428
-0.075517
-0.075645
-0.075653
-0.075783
-0.075718
-0.075867
-0.075728
-0.075913
-0.075696
-0.075934
-0.075629
-0.075939
-0.075530
-0.075936
-0.075402
-0.075932
-0.075243
-0.075931
-0.075051
-0.075941
-0.074822
-0.075966
-0.074547
-0.076014
-0.074218
-0.076095
-0.073823
-0.076221
-0.073344
-0.076405
-0.072760
-0.076669
-0.072042
-0.077039
-0.071155
0.094854
0.012722
0.082826
0.022926
0.075205
0.031624
0.071186
0.039670
0.070290
0.047780
0.072307
0.056607
0.077270
0.066822
0.085458
0.079173
0.097413
0.094552
0.113956
0.114000
0.136085
0.138500
0.164400
0.167883
0.196705
0.196286
0.218598
0.193315
0.163264
0.024799
-0.330308
-0.664476
-0.840547
-0.914440
-1.006607
-0.939565
-0.712082
-0.476641
-0.315398
-0.185497
-0.120212
-0.082054
-0.068095
-0.060239
-0.059560
-0.059231
-0.061185
-0.062527
-0.064572
-0.066069
-0.067675
-0.068953
-0.070101
-0.071105
-0.071894
-0.072652
-0.073184
-0.073742
-0.074099
-0.074497
-0.074741
-0.075011
-0.075185
-0.075351
-0.075487
-0.075566
-0.075687
-0.075690
-0.075814
-0.075746
-0.075890
-0.075750
-0.075931
-0.075714
-0.075948
-0.075644
-0.075950
-0.075544
-0.075945
-0.075416
-0.075938
-0.075257
-0.075936
-0.075066
-0.075944
-0.074838
-0.075968
-0.074566
-0.076015
-0.074240
-0.076094
-0.073849
-0.076217
-0.073375
-0.076399
-0.072798
-0.076659
-0.072090
-0.077024
-0.071213
0.092526
0.012331
0.080754
0.022186
0.073217
0.030532
0.069117
0.038171
0.067963
0.045759
0.069499
0.053868
0.073667
0.063038
0.080584
0.073811
0.090500
0.086708
0.103705
0.102105
0.120211
0.119740
0.138784
0.137119
0.153956
0.144448
0.146696
0.108284
0.052339
-0.077496
-0.383204
-0.729038
-0.954209
-1.059046
-1.095156
-0.962889
-0.736929
-0.507878
-0.342330
-0.218828
-0.153271
-0.111058
-0.091824
-0.078810
-0.074023
-0.070379
-0.069866
-0.069285
-0.069895
-0.070272
-0.071029
-0.071635
-0.072268
-0.072857
-0.073323
-0.073817
-0.074142
-0.074528
-0.074750
-0.075033
-0.075186
-0.075379
-0.075492
-0.075606
-0.075700
-0.075744
-0.075835
-0.075814
-0.075917
-0.075834
-0.075962
-0.075814
-0.075982
-0.075761
-0.075983
-0.075680
-0.075975
-0.075573
-0.075963
-0.075440
-0.075951
-0.075279
-0.075945
-0.075088
-0.075950
-0.074861
-0.075972
-0.074592
-0.076017
-0.074271
-0.076094
-0.073885
-0.076214
-0.073418
-0.076392
-0.072850
-0.076647
-0.072153
-0.077005
-0.071291
0.089803
0.011919
0.078363
0.021416
0.070976
0.029415
0.066866
0.036672
0.065533
0.043791
0.066689
0.051274
0.070206
0.059557
0.076070
0.069005
0.084300
0.079849
0.094776
0.091957
0.106809
0.104210
0.118042
0.112853
0.121674
0.107276
0.099518
0.059982
0.004835
-0.090189
-0.270268
-0.483912
-0.673480
-0.781824
-0.814039
-0.729153
-0.583212
-0.426536
-0.309316
-0.217383
-0.164022
-0.125152
-0.104860
-0.089721
-0.082679
-0.077108
-0.075031
-0.073234
-0.072911
-0.072575
-0.072795
-0.072991
-0.073318
-0.073669
-0.073960
-0.074315
-0.074540
-0.074842
-0.075005
-0.075238
-0.075356
-0.075518
-0.075609
-0.075704
-0.075783
-0.075814
-0.075895
-0.075868
-0.075963
-0.075875
-0.075997
-0.075847
-0.076008
-0.075789
-0.076004
-0.075704
-0.075991
-0.075595
-0.075975
-0.075461
-0.075961
-0.075301
-0.075952
-0.075112
-0.075955
-0.074888
-0.075974
-0.074623
-0.076017
-0.074307
-0.076091
-0.073928
-0.076208
-0.073470
-0.076381
-0.072914
-0.076631
-0.072231
-0.076981
-0.071387
0.086455
0.011365
0.075390
0.020376
0.068139
0.027889
0.063943
0.034597
0.062292
0.041030
0.062849
0.047594
0.065394
0.054589
0.069754
0.062175
0.075686
0.070260
0.082658
0.078219
0.089352
0.084221
0.092591
0.083714
0.084979
0.066169
0.050021
0.009095
-0.046635
-0.127775
-0.256707
-0.399865
-0.519772
-0.586577
-0.609735
-0.558510
-0.472884
-0.373072
-0.293034
-0.223475
-0.178449
-0.142379
-0.121257
-0.104391
-0.095156
-0.087556
-0.083649
-0.080315
-0.078710
-0.077323
-0.076689
-0.076185
-0.075949
-0.075834
-0.075753
-0.075795
-0.075770
-0.075861
-0.075855
-0.075943
-0.075946
-0.076009
-0.076020
-0.076046
-0.076070
-0.076055
-0.076096
-0.076037
-0.076104
-0.075996
-0.076096
-0.075934
-0.076078
-0.075853
-0.076054
-0.075753
-0.076027
-0.075635
-0.076001
-0.075495
-0.075979
-0.075333
-0.075966
-0.075144
-0.075964
-0.074922
-0.075980
-0.074661
-0.076020
-0.074352
-0.076090
-0.073981
-0.076203
-0.073534
-0.076371
-0.072991
-0.076613
-0.072325
-0.076954
-0.071502
0.082825
0.010827
0.072209
0.019376
0.065177
0.026450
0.061002
0.032691
0.059173
0.038572
0.059329
0.044431
0.061195
0.050477
0.064501
0.056740
0.068855
0.062947
0.073510
0.068242
0.076910
0.070596
0.075805
0.065668
0.063627
0.044833
0.027912
-0.007198
-0.051908
-0.111642
-0.194510
-0.282736
-0.366192
-0.416518
-0.438109
-0.413752
-0.367761
-0.306639
-0.254368
-0.204856
-0.170847
-0.141507
-0.123252
-0.107772
-0.098694
-0.090929
-0.086572
-0.082802
-0.080749
-0.078988
-0.078030
-0.077262
-0.076814
-0.076525
-0.076312
-0.076243
-0.076137
-0.076157
-0.076101
-0.076145
-0.076116
-0.076150
-0.076141
-0.076149
-0.076159
-0.076132
-0.076163
-0.076097
-0.076155
-0.076044
-0.076136
-0.075973
-0.076109
-0.075886
-0.076078
-0.075783
-0.076046
-0.075662
-0.076015
-0.075523
-0.075990
-0.075362
-0.075974
-0.075175
-0.075970
-0.074958
-0.075983
-0.074702
-0.076019
-0.074400
-0.076086
-0.074040
-0.076194
-0.073605
-0.076356
-0.073078
-0.076591
-0.072432
-0.076920
-0.071634
0.078612
0.010145
0.068477
0.018103
0.061641
0.024600
0.057405
0.030205
0.055254
0.035317
0.054792
0.040186
0.055672
0.044903
0.057506
0.049346
0.059733
0.053041
0.061386
0.054898
0.060687
0.052713
0.054343
0.042326
0.036456
0.016479
-0.002689
-0.035831
-0.076042
-0.126270
-0.188952
-0.251584
-0.307508
-0.340160
-0.355866
-0.341483
-0.314589
-0.274545
-0.238712
-0.201654
-0.174382
-0.149113
-0.132151
-0.117033
-0.107367
-0.098846
-0.093518
-0.088847
-0.085919
-0.083395
-0.081760
-0.080412
-0.079469
-0.078757
-0.078192
-0.077820
-0.077466
-0.077270
-0.077040
-0.076931
-0.076779
-0.076705
-0.076609
-0.076541
-0.076489
-0.076410
-0.076396
-0.076294
-0.076319
-0.076185
-0.076252
-0.076076
-0.076191
-0.075963
-0.076137
-0.075842
-0.076088
-0.075711
-0.076046
-0.075566
-0.076013
-0.075402
-0.075990
-0.075216
-0.075981
-0.075002
-0.075990
-0.074753
-0.076022
-0.074459
-0.076085
-0.074109
-0.076188
-0.073688
-0.076343
-0.073178
-0.076568
-0.072554
-0.076885
-0.071784
0.074233
0.009512
0.064648
0.016935
0.058104
0.022937
0.053939
0.028035
0.051653
0.032576
0.050842
0.036755
0.051130
0.040605
0.052086
0.043936
0.053096
0.046219
0.053166
0.046364
0.050601
0.042369
0.042537
0.030809
0.024370
0.006394
-0.010465
-0.037630
-0.068794
-0.106224
-0.150118
-0.192629
-0.233033
-0.258313
-0.273108
-0.267955
-0.254437
-0.229811
-0.206683
-0.180649
-0.160754
-0.141192
-0.127595
-0.114908
-0.106507
-0.098850
-0.093885
-0.089438
-0.086546
-0.084022
-0.082330
-0.080921
-0.079912
-0.079136
-0.078517
-0.078093
-0.077701
-0.077467
-0.077212
-0.077075
-0.076907
-0.076814
-0.076706
-0.076626
-0.076564
-0.076477
-0.076455
-0.076349
-0.076366
-0.076231
-0.076290
-0.076115
-0.076222
-0.075998
-0.076161
-0.075874
-0.076107
-0.075742
-0.076061
-0.075597
-0.076024
-0.075436
-0.075998
-0.075254
-0.075986
-0.075045
-0.075992
-0.074803
-0.076021
-0.074519
-0.076079
-0.074182
-0.076176
-0.073777
-0.076324
-0.073286
-0.076539
-0.072687
-0.076842
-0.071948
0.069334
0.008741
0.060321
0.015504
0.054037
0.020878
0.049861
0.025307
0.047299
0.029070
0.045930
0.032290
0.045337
0.034916
0.045025
0.036669
0.044303
0.036934
0.042120
0.034583
0.036812
0.027724
0.025802
0.013419
0.005354
-0.012375
-0.029152
-0.053956
-0.081201
-0.112694
-0.147314
-0.179654
-0.209171
-0.227409
-0.238812
-0.236115
-0.228244
-0.211432
-0.195254
-0.175601
-0.159898
-0.143563
-0.131579
-0.119941
-0.111756
-0.104102
-0.098798
-0.093972
-0.090601
-0.087625
-0.085481
-0.083664
-0.082283
-0.081175
-0.080268
-0.079587
-0.078979
-0.078552
-0.078137
-0.077858
-0.077573
-0.077377
-0.077184
-0.077029
-0.076905
-0.076766
-0.076698
-0.076556
-0.076539
-0.076381
-0.076413
-0.076225
-0.076309
-0.076081
-0.076223
-0.075939
-0.076152
-0.075796
-0.076094
-0.075646
-0.076048
-0.075483
-0.076016
-0.075302
-0.075999
-0.075098
-0.076000
-0.074863
-0.076024
-0.074589
-0.076077
-0.074265
-0.076168
-0.073877
-0.076307
-0.073408
-0.076511
-0.072836
-0.076799
-0.072131
0.064380
0.008044
0.056000
0.014229
0.050077
0.019085
0.046037
0.023005
0.043412
0.026227
0.041792
0.028837
0.040761
0.030756
0.039827
0.031692
0.038322
0.031061
0.035276
0.027858
0.029249
0.020516
0.018174
0.006799
-0.000657
-0.016024
-0.030114
-0.050291
-0.071555
-0.095660
-0.121353
-0.145111
-0.167540
-0.182293
-0.192804
-0.193436
-0.190511
-0.180436
-0.170336
-0.156767
-0.145655
-0.133401
-0.124209
-0.114905
-0.108219
-0.101772
-0.097208
-0.092965
-0.089940
-0.087229
-0.085241
-0.083538
-0.082225
-0.081162
-0.080285
-0.079619
-0.079024
-0.078600
-0.078191
-0.077909
-0.077627
-0.077427
-0.077234
-0.077076
-0.076950
-0.076809
-0.076738
-0.076596
-0.076574
-0.076417
-0.076442
-0.076259
-0.076334
-0.076112
-0.076244
-0.075970
-0.076168
-0.075827
-0.076107
-0.075679
-0.076058
-0.075519
-0.076023
-0.075344
-0.076003
-0.075147
-0.076001
-0.074922
-0.076021
-0.074660
-0.076069
-0.074351
-0.076154
-0.073982
-0.076284
-0.073536
-0.076476
-0.072993
-0.076748
-0.072324
0.058983
0.007221
0.051246
0.012711
0.045648
0.016924
0.041661
0.020186
0.038839
0.022675
0.036772
0.024423
0.035032
0.025301
0.033108
0.024980
0.030326
0.022864
0.025750
0.018013
0.018079
0.009057
0.005583
-0.005786
-0.013781
-0.028424
-0.041800
-0.060012
-0.078570
-0.099112
-0.120085
-0.139159
-0.156673
-0.168250
-0.176783
-0.177926
-0.176677
-0.169707
-0.162590
-0.152257
-0.143522
-0.133416
-0.125518
-0.117257
-0.111038
-0.104908
-0.100349
-0.096049
-0.092826
-0.089905
-0.087661
-0.085710
-0.084152
-0.082858
-0.081771
-0.080910
-0.080146
-0.079565
-0.079025
-0.078623
-0.078240
-0.077949
-0.077680
-0.077456
-0.077273
-0.077085
-0.076971
-0.076796
-0.076740
-0.076563
-0.076561
-0.076367
-0.076420
-0.076195
-0.076306
-0.076037
-0.076214
-0.075884
-0.076140
-0.075731
-0.076082
-0.075571
-0.076041
-0.075398
-0.076016
-0.075207
-0.076009
-0.074991
-0.076024
-0.074741
-0.076067
-0.074447
-0.076144
-0.074098
-0.076265
-0.073677
-0.076444
-0.073165
-0.076699
-0.072536
0.053629
0.006491
0.046586
0.011386
0.041412
0.015083
0.037630
0.017863
0.034831
0.019870
0.032631
0.021117
0.030627
0.021470
0.028343
0.020621
0.025167
0.018047
0.020290
0.012960
0.012644
0.004290
0.000914
-0.009246
-0.016298
-0.028839
-0.039973
-0.054903
-0.069667
-0.085888
-0.102161
-0.117022
-0.130930
-0.140647
-0.148407
-0.150793
-0.151502
-0.147698
-0.143611
-0.136688
-0.130735
-0.123366
-0.117522
-0.111141
-0.106267
-0.101317
-0.097580
-0.093978
-0.091239
-0.088719
-0.086757
-0.085032
-0.083638
-0.082471
-0.081481
-0.080691
-0.079986
-0.079446
-0.078942
-0.078563
-0.078202
-0.077924
-0.077668
-0.077452
-0.077276
-0.077094
-0.076981
-0.076812
-0.076754
-0.076583
-0.076576
-0.076390
-0.076434
-0.076219
-0.076318
-0.076062
-0.076224
-0.075912
-0.076148
-0.075763
-0.076088
-0.075608
-0.076044
-0.075442
-0.076017
-0.075260
-0.076007
-0.075055
-0.076019
-0.074819
-0.076056
-0.074543
-0.076126
-0.074215
-0.076238
-0.073822
-0.076403
-0.073343
-0.076640
-0.072755
0.047918
0.005647
0.041570
0.009844
0.036778
0.012912
0.033119
0.015073
0.030216
0.016424
0.027702
0.016939
0.025181
0.016458
0.022192
0.014670
0.018155
0.011078
0.012334
0.004988
0.003816
-0.004484
-0.008441
-0.018291
-0.025411
-0.037160
-0.047545
-0.061000
-0.073991
-0.088044
-0.101735
-0.114171
-0.125586
-0.133679
-0.140236
-0.142612
-0.143747
-0.141237
-0.138441
-0.133169
-0.128511
-0.122476
-0.117522
-0.111962
-0.107547
-0.102979
-0.099390
-0.095886
-0.093116
-0.090538
-0.088461
-0.086612
-0.085078
-0.083769
-0.082642
-0.081719
-0.080894
-0.080238
-0.079635
-0.079162
-0.078722
-0.078372
-0.078054
-0.077783
-0.077559
-0.077337
-0.077187
-0.076991
-0.076904
-0.076716
-0.076684
-0.076490
-0.076512
-0.076297
-0.076375
-0.076127
-0.076266
-0.075969
-0.076179
-0.075816
-0.076112
-0.075662
-0.076062
-0.075501
-0.076029
-0.075326
-0.076015
-0.075131
-0.076022
-0.074909
-0.076053
-0.074651
-0.076115
-0.074346
-0.076216
-0.073980
-0.076367
-0.073536
-0.076585
-0.072992
0.042330
0.004909
0.036716
0.008514
0.032398
0.011087
0.029009
0.012809
0.026215
0.013752
0.023685
0.013879
0.021063
0.013042
0.017937
0.010964
0.013807
0.007229
0.008059
0.001280
-0.000025
-0.007545
-0.011206
-0.019896
-0.026106
-0.036158
-0.044862
-0.056038
-0.066615
-0.078040
-0.089058
-0.099174
-0.108571
-0.115556
-0.121498
-0.124318
-0.126245
-0.125297
-0.124062
-0.120733
-0.117753
-0.113503
-0.109981
-0.105822
-0.102484
-0.098917
-0.096083
-0.093252
-0.090988
-0.088848
-0.087103
-0.085532
-0.084214
-0.083080
-0.082094
-0.081281
-0.080548
-0.079962
-0.079419
-0.078991
-0.078590
-0.078268
-0.077975
-0.077723
-0.077514
-0.077305
-0.077163
-0.076977
-0.076892
-0.076714
-0.076680
-0.076496
-0.076511
-0.076310
-0.076376
-0.076144
-0.076268
-0.075992
-0.076181
-0.075845
-0.076112
-0.075698
-0.076061
-0.075545
-0.076027
-0.075381
-0.076010
-0.075199
-0.076013
-0.074993
-0.076039
-0.074755
-0.076093
-0.074474
-0.076184
-0.074137
-0.076321
-0.073731
-0.076519
-0.073233
0.036472
0.004072
0.031584
0.006997
0.027696
0.008976
0.024498
0.010137
0.021694
0.010514
0.018980
0.010046
0.016025
0.008572
0.012447
0.005828
0.007792
0.001438
0.001529
-0.005068
-0.006932
-0.014207
-0.018159
-0.026423
-0.032533
-0.041864
-0.049952
-0.060048
-0.069470
-0.079524
-0.089045
-0.097776
-0.105786
-0.111840
-0.117016
-0.119690
-0.121643
-0.121240
-0.120558
-0.118079
-0.115791
-0.112343
-0.109394
-0.105817
-0.102849
-0.099623
-0.096971
-0.094292
-0.092079
-0.089965
-0.088193
-0.086580
-0.085197
-0.083989
-0.082926
-0.082031
-0.081223
-0.080560
-0.079950
-0.079455
-0.078997
-0.078622
-0.078283
-0.077989
-0.077743
-0.077504
-0.077331
-0.077126
-0.077015
-0.076826
-0.076770
-0.076582
-0.076577
-0.076379
-0.076425
-0.076203
-0.076304
-0.076045
-0.076209
-0.075898
-0.076134
-0.075753
-0.076078
-0.075607
-0.076039
-0.075451
-0.076018
-0.075282
-0.076015
-0.075091
-0.076035
-0.074872
-0.076081
-0.074616
-0.076161
-0.074310
-0.076283
-0.073941
-0.076460
-0.073490
0.030798
0.003346
0.026663
0.005699
0.023286
0.007214
0.020413
0.007986
0.017792
0.008028
0.015164
0.007275
0.012242
0.005583
0.008698
0.002724
0.004155
-0.001608
-0.001815
-0.007777
-0.009662
-0.016157
-0.019780
-0.027024
-0.032378
-0.040388
-0.047266
-0.055770
-0.063628
-0.072005
-0.079909
-0.087239
-0.094030
-0.099361
-0.104066
-0.106858
-0.109118
-0.109507
-0.109650
-0.108294
-0.107022
-0.104727
-0.102751
-0.100176
-0.098023
-0.095588
-0.093566
-0.091471
-0.089722
-0.088023
-0.086582
-0.085255
-0.084104
-0.083091
-0.082190
-0.081426
-0.080729
-0.080154
-0.079619
-0.079184
-0.078778
-0.078443
-0.078138
-0.077873
-0.077648
-0.077429
-0.077269
-0.077080
-0.076975
-0.076799
-0.076743
-0.076570
-0.076559
-0.076377
-0.076412
-0.076210
-0.076295
-0.076060
-0.076201
-0.075920
-0.076127
-0.075785
-0.076071
-0.075649
-0.076031
-0.075506
-0.076008
-0.075351
-0.076002
-0.075179
-0.076017
-0.074981
-0.076056
-0.074751
-0.076125
-0.074478
-0.076232
-0.074149
-0.076387
-0.073749
0.024941
0.002538
0.021543
0.004244
0.018631
0.005212
0.016006
0.005490
0.013460
0.005058
0.010765
0.003835
0.007667
0.001676
0.003875
-0.001632
-0.000939
-0.006356
-0.007133
-0.012792
-0.015058
-0.021214
-0.024986
-0.031780
-0.036994
-0.044387
-0.050800
-0.058509
-0.065607
-0.073075
-0.080064
-0.086535
-0.092495
-0.097236
-0.101433
-0.104054
-0.106220
-0.106827
-0.107194
-0.106277
-0.105369
-0.103549
-0.101929
-0.099748
-0.097866
-0.095700
-0.093847
-0.091906
-0.090239
-0.088604
-0.087185
-0.085864
-0.084698
-0.083659
-0.082724
-0.081919
-0.081181
-0.080562
-0.079987
-0.079510
-0.079068
-0.078697
-0.078361
-0.078068
-0.077816
-0.077577
-0.077395
-0.077192
-0.077068
-0.076886
-0.076812
-0.076639
-0.076611
-0.076435
-0.076451
-0.076262
-0.076325
-0.076110
-0.076225
-0.075972
-0.076146
-0.075842
-0.076086
-0.075713
-0.076042
-0.075580
-0.076015
-0.075439
-0.076005
-0.075283
-0.076013
-0.075107
-0.076043
-0.074903
-0.076101
-0.074662
-0.076191
-0.074373
-0.076325
-0.074023
0.019308
0.001837
0.016665
0.003002
0.014284
0.003545
0.012023
0.003483
0.009721
0.002783
0.007191
0.001361
0.004226
-0.000914
0.000587
-0.004221
-0.003990
-0.008774
-0.009783
-0.014796
-0.017047
-0.022475
-0.025958
-0.031887
-0.036518
-0.042889
-0.048446
-0.055019
-0.061083
-0.067428
-0.073391
-0.078948
-0.084128
-0.088362
-0.092202
-0.094806
-0.097069
-0.098078
-0.098887
-0.098627
-0.098339
-0.097259
-0.096292
-0.094813
-0.093528
-0.091961
-0.090608
-0.089144
-0.087873
-0.086601
-0.085483
-0.084430
-0.083488
-0.082641
-0.081870
-0.081202
-0.080582
-0.080059
-0.079568
-0.079160
-0.078776
-0.078454
-0.078157
-0.077899
-0.077674
-0.077461
-0.077295
-0.077113
-0.076997
-0.076834
-0.076761
-0.076606
-0.076573
-0.076416
-0.076423
-0.076255
-0.076303
-0.076114
-0.076207
-0.075987
-0.076130
-0.075867
-0.076072
-0.075751
-0.076028
-0.075632
-0.076000
-0.075508
-0.075987
-0.075372
-0.075991
-0.075219
-0.076014
-0.075043
-0.076060
-0.074837
-0.076135
-0.074591
-0.076247
-0.074293
0.013575
0.001073
0.011662
0.001636
0.009766
0.001684
0.007799
0.001194
0.005640
0.000106
0.003141
-0.001676
0.000125
-0.004282
-0.003609
-0.007876
-0.008279
-0.012639
-0.014106
-0.018748
-0.021279
-0.026329
-0.029897
-0.035391
-0.039897
-0.045748
-0.050968
-0.056940
-0.062497
-0.068208
-0.073588
-0.078570
-0.083222
-0.087052
-0.090542
-0.092983
-0.095127
-0.096204
-0.097091
-0.097051
-0.096953
-0.096150
-0.095401
-0.094180
-0.093085
-0.091719
-0.090506
-0.089175
-0.087991
-0.086795
-0.085722
-0.084701
-0.083773
-0.082930
-0.082154
-0.081473
-0.080839
-0.080297
-0.079787
-0.079357
-0.078954
-0.078612
-0.078298
-0.078024
-0.077782
-0.077559
-0.077377
-0.077190
-0.077059
-0.076895
-0.076808
-0.076657
-0.076609
-0.076462
-0.076451
-0.076299
-0.076326
-0.076160
-0.076226
-0.076037
-0.076147
-0.075924
-0.076085
-0.075816
-0.076039
-0.075709
-0.076007
-0.075599
-0.075990
-0.075481
-0.075987
-0.075351
-0.076001
-0.075202
-0.076036
-0.075030
-0.076094
-0.074825
-0.076183
-0.074579
0.008087
0.000409
0.006913
0.000466
0.005555
0.000129
0.003977
-0.000653
0.002103
-0.001954
-0.000175
-0.003870
-0.002989
-0.006520
-0.006496
-0.010043
-0.010863
-0.014583
-0.016252
-0.020270
-0.022790
-0.027182
-0.030525
-0.035294
-0.039370
-0.044425
-0.049043
-0.054184
-0.059042
-0.063966
-0.068669
-0.073020
-0.077149
-0.080603
-0.083823
-0.086189
-0.088341
-0.089615
-0.090738
-0.091084
-0.091365
-0.091037
-0.090725
-0.089988
-0.089322
-0.088398
-0.087569
-0.086612
-0.085751
-0.084857
-0.084043
-0.083256
-0.082531
-0.081866
-0.081244
-0.080696
-0.080177
-0.079731
-0.079307
-0.078948
-0.078607
-0.078317
-0.078046
-0.077811
-0.077599
-0.077405
-0.077243
-0.077079
-0.076960
-0.076816
-0.076733
-0.076602
-0.076552
-0.076426
-0.076406
-0.076278
-0.076289
-0.076152
-0.076196
-0.076042
-0.076121
-0.075942
-0.076062
-0.075848
-0.076018
-0.075757
-0.075986
-0.075665
-0.075966
-0.075568
-0.075960
-0.075463
-0.075967
-0.075344
-0.075990
-0.075208
-0.076033
-0.075048
-0.076100
-0.074857
0.002576
-0.000302
0.002111
-0.000796
0.001245
-0.001573
-0.000009
-0.002720
-0.001687
-0.004334
-0.003861
-0.006520
-0.006633
-0.009396
-0.010124
-0.013088
-0.014464
-0.017720
-0.019772
-0.023389
-0.026130
-0.030136
-0.033540
-0.037906
-0.041885
-0.046502
-0.050881
-0.055555
-0.060070
-0.064529
-0.068846
-0.072788
-0.076567
-0.079724
-0.082697
-0.084916
-0.086956
-0.088228
-0.089363
-0.089813
-0.090189
-0.090020
-0.089839
-0.089270
-0.088734
-0.087955
-0.087234
-0.086387
-0.085606
-0.084785
-0.084024
-0.083280
-0.082585
-0.081940
-0.081333
-0.080790
-0.080275
-0.079827
-0.079400
-0.079035
-0.078688
-0.078392
-0.078113
-0.077873
-0.077653
-0.077456
-0.077285
-0.077122
-0.076993
-0.076854
-0.076760
-0.076637
-0.076574
-0.076461
-0.076425
-0.076315
-0.076306
-0.076194
-0.076211
-0.076089
-0.076135
-0.075998
-0.076075
-0.075915
-0.076029
-0.075836
-0.075994
-0.075760
-0.075970
-0.075682
-0.075957
-0.075599
-0.075956
-0.075509
-0.075967
-0.075407
-0.075993
-0.075289
-0.076037
-0.075151
-0.002686
-0.000924
-0.002440
-0.001885
-0.002775
-0.003008
-0.003630
-0.004406
-0.004999
-0.006187
-0.006916
-0.008460
-0.009446
-0.011334
-0.012671
-0.014918
-0.016681
-0.019312
-0.021555
-0.024585
-0.027336
-0.030757
-0.034003
-0.037761
-0.041432
-0.045420
-0.049378
-0.053425
-0.057461
-0.061346
-0.065203
-0.068685
-0.072102
-0.074969
-0.077736
-0.079860
-0.081869
-0.083227
-0.084486
-0.085159
-0.085769
-0.085903
-0.086013
-0.085774
-0.085543
-0.085084
-0.084652
-0.084091
-0.083565
-0.082986
-0.082440
-0.081893
-0.081373
-0.080884
-0.080415
-0.079993
-0.079585
-0.079229
-0.078884
-0.078589
-0.078302
-0.078058
-0.077824
-0.077624
-0.077435
-0.077270
-0.077120
-0.076983
-0.076866
-0.076750
-0.076661
-0.076560
-0.076496
-0.076406
-0.076362
-0.076278
-0.076255
-0.076173
-0.076168
-0.076083
-0.076099
-0.076007
-0.076043
-0.075939
-0.075999
-0.075878
-0.075965
-0.075821
-0.075940
-0.075765
-0.075924
-0.075708
-0.075916
-0.075649
-0.075917
-0.075585
-0.075927
-0.075513
-0.075949
-0.075430
-0.007900
-0.001574
-0.006976
-0.003033
-0.006826
-0.004543
-0.007341
-0.006250
-0.008478
-0.008280
-0.010241
-0.010750
-0.012662
-0.013772
-0.015797
-0.017446
-0.019705
-0.021855
-0.024432
-0.027053
-0.029992
-0.033036
-0.036337
-0.039727
-0.043332
-0.046947
-0.050739
-0.054413
-0.058213
-0.061743
-0.065338
-0.068513
-0.071689
-0.074328
-0.076916
-0.078909
-0.080822
-0.082146
-0.083389
-0.084104
-0.084758
-0.084981
-0.085169
-0.085036
-0.084895
-0.084537
-0.084188
-0.083713
-0.083256
-0.082742
-0.082248
-0.081747
-0.081263
-0.080804
-0.080359
-0.079955
-0.079561
-0.079216
-0.078878
-0.078588
-0.078305
-0.078065
-0.077831
-0.077634
-0.077444
-0.077282
-0.077129
-0.076997
-0.076875
-0.076767
-0.076671
-0.076581
-0.076506
-0.076431
-0.076374
-0.076310
-0.076267
-0.076211
-0.076181
-0.076130
-0.076112
-0.076063
-0.076056
-0.076007
-0.076011
-0.075959
-0.075975
-0.075918
-0.075946
-0.075881
-0.075924
-0.075848
-0.075907
-0.075817
-0.075895
-0.075787
-0.075889
-0.075757
-0.075887
-0.075727
-0.012874
-0.002152
-0.011279
-0.004038
-0.010616
-0.005858
-0.010734
-0.007779
-0.011553
-0.009942
-0.013041
-0.012466
-0.015201
-0.015458
-0.018055
-0.019009
-0.021633
-0.023188
-0.025953
-0.028033
-0.031005
-0.033532
-0.036731
-0.039610
-0.043001
-0.046111
-0.049607
-0.052797
-0.056265
-0.059360
-0.062635
-0.065462
-0.068380
-0.070789
-0.073218
-0.075111
-0.076980
-0.078328
-0.079633
-0.080473
-0.081269
-0.081683
-0.082064
-0.082155
-0.082228
-0.082098
-0.081963
-0.081702
-0.081442
-0.081118
-0.080797
-0.080457
-0.080119
-0.079792
-0.079466
-0.079168
-0.078870
-0.078608
-0.078345
-0.078121
-0.077894
-0.077705
-0.077514
-0.077357
-0.077198
-0.077069
-0.076937
-0.076833
-0.076723
-0.076640
-0.076549
-0.076483
-0.076408
-0.076357
-0.076293
-0.076256
-0.076200
-0.076175
-0.076125
-0.076111
-0.076063
-0.076061
-0.076013
-0.076022
-0.075972
-0.075992
-0.075938
-0.075972
-0.075909
-0.075958
-0.075884
-0.075952
-0.075862
-0.075953
-0.075840
-0.075961
-0.075819
-0.075978
-0.075795
-0.076005
-0.017735
-0.002739
-0.015504
-0.005069
-0.014371
-0.007226
-0.014145
-0.009405
-0.014712
-0.011764
-0.016013
-0.014430
-0.018023
-0.017514
-0.020741
-0.021100
-0.024172
-0.025250
-0.028312
-0.029990
-0.033131
-0.035301
-0.038556
-0.041102
-0.044454
-0.047244
-0.050627
-0.053511
-0.056815
-0.059630
-0.062723
-0.065310
-0.068059
-0.070285
-0.072583
-0.074361
-0.076150
-0.077451
-0.078730
-0.079578
-0.080393
-0.080852
-0.081281
-0.081437
-0.081571
-0.081513
-0.081440
-0.081245
-0.081042
-0.080773
-0.080500
-0.080204
-0.079904
-0.079610
-0.079313
-0.079038
-0.078762
-0.078517
-0.078269
-0.078057
-0.077841
-0.077662
-0.077477
-0.077329
-0.077173
-0.077053
-0.076921
-0.076827
-0.076715
-0.076643
-0.076547
-0.076495
-0.076411
-0.076377
-0.076301
-0.076285
-0.076211
-0.076213
-0.076138
-0.076158
-0.076078
-0.076118
-0.076028
-0.076091
-0.075987
-0.076076
-0.075950
-0.076071
-0.075918
-0.076077
-0.075887
-0.076093
-0.075856
-0.076122
-0.075822
-0.076164
-0.075784
-0.076222
-0.075738
-0.076301
-0.022380
-0.003270
-0.019524
-0.005991
-0.017905
-0.008424
-0.017295
-0.010788
-0.017546
-0.013252
-0.018569
-0.015950
-0.020314
-0.018990
-0.022754
-0.022452
-0.025870
-0.026390
-0.029640
-0.030825
-0.034020
-0.035734
-0.038933
-0.041045
-0.044253
-0.046631
-0.049808
-0.052308
-0.055379
-0.057856
-0.060722
-0.063036
-0.065598
-0.067635
-0.069810
-0.071490
-0.073232
-0.074524
-0.075828
-0.076741
-0.077641
-0.078218
-0.078774
-0.079079
-0.079362
-0.079465
-0.079547
-0.079510
-0.079457
-0.079334
-0.079197
-0.079029
-0.078848
-0.078663
-0.078466
-0.078282
-0.078088
-0.077916
-0.077734
-0.077582
-0.077417
-0.077286
-0.077141
-0.077032
-0.076905
-0.076817
-0.076706
-0.076639
-0.076541
-0.076493
-0.076405
-0.076377
-0.076293
-0.076285
-0.076202
-0.076214
-0.076128
-0.076161
-0.076067
-0.076125
-0.076016
-0.076103
-0.075974
-0.076095
-0.075938
-0.076099
-0.075905
-0.076115
-0.075873
-0.076145
-0.075840
-0.076189
-0.075805
-0.076250
-0.075762
-0.076331
-0.075709
-0.076435
-0.075642
-0.076570
-0.026847
-0.003793
-0.023402
-0.006904
-0.021338
-0.009628
-0.020391
-0.012206
-0.020384
-0.014823
-0.021202
-0.017622
-0.022774
-0.020714
-0.025052
-0.024176
-0.028000
-0.028060
-0.031578
-0.032380
-0.035730
-0.037112
-0.040371
-0.042184
-0.045375
-0.047476
-0.050578
-0.052823
-0.055781
-0.058029
-0.060767
-0.062889
-0.065328
-0.067217
-0.069293
-0.070875
-0.072553
-0.073793
-0.075070
-0.075973
-0.076877
-0.077476
-0.078060
-0.078406
-0.078730
-0.078882
-0.079012
-0.079025
-0.079019
-0.078942
-0.078848
-0.078719
-0.078575
-0.078422
-0.078255
-0.078098
-0.077927
-0.077777
-0.077614
-0.077478
-0.077328
-0.077211
-0.077076
-0.076979
-0.076860
-0.076784
-0.076676
-0.076621
-0.076524
-0.076489
-0.076398
-0.076384
-0.076294
-0.076303
-0.076209
-0.076243
-0.076140
-0.076201
-0.076082
-0.076175
-0.076034
-0.076164
-0.075993
-0.076167
-0.075956
-0.076185
-0.075921
-0.076217
-0.075886
-0.076265
-0.075848
-0.076331
-0.075803
-0.076419
-0.075749
-0.076532
-0.075680
-0.076677
-0.075590
-0.076861
-0.031137
-0.004280
-0.027117
-0.007745
-0.024601
-0.010716
-0.023290
-0.013454
-0.022979
-0.016157
-0.023528
-0.018974
-0.024842
-0.022016
-0.026855
-0.025361
-0.029512
-0.029057
-0.032761
-0.033116
-0.036537
-0.037517
-0.040753
-0.042196
-0.045293
-0.047053
-0.050012
-0.051947
-0.054740
-0.056718
-0.059292
-0.061195
-0.063496
-0.065226
-0.067206
-0.068696
-0.070328
-0.071540
-0.072822
-0.073752
-0.074706
-0.075374
-0.076040
-0.076483
-0.076910
-0.077174
-0.077415
-0.077543
-0.077648
-0.077681
-0.077692
-0.077663
-0.077614
-0.077549
-0.077464
-0.077382
-0.077281
-0.077193
-0.077087
-0.077004
-0.076900
-0.076826
-0.076727
-0.076666
-0.076574
-0.076529
-0.076441
-0.076413
-0.076329
-0.076319
-0.076235
-0.076246
-0.076157
-0.076191
-0.076093
-0.076154
-0.076040
-0.076133
-0.075996
-0.076126
-0.075959
-0.076135
-0.075926
-0.076157
-0.075896
-0.076195
-0.075866
-0.076250
-0.075832
-0.076322
-0.075794
-0.076417
-0.075745
-0.076537
-0.075683
-0.076688
-0.075601
-0.076879
-0.075490
-0.077119
-0.035181
-0.004739
-0.030626
-0.008542
-0.027696
-0.011759
-0.026063
-0.014674
-0.025497
-0.017496
-0.025837
-0.020383
-0.026968
-0.023449
-0.028809
-0.026774
-0.031292
-0.030404
-0.034351
-0.034350
-0.037914
-0.038590
-0.041889
-0.043065
-0.046161
-0.047681
-0.050594
-0.052314
-0.055029
-0.056819
-0.059302
-0.061048
-0.063260
-0.064868
-0.066775
-0.068179
-0.069760
-0.070923
-0.072179
-0.073092
-0.074044
-0.074719
-0.075402
-0.075870
-0.076326
-0.076624
-0.076902
-0.077068
-0.077211
-0.077282
-0.077330
-0.077336
-0.077320
-0.077285
-0.077230
-0.077174
-0.077098
-0.077033
-0.076947
-0.076883
-0.076795
-0.076738
-0.076651
-0.076605
-0.076521
-0.076490
-0.076408
-0.076393
-0.076311
-0.076316
-0.076229
-0.076256
-0.076161
-0.076214
-0.076105
-0.076188
-0.076058
-0.076177
-0.076018
-0.076181
-0.075983
-0.076200
-0.075952
-0.076234
-0.075921
-0.076285
-0.075889
-0.076354
-0.075852
-0.076444
-0.075807
-0.076559
-0.075750
-0.076704
-0.075676
-0.076886
-0.075578
-0.077114
-0.075447
-0.077401
-0.039102
-0.005184
-0.034026
-0.009308
-0.030681
-0.012746
-0.028712
-0.015801
-0.027861
-0.018694
-0.027946
-0.021591
-0.028836
-0.024608
-0.030430
-0.027826
-0.032650
-0.031291
-0.035419
-0.035017
-0.038661
-0.038984
-0.042284
-0.043144
-0.046182
-0.047416
-0.050230
-0.051695
-0.054291
-0.055861
-0.058224
-0.059791
-0.061898
-0.063372
-0.065201
-0.066520
-0.068059
-0.069184
-0.070433
-0.071350
-0.072327
-0.073040
-0.073774
-0.074303
-0.074828
-0.075201
-0.075558
-0.075806
-0.076031
-0.076183
-0.076310
-0.076393
-0.076451
-0.076486
-0.076497
-0.076503
-0.076483
-0.076471
-0.076434
-0.076415
-0.076366
-0.076348
-0.076293
-0.076280
-0.076221
-0.076218
-0.076155
-0.076166
-0.076096
-0.076125
-0.076046
-0.076097
-0.076004
-0.076082
-0.075969
-0.076080
-0.075940
-0.076091
-0.075915
-0.076116
-0.075893
-0.076155
-0.075871
-0.076209
-0.075849
-0.076281
-0.075822
-0.076373
-0.075788
-0.076488
-0.075744
-0.076631
-0.075685
-0.076809
-0.075604
-0.077028
-0.075494
-0.077302
-0.075343
-0.077643
-0.042704
-0.005577
-0.037147
-0.009990
-0.033425
-0.013635
-0.031156
-0.016832
-0.030061
-0.019817
-0.029942
-0.022760
-0.030651
-0.025784
-0.032075
-0.028971
-0.034125
-0.032367
-0.036716
-0.035987
-0.039765
-0.039814
-0.043179
-0.043803
-0.046852
-0.047879
-0.050666
-0.051950
-0.054494
-0.055908
-0.058208
-0.059644
-0.061688
-0.063061
-0.064835
-0.066082
-0.067581
-0.068661
-0.069890
-0.070786
-0.071759
-0.072472
-0.073217
-0.073761
-0.074308
-0.074705
-0.075090
-0.075367
-0.075624
-0.075807
-0.075966
-0.076079
-0.076167
-0.076230
-0.076268
-0.076299
-0.076303
-0.076314
-0.076296
-0.076297
-0.076265
-0.076263
-0.076222
-0.076224
-0.076175
-0.076186
-0.076129
-0.076154
-0.076087
-0.076130
-0.076050
-0.076117
-0.076019
-0.076114
-0.075992
-0.076123
-0.075968
-0.076144
-0.075947
-0.076178
-0.075927
-0.076227
-0.075906
-0.076292
-0.075883
-0.076376
-0.075853
-0.076481
-0.075816
-0.076611
-0.075765
-0.076773
-0.075697
-0.076973
-0.075605
-0.077221
-0.075480
-0.077528
-0.075309
-0.077911
-0.046254
-0.005984
-0.040230
-0.010687
-0.036135
-0.014531
-0.033559
-0.017852
-0.032204
-0.020898
-0.031851
-0.023847
-0.032337
-0.026825
-0.033538
-0.029917
-0.035353
-0.033172
-0.037692
-0.036606
-0.040468
-0.040209
-0.043589
-0.043941
-0.046956
-0.047742
-0.050460
-0.051532
-0.053989
-0.055221
-0.057430
-0.058717
-0.060679
-0.061938
-0.063649
-0.064817
-0.066277
-0.067315
-0.068529
-0.069415
-0.070398
-0.071127
-0.071901
-0.072481
-0.073073
-0.073519
-0.073958
-0.074292
-0.074607
-0.074849
-0.075067
-0.075238
-0.075382
-0.075500
-0.075590
-0.075669
-0.075720
-0.075774
-0.075796
-0.075836
-0.075837
-0.075870
-0.075856
-0.075888
-0.075861
-0.075899
-0.075859
-0.075908
-0.075853
-0.075920
-0.075847
-0.075937
-0.075841
-0.075961
-0.075836
-0.075994
-0.075832
-0.076038
-0.075827
-0.076094
-0.075820
-0.076164
-0.075811
-0.076250
-0.075796
-0.076356
-0.075774
-0.076484
-0.075741
-0.076640
-0.075693
-0.076829
-0.075624
-0.077061
-0.075526
-0.077346
-0.075390
-0.077698
-0.075203
-0.078135
-0.049398
-0.006312
-0.042952
-0.011255
-0.038518
-0.015268
-0.035669
-0.018702
-0.034088
-0.021816
-0.033542
-0.024795
-0.033857
-0.027769
-0.034899
-0.030826
-0.036556
-0.034015
-0.038734
-0.037356
-0.041340
-0.040839
-0.044283
-0.044430
-0.047464
-0.048074
-0.050780
-0.051700
-0.054124
-0.055227
-0.057393
-0.058574
-0.060491
-0.061667
-0.063339
-0.064447
-0.065878
-0.066877
-0.068075
-0.068942
-0.069921
-0.070647
-0.071429
-0.072019
-0.072627
-0.073092
-0.073554
-0.073911
-0.074252
-0.074520
-0.074765
-0.074962
-0.075132
-0.075275
-0.075389
-0.075492
-0.075565
-0.075640
-0.075681
-0.075739
-0.075757
-0.075806
-0.075804
-0.075852
-0.075834
-0.075886
-0.075852
-0.075915
-0.075863
-0.075943
-0.075869
-0.075973
-0.075873
-0.076009
-0.075875
-0.076052
-0.075875
-0.076105
-0.075873
-0.076169
-0.075868
-0.076247
-0.075858
-0.076342
-0.075842
-0.076457
-0.075817
-0.076596
-0.075779
-0.076765
-0.075724
-0.076970
-0.075646
-0.077222
-0.075537
-0.077531
-0.075387
-0.077912
-0.075181
-0.078386
-0.052586
-0.006685
-0.045725
-0.011893
-0.040961
-0.016086
-0.037839
-0.019632
-0.036024
-0.022799
-0.035268
-0.025782
-0.035383
-0.028715
-0.036224
-0.031689
-0.037675
-0.034757
-0.039635
-0.037941
-0.042009
-0.041238
-0.044707
-0.044619
-0.047635
-0.048040
-0.050698
-0.051438
-0.053799
-0.054748
-0.056844
-0.057898
-0.059750
-0.060826
-0.062445
-0.063482
-0.064875
-0.065830
-0.067009
-0.067856
-0.068835
-0.069562
-0.070359
-0.070966
-0.071602
-0.072096
-0.072594
-0.072988
-0.073370
-0.073679
-0.073967
-0.074207
-0.074420
-0.074603
-0.074758
-0.074899
-0.075008
-0.075119
-0.075193
-0.075283
-0.075329
-0.075407
-0.075429
-0.075503
-0.075505
-0.075581
-0.075563
-0.075648
-0.075608
-0.075710
-0.075644
-0.075771
-0.075674
-0.075833
-0.075699
-0.075902
-0.075718
-0.075978
-0.075734
-0.076064
-0.075743
-0.076164
-0.075746
-0.076280
-0.075741
-0.076418
-0.075724
-0.076580
-0.075693
-0.076775
-0.075641
-0.077009
-0.075564
-0.077292
-0.075451
-0.077638
-0.075292
-0.078062
-0.075070
-0.078588
-0.055259
-0.006947
-0.048034
-0.012346
-0.042973
-0.016671
-0.039608
-0.020303
-0.037590
-0.023520
-0.036659
-0.026520
-0.036619
-0.029444
-0.037316
-0.032383
-0.038627
-0.035393
-0.040446
-0.038498
-0.042677
-0.041697
-0.045228
-0.044966
-0.048006
-0.048264
-0.050920
-0.051536
-0.053878
-0.054723
-0.056792
-0.057761
-0.059583
-0.060593
-0.062185
-0.063174
-0.064548
-0.065472
-0.066640
-0.067472
-0.068449
-0.069174
-0.069977
-0.070592
-0.071242
-0.071751
-0.072267
-0.072681
-0.073085
-0.073416
-0.073727
-0.073989
-0.074225
-0.074431
-0.074607
-0.074769
-0.074897
-0.075027
-0.075118
-0.075225
-0.075285
-0.075379
-0.075413
-0.075500
-0.075510
-0.075599
-0.075586
-0.075684
-0.075646
-0.075760
-0.075693
-0.075832
-0.075730
-0.075904
-0.075760
-0.075980
-0.075783
-0.076062
-0.075800
-0.076155
-0.075809
-0.076260
-0.075810
-0.076383
-0.075801
-0.076527
-0.075780
-0.076698
-0.075743
-0.076903
-0.075684
-0.077149
-0.075598
-0.077448
-0.075474
-0.077813
-0.075301
-0.078262
-0.075062
-0.078818
-0.058099
-0.007292
-0.050513
-0.012935
-0.045163
-0.017425
-0.041560
-0.021159
-0.039337
-0.024425
-0.038220
-0.027429
-0.038004
-0.030317
-0.038525
-0.033184
-0.039656
-0.036090
-0.041287
-0.039063
-0.043320
-0.042106
-0.045664
-0.045201
-0.048232
-0.048313
-0.050935
-0.051399
-0.053690
-0.054404
-0.056417
-0.057277
-0.059045
-0.059967
-0.061512
-0.062436
-0.063774
-0.064654
-0.065799
-0.066605
-0.067574
-0.068290
-0.069097
-0.069717
-0.070380
-0.070905
-0.071443
-0.071880
-0.072311
-0.072669
-0.073010
-0.073302
-0.073568
-0.073805
-0.074011
-0.074203
-0.074360
-0.074518
-0.074635
-0.074769
-0.074853
-0.074971
-0.075025
-0.075136
-0.075164
-0.075274
-0.075276
-0.075394
-0.075368
-0.075503
-0.075444
-0.075604
-0.075507
-0.075703
-0.075560
-0.075804
-0.075603
-0.075911
-0.075638
-0.076026
-0.075664
-0.076155
-0.075679
-0.076300
-0.075683
-0.076467
-0.075672
-0.076662
-0.075643
-0.076892
-0.075590
-0.077167
-0.075505
-0.077497
-0.075380
-0.077898
-0.075200
-0.078389
-0.074947
-0.078995
-0.060285
-0.007484
-0.052393
-0.013268
-0.046791
-0.017855
-0.042978
-0.021651
-0.040578
-0.024950
-0.039309
-0.027963
-0.038957
-0.030838
-0.039354
-0.033675
-0.040367
-0.036533
-0.041882
-0.039444
-0.043799
-0.042411
-0.046028
-0.045421
-0.048480
-0.048443
-0.051071
-0.051436
-0.053720
-0.054354
-0.056352
-0.057147
-0.058898
-0.059771
-0.061300
-0.062188
-0.063516
-0.064373
-0.065515
-0.066310
-0.067281
-0.067996
-0.068811
-0.069438
-0.070115
-0.070653
-0.071208
-0.071661
-0.072111
-0.072489
-0.072850
-0.073161
-0.073448
-0.073703
-0.073928
-0.074138
-0.074312
-0.074487
-0.074618
-0.074767
-0.074863
-0.074994
-0.075058
-0.075180
-0.075215
-0.075336
-0.075341
-0.075470
-0.075444
-0.075589
-0.075528
-0.075698
-0.075596
-0.075804
-0.075652
-0.075909
-0.075696
-0.076019
-0.075729
-0.076137
-0.075752
-0.076268
-0.075764
-0.076416
-0.075762
-0.076587
-0.075745
-0.076787
-0.075709
-0.077023
-0.075647
-0.077306
-0.075553
-0.077648
-0.075416
-0.078063
-0.075223
-0.078572
-0.074956
-0.079201
-0.062805
-0.007809
-0.054603
-0.013822
-0.048753
-0.018562
-0.044736
-0.022452
-0.042159
-0.025797
-0.040730
-0.028815
-0.040225
-0.031660
-0.040470
-0.034435
-0.041327
-0.037205
-0.042679
-0.040002
-0.044426
-0.042836
-0.046479
-0.045698
-0.048752
-0.048564
-0.051164
-0.051398
-0.053641
-0.054161
-0.056112
-0.056811
-0.058514
-0.059309
-0.060795
-0.061622
-0.062915
-0.063727
-0.064843
-0.065609
-0.066564
-0.067263
-0.068074
-0.068696
-0.069376
-0.069919
-0.070485
-0.070950
-0.071416
-0.071810
-0.072191
-0.072522
-0.072830
-0.073107
-0.073354
-0.073587
-0.073782
-0.073979
-0.074132
-0.074303
-0.074418
-0.074570
-0.074652
-0.074795
-0.074845
-0.074986
-0.075005
-0.075153
-0.075138
-0.075303
-0.075250
-0.075441
-0.075344
-0.075574
-0.075424
-0.075705
-0.075489
-0.075840
-0.075543
-0.075982
-0.075584
-0.076137
-0.075611
-0.076309
-0.075624
-0.076504
-0.075620
-0.076728
-0.075593
-0.076991
-0.075539
-0.077302
-0.075449
-0.077674
-0.075312
-0.078125
-0.075115
-0.078675
-0.074836
-0.079353
-0.064481
-0.007928
-0.056034
-0.014029
-0.049977
-0.018830
-0.045786
-0.022758
-0.043062
-0.026121
-0.041507
-0.029142
-0.040890
-0.031975
-0.041035
-0.034726
-0.041798
-0.037460
-0.043061
-0.040213
-0.044723
-0.042995
-0.046692
-0.045800
-0.048884
-0.048606
-0.051220
-0.051381
-0.053626
-0.054088
-0.056035
-0.056689
-0.058387
-0.059149
-0.060631
-0.061435
-0.062726
-0.063525
-0.064644
-0.065406
-0.066367
-0.067070
-0.067891
-0.068522
-0.069216
-0.069772
-0.070354
-0.070835
-0.071318
-0.071730
-0.072128
-0.072476
-0.072801
-0.073094
-0.073357
-0.073605
-0.073815
-0.074026
-0.074190
-0.074373
-0.074497
-0.074660
-0.074749
-0.074900
-0.074955
-0.075104
-0.075125
-0.075280
-0.075265
-0.075436
-0.075380
-0.075578
-0.075475
-0.075712
-0.075553
-0.075844
-0.075616
-0.075978
-0.075665
-0.076119
-0.075700
-0.076272
-0.075721
-0.076443
-0.075726
-0.076637
-0.075713
-0.076862
-0.075677
-0.077126
-0.075613
-0.077441
-0.075513
-0.077819
-0.075365
-0.078277
-0.075155
-0.078838
-0.074863
-0.079530
-0.066718
-0.008242
-0.058006
-0.014562
-0.051742
-0.019510
-0.047380
-0.023528
-0.044508
-0.026936
-0.042817
-0.029963
-0.042070
-0.032771
-0.042083
-0.035468
-0.042710
-0.038125
-0.043833
-0.040779
-0.045347
-0.043445
-0.047163
-0.046121
-0.049198
-0.048790
-0.051379
-0.051425
-0.053633
-0.053996
-0.055900
-0.056468
-0.058121
-0.058811
-0.060251
-0.060997
-0.062252
-0.063006
-0.064096
-0.064825
-0.065766
-0.066447
-0.067255
-0.067875
-0.068564
-0.069116
-0.069700
-0.070184
-0.070674
-0.071094
-0.071503
-0.071863
-0.072202
-0.072510
-0.072789
-0.073053
-0.073279
-0.073507
-0.073688
-0.073889
-0.074030
-0.074211
-0.074315
-0.074485
-0.074554
-0.074721
-0.074755
-0.074929
-0.074925
-0.075115
-0.075068
-0.075286
-0.075190
-0.075448
-0.075293
-0.075607
-0.075379
-0.075767
-0.075449
-0.075934
-0.075504
-0.076112
-0.075544
-0.076307
-0.075566
-0.076527
-0.075567
-0.076777
-0.075544
-0.077069
-0.075489
-0.077412
-0.075396
-0.077821
-0.075250
-0.078315
-0.075038
-0.078917
-0.074736
-0.079656
-0.067851
-0.008280
-0.058957
-0.014631
-0.052534
-0.019602
-0.048037
-0.023634
-0.045050
-0.027047
-0.043262
-0.030071
-0.042431
-0.032870
-0.042371
-0.035552
-0.042934
-0.038189
-0.043997
-0.040818
-0.045458
-0.043458
-0.047224
-0.046105
-0.049214
-0.048745
-0.051354
-0.051354
-0.053574
-0.053901
-0.055813
-0.056356
-0.058016
-0.058689
-0.060136
-0.060873
-0.062135
-0.062888
-0.063987
-0.064720
-0.065674
-0.066363
-0.067186
-0.067817
-0.068522
-0.069089
-0.069689
-0.070188
-0.070695
-0.071130
-0.071555
-0.071931
-0.072284
-0.072606
-0.072898
-0.073174
-0.073411
-0.073650
-0.073840
-0.074049
-0.074196
-0.074384
-0.074493
-0.074668
-0.074739
-0.074910
-0.074943
-0.075120
-0.075113
-0.075306
-0.075255
-0.075476
-0.075372
-0.075634
-0.075469
-0.075788
-0.075547
-0.075942
-0.075609
-0.076102
-0.075655
-0.076274
-0.075684
-0.076463
-0.075695
-0.076676
-0.075685
-0.076922
-0.075650
-0.077210
-0.075584
-0.077550
-0.075479
-0.077959
-0.075322
-0.078453
-0.075098
-0.079057
-0.074785
-0.079800
-0.069857
-0.008594
-0.060739
-0.015164
-0.054146
-0.020280
-0.049508
-0.024400
-0.046400
-0.027858
-0.044498
-0.030891
-0.043556
-0.033668
-0.043382
-0.036303
-0.043827
-0.038869
-0.044766
-0.041410
-0.046095
-0.043945
-0.047724
-0.046476
-0.049574
-0.048991
-0.051573
-0.051471
-0.053654
-0.053892
-0.055760
-0.056225
-0.057840
-0.058445
-0.059849
-0.060529
-0.061752
-0.062459
-0.063525
-0.064221
-0.065149
-0.065811
-0.066615
-0.067228
-0.067921
-0.068477
-0.069071
-0.069567
-0.070073
-0.070510
-0.070939
-0.071320
-0.071681
-0.072012
-0.072314
-0.072602
-0.072852
-0.073104
-0.073307
-0.073531
-0.073692
-0.073896
-0.074019
-0.074210
-0.074295
-0.074484
-0.074530
-0.074725
-0.074730
-0.074942
-0.074901
-0.075141
-0.075046
-0.075329
-0.075169
-0.075511
-0.075273
-0.075693
-0.075359
-0.075881
-0.075427
-0.076080
-0.075477
-0.076296
-0.075508
-0.076536
-0.075515
-0.076810
-0.075495
-0.077125
-0.075442
-0.077496
-0.075346
-0.077936
-0.075194
-0.078467
-0.074970
-0.079111
-0.074650
-0.079902
-0.070397
-0.008541
-0.061163
-0.015080
-0.054463
-0.020177
-0.049732
-0.024285
-0.046546
-0.027735
-0.044580
-0.030762
-0.043586
-0.033535
-0.043372
-0.036166
-0.043784
-0.038729
-0.044697
-0.041269
-0.046008
-0.043803
-0.047625
-0.046336
-0.049467
-0.048856
-0.051464
-0.051344
-0.053549
-0.053776
-0.055663
-0.056125
-0.057757
-0.058365
-0.059786
-0.060474
-0.061715
-0.062432
-0.063517
-0.064227
-0.065173
-0.065851
-0.066674
-0.067304
-0.068015
-0.068588
-0.069199
-0.069711
-0.070234
-0.070685
-0.071129
-0.071523
-0.071896
-0.072239
-0.072551
-0.072847
-0.073105
-0.073364
-0.073572
-0.073801
-0.073965
-0.074171
-0.074294
-0.074487
-0.074570
-0.074759
-0.074802
-0.074995
-0.074995
-0.075205
-0.075156
-0.075395
-0.075291
-0.075572
-0.075402
-0.075742
-0.075493
-0.075912
-0.075565
-0.076087
-0.075618
-0.076273
-0.075654
-0.076477
-0.075669
-0.076706
-0.075662
-0.076968
-0.075628
-0.077274
-0.075561
-0.077635
-0.075452
-0.078067
-0.075288
-0.078589
-0.075053
-0.079225
-0.074724
-0.080008
-0.072240
-0.008871
-0.062820
-0.015635
-0.055980
-0.020881
-0.051137
-0.025081
-0.047850
-0.028577
-0.045789
-0.031615
-0.044700
-0.034369
-0.044386
-0.036956
-0.044692
-0.039454
-0.045492
-0.041909
-0.046682
-0.044344
-0.048171
-0.046766
-0.049881
-0.049166
-0.051743
-0.051530
-0.053694
-0.053837
-0.055678
-0.056064
-0.057649
-0.058189
-0.059564
-0.060193
-0.061391
-0.062058
-0.063105
-0.063774
-0.064688
-0.065334
-0.066131
-0.066736
-0.067429
-0.067985
-0.068584
-0.069085
-0.069602
-0.070048
-0.070491
-0.070885
-0.071262
-0.071609
-0.071927
-0.072232
-0.072498
-0.072768
-0.072988
-0.073230
-0.073406
-0.073628
-0.073764
-0.073973
-0.074070
-0.074276
-0.074332
-0.074544
-0.074557
-0.074785
-0.074749
-0.075008
-0.074914
-0.075217
-0.075055
-0.075419
-0.075175
-0.075619
-0.075274
-0.075825
-0.075354
-0.076041
-0.075413
-0.076274
-0.075451
-0.076533
-0.075465
-0.076824
-0.075449
-0.077160
-0.075397
-0.077553
-0.075300
-0.078018
-0.075143
-0.078577
-0.074911
-0.079256
-0.074578
-0.080089
-0.072112
-0.008712
-0.062648
-0.015375
-0.055759
-0.020557
-0.050870
-0.024717
-0.047548
-0.028191
-0.045462
-0.031220
-0.044358
-0.033975
-0.044040
-0.036572
-0.044351
-0.039088
-0.045165
-0.041567
-0.046376
-0.044033
-0.047894
-0.046491
-0.049639
-0.048933
-0.051541
-0.051342
-0.053538
-0.053699
-0.055571
-0.055978
-0.057594
-0.058158
-0.059563
-0.060217
-0.061444
-0.062137
-0.063212
-0.063907
-0.064848
-0.065518
-0.066339
-0.066967
-0.067682
-0.068258
-0.068877
-0.069395
-0.069928
-0.070389
-0.070845
-0.071251
-0.071637
-0.071993
-0.072318
-0.072628
-0.072898
-0.073170
-0.073391
-0.073632
-0.073808
-0.074027
-0.074159
-0.074364
-0.074455
-0.074655
-0.074704
-0.074909
-0.074913
-0.075135
-0.075089
-0.075339
-0.075235
-0.075528
-0.075356
-0.075711
-0.075455
-0.075891
-0.075534
-0.076077
-0.075593
-0.076273
-0.075633
-0.076487
-0.075651
-0.076726
-0.075646
-0.076999
-0.075613
-0.077317
-0.075545
-0.077692
-0.075433
-0.078140
-0.075264
-0.078681
-0.075021
-0.079340
-0.074681
-0.080150
-0.073891
-0.009076
-0.064268
-0.015984
-0.057263
-0.021325
-0.052282
-0.025582
-0.048877
-0.029106
-0.046708
-0.032148
-0.045519
-0.034886
-0.045109
-0.037440
-0.045319
-0.039890
-0.046024
-0.042286
-0.047117
-0.044652
-0.048509
-0.046996
-0.050122
-0.049315
-0.051887
-0.051596
-0.053745
-0.053822
-0.055643
-0.055972
-0.057534
-0.058028
-0.059379
-0.059971
-0.061148
-0.061786
-0.062816
-0.063463
-0.064365
-0.064996
-0.065786
-0.066383
-0.067072
-0.067625
-0.068225
-0.068728
-0.069249
-0.069701
-0.070150
-0.070553
-0.070938
-0.071295
-0.071624
-0.071940
-0.072217
-0.072499
-0.072730
-0.072984
-0.073172
-0.073405
-0.073552
-0.073773
-0.073879
-0.074097
-0.074162
-0.074386
-0.074405
-0.074647
-0.074615
-0.074887
-0.074796
-0.075112
-0.074951
-0.075330
-0.075083
-0.075546
-0.075193
-0.075766
-0.075283
-0.075996
-0.075351
-0.076243
-0.075396
-0.076515
-0.075415
-0.076821
-0.075404
-0.077172
-0.075354
-0.077582
-0.075257
-0.078066
-0.075099
-0.078647
-0.074862
-0.079351
-0.074520
-0.080214
-0.072984
-0.008795
-0.063399
-0.015520
-0.056412
-0.020744
-0.051443
-0.024930
-0.048052
-0.028417
-0.045905
-0.031447
-0.044745
-0.034193
-0.044374
-0.036774
-0.044634
-0.039265
-0.045398
-0.041715
-0.046560
-0.044148
-0.048028
-0.046568
-0.049726
-0.048971
-0.051581
-0.051342
-0.053534
-0.053662
-0.055527
-0.055907
-0.057514
-0.058057
-0.059454
-0.060091
-0.061312
-0.061993
-0.063063
-0.063749
-0.064687
-0.065353
-0.066174
-0.066801
-0.067517
-0.068095
-0.068717
-0.069239
-0.069776
-0.070242
-0.070703
-0.071115
-0.071508
-0.071870
-0.072201
-0.072518
-0.072795
-0.073073
-0.073300
-0.073548
-0.073729
-0.073954
-0.074092
-0.074302
-0.074398
-0.074603
-0.074656
-0.074866
-0.074872
-0.075099
-0.075054
-0.075311
-0.075207
-0.075507
-0.075333
-0.075695
-0.075436
-0.075881
-0.075518
-0.076071
-0.075580
-0.076273
-0.075622
-0.076492
-0.075643
-0.076736
-0.075638
-0.077015
-0.075605
-0.077339
-0.075537
-0.077721
-0.075423
-0.078177
-0.075252
-0.078728
-0.075005
-0.079398
-0.074659
-0.080222
-0.074838
-0.009214
-0.065108
-0.016217
-0.058019
-0.021619
-0.052966
-0.025913
-0.049497
-0.029455
-0.047272
-0.032501
-0.046028
-0.035230
-0.045565
-0.037766
-0.045723
-0.040189
-0.046373
-0.042549
-0.047410
-0.044873
-0.048744
-0.047171
-0.050298
-0.049440
-0.052005
-0.051668
-0.053805
-0.053841
-0.055647
-0.055941
-0.057485
-0.057949
-0.059284
-0.059849
-0.061011
-0.061628
-0.062644
-0.063275
-0.064165
-0.064784
-0.065565
-0.066154
-0.066838
-0.067386
-0.067984
-0.068485
-0.069005
-0.069458
-0.069909
-0.070315
-0.070704
-0.071065
-0.071399
-0.071721
-0.072004
-0.072293
-0.072530
-0.072791
-0.072985
-0.073227
-0.073380
-0.073609
-0.073722
-0.073948
-0.074018
-0.074250
-0.074274
-0.074525
-0.074497
-0.074778
-0.074690
-0.075016
-0.074856
-0.075246
-0.074998
-0.075473
-0.075118
-0.075703
-0.075216
-0.075944
-0.075291
-0.076201
-0.075343
-0.076484
-0.075367
-0.076800
-0.075360
-0.077162
-0.075314
-0.077583
-0.075219
-0.078080
-0.075061
-0.078675
-0.074822
-0.079396
-0.074475
-0.080280
