# u - 500 ites
1.015619
1.002607
1.014507
1.005043
1.014078
1.007214
1.014086
1.009153
1.014407
1.010915
1.014961
1.012541
1.015682
1.014058
1.016518
1.015477
1.017422
1.016803
1.018353
1.018032
1.019273
1.019154
1.020149
1.020157
1.020948
1.021024
1.021642
1.021741
1.022206
1.022293
1.022620
1.022670
1.022870
1.022863
1.022945
1.022871
1.022842
1.022695
1.022564
1.022342
1.022119
1.021826
1.021522
1.021162
1.020788
1.020371
1.019939
1.019474
1.018996
1.018495
1.017983
1.017456
1.016922
1.016379
1.015834
1.015284
1.014738
1.014190
1.013652
1.013112
1.012589
1.012064
1.011561
1.011055
1.010578
1.010094
1.009647
1.009185
1.008772
1.008332
1.007956
1.007537
1.007201
1.006800
1.006507
1.006119
1.005874
1.005493
1.005300
1.004919
1.004783
1.004392
1.004323
1.003908
1.003916
1.003464
1.003563
1.003054
1.003261
1.002671
1.003011
1.002310
1.002814
1.001965
1.002670
1.001626
1.002585
1.001283
1.002565
1.000918
1.015335
1.002555
1.014281
1.004985
1.013908
1.007166
1.013962
1.009119
1.014322
1.010897
1.014910
1.012543
1.015663
1.014081
1.016530
1.015524
1.017465
1.016877
1.018427
1.018132
1.019378
1.019282
1.020283
1.020310
1.021109
1.021201
1.021826
1.021938
1.022410
1.022506
1.022838
1.022893
1.023095
1.023091
1.023172
1.023097
1.023064
1.022913
1.022775
1.022546
1.022315
1.022012
1.021696
1.021326
1.020939
1.020509
1.020064
1.019586
1.019094
1.018579
1.018054
1.017514
1.016968
1.016411
1.015855
1.015294
1.014738
1.014180
1.013633
1.013085
1.012554
1.012022
1.011513
1.011002
1.010520
1.010031
1.009581
1.009116
1.008701
1.008259
1.007882
1.007462
1.007125
1.006725
1.006431
1.006045
1.005799
1.005421
1.005227
1.004849
1.004713
1.004325
1.004255
1.003846
1.003852
1.003406
1.003501
1.003000
1.003202
1.002623
1.002955
1.002268
1.002759
1.001928
1.002616
1.001595
1.002529
1.001261
1.002507
1.000904
1.015413
1.002564
1.014326
1.004990
1.013931
1.007165
1.013970
1.009113
1.014320
1.010888
1.014902
1.012530
1.015651
1.014067
1.016517
1.015510
1.017452
1.016863
1.018415
1.018121
1.019368
1.019273
1.020276
1.020304
1.021105
1.021199
1.021827
1.021940
1.022414
1.022513
1.022846
1.022903
1.023106
1.023103
1.023185
1.023111
1.023078
1.022927
1.022790
1.022560
1.022328
1.022024
1.021708
1.021336
1.020948
1.020517
1.020070
1.019590
1.019097
1.018581
1.018055
1.017512
1.016965
1.016408
1.015851
1.015289
1.014732
1.014173
1.013625
1.013078
1.012546
1.012014
1.011505
1.010994
1.010513
1.010024
1.009574
1.009110
1.008695
1.008254
1.007877
1.007458
1.007121
1.006721
1.006428
1.006042
1.005797
1.005419
1.005226
1.004848
1.004712
1.004325
1.004255
1.003847
1.003853
1.003407
1.003503
1.003001
1.003205
1.002624
1.002958
1.002269
1.002762
1.001929
1.002621
1.001596
1.002536
1.001260
1.002515
1.000902
1.015147
1.002528
1.014114
1.004945
1.013766
1.007124
1.013846
1.009082
1.014232
1.010871
1.014847
1.012532
1.015629
1.014090
1.016527
1.015558
1.017495
1.016938
1.018491
1.018224
1.019477
1.019405
1.020416
1.020466
1.021275
1.021387
1.022022
1.022150
1.022631
1.022740
1.023079
1.023142
1.023348
1.023348
1.023428
1.023353
1.023316
1.023160
1.023016
1.022778
1.022536
1.022221
1.021893
1.021508
1.021106
1.020661
1.020199
1.019705
1.019197
1.018666
1.018125
1.017568
1.017007
1.016437
1.015868
1.015294
1.014726
1.014157
1.013600
1.013043
1.012504
1.011966
1.011450
1.010934
1.010448
1.009956
1.009502
1.009035
1.008618
1.008176
1.007797
1.007378
1.007041
1.006642
1.006348
1.005964
1.005719
1.005344
1.005150
1.004776
1.004640
1.004257
1.004186
1.003783
1.003787
1.003348
1.003440
1.002947
1.003145
1.002575
1.002900
1.002226
1.002707
1.001891
1.002566
1.001565
1.002481
1.001236
1.002458
1.000887
1.015115
1.002532
1.014075
1.004944
1.013724
1.007118
1.013805
1.009072
1.014195
1.010861
1.014817
1.012526
1.015609
1.014090
1.016519
1.015568
1.017501
1.016960
1.018512
1.018261
1.019515
1.019458
1.020472
1.020534
1.021349
1.021471
1.022112
1.022249
1.022735
1.022851
1.023193
1.023262
1.023469
1.023472
1.023552
1.023477
1.023438
1.023280
1.023131
1.022889
1.022641
1.022320
1.021984
1.021592
1.021182
1.020728
1.020258
1.019755
1.019239
1.018699
1.018150
1.017586
1.017017
1.016440
1.015864
1.015284
1.014711
1.014137
1.013576
1.013016
1.012473
1.011932
1.011414
1.010896
1.010408
1.009915
1.009461
1.008994
1.008576
1.008135
1.007756
1.007338
1.007001
1.006603
1.006311
1.005928
1.005683
1.005310
1.005117
1.004745
1.004609
1.004229
1.004158
1.003757
1.003761
1.003325
1.003416
1.002927
1.003123
1.002558
1.002880
1.002210
1.002688
1.001878
1.002549
1.001553
1.002465
1.001226
1.002444
1.000878
1.014815
1.002494
1.013829
1.004893
1.013527
1.007067
1.013652
1.009031
1.014083
1.010836
1.014744
1.012522
1.015575
1.014113
1.016525
1.015622
1.017548
1.017049
1.018603
1.018387
1.019649
1.019623
1.020648
1.020738
1.021564
1.021710
1.022363
1.022520
1.023015
1.023146
1.023495
1.023573
1.023784
1.023791
1.023870
1.023794
1.023750
1.023585
1.023426
1.023173
1.022912
1.022576
1.022224
1.021814
1.021385
1.020913
1.020423
1.019900
1.019364
1.018804
1.018236
1.017653
1.017067
1.016472
1.015880
1.015285
1.014698
1.014111
1.013537
1.012966
1.012414
1.011865
1.011339
1.010815
1.010321
1.009824
1.009365
1.008896
1.008476
1.008033
1.007653
1.007235
1.006898
1.006501
1.006208
1.005829
1.005584
1.005214
1.005021
1.004654
1.004517
1.004143
1.004071
1.003678
1.003678
1.003252
1.003338
1.002860
1.003049
1.002497
1.002810
1.002156
1.002621
1.001831
1.002483
1.001515
1.002399
1.001196
1.002377
1.000858
1.014677
1.002486
1.013703
1.004878
1.013415
1.007046
1.013556
1.009009
1.014005
1.010819
1.014687
1.012514
1.015541
1.014121
1.016517
1.015650
1.017570
1.017102
1.018656
1.018469
1.019735
1.019735
1.020769
1.020881
1.021718
1.021884
1.022547
1.022721
1.023225
1.023369
1.023725
1.023812
1.024026
1.024037
1.024116
1.024039
1.023990
1.023820
1.023654
1.023392
1.023119
1.022770
1.022404
1.021980
1.021535
1.021047
1.020540
1.020001
1.019448
1.018873
1.018289
1.017691
1.017090
1.016482
1.015877
1.015271
1.014673
1.014077
1.013494
1.012916
1.012357
1.011802
1.011272
1.010744
1.010247
1.009747
1.009287
1.008817
1.008396
1.007954
1.007573
1.007157
1.006820
1.006426
1.006134
1.005757
1.005512
1.005147
1.004954
1.004591
1.004454
1.004085
1.004012
1.003625
1.003624
1.003204
1.003287
1.002817
1.003002
1.002459
1.002765
1.002123
1.002579
1.001803
1.002443
1.001490
1.002361
1.001176
1.002340
1.000842
1.014331
1.002444
1.013414
1.004819
1.013179
1.006985
1.013368
1.008956
1.013863
1.010783
1.014590
1.012503
1.015492
1.014142
1.016518
1.015710
1.017622
1.017207
1.018763
1.018622
1.019898
1.019939
1.020986
1.021135
1.021988
1.022185
1.022864
1.023063
1.023582
1.023745
1.024111
1.024211
1.024430
1.024446
1.024524
1.024445
1.024389
1.024211
1.024031
1.023754
1.023463
1.023095
1.022707
1.022259
1.021790
1.021276
1.020744
1.020178
1.019599
1.018998
1.018389
1.017767
1.017144
1.016514
1.015888
1.015263
1.014647
1.014035
1.013438
1.012846
1.012276
1.011710
1.011171
1.010636
1.010132
1.009628
1.009163
1.008690
1.008266
1.007824
1.007442
1.007027
1.006689
1.006297
1.006005
1.005632
1.005388
1.005028
1.004835
1.004478
1.004341
1.003980
1.003905
1.003527
1.003523
1.003114
1.003192
1.002735
1.002912
1.002385
1.002680
1.002058
1.002497
1.001746
1.002364
1.001443
1.002283
1.001139
1.002260
1.000817
1.014092
1.002425
1.013203
1.004786
1.012998
1.006946
1.013216
1.008918
1.013742
1.010752
1.014501
1.012489
1.015439
1.014152
1.016505
1.015752
1.017654
1.017286
1.018843
1.018744
1.020028
1.020108
1.021168
1.021352
1.022220
1.022448
1.023143
1.023368
1.023901
1.024084
1.024460
1.024573
1.024797
1.024819
1.024897
1.024817
1.024755
1.024568
1.024375
1.024084
1.023776
1.023389
1.022979
1.022508
1.022015
1.021476
1.020919
1.020328
1.019724
1.019099
1.018466
1.017822
1.017176
1.016527
1.015883
1.015240
1.014608
1.013982
1.013372
1.012770
1.012189
1.011616
1.011070
1.010529
1.010021
1.009514
1.009046
1.008572
1.008147
1.007705
1.007323
1.006910
1.006573
1.006185
1.005894
1.005525
1.005282
1.004926
1.004734
1.004384
1.004247
1.003893
1.003817
1.003447
1.003441
1.003042
1.003116
1.002670
1.002841
1.002328
1.002613
1.002007
1.002434
1.001703
1.002303
1.001406
1.002224
1.001109
1.002202
1.000793
1.013691
1.002378
1.012864
1.004717
1.012716
1.006871
1.012988
1.008850
1.013565
1.010703
1.014378
1.012468
1.015371
1.014169
1.016496
1.015816
1.017709
1.017405
1.018966
1.018925
1.020222
1.020353
1.021432
1.021662
1.022552
1.022821
1.023537
1.023795
1.024347
1.024555
1.024945
1.025075
1.025306
1.025335
1.025411
1.025328
1.025256
1.025058
1.024848
1.024538
1.024205
1.023792
1.023353
1.022852
1.022326
1.021754
1.021163
1.020539
1.019901
1.019243
1.018579
1.017904
1.017230
1.016553
1.015883
1.015217
1.014564
1.013919
1.013291
1.012674
1.012079
1.011495
1.010938
1.010389
1.009874
1.009361
1.008889
1.008413
1.007985
1.007543
1.007160
1.006749
1.006412
1.006027
1.005737
1.005373
1.005132
1.004782
1.004591
1.004248
1.004111
1.003766
1.003689
1.003330
1.003321
1.002935
1.003003
1.002574
1.002734
1.002241
1.002513
1.001931
1.002338
1.001637
1.002210
1.001351
1.002133
1.001066
1.002110
1.000763
1.013355
1.002347
1.012571
1.004665
1.012464
1.006810
1.012777
1.008790
1.013395
1.010653
1.014252
1.012440
1.015293
1.014173
1.016472
1.015863
1.017745
1.017504
1.019067
1.019083
1.020392
1.020576
1.021675
1.021952
1.022865
1.023175
1.023915
1.024209
1.024781
1.025017
1.025422
1.025570
1.025809
1.025846
1.025922
1.025837
1.025756
1.025546
1.025319
1.024987
1.024630
1.024189
1.023720
1.023187
1.022628
1.022022
1.021395
1.020736
1.020064
1.019373
1.018676
1.017970
1.017267
1.016563
1.015868
1.015179
1.014505
1.013841
1.013198
1.012566
1.011959
1.011364
1.010799
1.010243
1.009722
1.009206
1.008731
1.008253
1.007824
1.007383
1.007001
1.006593
1.006257
1.005877
1.005588
1.005230
1.004990
1.004648
1.004458
1.004124
1.003987
1.003651
1.003573
1.003225
1.003213
1.002839
1.002903
1.002488
1.002640
1.002165
1.002425
1.001864
1.002254
1.001579
1.002130
1.001303
1.002055
1.001027
1.002033
1.000733
1.012890
1.002293
1.012173
1.004583
1.012130
1.006718
1.012501
1.008702
1.013177
1.010584
1.014093
1.012403
1.015199
1.014180
1.016449
1.015926
1.017798
1.017635
1.019204
1.019290
1.020617
1.020865
1.021989
1.022325
1.023267
1.023629
1.024398
1.024735
1.025332
1.025601
1.026025
1.026194
1.026442
1.026488
1.026563
1.026474
1.026380
1.026154
1.025903
1.025546
1.025156
1.024682
1.024174
1.023601
1.023000
1.022351
1.021681
1.020979
1.020265
1.019532
1.018796
1.018053
1.017314
1.016577
1.015851
1.015134
1.014435
1.013748
1.013084
1.012435
1.011812
1.011204
1.010628
1.010064
1.009535
1.009014
1.008535
1.008056
1.007625
1.007185
1.006803
1.006397
1.006063
1.005688
1.005401
1.005050
1.004811
1.004477
1.004288
1.003964
1.003827
1.003503
1.003424
1.003089
1.003073
1.002715
1.002772
1.002376
1.002518
1.002065
1.002309
1.001776
1.002144
1.001503
1.002024
1.001239
1.001950
1.000976
1.001929
1.000698
1.012459
1.002248
1.011798
1.004509
1.011806
1.006631
1.012227
1.008614
1.012953
1.010508
1.013923
1.012353
1.015088
1.014170
1.016404
1.015970
1.017830
1.017745
1.019319
1.019478
1.020824
1.021139
1.022290
1.022688
1.023662
1.024080
1.024881
1.025265
1.025891
1.026198
1.026643
1.026837
1.027097
1.027155
1.027229
1.027137
1.027031
1.026788
1.026514
1.026128
1.025705
1.025193
1.024644
1.024028
1.023381
1.022686
1.021970
1.021222
1.020462
1.019685
1.018907
1.018124
1.017348
1.016576
1.015819
1.015073
1.014348
1.013638
1.012954
1.012288
1.011650
1.011031
1.010444
1.009872
1.009338
1.008813
1.008331
1.007851
1.007420
1.006982
1.006601
1.006200
1.005868
1.005498
1.005214
1.004871
1.004635
1.004309
1.004123
1.003808
1.003673
1.003360
1.003280
1.002958
1.002940
1.002597
1.002648
1.002270
1.002402
1.001971
1.002201
1.001694
1.002042
1.001432
1.001926
1.001180
1.001855
1.000929
1.001834
1.000663
1.011924
1.002185
1.011336
1.004410
1.011412
1.006516
1.011896
1.008500
1.012685
1.010412
1.013721
1.012291
1.014959
1.014159
1.016358
1.016025
1.017875
1.017882
1.019466
1.019709
1.021079
1.021473
1.022659
1.023129
1.024143
1.024625
1.025466
1.025906
1.026566
1.026915
1.027386
1.027607
1.027880
1.027949
1.028021
1.027924
1.027800
1.027536
1.027231
1.026810
1.026345
1.025787
1.025189
1.024520
1.023819
1.023069
1.022297
1.021495
1.020681
1.019854
1.019026
1.018197
1.017378
1.016567
1.015773
1.014995
1.014240
1.013505
1.012798
1.012112
1.011458
1.010825
1.010226
1.009646
1.009105
1.008576
1.008090
1.007610
1.007178
1.006743
1.006363
1.005967
1.005637
1.005275
1.004994
1.004658
1.004426
1.004110
1.003926
1.003623
1.003489
1.003189
1.003108
1.002802
1.002780
1.002455
1.002499
1.002142
1.002263
1.001857
1.002070
1.001594
1.001918
1.001347
1.001807
1.001108
1.001738
1.000872
1.001717
1.000622
1.011398
1.002127
1.010876
1.004313
1.011012
1.006397
1.011552
1.008376
1.012398
1.010300
1.013496
1.012207
1.014803
1.014123
1.016282
1.016054
1.017891
1.017993
1.019586
1.019919
1.021314
1.021793
1.023016
1.023565
1.024623
1.025178
1.026063
1.026565
1.027266
1.027665
1.028166
1.028421
1.028711
1.028794
1.028867
1.028765
1.028626
1.028339
1.028002
1.027543
1.027032
1.026425
1.025771
1.025046
1.024284
1.023474
1.022641
1.021778
1.020907
1.020023
1.019142
1.018264
1.017398
1.016544
1.015712
1.014899
1.014113
1.013351
1.012621
1.011916
1.011245
1.010599
1.009990
1.009402
1.008855
1.008323
1.007835
1.007356
1.006925
1.006493
1.006116
1.005726
1.005400
1.005045
1.004768
1.004443
1.004214
1.003909
1.003728
1.003438
1.003305
1.003019
1.002938
1.002648
1.002622
1.002316
1.002353
1.002018
1.002128
1.001747
1.001943
1.001497
1.001798
1.001264
1.001692
1.001039
1.001627
1.000817
1.001606
1.000581
1.010786
1.002053
1.010343
1.004193
1.010550
1.006253
1.011158
1.008228
1.012070
1.010167
1.013239
1.012110
1.014628
1.014081
1.016200
1.016090
1.017917
1.018127
1.019735
1.020168
1.021597
1.022172
1.023441
1.024081
1.025191
1.025829
1.026768
1.027341
1.028088
1.028542
1.029078
1.029369
1.029676
1.029773
1.029844
1.029734
1.029572
1.029255
1.028877
1.028371
1.027804
1.027136
1.026417
1.025623
1.024792
1.023910
1.023007
1.022075
1.021137
1.020190
1.019250
1.018315
1.017398
1.016498
1.015623
1.014773
1.013954
1.013164
1.012408
1.011683
1.010995
1.010335
1.009715
1.009120
1.008567
1.008033
1.007543
1.007065
1.006635
1.006208
1.005834
1.005451
1.005130
1.004784
1.004512
1.004197
1.003973
1.003681
1.003503
1.003226
1.003096
1.002826
1.002744
1.002471
1.002443
1.002156
1.002187
1.001875
1.001973
1.001620
1.001798
1.001387
1.001661
1.001168
1.001561
1.000960
1.001498
1.000754
1.001478
1.000537
1.010165
1.001979
1.009796
1.004066
1.010069
1.006095
1.010737
1.008059
1.011710
1.010005
1.012946
1.011978
1.014412
1.014002
1.016076
1.016087
1.017902
1.018224
1.019846
1.020386
1.021851
1.022529
1.023850
1.024590
1.025760
1.026491
1.027491
1.028146
1.028949
1.029469
1.030048
1.030383
1.030715
1.030832
1.030905
1.030789
1.030605
1.030258
1.029837
1.029279
1.028652
1.027917
1.027125
1.026255
1.025345
1.024385
1.023403
1.022395
1.021383
1.020366
1.019359
1.018363
1.017390
1.016439
1.015518
1.014628
1.013773
1.012953
1.012172
1.011425
1.010720
1.010047
1.009417
1.008815
1.008257
1.007722
1.007231
1.006757
1.006329
1.005908
1.005538
1.005164
1.004848
1.004513
1.004247
1.003944
1.003725
1.003447
1.003273
1.003011
1.002884
1.002630
1.002548
1.002294
1.002262
1.001997
1.002020
1.001733
1.001819
1.001494
1.001654
1.001277
1.001525
1.001075
1.001431
1.000882
1.001373
1.000691
1.001353
1.000491
1.009472
1.001893
1.009187
1.003920
1.009533
1.005914
1.010268
1.007865
1.011310
1.009822
1.012621
1.011829
1.014175
1.013915
1.015944
1.016088
1.017894
1.018341
1.019984
1.020644
1.022154
1.022949
1.024331
1.025184
1.026425
1.027261
1.028334
1.029080
1.029948
1.030540
1.031166
1.031549
1.031905
1.032041
1.032110
1.031982
1.031767
1.031380
1.030902
1.030281
1.029578
1.028763
1.027884
1.026925
1.025923
1.024872
1.023800
1.022706
1.021611
1.020516
1.019437
1.018375
1.017341
1.016336
1.015367
1.014435
1.013544
1.012693
1.011887
1.011119
1.010397
1.009713
1.009073
1.008466
1.007905
1.007370
1.006880
1.006410
1.005986
1.005572
1.005209
1.004844
1.004536
1.004212
1.003954
1.003664
1.003452
1.003188
1.003020
1.002774
1.002649
1.002413
1.002332
1.002098
1.002063
1.001821
1.001837
1.001575
1.001648
1.001355
1.001496
1.001155
1.001376
1.000971
1.001288
1.000795
1.001233
1.000623
1.001214
1.000442
1.008754
1.001801
1.008550
1.003761
1.008964
1.005709
1.009760
1.007637
1.010863
1.009596
1.012243
1.011631
1.013879
1.013771
1.015749
1.016031
1.017825
1.018401
1.020065
1.020853
1.022411
1.023332
1.024784
1.025761
1.027084
1.028039
1.029197
1.030051
1.030997
1.031676
1.032363
1.032807
1.033197
1.033361
1.033434
1.033297
1.033054
1.032625
1.032089
1.031398
1.030614
1.029709
1.028733
1.027673
1.026569
1.025415
1.024243
1.023051
1.021864
1.020682
1.019522
1.018386
1.017285
1.016220
1.015199
1.014221
1.013291
1.012407
1.011573
1.010785
1.010046
1.009349
1.008701
1.008090
1.007526
1.006992
1.006505
1.006040
1.005622
1.005218
1.004862
1.004509
1.004208
1.003898
1.003648
1.003373
1.003168
1.002920
1.002759
1.002530
1.002409
1.002192
1.002113
1.001899
1.001862
1.001642
1.001652
1.001417
1.001478
1.001216
1.001337
1.001034
1.001226
1.000867
1.001146
1.000709
1.001095
1.000554
1.001077
1.000392
1.007975
1.001699
1.007859
1.003583
1.008345
1.005481
1.009206
1.007385
1.010376
1.009346
1.011831
1.011412
1.013559
1.013616
1.015544
1.015974
1.017762
1.018480
1.020174
1.021103
1.022721
1.023784
1.025318
1.026437
1.027855
1.028945
1.030201
1.031176
1.032209
1.032986
1.033739
1.034245
1.034670
1.034857
1.034926
1.034771
1.034486
1.033999
1.033388
1.032608
1.031723
1.030709
1.029618
1.028440
1.027217
1.025945
1.024659
1.023359
1.022069
1.020792
1.019546
1.018331
1.017160
1.016035
1.014960
1.013937
1.012969
1.012055
1.011196
1.010388
1.009635
1.008929
1.008275
1.007662
1.007098
1.006569
1.006086
1.005630
1.005220
1.004827
1.004480
1.004141
1.003851
1.003556
1.003316
1.003057
1.002861
1.002631
1.002476
1.002266
1.002150
1.001953
1.001875
1.001683
1.001644
1.001450
1.001452
1.001245
1.001293
1.001065
1.001165
1.000903
1.001066
1.000755
1.000993
1.000616
1.000947
1.000481
1.000929
1.000340
1.007160
1.001588
1.007128
1.003383
1.007680
1.005219
1.008599
1.007085
1.009825
1.009035
1.011347
1.011122
1.013158
1.013381
1.015251
1.015832
1.017609
1.018473
1.020197
1.021273
1.022956
1.024172
1.025799
1.027073
1.028603
1.029847
1.031219
1.032336
1.033479
1.034374
1.035214
1.035803
1.036279
1.036503
1.036580
1.036414
1.036090
1.035545
1.034854
1.033978
1.032982
1.031846
1.030627
1.029315
1.027958
1.026553
1.025138
1.023714
1.022309
1.020925
1.019581
1.018278
1.017029
1.015835
1.014702
1.013629
1.012620
1.011672
1.010786
1.009958
1.009190
1.008475
1.007816
1.007202
1.006640
1.006116
1.005640
1.005194
1.004794
1.004414
1.004079
1.003755
1.003476
1.003198
1.002969
1.002728
1.002543
1.002331
1.002185
1.001994
1.001884
1.001708
1.001633
1.001464
1.001423
1.001254
1.001250
1.001072
1.001108
1.000913
1.000993
1.000771
1.000904
1.000643
1.000840
1.000523
1.000798
1.000407
1.000782
1.000286
1.006293
1.001467
1.006350
1.003167
1.006970
1.004933
1.007948
1.006758
1.009234
1.008698
1.010827
1.010807
1.012730
1.013129
1.014944
1.015688
1.017460
1.018484
1.020248
1.021489
1.023251
1.024639
1.026375
1.027827
1.029486
1.030904
1.032412
1.033689
1.034955
1.035980
1.036913
1.037589
1.038113
1.038369
1.038440
1.038246
1.037863
1.037237
1.036440
1.035441
1.034307
1.033022
1.031648
1.030179
1.028666
1.027109
1.025550
1.023990
1.022460
1.020961
1.019514
1.018122
1.016794
1.015533
1.014343
1.013223
1.012176
1.011199
1.010291
1.009449
1.008671
1.007952
1.007292
1.006683
1.006127
1.005613
1.005147
1.004715
1.004327
1.003964
1.003642
1.003336
1.003072
1.002813
1.002597
1.002376
1.002202
1.002011
1.001874
1.001705
1.001602
1.001448
1.001376
1.001231
1.001189
1.001047
1.001036
1.000889
1.000911
1.000752
1.000812
1.000632
1.000734
1.000524
1.000678
1.000424
1.000641
1.000329
1.000626
1.000231
1.005381
1.001334
1.005523
1.002921
1.006203
1.004602
1.007228
1.006368
1.008561
1.008279
1.010210
1.010396
1.012191
1.012766
1.014514
1.015420
1.017181
1.018367
1.020170
1.021581
1.023427
1.024999
1.026857
1.028505
1.030313
1.031932
1.033601
1.035068
1.036489
1.037677
1.038735
1.039526
1.040126
1.040434
1.040519
1.040308
1.039872
1.039164
1.038256
1.037122
1.035836
1.034385
1.032836
1.031188
1.029498
1.027769
1.026044
1.024329
1.022655
1.021027
1.019464
1.017969
1.016552
1.015215
1.013961
1.012790
1.011701
1.010692
1.009760
1.008903
1.008115
1.007392
1.006732
1.006128
1.005580
1.005077
1.004624
1.004207
1.003834
1.003489
1.003184
1.002898
1.002649
1.002411
1.002210
1.002011
1.001850
1.001680
1.001554
1.001407
1.001312
1.001181
1.001113
1.000993
1.000951
1.000836
1.000819
1.000703
1.000713
1.000590
1.000628
1.000491
1.000563
1.000404
1.000516
1.000325
1.000485
1.000251
1.000471
1.000174
1.004425
1.001193
1.004655
1.002659
1.005394
1.004246
1.006466
1.005949
1.007847
1.007830
1.009556
1.009955
1.011621
1.012381
1.014066
1.015146
1.016903
1.018266
1.020121
1.021723
1.023671
1.025451
1.027454
1.029325
1.031308
1.033155
1.035011
1.036694
1.038289
1.039656
1.040849
1.041760
1.042432
1.042782
1.042860
1.042607
1.042086
1.041260
1.040202
1.038895
1.037415
1.035759
1.034000
1.032142
1.030247
1.028321
1.026413
1.024529
1.022703
1.020939
1.019257
1.017660
1.016157
1.014750
1.013438
1.012223
1.011100
1.010068
1.009121
1.008256
1.007466
1.006748
1.006096
1.005504
1.004969
1.004484
1.004048
1.003652
1.003298
1.002976
1.002690
1.002427
1.002198
1.001983
1.001799
1.001623
1.001477
1.001331
1.001217
1.001094
1.001007
1.000902
1.000838
1.000744
1.000702
1.000615
1.000593
1.000509
1.000506
1.000420
1.000438
1.000345
1.000386
1.000280
1.000347
1.000223
1.000322
1.000170
1.000310
1.000117
1.003418
1.001035
1.003730
1.002360
1.004516
1.003832
1.005620
1.005448
1.007029
1.007275
1.008777
1.009385
1.010904
1.011843
1.013450
1.014698
1.016441
1.017979
1.019881
1.021676
1.023730
1.025729
1.027891
1.030007
1.032192
1.034302
1.036381
1.038325
1.040139
1.041735
1.043110
1.044187
1.044971
1.045398
1.045498
1.045221
1.044624
1.043679
1.042463
1.040965
1.039272
1.037384
1.035387
1.033287
1.031158
1.029006
1.026887
1.024809
1.022808
1.020888
1.019070
1.017357
1.015756
1.014267
1.012891
1.011625
1.010464
1.009406
1.008442
1.007568
1.006777
1.006063
1.005420
1.004842
1.004323
1.003858
1.003441
1.003068
1.002736
1.002438
1.002174
1.001936
1.001727
1.001538
1.001373
1.001222
1.001093
1.000972
1.000871
1.000773
1.000696
1.000616
1.000558
1.000491
1.000449
1.000392
1.000364
1.000313
1.000298
1.000249
1.000246
1.000198
1.000207
1.000155
1.000179
1.000120
1.000159
1.000089
1.000149
1.000059
1.002375
1.000870
1.002769
1.002046
1.003601
1.003394
1.004734
1.004917
1.006170
1.006686
1.007957
1.008782
1.010152
1.011279
1.012811
1.014240
1.015978
1.017707
1.019672
1.021684
1.023867
1.026116
1.028467
1.030866
1.033288
1.035699
1.038040
1.040279
1.042343
1.044193
1.045766
1.047015
1.047906
1.048392
1.048483
1.048141
1.047420
1.046299
1.044866
1.043115
1.041150
1.038974
1.036689
1.034305
1.031905
1.029499
1.027150
1.024863
1.022679
1.020602
1.018651
1.016828
1.015138
1.013581
1.012152
1.010849
1.009664
1.008594
1.007625
1.006757
1.005975
1.005278
1.004654
1.004100
1.003605
1.003167
1.002777
1.002434
1.002128
1.001860
1.001622
1.001414
1.001229
1.001068
1.000925
1.000801
1.000690
1.000596
1.000510
1.000439
1.000373
1.000320
1.000268
1.000229
1.000188
1.000161
1.000128
1.000110
1.000083
1.000073
1.000049
1.000046
1.000025
1.000027
1.000006
1.000014
0.999993
1.000006
0.999984
0.999999
1.001277
1.000685
1.001746
1.001686
1.002608
1.002883
1.003748
1.004284
1.005185
1.005964
1.006981
1.008010
1.009210
1.010509
1.011946
1.013541
1.015257
1.017166
1.019184
1.021409
1.023720
1.026228
1.028782
1.031489
1.034179
1.036938
1.039591
1.042189
1.044571
1.046749
1.048594
1.050087
1.051150
1.051751
1.051877
1.051498
1.050666
1.049369
1.047704
1.045675
1.043404
1.040901
1.038286
1.035574
1.032862
1.030162
1.027544
1.025017
1.022621
1.020361
1.018256
1.016306
1.014513
1.012875
1.011385
1.010040
1.008826
1.007740
1.006767
1.005903
1.005132
1.004452
1.003849
1.003320
1.002851
1.002443
1.002083
1.001771
1.001495
1.001259
1.001049
1.000872
1.000713
1.000583
1.000463
1.000368
1.000277
1.000211
1.000142
1.000098
1.000043
1.000018
0.999974
0.999964
0.999924
0.999928
0.999891
0.999907
0.999868
0.999896
0.999852
0.999894
0.999842
0.999899
0.999834
0.999908
0.999827
0.999922
0.999820
0.999940
1.000153
1.000495
1.000696
1.001313
1.001583
1.002350
1.002725
1.003621
1.004159
1.005206
1.005963
1.007201
1.008229
1.009708
1.011055
1.012826
1.014531
1.016639
1.018728
1.021193
1.023662
1.026467
1.029265
1.032330
1.035339
1.038502
1.041521
1.044534
1.047281
1.049826
1.051969
1.053716
1.054944
1.055630
1.055744
1.055263
1.054243
1.052679
1.050691
1.048290
1.045624
1.042713
1.039699
1.036599
1.033530
1.030503
1.027598
1.024818
1.022210
1.019774
1.017527
1.015465
1.013589
1.011892
1.010364
1.008998
1.007777
1.006698
1.005739
1.004898
1.004155
1.003508
1.002940
1.002449
1.002018
1.001650
1.001327
1.001055
1.000815
1.000617
1.000441
1.000300
1.000171
1.000074
0.999980
0.999917
0.999849
0.999813
0.999761
0.999746
0.999705
0.999709
0.999672
0.999692
0.999655
0.999690
0.999648
0.999699
0.999649
0.999716
0.999652
0.999740
0.999656
0.999768
0.999659
0.999801
0.999659
0.999838
0.999655
0.999880
0.998971
1.000280
0.999579
1.000886
1.000471
1.001731
1.001588
1.002835
1.002983
1.004282
1.004753
1.006179
1.007006
1.008640
1.009865
1.011787
1.013452
1.015734
1.017872
1.020562
1.023178
1.026281
1.029332
1.032779
1.036145
1.039769
1.043226
1.046743
1.049956
1.052983
1.055540
1.057658
1.059157
1.060020
1.060192
1.059651
1.058462
1.056625
1.054287
1.051471
1.048357
1.044976
1.041499
1.037949
1.034464
1.031055
1.027812
1.024738
1.021882
1.019239
1.016825
1.014633
1.012657
1.010890
1.009314
1.007922
1.006690
1.005614
1.004669
1.003851
1.003137
1.002525
1.001993
1.001542
1.001152
1.000826
1.000543
1.000313
1.000112
0.999954
0.999814
0.999711
0.999614
0.999553
0.999487
0.999457
0.999412
0.999407
0.999374
0.999390
0.999362
0.999396
0.999368
0.999417
0.999384
0.999450
0.999406
0.999491
0.999429
0.999536
0.999452
0.999586
0.999472
0.999639
0.999486
0.999695
0.999493
0.999755
0.999490
0.999821
0.997776
1.000063
0.998444
1.000448
0.999334
1.001091
1.000419
1.002020
1.001771
1.003324
1.003502
1.005118
1.005743
1.007536
1.008645
1.010727
1.012364
1.014838
1.017046
1.019992
1.022790
1.026239
1.029596
1.033493
1.037286
1.041453
1.045429
1.049536
1.053292
1.056869
1.059887
1.062397
1.064157
1.065153
1.065307
1.064601
1.063115
1.060861
1.058026
1.054647
1.050953
1.046982
1.042946
1.038870
1.034915
1.031089
1.027495
1.024126
1.021033
1.018205
1.015653
1.013362
1.011323
1.009522
1.007934
1.006550
1.005341
1.004299
1.003395
1.002627
1.001964
1.001407
1.000930
1.000536
1.000200
0.999928
0.999697
0.999518
0.999364
0.999253
0.999154
0.999094
0.999033
0.999011
0.998976
0.998982
0.998963
0.998991
0.998979
0.999026
0.999014
0.999077
0.999059
0.999140
0.999110
0.999208
0.999161
0.999281
0.999209
0.999355
0.999252
0.999431
0.999287
0.999508
0.999312
0.999588
0.999326
0.999671
0.999326
0.999762
0.996525
0.999819
0.997241
0.999951
0.998106
1.000355
0.999124
1.001063
1.000387
1.002168
1.002021
1.003794
1.004180
1.006093
1.007042
1.009239
1.010803
1.013425
1.015660
1.018825
1.021775
1.025552
1.029210
1.033575
1.037832
1.042612
1.047199
1.052026
1.056476
1.060780
1.064448
1.067541
1.069741
1.071020
1.071270
1.070465
1.068706
1.066013
1.062631
1.058611
1.054246
1.049587
1.044895
1.040200
1.035692
1.031376
1.027366
1.023649
1.020277
1.017228
1.014510
1.012101
1.009981
1.008134
1.006526
1.005146
1.003955
1.002946
1.002084
1.001365
1.000755
1.000255
0.999835
0.999500
0.999220
0.999006
0.998828
0.998702
0.998597
0.998535
0.998480
0.998465
0.998442
0.998460
0.998458
0.998501
0.998509
0.998571
0.998580
0.998660
0.998663
0.998758
0.998750
0.998862
0.998836
0.998967
0.998917
0.999071
0.998990
0.999175
0.999053
0.999277
0.999104
0.999379
0.999141
0.999482
0.999162
0.999588
0.999164
0.999703
0.995274
0.999575
0.996034
0.999447
0.996864
0.999603
0.997808
1.000082
0.998974
1.000982
1.000506
1.002435
1.002581
1.004613
1.005407
1.007725
1.009226
1.012011
1.014297
1.017713
1.020856
1.025018
1.029043
1.033965
1.038782
1.044296
1.049619
1.055303
1.060576
1.065726
1.070131
1.073857
1.076491
1.077987
1.078210
1.077127
1.074882
1.071511
1.067340
1.062448
1.057209
1.051688
1.046209
1.040799
1.035682
1.030848
1.026426
1.022383
1.018770
1.015550
1.012722
1.010252
1.008113
1.006277
1.004704
1.003378
1.002252
1.001320
1.000536
0.999901
0.999373
0.998956
0.998616
0.998359
0.998152
0.998009
0.997897
0.997835
0.997788
0.997783
0.997777
0.997812
0.997832
0.997894
0.997927
0.998010
0.998047
0.998145
0.998177
0.998289
0.998310
0.998437
0.998440
0.998583
0.998562
0.998725
0.998673
0.998863
0.998772
0.998996
0.998855
0.999125
0.998922
0.999251
0.998971
0.999377
0.999000
0.999506
0.999004
0.999645
0.993971
0.999302
0.994761
0.998880
0.995529
0.998745
0.996357
0.998943
0.997370
0.999570
0.998726
1.000765
1.000621
1.002716
1.003294
1.005666
1.007035
1.009907
1.012170
1.015764
1.019034
1.023529
1.027883
1.033356
1.038754
1.045075
1.051247
1.057967
1.064289
1.070566
1.076022
1.080706
1.084084
1.086055
1.086441
1.085179
1.082465
1.078358
1.073291
1.067382
1.061112
1.054571
1.048156
1.041896
1.036054
1.030607
1.025692
1.021261
1.017358
1.013929
1.010963
1.008413
1.006238
1.004405
1.002860
1.001584
1.000522
0.999664
0.998960
0.998409
0.997965
0.997634
0.997374
0.997197
0.997066
0.996997
0.996952
0.996956
0.996968
0.997021
0.997067
0.997153
0.997217
0.997324
0.997394
0.997517
0.997584
0.997718
0.997775
0.997920
0.997959
0.998117
0.998132
0.998306
0.998291
0.998486
0.998433
0.998657
0.998557
0.998819
0.998661
0.998974
0.998744
0.999125
0.998805
0.999275
0.998840
0.999426
0.998848
0.999589
0.992687
0.999033
0.993499
0.998313
0.994197
0.997881
0.994901
0.997792
0.995754
0.998140
0.996927
0.999070
0.998636
1.000789
1.001155
1.003578
1.004824
1.007793
1.010053
1.013852
1.017291
1.022179
1.026940
1.033074
1.039183
1.046485
1.053693
1.061673
1.069265
1.076889
1.083573
1.089328
1.093466
1.095816
1.096159
1.094409
1.090856
1.085599
1.079235
1.071933
1.064321
1.056511
1.048989
1.041775
1.035166
1.029111
1.023748
1.018998
1.014892
1.011351
1.008345
1.005813
1.003696
1.001952
1.000514
0.999360
0.998424
0.997698
0.997122
0.996697
0.996373
0.996157
0.996006
0.995932
0.995895
0.995914
0.995951
0.996031
0.996112
0.996230
0.996334
0.996476
0.996588
0.996744
0.996854
0.997019
0.997118
0.997290
0.997371
0.997551
0.997609
0.997799
0.997827
0.998032
0.998023
0.998249
0.998196
0.998453
0.998345
0.998645
0.998470
0.998826
0.998569
0.999002
0.998641
0.999174
0.998685
0.999347
0.998695
0.999533
0.991360
0.998736
0.992179
0.997682
0.992776
0.996909
0.993310
0.996473
0.993936
0.996463
0.994837
0.997023
0.996239
0.998371
0.998443
1.000820
1.001840
1.004788
1.006925
1.010801
1.014282
1.019446
1.024509
1.031241
1.038028
1.046362
1.054721
1.064197
1.073389
1.082808
1.091252
1.098660
1.104124
1.107317
1.107941
1.105840
1.101427
1.094865
1.086971
1.078000
1.068770
1.059431
1.050578
1.042219
1.034690
1.027906
1.022005
1.016869
1.012511
1.008823
1.005754
1.003224
1.001154
0.999493
0.998160
0.997126
0.996316
0.995721
0.995273
0.994976
0.994773
0.994675
0.994632
0.994661
0.994720
0.994830
0.994948
0.995106
0.995256
0.995441
0.995603
0.995802
0.995963
0.996168
0.996318
0.996526
0.996657
0.996867
0.996973
0.997187
0.997264
0.997486
0.997527
0.997762
0.997760
0.998018
0.997964
0.998254
0.998139
0.998475
0.998284
0.998682
0.998399
0.998881
0.998483
0.999076
0.998534
0.999271
0.998547
0.999479
0.990070
0.998447
0.990890
0.997061
0.991378
0.995946
0.991736
0.995161
0.992132
0.994789
0.992752
0.994973
0.993841
0.995942
0.995722
0.998043
0.998842
1.001764
1.003790
1.007755
1.011311
1.016802
1.022244
1.029698
1.037322
1.046924
1.056709
1.068042
1.079223
1.090852
1.101430
1.110768
1.117644
1.121553
1.122105
1.119093
1.113140
1.104531
1.094410
1.083155
1.071832
1.060623
1.050245
1.040660
1.032231
1.024804
1.018498
1.013135
1.008696
1.005033
1.002065
0.999689
0.997804
0.996350
0.995227
0.994408
0.993805
0.993410
0.993150
0.993030
0.992989
0.993043
0.993137
0.993295
0.993468
0.993685
0.993898
0.994145
0.994373
0.994632
0.994858
0.995119
0.995332
0.995589
0.995781
0.996033
0.996198
0.996447
0.996580
0.996829
0.996925
0.997178
0.997232
0.997498
0.997503
0.997791
0.997738
0.998060
0.997938
0.998309
0.998104
0.998543
0.998234
0.998765
0.998330
0.998981
0.998388
0.999197
0.998404
0.999427
0.988753
0.998132
0.989557
0.996380
0.989905
0.994880
0.990038
0.993686
0.990131
0.992865
0.990369
0.992549
0.990997
0.992967
0.992353
0.994482
0.994919
0.997640
0.999372
1.003213
1.006625
1.012213
1.017808
1.025795
1.034094
1.044929
1.056188
1.069646
1.083265
1.097811
1.111455
1.123811
1.133204
1.138713
1.139765
1.136000
1.128338
1.117273
1.104414
1.090342
1.076445
1.062955
1.050722
1.039659
1.030144
1.021944
1.015143
1.009496
1.004938
1.001280
0.998400
0.996174
0.994472
0.993225
0.992314
0.991711
0.991315
0.991120
0.991047
0.991104
0.991226
0.991430
0.991662
0.991946
0.992233
0.992556
0.992864
0.993198
0.993504
0.993836
0.994126
0.994448
0.994713
0.995022
0.995256
0.995552
0.995751
0.996037
0.996197
0.996479
0.996595
0.996880
0.996947
0.997243
0.997255
0.997572
0.997520
0.997873
0.997745
0.998150
0.997930
0.998408
0.998076
0.998652
0.998183
0.998889
0.998248
0.999126
0.998266
0.999378
0.987494
0.997832
0.988277
0.995724
0.988481
0.993843
0.988388
0.992245
0.988179
0.990979
0.988034
0.990163
0.988197
0.990021
0.989015
0.990935
0.991007
0.993506
0.994939
0.998641
1.001913
1.007614
1.013407
1.022032
1.031158
1.043512
1.056608
1.072753
1.089489
1.107740
1.125279
1.141363
1.153581
1.160560
1.161488
1.155884
1.145185
1.130256
1.113405
1.095491
1.078318
1.062132
1.047901
1.035407
1.024997
1.016292
1.009304
1.003689
0.999318
0.995945
0.993405
0.991549
0.990221
0.989342
0.988781
0.988508
0.988414
0.988500
0.988679
0.988967
0.989295
0.989686
0.990084
0.990519
0.990940
0.991384
0.991798
0.992231
0.992622
0.993033
0.993392
0.993778
0.994098
0.994460
0.994738
0.995079
0.995312
0.995637
0.995824
0.996140
0.996275
0.996591
0.996671
0.996996
0.997015
0.997362
0.997310
0.997694
0.997559
0.997997
0.997764
0.998279
0.997925
0.998545
0.998042
0.998802
0.998114
0.999059
0.998136
0.999330
0.986228
0.997511
0.986974
0.995018
0.987005
0.992720
0.986640
0.990660
0.986056
0.988862
0.985421
0.987414
0.984957
0.986515
0.984997
0.986535
0.986064
0.988098
0.988976
0.992210
0.994993
1.000398
1.005958
1.014789
1.024307
1.037899
1.052623
1.071639
1.091990
1.114989
1.138084
1.160084
1.177450
1.187711
1.189551
1.182155
1.167746
1.147899
1.125938
1.103179
1.081920
1.062424
1.045758
1.031540
1.020047
1.010732
1.003504
0.997901
0.993715
0.990637
0.988449
0.986976
0.986029
0.985527
0.985318
0.985377
0.985585
0.985950
0.986378
0.986893
0.987423
0.987997
0.988557
0.989139
0.989690
0.990251
0.990769
0.991296
0.991771
0.992259
0.992684
0.993133
0.993506
0.993920
0.994241
0.994625
0.994892
0.995254
0.995466
0.995814
0.995970
0.996314
0.996408
0.996761
0.996787
0.997161
0.997111
0.997523
0.997383
0.997852
0.997606
0.998157
0.997782
0.998443
0.997910
0.998720
0.997988
0.998995
0.998012
0.999285
0.985044
0.997211
0.985749
0.994354
0.985609
0.991654
0.984979
0.989149
0.984032
0.986834
0.982916
0.984766
0.981832
0.983113
0.981090
0.982223
0.981203
0.982732
0.983031
0.985736
0.987989
0.993031
0.998319
1.007357
1.017313
1.032392
1.049098
1.071775
1.096837
1.126020
1.156609
1.186434
1.209925
1.223502
1.225134
1.213655
1.192707
1.165068
1.135635
1.106329
1.080060
1.056939
1.038006
1.022510
1.010532
1.001244
0.994392
0.989365
0.985856
0.983494
0.982009
0.981211
0.980885
0.980954
0.981255
0.981774
0.982386
0.983111
0.983855
0.984650
0.985423
0.986214
0.986962
0.987712
0.988408
0.989100
0.989732
0.990361
0.990924
0.991493
0.991988
0.992502
0.992930
0.993396
0.993760
0.994187
0.994488
0.994886
0.995124
0.995504
0.995679
0.996051
0.996159
0.996537
0.996571
0.996971
0.996923
0.997361
0.997217
0.997715
0.997458
0.998042
0.997647
0.998348
0.997785
0.998642
0.997870
0.998934
0.997897
0.999243
0.983876
0.996899
0.984528
0.993658
0.984194
0.990530
0.983260
0.987534
0.981887
0.984626
0.980192
0.981813
0.978329
0.979204
0.976551
0.977082
0.975310
0.976029
0.975425
0.977141
0.978362
0.982381
0.986663
0.995052
1.004489
1.020198
1.037951
1.064008
1.093905
1.130466
1.171547
1.213996
1.248894
1.269716
1.273014
1.256810
1.227067
1.188985
1.149745
1.112137
1.079630
1.052078
1.030391
1.013370
1.000812
0.991556
0.985131
0.980752
0.977988
0.976402
0.975665
0.975573
0.975887
0.976538
0.977351
0.978326
0.979336
0.980413
0.981461
0.982526
0.983532
0.984529
0.985457
0.986365
0.987199
0.988014
0.988754
0.989479
0.990127
0.990771
0.991332
0.991907
0.992387
0.992903
0.993307
0.993776
0.994108
0.994541
0.994804
0.995213
0.995406
0.995805
0.995925
0.996329
0.996370
0.996794
0.996747
0.997211
0.997063
0.997588
0.997320
0.997935
0.997523
0.998259
0.997670
0.998570
0.997761
0.998879
0.997789
0.999205
0.982813
0.996616
0.983412
0.993022
0.982894
0.989496
0.981675
0.986042
0.979903
0.982576
0.977660
0.979053
0.975050
0.975518
0.972258
0.972172
0.969653
0.969513
0.967977
0.968592
0.968687
0.971482
0.974569
0.982051
0.990712
1.006988
1.025717
1.056023
1.092035
1.138192
1.194703
1.255127
1.303912
1.332339
1.335329
1.309401
1.264467
1.209707
1.156057
1.107529
1.068093
1.036668
1.013487
0.996419
0.984728
0.976789
0.971869
0.969017
0.967697
0.967440
0.967881
0.968833
0.970047
0.971481
0.972962
0.974516
0.976016
0.977518
0.978927
0.980304
0.981576
0.982805
0.983931
0.985013
0.985996
0.986942
0.987794
0.988620
0.989354
0.990077
0.990704
0.991340
0.991872
0.992436
0.992881
0.993389
0.993752
0.994218
0.994505
0.994943
0.995153
0.995577
0.995709
0.996136
0.996184
0.996630
0.996585
0.997072
0.996921
0.997471
0.997194
0.997836
0.997408
0.998177
0.997564
0.998504
0.997660
0.998828
0.997691
0.999169
0.981795
0.996331
0.982332
0.992380
0.981617
0.988445
0.980090
0.984506
0.977876
0.980431
0.975011
0.976104
0.971526
0.971472
0.967499
0.966603
0.963145
0.961817
0.959003
0.957954
0.956308
0.956936
0.957753
0.962833
0.968928
0.983730
1.000771
1.033644
1.073530
1.129348
1.207685
1.296770
1.369194
1.410685
1.415924
1.378771
1.313890
1.237722
1.166206
1.104485
1.056613
1.020421
0.995380
0.978292
0.967691
0.961376
0.958244
0.957161
0.957460
0.958655
0.960349
0.962386
0.964515
0.966732
0.968869
0.970982
0.972952
0.974855
0.976602
0.978270
0.979789
0.981231
0.982539
0.983779
0.984899
0.985964
0.986919
0.987837
0.988649
0.989442
0.990131
0.990822
0.991401
0.992010
0.992491
0.993036
0.993428
0.993924
0.994232
0.994696
0.994922
0.995369
0.995512
0.995960
0.996014
0.996482
0.996439
0.996946
0.996792
0.997364
0.997079
0.997747
0.997304
0.998103
0.997468
0.998444
0.997570
0.998781
0.997603
0.999137
0.980903
0.996083
0.981382
0.991816
0.980490
0.987517
0.978687
0.983146
0.976078
0.978522
0.972652
0.973463
0.968366
0.967814
0.963184
0.961495
0.957145
0.954606
0.950524
0.947690
0.944207
0.942332
0.940543
0.942521
0.945250
0.957578
0.971424
1.007131
1.049263
1.118751
1.234140
1.358003
1.443281
1.484183
1.485551
1.437013
1.350778
1.246675
1.151449
1.075397
1.022097
0.985654
0.963175
0.949743
0.943055
0.940468
0.940654
0.942453
0.945170
0.948398
0.951762
0.955188
0.958452
0.961614
0.964524
0.967283
0.969786
0.972137
0.974256
0.976239
0.978022
0.979689
0.981187
0.982591
0.983849
0.985035
0.986094
0.987102
0.987991
0.988854
0.989601
0.990346
0.990970
0.991621
0.992137
0.992715
0.993134
0.993658
0.993986
0.994474
0.994715
0.995183
0.995336
0.995803
0.995863
0.996349
0.996308
0.996834
0.996677
0.997270
0.996977
0.997667
0.997212
0.998038
0.997383
0.998391
0.997489
0.998740
0.997524
0.999108
0.980084
0.995845
0.980504
0.991276
0.979434
0.986622
0.977351
0.981821
0.974334
0.976636
0.970318
0.970803
0.965169
0.964045
0.958703
0.956084
0.950718
0.946699
0.941092
0.935926
0.930061
0.924581
0.918994
0.915678
0.912420
0.918135
0.923142
0.955800
0.987804
1.072158
1.231784
1.370165
1.427120
1.431905
1.423437
1.392011
1.331038
1.237113
1.134118
1.045182
0.984142
0.946124
0.926504
0.917874
0.916332
0.918505
0.922728
0.927877
0.933282
0.938684
0.943772
0.948591
0.952965
0.957028
0.960663
0.964019
0.967006
0.969760
0.972210
0.974471
0.976485
0.978350
0.980012
0.981559
0.982937
0.984228
0.985376
0.986462
0.987419
0.988341
0.989139
0.989931
0.990594
0.991282
0.991828
0.992435
0.992878
0.993426
0.993772
0.994280
0.994534
0.995020
0.995182
0.995666
0.995731
0.996233
0.996193
0.996736
0.996577
0.997187
0.996888
0.997598
0.997132
0.997981
0.997309
0.998345
0.997419
0.998705
0.997456
0.999083
0.979408
0.995651
0.979776
0.990830
0.978557
0.985882
0.976241
0.980721
0.972885
0.975065
0.968374
0.968578
0.962491
0.960863
0.954912
0.951446
0.945189
0.939766
0.932766
0.925256
0.917090
0.907686
0.898118
0.888359
0.878069
0.874076
0.867132
0.890460
0.903155
1.016080
1.187576
1.190811
1.027756
0.890328
0.861478
0.900131
0.964463
0.995042
0.977909
0.935777
0.901089
0.880310
0.874040
0.876362
0.883629
0.892835
0.902503
0.911898
0.920555
0.928493
0.935536
0.941894
0.947470
0.952494
0.956890
0.960862
0.964344
0.967505
0.970286
0.972824
0.975065
0.977121
0.978943
0.980625
0.982118
0.983507
0.984738
0.985897
0.986916
0.987892
0.988737
0.989570
0.990268
0.990989
0.991562
0.992195
0.992658
0.993227
0.993589
0.994115
0.994380
0.994882
0.995052
0.995550
0.995620
0.996135
0.996097
0.996653
0.996493
0.997118
0.996814
0.997540
0.997064
0.997933
0.997247
0.998306
0.997360
0.998675
0.997398
0.999062
0.978834
0.995479
0.979155
0.990438
0.977800
0.985227
0.975271
0.979740
0.971599
0.973648
0.966619
0.966540
0.960030
0.957896
0.951359
0.947027
0.939891
0.932979
0.924569
0.914442
0.903860
0.889730
0.875720
0.857223
0.838177
0.817661
0.793030
0.783935
0.759902
0.835926
0.791395
0.412631
0.032310
-0.082681
0.006607
0.200382
0.397898
0.554875
0.663920
0.717442
0.752360
0.778994
0.804100
0.827224
0.848269
0.866926
0.883115
0.897184
0.909195
0.919622
0.928507
0.936272
0.942916
0.948775
0.953820
0.958310
0.962202
0.965697
0.968747
0.971507
0.973931
0.976140
0.978089
0.979879
0.981463
0.982930
0.984227
0.985443
0.986511
0.987531
0.988413
0.989279
0.990006
0.990752
0.991347
0.992001
0.992480
0.993067
0.993441
0.993981
0.994256
0.994770
0.994946
0.995456
0.995530
0.996056
0.996019
0.996587
0.996424
0.997061
0.996753
0.997493
0.997010
0.997894
0.997196
0.998275
0.997313
0.998650
0.997352
0.999045
0.978411
0.995355
0.978697
0.990151
0.977242
0.984748
0.974557
0.979022
0.970654
0.972609
0.965330
0.965040
0.958218
0.955697
0.948725
0.943711
0.935913
0.927775
0.918278
0.905856
0.893356
0.874678
0.856984
0.828883
0.802061
0.759578
0.717210
0.651895
0.585474
0.503290
0.169229
-0.284875
-0.459245
-0.421323
-0.295675
-0.123776
0.044528
0.209055
0.371251
0.495240
0.595435
0.672562
0.732110
0.778095
0.813895
0.842381
0.865141
0.883788
0.899007
0.911766
0.922350
0.931393
0.938997
0.945600
0.951217
0.956161
0.960411
0.964195
0.967477
0.970428
0.973006
0.975345
0.977401
0.979281
0.980940
0.982472
0.983823
0.985087
0.986195
0.987250
0.988161
0.989054
0.989803
0.990570
0.991182
0.991853
0.992345
0.992944
0.993328
0.993879
0.994161
0.994685
0.994866
0.995384
0.995461
0.995996
0.995960
0.996536
0.996373
0.997019
0.996707
0.997457
0.996968
0.997864
0.997159
0.998251
0.997277
0.998632
0.997317
0.999033
0.978116
0.995265
0.978374
0.989945
0.976847
0.984402
0.974045
0.978499
0.969969
0.971846
0.964385
0.963927
0.956873
0.954048
0.946746
0.941188
0.932887
0.923751
0.913444
0.899072
0.885212
0.862425
0.842360
0.804869
0.773585
0.708158
0.655341
0.532043
0.432717
0.180158
-0.117346
-0.163610
-0.018018
0.021875
-0.019822
-0.070366
-0.042193
0.057977
0.198997
0.353452
0.489084
0.598308
0.680436
0.742399
0.788787
0.824557
0.852215
0.874288
0.891881
0.906347
0.918155
0.928105
0.936380
0.943494
0.949501
0.954751
0.959239
0.963214
0.966648
0.969723
0.972403
0.974825
0.976951
0.978889
0.980597
0.982171
0.983557
0.984852
0.985985
0.987063
0.987994
0.988904
0.989668
0.990449
0.991072
0.991753
0.992254
0.992862
0.993252
0.993811
0.994098
0.994628
0.994812
0.995336
0.995415
0.995956
0.995920
0.996502
0.996338
0.996990
0.996677
0.997434
0.996941
0.997845
0.997133
0.998235
0.997253
0.998620
0.997293
0.999024
0.977972
0.995222
0.978218
0.989846
0.976655
0.984236
0.973799
0.978249
0.969640
0.971481
0.963933
0.963396
0.956231
0.953258
0.945799
0.939973
0.931433
0.921785
0.911094
0.895671
0.881185
0.856034
0.834946
0.791664
0.758554
0.678431
0.620229
0.461432
0.336636
0.003832
-0.068517
0.201490
0.393964
0.359446
0.211329
0.051887
-0.026113
0.000032
0.112422
0.283072
0.435781
0.560705
0.653614
0.723488
0.775262
0.814860
0.845145
0.869079
0.887972
0.903375
0.915856
0.926306
0.934950
0.942347
0.948568
0.953986
0.958606
0.962685
0.966203
0.969346
0.972081
0.974550
0.976713
0.978683
0.980418
0.982014
0.983419
0.984730
0.985877
0.986967
0.987908
0.988828
0.989599
0.990387
0.991016
0.991703
0.992208
0.992821
0.993214
0.993777
0.994066
0.994599
0.994785
0.995312
0.995392
0.995935
0.995900
0.996485
0.996321
0.996976
0.996661
0.997422
0.996927
0.997835
0.997120
0.998227
0.997241
0.998614
0.997282
0.999020
0.977972
0.995222
0.978218
0.989846
0.976655
0.984236
0.973799
0.978249
0.969640
0.971481
0.963933
0.963396
0.956231
0.953258
0.945799
0.939973
0.931433
0.921785
0.911094
0.895671
0.881185
0.856034
0.834946
0.791664
0.758554
0.678431
0.620229
0.461432
0.336636
0.003832
-0.068517
0.201490
0.393964
0.359446
0.211329
0.051887
-0.026113
0.000032
0.112422
0.283072
0.435781
0.560705
0.653614
0.723488
0.775262
0.814860
0.845145
0.869079
0.887972
0.903375
0.915856
0.926306
0.934950
0.942347
0.948568
0.953986
0.958606
0.962685
0.966203
0.969346
0.972081
0.974550
0.976713
0.978683
0.980418
0.982014
0.983419
0.984730
0.985877
0.986967
0.987908
0.988828
0.989599
0.990387
0.991016
0.991703
0.992208
0.992821
0.993214
0.993777
0.994066
0.994599
0.994785
0.995312
0.995392
0.995935
0.995900
0.996485
0.996321
0.996976
0.996661
0.997422
0.996927
0.997835
0.997120
0.998227
0.997241
0.998614
0.997282
0.999020
0.978116
0.995265
0.978374
0.989945
0.976847
0.984402
0.974045
0.978499
0.969969
0.971846
0.964385
0.963927
0.956873
0.954048
0.946746
0.941188
0.932887
0.923751
0.913444
0.899072
0.885212
0.862425
0.842360
0.804869
0.773585
0.708158
0.655341
0.532043
0.432717
0.180158
-0.117346
-0.163610
-0.018018
0.021875
-0.019822
-0.070366
-0.042193
0.057977
0.198997
0.353452
0.489084
0.598308
0.680436
0.742399
0.788787
0.824557
0.852215
0.874288
0.891881
0.906347
0.918155
0.928105
0.936380
0.943494
0.949501
0.954751
0.959239
0.963214
0.966648
0.969723
0.972403
0.974825
0.976951
0.978889
0.980597
0.982171
0.983557
0.984852
0.985985
0.987063
0.987994
0.988904
0.989668
0.990449
0.991072
0.991753
0.992254
0.992862
0.993252
0.993811
0.994098
0.994628
0.994812
0.995336
0.995415
0.995956
0.995920
0.996502
0.996338
0.996990
0.996677
0.997434
0.996941
0.997845
0.997133
0.998235
0.997253
0.998620
0.997293
0.999024
0.978411
0.995355
0.978697
0.990151
0.977242
0.984748
0.974557
0.979022
0.970654
0.972609
0.965330
0.965040
0.958218
0.955697
0.948725
0.943711
0.935913
0.927775
0.918278
0.905856
0.893356
0.874678
0.856984
0.828883
0.802061
0.759578
0.717210
0.651895
0.585474
0.503290
0.169229
-0.284875
-0.459245
-0.421323
-0.295675
-0.123776
0.044528
0.209055
0.371251
0.495240
0.595435
0.672562
0.732110
0.778095
0.813895
0.842381
0.865141
0.883788
0.899007
0.911766
0.922350
0.931393
0.938997
0.945600
0.951217
0.956161
0.960411
0.964195
0.967477
0.970428
0.973006
0.975345
0.977401
0.979281
0.980940
0.982472
0.983823
0.985087
0.986195
0.987250
0.988161
0.989054
0.989803
0.990570
0.991182
0.991853
0.992345
0.992944
0.993328
0.993879
0.994161
0.994685
0.994866
0.995384
0.995461
0.995996
0.995960
0.996536
0.996373
0.997019
0.996707
0.997457
0.996968
0.997864
0.997159
0.998251
0.997277
0.998632
0.997317
0.999033
0.978834
0.995479
0.979155
0.990438
0.977800
0.985227
0.975271
0.979740
0.971599
0.973648
0.966619
0.966540
0.960030
0.957896
0.951359
0.947027
0.939891
0.932979
0.924569
0.914442
0.903860
0.889730
0.875720
0.857223
0.838177
0.817661
0.793030
0.783935
0.759902
0.835926
0.791395
0.412631
0.032310
-0.082681
0.006607
0.200382
0.397898
0.554875
0.663920
0.717442
0.752360
0.778994
0.804100
0.827224
0.848269
0.866926
0.883115
0.897184
0.909195
0.919622
0.928507
0.936272
0.942916
0.948775
0.953820
0.958310
0.962202
0.965697
0.968747
0.971507
0.973931
0.976140
0.978089
0.979879
0.981463
0.982930
0.984227
0.985443
0.986511
0.987531
0.988413
0.989279
0.990006
0.990752
0.991347
0.992001
0.992480
0.993067
0.993441
0.993981
0.994256
0.994770
0.994946
0.995456
0.995530
0.996056
0.996019
0.996587
0.996424
0.997061
0.996753
0.997493
0.997010
0.997894
0.997196
0.998275
0.997313
0.998650
0.997352
0.999045
0.979408
0.995651
0.979776
0.990830
0.978557
0.985882
0.976241
0.980721
0.972885
0.975065
0.968374
0.968578
0.962491
0.960863
0.954912
0.951446
0.945189
0.939766
0.932766
0.925256
0.917090
0.907686
0.898118
0.888359
0.878069
0.874076
0.867132
0.890460
0.903155
1.016080
1.187576
1.190811
1.027756
0.890328
0.861478
0.900131
0.964463
0.995042
0.977909
0.935777
0.901089
0.880310
0.874040
0.876362
0.883629
0.892835
0.902503
0.911898
0.920555
0.928493
0.935536
0.941894
0.947470
0.952494
0.956890
0.960862
0.964344
0.967505
0.970286
0.972824
0.975065
0.977121
0.978943
0.980625
0.982118
0.983507
0.984738
0.985897
0.986916
0.987892
0.988737
0.989570
0.990268
0.990989
0.991562
0.992195
0.992658
0.993227
0.993589
0.994115
0.994380
0.994882
0.995052
0.995550
0.995620
0.996135
0.996097
0.996653
0.996493
0.997118
0.996814
0.997540
0.997064
0.997933
0.997247
0.998306
0.997360
0.998675
0.997398
0.999062
0.980084
0.995845
0.980504
0.991276
0.979434
0.986622
0.977351
0.981821
0.974334
0.976636
0.970318
0.970803
0.965169
0.964045
0.958703
0.956084
0.950718
0.946699
0.941092
0.935926
0.930061
0.924581
0.918994
0.915678
0.912420
0.918135
0.923142
0.955800
0.987804
1.072158
1.231784
1.370165
1.427120
1.431905
1.423437
1.392011
1.331038
1.237113
1.134118
1.045182
0.984142
0.946124
0.926504
0.917874
0.916332
0.918505
0.922728
0.927877
0.933282
0.938684
0.943772
0.948591
0.952965
0.957028
0.960663
0.964019
0.967006
0.969760
0.972210
0.974471
0.976485
0.978350
0.980012
0.981559
0.982937
0.984228
0.985376
0.986462
0.987419
0.988341
0.989139
0.989931
0.990594
0.991282
0.991828
0.992435
0.992878
0.993426
0.993772
0.994280
0.994534
0.995020
0.995182
0.995666
0.995731
0.996233
0.996193
0.996736
0.996577
0.997187
0.996888
0.997598
0.997132
0.997981
0.997309
0.998345
0.997419
0.998705
0.997456
0.999083
0.980903
0.996083
0.981382
0.991816
0.980490
0.987517
0.978687
0.983146
0.976078
0.978522
0.972652
0.973463
0.968366
0.967814
0.963184
0.961495
0.957145
0.954606
0.950524
0.947690
0.944207
0.942332
0.940543
0.942521
0.945250
0.957578
0.971424
1.007131
1.049263
1.118751
1.234140
1.358003
1.443281
1.484183
1.485551
1.437013
1.350778
1.246675
1.151449
1.075397
1.022097
0.985654
0.963175
0.949743
0.943055
0.940468
0.940654
0.942453
0.945170
0.948398
0.951762
0.955188
0.958452
0.961614
0.964524
0.967283
0.969786
0.972137
0.974256
0.976239
0.978022
0.979689
0.981187
0.982591
0.983849
0.985035
0.986094
0.987102
0.987991
0.988854
0.989601
0.990346
0.990970
0.991621
0.992137
0.992715
0.993134
0.993658
0.993986
0.994474
0.994715
0.995183
0.995336
0.995803
0.995863
0.996349
0.996308
0.996834
0.996677
0.997270
0.996977
0.997667
0.997212
0.998038
0.997383
0.998391
0.997489
0.998740
0.997524
0.999108
0.981795
0.996331
0.982332
0.992380
0.981617
0.988445
0.980090
0.984506
0.977876
0.980431
0.975011
0.976104
0.971526
0.971472
0.967499
0.966603
0.963145
0.961817
0.959003
0.957954
0.956308
0.956936
0.957753
0.962833
0.968928
0.983730
1.000771
1.033644
1.073530
1.129348
1.207685
1.296770
1.369194
1.410685
1.415924
1.378771
1.313890
1.237722
1.166206
1.104485
1.056613
1.020421
0.995380
0.978292
0.967691
0.961376
0.958244
0.957161
0.957460
0.958655
0.960349
0.962386
0.964515
0.966732
0.968869
0.970982
0.972952
0.974855
0.976602
0.978270
0.979789
0.981231
0.982539
0.983779
0.984899
0.985964
0.986919
0.987837
0.988649
0.989442
0.990131
0.990822
0.991401
0.992010
0.992491
0.993036
0.993428
0.993924
0.994232
0.994696
0.994922
0.995369
0.995512
0.995960
0.996014
0.996482
0.996439
0.996946
0.996792
0.997364
0.997079
0.997747
0.997304
0.998103
0.997468
0.998444
0.997570
0.998781
0.997603
0.999137
0.982813
0.996616
0.983412
0.993022
0.982894
0.989496
0.981675
0.986042
0.979903
0.982576
0.977660
0.979053
0.975050
0.975518
0.972258
0.972172
0.969653
0.969513
0.967977
0.968592
0.968687
0.971482
0.974569
0.982051
0.990712
1.006988
1.025717
1.056023
1.092035
1.138192
1.194703
1.255127
1.303912
1.332339
1.335329
1.309401
1.264467
1.209707
1.156057
1.107529
1.068093
1.036668
1.013487
0.996419
0.984728
0.976789
0.971869
0.969017
0.967697
0.967440
0.967881
0.968833
0.970047
0.971481
0.972962
0.974516
0.976016
0.977518
0.978927
0.980304
0.981576
0.982805
0.983931
0.985013
0.985996
0.986942
0.987794
0.988620
0.989354
0.990077
0.990704
0.991340
0.991872
0.992436
0.992881
0.993389
0.993752
0.994218
0.994505
0.994943
0.995153
0.995577
0.995709
0.996136
0.996184
0.996630
0.996585
0.997072
0.996921
0.997471
0.997194
0.997836
0.997408
0.998177
0.997564
0.998504
0.997660
0.998828
0.997691
0.999169
0.983876
0.996899
0.984528
0.993658
0.984194
0.990530
0.983260
0.987534
0.981887
0.984626
0.980192
0.981813
0.978329
0.979204
0.976551
0.977082
0.975310
0.976029
0.975425
0.977141
0.978362
0.982381
0.986663
0.995052
1.004489
1.020198
1.037951
1.064008
1.093905
1.130466
1.171547
1.213996
1.248894
1.269716
1.273014
1.256810
1.227067
1.188985
1.149745
1.112137
1.079630
1.052078
1.030391
1.013370
1.000812
0.991556
0.985131
0.980752
0.977988
0.976402
0.975665
0.975573
0.975887
0.976538
0.977351
0.978326
0.979336
0.980413
0.981461
0.982526
0.983532
0.984529
0.985457
0.986365
0.987199
0.988014
0.988754
0.989479
0.990127
0.990771
0.991332
0.991907
0.992387
0.992903
0.993307
0.993776
0.994108
0.994541
0.994804
0.995213
0.995406
0.995805
0.995925
0.996329
0.996370
0.996794
0.996747
0.997211
0.997063
0.997588
0.997320
0.997935
0.997523
0.998259
0.997670
0.998570
0.997761
0.998879
0.997789
0.999205
0.985044
0.997211
0.985749
0.994354
0.985609
0.991654
0.984979
0.989149
0.984032
0.986834
0.982916
0.984766
0.981832
0.983113
0.981090
0.982223
0.981203
0.982732
0.983031
0.985736
0.987989
0.993031
0.998319
1.007357
1.017313
1.032392
1.049098
1.071775
1.096837
1.126020
1.156609
1.186434
1.209925
1.223502
1.225134
1.213655
1.192707
1.165068
1.135635
1.106329
1.080060
1.056939
1.038006
1.022510
1.010532
1.001244
0.994392
0.989365
0.985856
0.983494
0.982009
0.981211
0.980885
0.980954
0.981255
0.981774
0.982386
0.983111
0.983855
0.984650
0.985423
0.986214
0.986962
0.987712
0.988408
0.989100
0.989732
0.990361
0.990924
0.991493
0.991988
0.992502
0.992930
0.993396
0.993760
0.994187
0.994488
0.994886
0.995124
0.995504
0.995679
0.996051
0.996159
0.996537
0.996571
0.996971
0.996923
0.997361
0.997217
0.997715
0.997458
0.998042
0.997647
0.998348
0.997785
0.998642
0.997870
0.998934
0.997897
0.999243
0.986228
0.997511
0.986974
0.995018
0.987005
0.992720
0.986640
0.990660
0.986056
0.988862
0.985421
0.987414
0.984957
0.986515
0.984997
0.986535
0.986064
0.988098
0.988976
0.992210
0.994993
1.000398
1.005958
1.014789
1.024307
1.037899
1.052623
1.071639
1.091990
1.114989
1.138084
1.160084
1.177450
1.187711
1.189551
1.182155
1.167746
1.147899
1.125938
1.103179
1.081920
1.062424
1.045758
1.031540
1.020047
1.010732
1.003504
0.997901
0.993715
0.990637
0.988449
0.986976
0.986029
0.985527
0.985318
0.985377
0.985585
0.985950
0.986378
0.986893
0.987423
0.987997
0.988557
0.989139
0.989690
0.990251
0.990769
0.991296
0.991771
0.992259
0.992684
0.993133
0.993506
0.993920
0.994241
0.994625
0.994892
0.995254
0.995466
0.995814
0.995970
0.996314
0.996408
0.996761
0.996787
0.997161
0.997111
0.997523
0.997383
0.997852
0.997606
0.998157
0.997782
0.998443
0.997910
0.998720
0.997988
0.998995
0.998012
0.999285
0.987494
0.997832
0.988277
0.995724
0.988481
0.993843
0.988388
0.992245
0.988179
0.990979
0.988034
0.990163
0.988197
0.990021
0.989015
0.990935
0.991007
0.993506
0.994939
0.998641
1.001913
1.007614
1.013407
1.022032
1.031158
1.043512
1.056608
1.072753
1.089489
1.107740
1.125279
1.141363
1.153581
1.160560
1.161488
1.155884
1.145185
1.130256
1.113405
1.095491
1.078318
1.062132
1.047901
1.035407
1.024997
1.016292
1.009304
1.003689
0.999318
0.995945
0.993405
0.991549
0.990221
0.989342
0.988781
0.988508
0.988414
0.988500
0.988679
0.988967
0.989295
0.989686
0.990084
0.990519
0.990940
0.991384
0.991798
0.992231
0.992622
0.993033
0.993392
0.993778
0.994098
0.994460
0.994738
0.995079
0.995312
0.995637
0.995824
0.996140
0.996275
0.996591
0.996671
0.996996
0.997015
0.997362
0.997310
0.997694
0.997559
0.997997
0.997764
0.998279
0.997925
0.998545
0.998042
0.998802
0.998114
0.999059
0.998136
0.999330
0.988753
0.998132
0.989557
0.996380
0.989905
0.994880
0.990038
0.993686
0.990131
0.992865
0.990369
0.992549
0.990997
0.992967
0.992353
0.994482
0.994919
0.997640
0.999372
1.003213
1.006625
1.012213
1.017808
1.025795
1.034094
1.044929
1.056188
1.069646
1.083265
1.097811
1.111455
1.123811
1.133204
1.138713
1.139765
1.136000
1.128338
1.117273
1.104414
1.090342
1.076445
1.062955
1.050722
1.039659
1.030144
1.021944
1.015143
1.009496
1.004938
1.001280
0.998400
0.996174
0.994472
0.993225
0.992314
0.991711
0.991315
0.991120
0.991047
0.991104
0.991226
0.991430
0.991662
0.991946
0.992233
0.992556
0.992864
0.993198
0.993504
0.993836
0.994126
0.994448
0.994713
0.995022
0.995256
0.995552
0.995751
0.996037
0.996197
0.996479
0.996595
0.996880
0.996947
0.997243
0.997255
0.997572
0.997520
0.997873
0.997745
0.998150
0.997930
0.998408
0.998076
0.998652
0.998183
0.998889
0.998248
0.999126
0.998266
0.999378
0.990070
0.998447
0.990890
0.997061
0.991378
0.995946
0.991736
0.995161
0.992132
0.994789
0.992752
0.994973
0.993841
0.995942
0.995722
0.998043
0.998842
1.001764
1.003790
1.007755
1.011311
1.016802
1.022244
1.029698
1.037322
1.046924
1.056709
1.068042
1.079223
1.090852
1.101430
1.110768
1.117644
1.121553
1.122105
1.119093
1.113140
1.104531
1.094410
1.083155
1.071832
1.060623
1.050245
1.040660
1.032231
1.024804
1.018498
1.013135
1.008696
1.005033
1.002065
0.999689
0.997804
0.996350
0.995227
0.994408
0.993805
0.993410
0.993150
0.993030
0.992989
0.993043
0.993137
0.993295
0.993468
0.993685
0.993898
0.994145
0.994373
0.994632
0.994858
0.995119
0.995332
0.995589
0.995781
0.996033
0.996198
0.996447
0.996580
0.996829
0.996925
0.997178
0.997232
0.997498
0.997503
0.997791
0.997738
0.998060
0.997938
0.998309
0.998104
0.998543
0.998234
0.998765
0.998330
0.998981
0.998388
0.999197
0.998404
0.999427
0.991360
0.998736
0.992179
0.997682
0.992776
0.996909
0.993310
0.996473
0.993936
0.996463
0.994837
0.997023
0.996239
0.998371
0.998443
1.000820
1.001840
1.004788
1.006925
1.010801
1.014282
1.019446
1.024509
1.031241
1.038028
1.046362
1.054721
1.064197
1.073389
1.082808
1.091252
1.098660
1.104124
1.107317
1.107941
1.105840
1.101427
1.094865
1.086971
1.078000
1.068770
1.059431
1.050578
1.042219
1.034690
1.027906
1.022005
1.016869
1.012511
1.008823
1.005754
1.003224
1.001154
0.999493
0.998160
0.997126
0.996316
0.995721
0.995273
0.994976
0.994773
0.994675
0.994632
0.994661
0.994720
0.994830
0.994948
0.995106
0.995256
0.995441
0.995603
0.995802
0.995963
0.996168
0.996318
0.996526
0.996657
0.996867
0.996973
0.997187
0.997264
0.997486
0.997527
0.997762
0.997760
0.998018
0.997964
0.998254
0.998139
0.998475
0.998284
0.998682
0.998399
0.998881
0.998483
0.999076
0.998534
0.999271
0.998547
0.999479
0.992687
0.999033
0.993499
0.998313
0.994197
0.997881
0.994901
0.997792
0.995754
0.998140
0.996927
0.999070
0.998636
1.000789
1.001155
1.003578
1.004824
1.007793
1.010053
1.013852
1.017291
1.022179
1.026940
1.033074
1.039183
1.046485
1.053693
1.061673
1.069265
1.076889
1.083573
1.089328
1.093466
1.095816
1.096159
1.094409
1.090856
1.085599
1.079235
1.071933
1.064321
1.056511
1.048989
1.041775
1.035166
1.029111
1.023748
1.018998
1.014892
1.011351
1.008345
1.005813
1.003696
1.001952
1.000514
0.999360
0.998424
0.997698
0.997122
0.996697
0.996373
0.996157
0.996006
0.995932
0.995895
0.995914
0.995951
0.996031
0.996112
0.996230
0.996334
0.996476
0.996588
0.996744
0.996854
0.997019
0.997118
0.997290
0.997371
0.997551
0.997609
0.997799
0.997827
0.998032
0.998023
0.998249
0.998196
0.998453
0.998345
0.998645
0.998470
0.998826
0.998569
0.999002
0.998641
0.999174
0.998685
0.999347
0.998695
0.999533
0.993971
0.999302
0.994761
0.998880
0.995529
0.998745
0.996357
0.998943
0.997370
0.999570
0.998726
1.000765
1.000621
1.002716
1.003294
1.005666
1.007035
1.009907
1.012170
1.015764
1.019034
1.023529
1.027883
1.033356
1.038754
1.045075
1.051247
1.057967
1.064289
1.070566
1.076022
1.080706
1.084084
1.086055
1.086441
1.085179
1.082465
1.078358
1.073291
1.067382
1.061112
1.054571
1.048156
1.041896
1.036054
1.030607
1.025692
1.021261
1.017358
1.013929
1.010963
1.008413
1.006238
1.004405
1.002860
1.001584
1.000522
0.999664
0.998960
0.998409
0.997965
0.997634
0.997374
0.997197
0.997066
0.996997
0.996952
0.996956
0.996968
0.997021
0.997067
0.997153
0.997217
0.997324
0.997394
0.997517
0.997584
0.997718
0.997775
0.997920
0.997959
0.998117
0.998132
0.998306
0.998291
0.998486
0.998433
0.998657
0.998557
0.998819
0.998661
0.998974
0.998744
0.999125
0.998805
0.999275
0.998840
0.999426
0.998848
0.999589
0.995274
0.999575
0.996034
0.999447
0.996864
0.999603
0.997808
1.000082
0.998974
1.000982
1.000506
1.002435
1.002581
1.004613
1.005407
1.007725
1.009226
1.012011
1.014297
1.017713
1.020856
1.025018
1.029043
1.033965
1.038782
1.044296
1.049619
1.055303
1.060576
1.065726
1.070131
1.073857
1.076491
1.077987
1.078210
1.077127
1.074882
1.071511
1.067340
1.062448
1.057209
1.051688
1.046209
1.040799
1.035682
1.030848
1.026426
1.022383
1.018770
1.015550
1.012722
1.010252
1.008113
1.006277
1.004704
1.003378
1.002252
1.001320
1.000536
0.999901
0.999373
0.998956
0.998616
0.998359
0.998152
0.998009
0.997897
0.997835
0.997788
0.997783
0.997777
0.997812
0.997832
0.997894
0.997927
0.998010
0.998047
0.998145
0.998177
0.998289
0.998310
0.998437
0.998440
0.998583
0.998562
0.998725
0.998673
0.998863
0.998772
0.998996
0.998855
0.999125
0.998922
0.999251
0.998971
0.999377
0.999000
0.999506
0.999004
0.999645
0.996525
0.999819
0.997241
0.999951
0.998106
1.000355
0.999124
1.001063
1.000387
1.002168
1.002021
1.003794
1.004180
1.006093
1.007042
1.009239
1.010803
1.013425
1.015660
1.018825
1.021775
1.025552
1.029210
1.033575
1.037832
1.042612
1.047199
1.052026
1.056476
1.060780
1.064448
1.067541
1.069741
1.071020
1.071270
1.070465
1.068706
1.066013
1.062631
1.058611
1.054246
1.049587
1.044895
1.040200
1.035692
1.031376
1.027366
1.023649
1.020277
1.017228
1.014510
1.012101
1.009981
1.008134
1.006526
1.005146
1.003955
1.002946
1.002084
1.001365
1.000755
1.000255
0.999835
0.999500
0.999220
0.999006
0.998828
0.998702
0.998597
0.998535
0.998480
0.998465
0.998442
0.998460
0.998458
0.998501
0.998509
0.998571
0.998580
0.998660
0.998663
0.998758
0.998750
0.998862
0.998836
0.998967
0.998917
0.999071
0.998990
0.999175
0.999053
0.999277
0.999104
0.999379
0.999141
0.999482
0.999162
0.999588
0.999164
0.999703
0.997776
1.000063
0.998444
1.000448
0.999334
1.001091
1.000419
1.002020
1.001771
1.003324
1.003502
1.005118
1.005743
1.007536
1.008645
1.010727
1.012364
1.014838
1.017046
1.019992
1.022790
1.026239
1.029596
1.033493
1.037286
1.041453
1.045429
1.049536
1.053292
1.056869
1.059887
1.062397
1.064157
1.065153
1.065307
1.064601
1.063115
1.060861
1.058026
1.054647
1.050953
1.046982
1.042946
1.038870
1.034915
1.031089
1.027495
1.024126
1.021033
1.018205
1.015653
1.013362
1.011323
1.009522
1.007934
1.006550
1.005341
1.004299
1.003395
1.002627
1.001964
1.001407
1.000930
1.000536
1.000200
0.999928
0.999697
0.999518
0.999364
0.999253
0.999154
0.999094
0.999033
0.999011
0.998976
0.998982
0.998963
0.998991
0.998979
0.999026
0.999014
0.999077
0.999059
0.999140
0.999110
0.999208
0.999161
0.999281
0.999209
0.999355
0.999252
0.999431
0.999287
0.999508
0.999312
0.999588
0.999326
0.999671
0.999326
0.999762
0.998971
1.000280
0.999579
1.000886
1.000471
1.001731
1.001588
1.002835
1.002983
1.004282
1.004753
1.006179
1.007006
1.008640
1.009865
1.011787
1.013452
1.015734
1.017872
1.020562
1.023178
1.026281
1.029332
1.032779
1.036145
1.039769
1.043226
1.046743
1.049956
1.052983
1.055540
1.057658
1.059157
1.060020
1.060192
1.059651
1.058462
1.056625
1.054287
1.051471
1.048357
1.044976
1.041499
1.037949
1.034464
1.031055
1.027812
1.024738
1.021882
1.019239
1.016825
1.014633
1.012657
1.010890
1.009314
1.007922
1.006690
1.005614
1.004669
1.003851
1.003137
1.002525
1.001993
1.001542
1.001152
1.000826
1.000543
1.000313
1.000112
0.999954
0.999814
0.999711
0.999614
0.999553
0.999487
0.999457
0.999412
0.999407
0.999374
0.999390
0.999362
0.999396
0.999368
0.999417
0.999384
0.999450
0.999406
0.999491
0.999429
0.999536
0.999452
0.999586
0.999472
0.999639
0.999486
0.999695
0.999493
0.999755
0.999490
0.999821
1.000153
1.000495
1.000696
1.001313
1.001583
1.002350
1.002725
1.003621
1.004159
1.005206
1.005963
1.007201
1.008229
1.009708
1.011055
1.012826
1.014531
1.016639
1.018728
1.021193
1.023662
1.026467
1.029265
1.032330
1.035339
1.038502
1.041521
1.044534
1.047281
1.049826
1.051969
1.053716
1.054944
1.055630
1.055744
1.055263
1.054243
1.052679
1.050691
1.048290
1.045624
1.042713
1.039699
1.036599
1.033530
1.030503
1.027598
1.024818
1.022210
1.019774
1.017527
1.015465
1.013589
1.011892
1.010364
1.008998
1.007777
1.006698
1.005739
1.004898
1.004155
1.003508
1.002940
1.002449
1.002018
1.001650
1.001327
1.001055
1.000815
1.000617
1.000441
1.000300
1.000171
1.000074
0.999980
0.999917
0.999849
0.999813
0.999761
0.999746
0.999705
0.999709
0.999672
0.999692
0.999655
0.999690
0.999648
0.999699
0.999649
0.999716
0.999652
0.999740
0.999656
0.999768
0.999659
0.999801
0.999659
0.999838
0.999655
0.999880
1.001277
1.000685
1.001746
1.001686
1.002608
1.002883
1.003748
1.004284
1.005185
1.005964
1.006981
1.008010
1.009210
1.010509
1.011946
1.013541
1.015257
1.017166
1.019184
1.021409
1.023720
1.026228
1.028782
1.031489
1.034179
1.036938
1.039591
1.042189
1.044571
1.046749
1.048594
1.050087
1.051150
1.051751
1.051877
1.051498
1.050666
1.049369
1.047704
1.045675
1.043404
1.040901
1.038286
1.035574
1.032862
1.030162
1.027544
1.025017
1.022621
1.020361
1.018256
1.016306
1.014513
1.012875
1.011385
1.010040
1.008826
1.007740
1.006767
1.005903
1.005132
1.004452
1.003849
1.003320
1.002851
1.002443
1.002083
1.001771
1.001495
1.001259
1.001049
1.000872
1.000713
1.000583
1.000463
1.000368
1.000277
1.000211
1.000142
1.000098
1.000043
1.000018
0.999974
0.999964
0.999924
0.999928
0.999891
0.999907
0.999868
0.999896
0.999852
0.999894
0.999842
0.999899
0.999834
0.999908
0.999827
0.999922
0.999820
0.999940
1.002375
1.000870
1.002769
1.002046
1.003601
1.003394
1.004734
1.004917
1.006170
1.006686
1.007957
1.008782
1.010152
1.011279
1.012811
1.014240
1.015978
1.017707
1.019672
1.021684
1.023867
1.026116
1.028467
1.030866
1.033288
1.035699
1.038040
1.040279
1.042343
1.044193
1.045766
1.047015
1.047906
1.048392
1.048483
1.048141
1.047420
1.046299
1.044866
1.043115
1.041150
1.038974
1.036689
1.034305
1.031905
1.029499
1.027150
1.024863
1.022679
1.020602
1.018651
1.016828
1.015138
1.013581
1.012152
1.010849
1.009664
1.008594
1.007625
1.006757
1.005975
1.005278
1.004654
1.004100
1.003605
1.003167
1.002777
1.002434
1.002128
1.001860
1.001622
1.001414
1.001229
1.001068
1.000925
1.000801
1.000690
1.000596
1.000510
1.000439
1.000373
1.000320
1.000268
1.000229
1.000188
1.000161
1.000128
1.000110
1.000083
1.000073
1.000049
1.000046
1.000025
1.000027
1.000006
1.000014
0.999993
1.000006
0.999984
0.999999
1.003418
1.001035
1.003730
1.002360
1.004516
1.003832
1.005620
1.005448
1.007029
1.007275
1.008777
1.009385
1.010904
1.011843
1.013450
1.014698
1.016441
1.017979
1.019881
1.021676
1.023730
1.025729
1.027891
1.030007
1.032192
1.034302
1.036381
1.038325
1.040139
1.041735
1.043110
1.044187
1.044971
1.045398
1.045498
1.045221
1.044624
1.043679
1.042463
1.040965
1.039272
1.037384
1.035387
1.033287
1.031158
1.029006
1.026887
1.024809
1.022808
1.020888
1.019070
1.017357
1.015756
1.014267
1.012891
1.011625
1.010464
1.009406
1.008442
1.007568
1.006777
1.006063
1.005420
1.004842
1.004323
1.003858
1.003441
1.003068
1.002736
1.002438
1.002174
1.001936
1.001727
1.001538
1.001373
1.001222
1.001093
1.000972
1.000871
1.000773
1.000696
1.000616
1.000558
1.000491
1.000449
1.000392
1.000364
1.000313
1.000298
1.000249
1.000246
1.000198
1.000207
1.000155
1.000179
1.000120
1.000159
1.000089
1.000149
1.000059
1.004425
1.001193
1.004655
1.002659
1.005394
1.004246
1.006466
1.005949
1.007847
1.007830
1.009556
1.009955
1.011621
1.012381
1.014066
1.015146
1.016903
1.018266
1.020121
1.021723
1.023671
1.025451
1.027454
1.029325
1.031308
1.033155
1.035011
1.036694
1.038289
1.039656
1.040849
1.041760
1.042432
1.042782
1.042860
1.042607
1.042086
1.041260
1.040202
1.038895
1.037415
1.035759
1.034000
1.032142
1.030247
1.028321
1.026413
1.024529
1.022703
1.020939
1.019257
1.017660
1.016157
1.014750
1.013438
1.012223
1.011100
1.010068
1.009121
1.008256
1.007466
1.006748
1.006096
1.005504
1.004969
1.004484
1.004048
1.003652
1.003298
1.002976
1.002690
1.002427
1.002198
1.001983
1.001799
1.001623
1.001477
1.001331
1.001217
1.001094
1.001007
1.000902
1.000838
1.000744
1.000702
1.000615
1.000593
1.000509
1.000506
1.000420
1.000438
1.000345
1.000386
1.000280
1.000347
1.000223
1.000322
1.000170
1.000310
1.000117
1.005381
1.001334
1.005523
1.002921
1.006203
1.004602
1.007228
1.006368
1.008561
1.008279
1.010210
1.010396
1.012191
1.012766
1.014514
1.015420
1.017181
1.018367
1.020170
1.021581
1.023427
1.024999
1.026857
1.028505
1.030313
1.031932
1.033601
1.035068
1.036489
1.037677
1.038735
1.039526
1.040126
1.040434
1.040519
1.040308
1.039872
1.039164
1.038256
1.037122
1.035836
1.034385
1.032836
1.031188
1.029498
1.027769
1.026044
1.024329
1.022655
1.021027
1.019464
1.017969
1.016552
1.015215
1.013961
1.012790
1.011701
1.010692
1.009760
1.008903
1.008115
1.007392
1.006732
1.006128
1.005580
1.005077
1.004624
1.004207
1.003834
1.003489
1.003184
1.002898
1.002649
1.002411
1.002210
1.002011
1.001850
1.001680
1.001554
1.001407
1.001312
1.001181
1.001113
1.000993
1.000951
1.000836
1.000819
1.000703
1.000713
1.000590
1.000628
1.000491
1.000563
1.000404
1.000516
1.000325
1.000485
1.000251
1.000471
1.000174
1.006293
1.001467
1.006350
1.003167
1.006970
1.004933
1.007948
1.006758
1.009234
1.008698
1.010827
1.010807
1.012730
1.013129
1.014944
1.015688
1.017460
1.018484
1.020248
1.021489
1.023251
1.024639
1.026375
1.027827
1.029486
1.030904
1.032412
1.033689
1.034955
1.035980
1.036913
1.037589
1.038113
1.038369
1.038440
1.038246
1.037863
1.037237
1.036440
1.035441
1.034307
1.033022
1.031648
1.030179
1.028666
1.027109
1.025550
1.023990
1.022460
1.020961
1.019514
1.018122
1.016794
1.015533
1.014343
1.013223
1.012176
1.011199
1.010291
1.009449
1.008671
1.007952
1.007292
1.006683
1.006127
1.005613
1.005147
1.004715
1.004327
1.003964
1.003642
1.003336
1.003072
1.002813
1.002597
1.002376
1.002202
1.002011
1.001874
1.001705
1.001602
1.001448
1.001376
1.001231
1.001189
1.001047
1.001036
1.000889
1.000911
1.000752
1.000812
1.000632
1.000734
1.000524
1.000678
1.000424
1.000641
1.000329
1.000626
1.000231
1.007160
1.001588
1.007128
1.003383
1.007680
1.005219
1.008599
1.007085
1.009825
1.009035
1.011347
1.011122
1.013158
1.013381
1.015251
1.015832
1.017609
1.018473
1.020197
1.021273
1.022956
1.024172
1.025799
1.027073
1.028603
1.029847
1.031219
1.032336
1.033479
1.034374
1.035214
1.035803
1.036279
1.036503
1.036580
1.036414
1.036090
1.035545
1.034854
1.033978
1.032982
1.031846
1.030627
1.029315
1.027958
1.026553
1.025138
1.023714
1.022309
1.020925
1.019581
1.018278
1.017029
1.015835
1.014702
1.013629
1.012620
1.011672
1.010786
1.009958
1.009190
1.008475
1.007816
1.007202
1.006640
1.006116
1.005640
1.005194
1.004794
1.004414
1.004079
1.003755
1.003476
1.003198
1.002969
1.002728
1.002543
1.002331
1.002185
1.001994
1.001884
1.001708
1.001633
1.001464
1.001423
1.001254
1.001250
1.001072
1.001108
1.000913
1.000993
1.000771
1.000904
1.000643
1.000840
1.000523
1.000798
1.000407
1.000782
1.000286
1.007975
1.001699
1.007859
1.003583
1.008345
1.005481
1.009206
1.007385
1.010376
1.009346
1.011831
1.011412
1.013559
1.013616
1.015544
1.015974
1.017762
1.018480
1.020174
1.021103
1.022721
1.023784
1.025318
1.026437
1.027855
1.028945
1.030201
1.031176
1.032209
1.032986
1.033739
1.034245
1.034670
1.034857
1.034926
1.034771
1.034486
1.033999
1.033388
1.032608
1.031723
1.030709
1.029618
1.028440
1.027217
1.025945
1.024659
1.023359
1.022069
1.020792
1.019546
1.018331
1.017160
1.016035
1.014960
1.013937
1.012969
1.012055
1.011196
1.010388
1.009635
1.008929
1.008275
1.007662
1.007098
1.006569
1.006086
1.005630
1.005220
1.004827
1.004480
1.004141
1.003851
1.003556
1.003316
1.003057
1.002861
1.002631
1.002476
1.002266
1.002150
1.001953
1.001875
1.001683
1.001644
1.001450
1.001452
1.001245
1.001293
1.001065
1.001165
1.000903
1.001066
1.000755
1.000993
1.000616
1.000947
1.000481
1.000929
1.000340
1.008754
1.001801
1.008550
1.003761
1.008964
1.005709
1.009760
1.007637
1.010863
1.009596
1.012243
1.011631
1.013879
1.013771
1.015749
1.016031
1.017825
1.018401
1.020065
1.020853
1.022411
1.023332
1.024784
1.025761
1.027084
1.028039
1.029197
1.030051
1.030997
1.031676
1.032363
1.032807
1.033197
1.033361
1.033434
1.033297
1.033054
1.032625
1.032089
1.031398
1.030614
1.029709
1.028733
1.027673
1.026569
1.025415
1.024243
1.023051
1.021864
1.020682
1.019522
1.018386
1.017285
1.016220
1.015199
1.014221
1.013291
1.012407
1.011573
1.010785
1.010046
1.009349
1.008701
1.008090
1.007526
1.006992
1.006505
1.006040
1.005622
1.005218
1.004862
1.004509
1.004208
1.003898
1.003648
1.003373
1.003168
1.002920
1.002759
1.002530
1.002409
1.002192
1.002113
1.001899
1.001862
1.001642
1.001652
1.001417
1.001478
1.001216
1.001337
1.001034
1.001226
1.000867
1.001146
1.000709
1.001095
1.000554
1.001077
1.000392
1.009472
1.001893
1.009187
1.003920
1.009533
1.005914
1.010268
1.007865
1.011310
1.009822
1.012621
1.011829
1.014175
1.013915
1.015944
1.016088
1.017894
1.018341
1.019984
1.020644
1.022154
1.022949
1.024331
1.025184
1.026425
1.027261
1.028334
1.029080
1.029948
1.030540
1.031166
1.031549
1.031905
1.032041
1.032110
1.031982
1.031767
1.031380
1.030902
1.030281
1.029578
1.028763
1.027884
1.026925
1.025923
1.024872
1.023800
1.022706
1.021611
1.020516
1.019437
1.018375
1.017341
1.016336
1.015367
1.014435
1.013544
1.012693
1.011887
1.011119
1.010397
1.009713
1.009073
1.008466
1.007905
1.007370
1.006880
1.006410
1.005986
1.005572
1.005209
1.004844
1.004536
1.004212
1.003954
1.003664
1.003452
1.003188
1.003020
1.002774
1.002649
1.002413
1.002332
1.002098
1.002063
1.001821
1.001837
1.001575
1.001648
1.001355
1.001496
1.001155
1.001376
1.000971
1.001288
1.000795
1.001233
1.000623
1.001214
1.000442
1.010165
1.001979
1.009796
1.004066
1.010069
1.006095
1.010737
1.008059
1.011710
1.010005
1.012946
1.011978
1.014412
1.014002
1.016076
1.016087
1.017902
1.018224
1.019846
1.020386
1.021851
1.022529
1.023850
1.024590
1.025760
1.026491
1.027491
1.028146
1.028949
1.029469
1.030048
1.030383
1.030715
1.030832
1.030905
1.030789
1.030605
1.030258
1.029837
1.029279
1.028652
1.027917
1.027125
1.026255
1.025345
1.024385
1.023403
1.022395
1.021383
1.020366
1.019359
1.018363
1.017390
1.016439
1.015518
1.014628
1.013773
1.012953
1.012172
1.011425
1.010720
1.010047
1.009417
1.008815
1.008257
1.007722
1.007231
1.006757
1.006329
1.005908
1.005538
1.005164
1.004848
1.004513
1.004247
1.003944
1.003725
1.003447
1.003273
1.003011
1.002884
1.002630
1.002548
1.002294
1.002262
1.001997
1.002020
1.001733
1.001819
1.001494
1.001654
1.001277
1.001525
1.001075
1.001431
1.000882
1.001373
1.000691
1.001353
1.000491
1.010786
1.002053
1.010343
1.004193
1.010550
1.006253
1.011158
1.008228
1.012070
1.010167
1.013239
1.012110
1.014628
1.014081
1.016200
1.016090
1.017917
1.018127
1.019735
1.020168
1.021597
1.022172
1.023441
1.024081
1.025191
1.025829
1.026768
1.027341
1.028088
1.028542
1.029078
1.029369
1.029676
1.029773
1.029844
1.029734
1.029572
1.029255
1.028877
1.028371
1.027804
1.027136
1.026417
1.025623
1.024792
1.023910
1.023007
1.022075
1.021137
1.020190
1.019250
1.018315
1.017398
1.016498
1.015623
1.014773
1.013954
1.013164
1.012408
1.011683
1.010995
1.010335
1.009715
1.009120
1.008567
1.008033
1.007543
1.007065
1.006635
1.006208
1.005834
1.005451
1.005130
1.004784
1.004512
1.004197
1.003973
1.003681
1.003503
1.003226
1.003096
1.002826
1.002744
1.002471
1.002443
1.002156
1.002187
1.001875
1.001973
1.001620
1.001798
1.001387
1.001661
1.001168
1.001561
1.000960
1.001498
1.000754
1.001478
1.000537
1.011398
1.002127
1.010876
1.004313
1.011012
1.006397
1.011552
1.008376
1.012398
1.010300
1.013496
1.012207
1.014803
1.014123
1.016282
1.016054
1.017891
1.017993
1.019586
1.019919
1.021314
1.021793
1.023016
1.023565
1.024623
1.025178
1.026063
1.026565
1.027266
1.027665
1.028166
1.028421
1.028711
1.028794
1.028867
1.028765
1.028626
1.028339
1.028002
1.027543
1.027032
1.026425
1.025771
1.025046
1.024284
1.023474
1.022641
1.021778
1.020907
1.020023
1.019142
1.018264
1.017398
1.016544
1.015712
1.014899
1.014113
1.013351
1.012621
1.011916
1.011245
1.010599
1.009990
1.009402
1.008855
1.008323
1.007835
1.007356
1.006925
1.006493
1.006116
1.005726
1.005400
1.005045
1.004768
1.004443
1.004214
1.003909
1.003728
1.003438
1.003305
1.003019
1.002938
1.002648
1.002622
1.002316
1.002353
1.002018
1.002128
1.001747
1.001943
1.001497
1.001798
1.001264
1.001692
1.001039
1.001627
1.000817
1.001606
1.000581
1.011924
1.002185
1.011336
1.004410
1.011412
1.006516
1.011896
1.008500
1.012685
1.010412
1.013721
1.012291
1.014959
1.014159
1.016358
1.016025
1.017875
1.017882
1.019466
1.019709
1.021079
1.021473
1.022659
1.023129
1.024143
1.024625
1.025466
1.025906
1.026566
1.026915
1.027386
1.027607
1.027880
1.027949
1.028021
1.027924
1.027800
1.027536
1.027231
1.026810
1.026345
1.025787
1.025189
1.024520
1.023819
1.023069
1.022297
1.021495
1.020681
1.019854
1.019026
1.018197
1.017378
1.016567
1.015773
1.014995
1.014240
1.013505
1.012798
1.012112
1.011458
1.010825
1.010226
1.009646
1.009105
1.008576
1.008090
1.007610
1.007178
1.006743
1.006363
1.005967
1.005637
1.005275
1.004994
1.004658
1.004426
1.004110
1.003926
1.003623
1.003489
1.003189
1.003108
1.002802
1.002780
1.002455
1.002499
1.002142
1.002263
1.001857
1.002070
1.001594
1.001918
1.001347
1.001807
1.001108
1.001738
1.000872
1.001717
1.000622
1.012459
1.002248
1.011798
1.004509
1.011806
1.006631
1.012227
1.008614
1.012953
1.010508
1.013923
1.012353
1.015088
1.014170
1.016404
1.015970
1.017830
1.017745
1.019319
1.019478
1.020824
1.021139
1.022290
1.022688
1.023662
1.024080
1.024881
1.025265
1.025891
1.026198
1.026643
1.026837
1.027097
1.027155
1.027229
1.027137
1.027031
1.026788
1.026514
1.026128
1.025705
1.025193
1.024644
1.024028
1.023381
1.022686
1.021970
1.021222
1.020462
1.019685
1.018907
1.018124
1.017348
1.016576
1.015819
1.015073
1.014348
1.013638
1.012954
1.012288
1.011650
1.011031
1.010444
1.009872
1.009338
1.008813
1.008331
1.007851
1.007420
1.006982
1.006601
1.006200
1.005868
1.005498
1.005214
1.004871
1.004635
1.004309
1.004123
1.003808
1.003673
1.003360
1.003280
1.002958
1.002940
1.002597
1.002648
1.002270
1.002402
1.001971
1.002201
1.001694
1.002042
1.001432
1.001926
1.001180
1.001855
1.000929
1.001834
1.000663
1.012890
1.002293
1.012173
1.004583
1.012130
1.006718
1.012501
1.008702
1.013177
1.010584
1.014093
1.012403
1.015199
1.014180
1.016449
1.015926
1.017798
1.017635
1.019204
1.019290
1.020617
1.020865
1.021989
1.022325
1.023267
1.023629
1.024398
1.024735
1.025332
1.025601
1.026025
1.026194
1.026442
1.026488
1.026563
1.026474
1.026380
1.026154
1.025903
1.025546
1.025156
1.024682
1.024174
1.023601
1.023000
1.022351
1.021681
1.020979
1.020265
1.019532
1.018796
1.018053
1.017314
1.016577
1.015851
1.015134
1.014435
1.013748
1.013084
1.012435
1.011812
1.011204
1.010628
1.010064
1.009535
1.009014
1.008535
1.008056
1.007625
1.007185
1.006803
1.006397
1.006063
1.005688
1.005401
1.005050
1.004811
1.004477
1.004288
1.003964
1.003827
1.003503
1.003424
1.003089
1.003073
1.002715
1.002772
1.002376
1.002518
1.002065
1.002309
1.001776
1.002144
1.001503
1.002024
1.001239
1.001950
1.000976
1.001929
1.000698
1.013355
1.002347
1.012571
1.004665
1.012464
1.006810
1.012777
1.008790
1.013395
1.010653
1.014252
1.012440
1.015293
1.014173
1.016472
1.015863
1.017745
1.017504
1.019067
1.019083
1.020392
1.020576
1.021675
1.021952
1.022865
1.023175
1.023915
1.024209
1.024781
1.025017
1.025422
1.025570
1.025809
1.025846
1.025922
1.025837
1.025756
1.025546
1.025319
1.024987
1.024630
1.024189
1.023720
1.023187
1.022628
1.022022
1.021395
1.020736
1.020064
1.019373
1.018676
1.017970
1.017267
1.016563
1.015868
1.015179
1.014505
1.013841
1.013198
1.012566
1.011959
1.011364
1.010799
1.010243
1.009722
1.009206
1.008731
1.008253
1.007824
1.007383
1.007001
1.006593
1.006257
1.005877
1.005588
1.005230
1.004990
1.004648
1.004458
1.004124
1.003987
1.003651
1.003573
1.003225
1.003213
1.002839
1.002903
1.002488
1.002640
1.002165
1.002425
1.001864
1.002254
1.001579
1.002130
1.001303
1.002055
1.001027
1.002033
1.000733
1.013691
1.002378
1.012864
1.004717
1.012716
1.006871
1.012988
1.008850
1.013565
1.010703
1.014378
1.012468
1.015371
1.014169
1.016496
1.015816
1.017709
1.017405
1.018966
1.018925
1.020222
1.020353
1.021432
1.021662
1.022552
1.022821
1.023537
1.023795
1.024347
1.024555
1.024945
1.025075
1.025306
1.025335
1.025411
1.025328
1.025256
1.025058
1.024848
1.024538
1.024205
1.023792
1.023353
1.022852
1.022326
1.021754
1.021163
1.020539
1.019901
1.019243
1.018579
1.017904
1.017230
1.016553
1.015883
1.015217
1.014564
1.013919
1.013291
1.012674
1.012079
1.011495
1.010938
1.010389
1.009874
1.009361
1.008889
1.008413
1.007985
1.007543
1.007160
1.006749
1.006412
1.006027
1.005737
1.005373
1.005132
1.004782
1.004591
1.004248
1.004111
1.003766
1.003689
1.003330
1.003321
1.002935
1.003003
1.002574
1.002734
1.002241
1.002513
1.001931
1.002338
1.001637
1.002210
1.001351
1.002133
1.001066
1.002110
1.000763
1.014092
1.002425
1.013203
1.004786
1.012998
1.006946
1.013216
1.008918
1.013742
1.010752
1.014501
1.012489
1.015439
1.014152
1.016505
1.015752
1.017654
1.017286
1.018843
1.018744
1.020028
1.020108
1.021168
1.021352
1.022220
1.022448
1.023143
1.023368
1.023901
1.024084
1.024460
1.024573
1.024797
1.024819
1.024897
1.024817
1.024755
1.024568
1.024375
1.024084
1.023776
1.023389
1.022979
1.022508
1.022015
1.021476
1.020919
1.020328
1.019724
1.019099
1.018466
1.017822
1.017176
1.016527
1.015883
1.015240
1.014608
1.013982
1.013372
1.012770
1.012189
1.011616
1.011070
1.010529
1.010021
1.009514
1.009046
1.008572
1.008147
1.007705
1.007323
1.006910
1.006573
1.006185
1.005894
1.005525
1.005282
1.004926
1.004734
1.004384
1.004247
1.003893
1.003817
1.003447
1.003441
1.003042
1.003116
1.002670
1.002841
1.002328
1.002613
1.002007
1.002434
1.001703
1.002303
1.001406
1.002224
1.001109
1.002202
1.000793
1.014331
1.002444
1.013414
1.004819
1.013179
1.006985
1.013368
1.008956
1.013863
1.010783
1.014590
1.012503
1.015492
1.014142
1.016518
1.015710
1.017622
1.017207
1.018763
1.018622
1.019898
1.019939
1.020986
1.021135
1.021988
1.022185
1.022864
1.023063
1.023582
1.023745
1.024111
1.024211
1.024430
1.024446
1.024524
1.024445
1.024389
1.024211
1.024031
1.023754
1.023463
1.023095
1.022707
1.022259
1.021790
1.021276
1.020744
1.020178
1.019599
1.018998
1.018389
1.017767
1.017144
1.016514
1.015888
1.015263
1.014647
1.014035
1.013438
1.012846
1.012276
1.011710
1.011171
1.010636
1.010132
1.009628
1.009163
1.008690
1.008266
1.007824
1.007442
1.007027
1.006689
1.006297
1.006005
1.005632
1.005388
1.005028
1.004835
1.004478
1.004341
1.003980
1.003905
1.003527
1.003523
1.003114
1.003192
1.002735
1.002912
1.002385
1.002680
1.002058
1.002497
1.001746
1.002364
1.001443
1.002283
1.001139
1.002260
1.000817
1.014677
1.002486
1.013703
1.004878
1.013415
1.007046
1.013556
1.009009
1.014005
1.010819
1.014687
1.012514
1.015541
1.014121
1.016517
1.015650
1.017570
1.017102
1.018656
1.018469
1.019735
1.019735
1.020769
1.020881
1.021718
1.021884
1.022547
1.022721
1.023225
1.023369
1.023725
1.023812
1.024026
1.024037
1.024116
1.024039
1.023990
1.023820
1.023654
1.023392
1.023119
1.022770
1.022404
1.021980
1.021535
1.021047
1.020540
1.020001
1.019448
1.018873
1.018289
1.017691
1.017090
1.016482
1.015877
1.015271
1.014673
1.014077
1.013494
1.012916
1.012357
1.011802
1.011272
1.010744
1.010247
1.009747
1.009287
1.008817
1.008396
1.007954
1.007573
1.007157
1.006820
1.006426
1.006134
1.005757
1.005512
1.005147
1.004954
1.004591
1.004454
1.004085
1.004012
1.003625
1.003624
1.003204
1.003287
1.002817
1.003002
1.002459
1.002765
1.002123
1.002579
1.001803
1.002443
1.001490
1.002361
1.001176
1.002340
1.000842
1.014815
1.002494
1.013829
1.004893
1.013527
1.007067
1.013652
1.009031
1.014083
1.010836
1.014744
1.012522
1.015575
1.014113
1.016525
1.015622
1.017548
1.017049
1.018603
1.018387
1.019649
1.019623
1.020648
1.020738
1.021564
1.021710
1.022363
1.022520
1.023015
1.023146
1.023495
1.023573
1.023784
1.023791
1.023870
1.023794
1.023750
1.023585
1.023426
1.023173
1.022912
1.022576
1.022224
1.021814
1.021385
1.020913
1.020423
1.019900
1.019364
1.018804
1.018236
1.017653
1.017067
1.016472
1.015880
1.015285
1.014698
1.014111
1.013537
1.012966
1.012414
1.011865
1.011339
1.010815
1.010321
1.009824
1.009365
1.008896
1.008476
1.008033
1.007653
1.007235
1.006898
1.006501
1.006208
1.005829
1.005584
1.005214
1.005021
1.004654
1.004517
1.004143
1.004071
1.003678
1.003678
1.003252
1.003338
1.002860
1.003049
1.002497
1.002810
1.002156
1.002621
1.001831
1.002483
1.001515
1.002399
1.001196
1.002377
1.000858
1.015115
1.002532
1.014075
1.004944
1.013724
1.007118
1.013805
1.009072
1.014195
1.010861
1.014817
1.012526
1.015609
1.014090
1.016519
1.015568
1.017501
1.016960
1.018512
1.018261
1.019515
1.019458
1.020472
1.020534
1.021349
1.021471
1.022112
1.022249
1.022735
1.022851
1.023193
1.023262
1.023469
1.023472
1.023552
1.023477
1.023438
1.023280
1.023131
1.022889
1.022641
1.022320
1.021984
1.021592
1.021182
1.020728
1.020258
1.019755
1.019239
1.018699
1.018150
1.017586
1.017017
1.016440
1.015864
1.015284
1.014711
1.014137
1.013576
1.013016
1.012473
1.011932
1.011414
1.010896
1.010408
1.009915
1.009461
1.008994
1.008576
1.008135
1.007756
1.007338
1.007001
1.006603
1.006311
1.005928
1.005683
1.005310
1.005117
1.004745
1.004609
1.004229
1.004158
1.003757
1.003761
1.003325
1.003416
1.002927
1.003123
1.002558
1.002880
1.002210
1.002688
1.001878
1.002549
1.001553
1.002465
1.001226
1.002444
1.000878
1.015147
1.002528
1.014114
1.004945
1.013766
1.007124
1.013846
1.009082
1.014232
1.010871
1.014847
1.012532
1.015629
1.014090
1.016527
1.015558
1.017495
1.016938
1.018491
1.018224
1.019477
1.019405
1.020416
1.020466
1.021275
1.021387
1.022022
1.022150
1.022631
1.022740
1.023079
1.023142
1.023348
1.023348
1.023428
1.023353
1.023316
1.023160
1.023016
1.022778
1.022536
1.022221
1.021893
1.021508
1.021106
1.020661
1.020199
1.019705
1.019197
1.018666
1.018125
1.017568
1.017007
1.016437
1.015868
1.015294
1.014726
1.014157
1.013600
1.013043
1.012504
1.011966
1.011450
1.010934
1.010448
1.009956
1.009502
1.009035
1.008618
1.008176
1.007797
1.007378
1.007041
1.006642
1.006348
1.005964
1.005719
1.005344
1.005150
1.004776
1.004640
1.004257
1.004186
1.003783
1.003787
1.003348
1.003440
1.002947
1.003145
1.002575
1.002900
1.002226
1.002707
1.001891
1.002566
1.001565
1.002481
1.001236
1.002458
1.000887
1.015413
1.002564
1.014326
1.004990
1.013931
1.007165
1.013970
1.009113
1.014320
1.010888
1.014902
1.012530
1.015651
1.014067
1.016517
1.015510
1.017452
1.016863
1.018415
1.018121
1.019368
1.019273
1.020276
1.020304
1.021105
1.021199
1.021827
1.021940
1.022414
1.022513
1.022846
1.022903
1.023106
1.023103
1.023185
1.023111
1.023078
1.022927
1.022790
1.022560
1.022328
1.022024
1.021708
1.021336
1.020948
1.020517
1.020070
1.019590
1.019097
1.018581
1.018055
1.017512
1.016965
1.016408
1.015851
1.015289
1.014732
1.014173
1.013625
1.013078
1.012546
1.012014
1.011505
1.010994
1.010513
1.010024
1.009574
1.009110
1.008695
1.008254
1.007877
1.007458
1.007121
1.006721
1.006428
1.006042
1.005797
1.005419
1.005226
1.004848
1.004712
1.004325
1.004255
1.003847
1.003853
1.003407
1.003503
1.003001
1.003205
1.002624
1.002958
1.002269
1.002762
1.001929
1.002621
1.001596
1.002536
1.001260
1.002515
1.000902
1.015335
1.002555
1.014281
1.004985
1.013908
1.007166
1.013962
1.009119
1.014322
1.010897
1.014910
1.012543
1.015663
1.014081
1.016530
1.015524
1.017465
1.016877
1.018427
1.018132
1.019378
1.019282
1.020283
1.020310
1.021109
1.021201
1.021826
1.021938
1.022410
1.022506
1.022838
1.022893
1.023095
1.023091
1.023172
1.023097
1.023064
1.022913
1.022775
1.022546
1.022315
1.022012
1.021696
1.021326
1.020939
1.020509
1.020064
1.019586
1.019094
1.018579
1.018054
1.017514
1.016968
1.016411
1.015855
1.015294
1.014738
1.014180
1.013633
1.013085
1.012554
1.012022
1.011513
1.011002
1.010520
1.010031
1.009581
1.009116
1.008701
1.008259
1.007882
1.007462
1.007125
1.006725
1.006431
1.006045
1.005799
1.005421
1.005227
1.004849
1.004713
1.004325
1.004255
1.003846
1.003852
1.003406
1.003501
1.003000
1.003202
1.002623
1.002955
1.002268
1.002759
1.001928
1.002616
1.001595
1.002529
1.001261
1.002507
1.000904
1.015619
1.002607
1.014507
1.005043
1.014078
1.007214
1.014086
1.009153
1.014407
1.010915
1.014961
1.012541
1.015682
1.014058
1.016518
1.015477
1.017422
1.016803
1.018353
1.018032
1.019273
1.019154
1.020149
1.020157
1.020948
1.021024
1.021642
1.021741
1.022206
1.022293
1.022620
1.022670
1.022870
1.022863
1.022945
1.022871
1.022842
1.022695
1.022564
1.022342
1.022119
1.021826
1.021522
1.021162
1.020788
1.020371
1.019939
1.019474
1.018996
1.018495
1.017983
1.017456
1.016922
1.016379
1.015834
1.015284
1.014738
1.014190
1.013652
1.013112
1.012589
1.012064
1.011561
1.011055
1.010578
1.010094
1.009647
1.009185
1.008772
1.008332
1.007956
1.007537
1.007201
1.006800
1.006507
1.006119
1.005874
1.005493
1.005300
1.004919
1.004783
1.004392
1.004323
1.003908
1.003916
1.003464
1.003563
1.003054
1.003261
1.002671
1.003011
1.002310
1.002814
1.001965
1.002670
1.001626
1.002585
1.001283
1.002565
1.000918
