# v - 500 ites
-0.000122
-0.000111
-0.000206
-0.000187
-0.000245
-0.000226
-0.000266
-0.000253
-0.000283
-0.000274
-0.000296
-0.000290
-0.000305
-0.000300
-0.000310
-0.000304
-0.000309
-0.000302
-0.000302
-0.000293
-0.000288
-0.000276
-0.000267
-0.000253
-0.000239
-0.000221
-0.000204
-0.000184
-0.000163
-0.000140
-0.000117
-0.000092
-0.000066
-0.000040
-0.000014
0.000013
0.000040
0.000066
0.000092
0.000117
0.000142
0.000165
0.000188
0.000208
0.000228
0.000246
0.000262
0.000277
0.000290
0.000301
0.000311
0.000319
0.000325
0.000330
0.000333
0.000334
0.000335
0.000334
0.000332
0.000328
0.000324
0.000319
0.000313
0.000307
0.000300
0.000292
0.000284
0.000276
0.000267
0.000258
0.000249
0.000240
0.000232
0.000222
0.000214
0.000205
0.000196
0.000187
0.000179
0.000171
0.000163
0.000155
0.000148
0.000140
0.000134
0.000126
0.000122
0.000113
0.000110
0.000101
0.000099
0.000090
0.000090
0.000079
0.000082
0.000069
0.000075
0.000059
0.000072
0.000040
-0.000763
-0.000494
-0.001025
-0.000765
-0.001113
-0.000895
-0.001145
-0.000981
-0.001165
-0.001042
-0.001177
-0.001083
-0.001177
-0.001103
-0.001164
-0.001100
-0.001133
-0.001075
-0.001084
-0.001025
-0.001013
-0.000951
-0.000921
-0.000854
-0.000807
-0.000734
-0.000673
-0.000593
-0.000521
-0.000436
-0.000355
-0.000265
-0.000180
-0.000088
0.000001
0.000092
0.000180
0.000268
0.000352
0.000435
0.000513
0.000588
0.000658
0.000724
0.000784
0.000839
0.000889
0.000933
0.000971
0.001003
0.001030
0.001051
0.001067
0.001078
0.001085
0.001086
0.001084
0.001077
0.001068
0.001054
0.001038
0.001020
0.000999
0.000976
0.000952
0.000925
0.000899
0.000870
0.000842
0.000812
0.000784
0.000753
0.000725
0.000694
0.000667
0.000636
0.000611
0.000580
0.000557
0.000526
0.000506
0.000475
0.000458
0.000426
0.000414
0.000380
0.000373
0.000337
0.000336
0.000296
0.000303
0.000257
0.000274
0.000220
0.000249
0.000184
0.000228
0.000145
0.000222
0.000077
-0.000937
-0.000642
-0.001311
-0.001007
-0.001443
-0.001179
-0.001492
-0.001292
-0.001524
-0.001376
-0.001547
-0.001434
-0.001554
-0.001465
-0.001543
-0.001467
-0.001509
-0.001437
-0.001449
-0.001376
-0.001359
-0.001281
-0.001240
-0.001153
-0.001091
-0.000994
-0.000913
-0.000807
-0.000710
-0.000596
-0.000487
-0.000366
-0.000250
-0.000126
-0.000006
0.000118
0.000237
0.000357
0.000472
0.000585
0.000691
0.000794
0.000889
0.000979
0.001061
0.001136
0.001203
0.001263
0.001315
0.001359
0.001395
0.001424
0.001446
0.001460
0.001468
0.001470
0.001467
0.001458
0.001444
0.001426
0.001404
0.001378
0.001349
0.001318
0.001284
0.001248
0.001212
0.001173
0.001135
0.001094
0.001056
0.001014
0.000976
0.000934
0.000898
0.000856
0.000822
0.000780
0.000749
0.000707
0.000680
0.000638
0.000616
0.000573
0.000556
0.000512
0.000501
0.000454
0.000452
0.000400
0.000407
0.000349
0.000368
0.000300
0.000334
0.000253
0.000306
0.000203
0.000298
0.000113
-0.001495
-0.000991
-0.002046
-0.001543
-0.002233
-0.001804
-0.002299
-0.001974
-0.002340
-0.002098
-0.002366
-0.002182
-0.002370
-0.002223
-0.002346
-0.002221
-0.002288
-0.002172
-0.002191
-0.002075
-0.002051
-0.001928
-0.001867
-0.001732
-0.001638
-0.001490
-0.001368
-0.001206
-0.001060
-0.000887
-0.000723
-0.000541
-0.000366
-0.000180
0.000000
0.000186
0.000365
0.000544
0.000715
0.000884
0.001043
0.001195
0.001337
0.001470
0.001591
0.001702
0.001801
0.001889
0.001965
0.002029
0.002082
0.002124
0.002155
0.002176
0.002187
0.002189
0.002183
0.002168
0.002147
0.002119
0.002085
0.002046
0.002003
0.001955
0.001905
0.001852
0.001797
0.001739
0.001682
0.001621
0.001564
0.001502
0.001445
0.001383
0.001328
0.001266
0.001215
0.001153
0.001107
0.001045
0.001005
0.000942
0.000909
0.000845
0.000821
0.000754
0.000740
0.000668
0.000666
0.000586
0.000600
0.000509
0.000542
0.000436
0.000492
0.000364
0.000451
0.000289
0.000438
0.000153
-0.001735
-0.001171
-0.002411
-0.001833
-0.002642
-0.002143
-0.002723
-0.002344
-0.002775
-0.002494
-0.002810
-0.002597
-0.002821
-0.002651
-0.002797
-0.002653
-0.002734
-0.002599
-0.002623
-0.002487
-0.002460
-0.002315
-0.002242
-0.002083
-0.001970
-0.001794
-0.001647
-0.001453
-0.001278
-0.001069
-0.000872
-0.000653
-0.000441
-0.000216
0.000001
0.000225
0.000442
0.000658
0.000866
0.001069
0.001261
0.001444
0.001615
0.001775
0.001921
0.002054
0.002173
0.002278
0.002368
0.002444
0.002507
0.002556
0.002591
0.002615
0.002626
0.002627
0.002618
0.002599
0.002571
0.002536
0.002494
0.002446
0.002393
0.002335
0.002274
0.002208
0.002142
0.002072
0.002003
0.001930
0.001860
0.001786
0.001718
0.001642
0.001577
0.001503
0.001442
0.001368
0.001312
0.001239
0.001191
0.001116
0.001077
0.001001
0.000971
0.000892
0.000875
0.000790
0.000788
0.000694
0.000710
0.000604
0.000640
0.000517
0.000581
0.000433
0.000532
0.000345
0.000518
0.000185
-0.002244
-0.001500
-0.003093
-0.002342
-0.003383
-0.002738
-0.003484
-0.002996
-0.003550
-0.003187
-0.003593
-0.003318
-0.003605
-0.003387
-0.003574
-0.003388
-0.003492
-0.003319
-0.003349
-0.003176
-0.003141
-0.002956
-0.002863
-0.002659
-0.002516
-0.002290
-0.002103
-0.001855
-0.001631
-0.001365
-0.001113
-0.000833
-0.000563
-0.000276
0.000002
0.000288
0.000564
0.000840
0.001104
0.001363
0.001607
0.001840
0.002057
0.002260
0.002445
0.002614
0.002764
0.002896
0.003009
0.003105
0.003183
0.003244
0.003288
0.003316
0.003330
0.003329
0.003316
0.003291
0.003255
0.003209
0.003156
0.003093
0.003026
0.002951
0.002873
0.002789
0.002705
0.002616
0.002528
0.002435
0.002347
0.002252
0.002166
0.002071
0.001988
0.001893
0.001817
0.001723
0.001653
0.001559
0.001499
0.001405
0.001355
0.001259
0.001222
0.001122
0.001101
0.000993
0.000990
0.000872
0.000892
0.000757
0.000805
0.000647
0.000729
0.000541
0.000668
0.000428
0.000650
0.000226
-0.002533
-0.001708
-0.003518
-0.002674
-0.003855
-0.003125
-0.003973
-0.003420
-0.004051
-0.003641
-0.004105
-0.003794
-0.004123
-0.003878
-0.004094
-0.003885
-0.004005
-0.003811
-0.003848
-0.003652
-0.003613
-0.003403
-0.003297
-0.003065
-0.002900
-0.002641
-0.002425
-0.002140
-0.001881
-0.001574
-0.001282
-0.000958
-0.000645
-0.000312
0.000010
0.000342
0.000662
0.000982
0.001288
0.001586
0.001869
0.002138
0.002388
0.002621
0.002833
0.003026
0.003197
0.003347
0.003475
0.003583
0.003669
0.003736
0.003784
0.003813
0.003825
0.003821
0.003803
0.003771
0.003727
0.003671
0.003607
0.003533
0.003453
0.003365
0.003274
0.003176
0.003078
0.002974
0.002873
0.002765
0.002663
0.002554
0.002455
0.002345
0.002251
0.002143
0.002054
0.001947
0.001868
0.001761
0.001692
0.001585
0.001529
0.001420
0.001378
0.001264
0.001240
0.001119
0.001115
0.000982
0.001004
0.000852
0.000905
0.000729
0.000820
0.000609
0.000751
0.000483
0.000731
0.000255
-0.003013
-0.002025
-0.004170
-0.003168
-0.004568
-0.003706
-0.004710
-0.004058
-0.004806
-0.004323
-0.004873
-0.004509
-0.004898
-0.004610
-0.004867
-0.004623
-0.004766
-0.004539
-0.004582
-0.004352
-0.004307
-0.004059
-0.003934
-0.003659
-0.003464
-0.003157
-0.002899
-0.002560
-0.002252
-0.001885
-0.001537
-0.001150
-0.000776
-0.000379
0.000007
0.000402
0.000785
0.001166
0.001532
0.001888
0.002224
0.002545
0.002842
0.003119
0.003371
0.003599
0.003801
0.003978
0.004128
0.004254
0.004355
0.004432
0.004486
0.004518
0.004530
0.004524
0.004499
0.004459
0.004405
0.004337
0.004259
0.004169
0.004073
0.003968
0.003858
0.003742
0.003625
0.003501
0.003380
0.003252
0.003131
0.003002
0.002884
0.002755
0.002643
0.002516
0.002411
0.002285
0.002191
0.002066
0.001984
0.001859
0.001792
0.001664
0.001615
0.001481
0.001452
0.001310
0.001306
0.001149
0.001175
0.000996
0.001059
0.000851
0.000959
0.000711
0.000878
0.000562
0.000854
0.000295
-0.003339
-0.002256
-0.004643
-0.003536
-0.005093
-0.004136
-0.005254
-0.004531
-0.005365
-0.004831
-0.005446
-0.005044
-0.005482
-0.005165
-0.005455
-0.005187
-0.005350
-0.005100
-0.005152
-0.004897
-0.004849
-0.004574
-0.004435
-0.004128
-0.003907
-0.003563
-0.003272
-0.002890
-0.002540
-0.002125
-0.001730
-0.001291
-0.000866
-0.000415
0.000023
0.000472
0.000906
0.001339
0.001754
0.002157
0.002537
0.002898
0.003233
0.003544
0.003826
0.004080
0.004304
0.004499
0.004665
0.004802
0.004910
0.004991
0.005047
0.005078
0.005086
0.005073
0.005040
0.004990
0.004924
0.004843
0.004751
0.004647
0.004535
0.004414
0.004289
0.004155
0.004022
0.003881
0.003744
0.003600
0.003464
0.003318
0.003186
0.003041
0.002916
0.002773
0.002657
0.002516
0.002412
0.002272
0.002182
0.002042
0.001968
0.001827
0.001772
0.001625
0.001593
0.001436
0.001431
0.001258
0.001287
0.001091
0.001160
0.000932
0.001050
0.000778
0.000961
0.000615
0.000935
0.000321
-0.003802
-0.002568
-0.005281
-0.004025
-0.005795
-0.004713
-0.005984
-0.005169
-0.006117
-0.005517
-0.006217
-0.005768
-0.006266
-0.005914
-0.006245
-0.005947
-0.006134
-0.005856
-0.005916
-0.005632
-0.005578
-0.005268
-0.005110
-0.004761
-0.004510
-0.004117
-0.003783
-0.003345
-0.002942
-0.002465
-0.002009
-0.001503
-0.001012
-0.000491
0.000015
0.000534
0.001036
0.001536
0.002014
0.002479
0.002917
0.003333
0.003718
0.004074
0.004397
0.004687
0.004942
0.005163
0.005350
0.005503
0.005624
0.005713
0.005772
0.005804
0.005809
0.005790
0.005748
0.005687
0.005608
0.005512
0.005404
0.005282
0.005151
0.005010
0.004865
0.004711
0.004557
0.004395
0.004238
0.004072
0.003916
0.003750
0.003599
0.003434
0.003291
0.003129
0.002997
0.002837
0.002718
0.002560
0.002457
0.002300
0.002216
0.002056
0.001994
0.001828
0.001791
0.001614
0.001609
0.001414
0.001446
0.001226
0.001302
0.001046
0.001179
0.000873
0.001078
0.000690
0.001049
0.000359
-0.004158
-0.002819
-0.005794
-0.004426
-0.006365
-0.005184
-0.006578
-0.005689
-0.006731
-0.006079
-0.006850
-0.006364
-0.006916
-0.006536
-0.006904
-0.006583
-0.006794
-0.006494
-0.006564
-0.006256
-0.006199
-0.005860
-0.005687
-0.005303
-0.005024
-0.004588
-0.004216
-0.003728
-0.003277
-0.002743
-0.002231
-0.001664
-0.001112
-0.000527
0.000042
0.000624
0.001187
0.001748
0.002283
0.002803
0.003292
0.003754
0.004182
0.004576
0.004931
0.005250
0.005528
0.005768
0.005968
0.006131
0.006257
0.006348
0.006406
0.006432
0.006430
0.006400
0.006347
0.006271
0.006176
0.006063
0.005937
0.005796
0.005647
0.005486
0.005322
0.005148
0.004975
0.004794
0.004618
0.004434
0.004260
0.004076
0.003908
0.003727
0.003569
0.003391
0.003245
0.003070
0.002940
0.002768
0.002655
0.002484
0.002391
0.002218
0.002150
0.001970
0.001930
0.001738
0.001732
0.001522
0.001555
0.001318
0.001400
0.001124
0.001267
0.000937
0.001158
0.000740
0.001127
0.000383
-0.004612
-0.003130
-0.006427
-0.004918
-0.007067
-0.005768
-0.007312
-0.006338
-0.007493
-0.006782
-0.007639
-0.007111
-0.007727
-0.007317
-0.007730
-0.007385
-0.007623
-0.007299
-0.007382
-0.007047
-0.006987
-0.006616
-0.006424
-0.006000
-0.005688
-0.005203
-0.004784
-0.004237
-0.003728
-0.003127
-0.002547
-0.001906
-0.001280
-0.000618
0.000028
0.000689
0.001328
0.001963
0.002571
0.003159
0.003711
0.004234
0.004715
0.005158
0.005556
0.005912
0.006221
0.006486
0.006706
0.006884
0.007019
0.007115
0.007172
0.007195
0.007185
0.007145
0.007079
0.006988
0.006876
0.006744
0.006598
0.006436
0.006265
0.006081
0.005894
0.005697
0.005502
0.005297
0.005100
0.004893
0.004698
0.004493
0.004305
0.004103
0.003927
0.003729
0.003567
0.003374
0.003229
0.003039
0.002913
0.002725
0.002622
0.002432
0.002356
0.002158
0.002114
0.001904
0.001896
0.001666
0.001702
0.001442
0.001531
0.001229
0.001385
0.001025
0.001265
0.000808
0.001231
0.000418
-0.004991
-0.003400
-0.006973
-0.005348
-0.007677
-0.006276
-0.007951
-0.006903
-0.008159
-0.007397
-0.008332
-0.007770
-0.008444
-0.008010
-0.008465
-0.008101
-0.008366
-0.008024
-0.008119
-0.007762
-0.007700
-0.007300
-0.007091
-0.006630
-0.006287
-0.005755
-0.005291
-0.004686
-0.004120
-0.003452
-0.002805
-0.002091
-0.001392
-0.000653
0.000069
0.000805
0.001518
0.002225
0.002901
0.003553
0.004165
0.004741
0.005271
0.005756
0.006190
0.006575
0.006908
0.007191
0.007423
0.007607
0.007744
0.007838
0.007889
0.007902
0.007879
0.007823
0.007739
0.007629
0.007496
0.007342
0.007173
0.006988
0.006793
0.006586
0.006375
0.006155
0.005937
0.005711
0.005492
0.005264
0.005049
0.004824
0.004619
0.004398
0.004206
0.003991
0.003814
0.003605
0.003448
0.003243
0.003107
0.002904
0.002793
0.002589
0.002507
0.002296
0.002247
0.002023
0.002014
0.001768
0.001806
0.001529
0.001624
0.001303
0.001468
0.001085
0.001341
0.000855
0.001304
0.000440
-0.005442
-0.003714
-0.007609
-0.005849
-0.008386
-0.006872
-0.008697
-0.007570
-0.008942
-0.008127
-0.009151
-0.008555
-0.009297
-0.008840
-0.009345
-0.008963
-0.009261
-0.008902
-0.009013
-0.008635
-0.008573
-0.008144
-0.007919
-0.007418
-0.007041
-0.006457
-0.005943
-0.005274
-0.004642
-0.003899
-0.003175
-0.002377
-0.001591
-0.000763
0.000048
0.000875
0.001676
0.002470
0.003228
0.003958
0.004642
0.005285
0.005874
0.006412
0.006892
0.007315
0.007679
0.007986
0.008236
0.008431
0.008574
0.008667
0.008713
0.008717
0.008681
0.008610
0.008507
0.008376
0.008220
0.008043
0.007849
0.007638
0.007417
0.007184
0.006947
0.006701
0.006457
0.006205
0.005962
0.005710
0.005473
0.005225
0.004999
0.004757
0.004546
0.004311
0.004118
0.003890
0.003718
0.003495
0.003347
0.003128
0.003007
0.002786
0.002696
0.002469
0.002415
0.002174
0.002163
0.001899
0.001939
0.001642
0.001742
0.001398
0.001574
0.001164
0.001437
0.000917
0.001397
0.000471
-0.005838
-0.003998
-0.008182
-0.006305
-0.009030
-0.007415
-0.009378
-0.008179
-0.009657
-0.008796
-0.009904
-0.009278
-0.010085
-0.009610
-0.010163
-0.009767
-0.010099
-0.009725
-0.009854
-0.009457
-0.009395
-0.008939
-0.008696
-0.008156
-0.007744
-0.007108
-0.006541
-0.005806
-0.005106
-0.004284
-0.003479
-0.002592
-0.001717
-0.000797
0.000107
0.001026
0.001918
0.002798
0.003637
0.004443
0.005198
0.005903
0.006547
0.007131
0.007649
0.008104
0.008490
0.008813
0.009071
0.009269
0.009408
0.009493
0.009526
0.009513
0.009457
0.009363
0.009235
0.009077
0.008894
0.008688
0.008465
0.008225
0.007975
0.007714
0.007449
0.007176
0.006906
0.006629
0.006361
0.006086
0.005827
0.005557
0.005311
0.005049
0.004820
0.004568
0.004359
0.004115
0.003930
0.003692
0.003533
0.003299
0.003169
0.002935
0.002839
0.002598
0.002540
0.002286
0.002273
0.001995
0.002036
0.001723
0.001828
0.001466
0.001650
0.001219
0.001506
0.000959
0.001464
0.000490
-0.006287
-0.004316
-0.008822
-0.006816
-0.009749
-0.008028
-0.010142
-0.008871
-0.010468
-0.009562
-0.010763
-0.010112
-0.010993
-0.010503
-0.011113
-0.010709
-0.011080
-0.010699
-0.010850
-0.010439
-0.010382
-0.009902
-0.009646
-0.009068
-0.008622
-0.007931
-0.007309
-0.006504
-0.005728
-0.004820
-0.003924
-0.002939
-0.001962
-0.000935
0.000076
0.001103
0.002100
0.003082
0.004019
0.004917
0.005755
0.006536
0.007247
0.007890
0.008457
0.008950
0.009368
0.009712
0.009984
0.010188
0.010327
0.010405
0.010426
0.010397
0.010321
0.010203
0.010049
0.009863
0.009651
0.009414
0.009160
0.008888
0.008608
0.008315
0.008021
0.007717
0.007419
0.007113
0.006819
0.006518
0.006234
0.005940
0.005673
0.005389
0.005141
0.004868
0.004642
0.004379
0.004179
0.003925
0.003753
0.003503
0.003363
0.003114
0.003010
0.002754
0.002691
0.002421
0.002406
0.002112
0.002153
0.001823
0.001933
0.001550
0.001744
0.001288
0.001591
0.001013
0.001546
0.000517
-0.006695
-0.004613
-0.009416
-0.007295
-0.010421
-0.008603
-0.010858
-0.009522
-0.011230
-0.010285
-0.011576
-0.010904
-0.011856
-0.011357
-0.012023
-0.011614
-0.012025
-0.011637
-0.011812
-0.011388
-0.011336
-0.010831
-0.010558
-0.009941
-0.009455
-0.008707
-0.008023
-0.007141
-0.006283
-0.005281
-0.004286
-0.003193
-0.002105
-0.000964
0.000162
0.001302
0.002410
0.003498
0.004534
0.005523
0.006444
0.007297
0.008070
0.008764
0.009372
0.009896
0.010334
0.010690
0.010964
0.011164
0.011290
0.011351
0.011350
0.011294
0.011188
0.011038
0.010850
0.010628
0.010380
0.010107
0.009816
0.009509
0.009194
0.008867
0.008540
0.008205
0.007876
0.007542
0.007220
0.006892
0.006585
0.006267
0.005978
0.005673
0.005406
0.005115
0.004873
0.004593
0.004380
0.004110
0.003927
0.003663
0.003514
0.003252
0.003141
0.002872
0.002805
0.002522
0.002505
0.002198
0.002240
0.001896
0.002009
0.001610
0.001811
0.001337
0.001652
0.001050
0.001605
0.000533
-0.007141
-0.004934
-0.010058
-0.007816
-0.011149
-0.009232
-0.011641
-0.010241
-0.012071
-0.011091
-0.012481
-0.011795
-0.012829
-0.012328
-0.013060
-0.012655
-0.013116
-0.012732
-0.012939
-0.012512
-0.012473
-0.011952
-0.011670
-0.011018
-0.010498
-0.009694
-0.008949
-0.007988
-0.007044
-0.005941
-0.004836
-0.003625
-0.002413
-0.001142
0.000115
0.001387
0.002624
0.003836
0.004990
0.006088
0.007109
0.008050
0.008900
0.009659
0.010319
0.010883
0.011349
0.011723
0.012006
0.012204
0.012322
0.012367
0.012344
0.012262
0.012125
0.011942
0.011718
0.011460
0.011173
0.010862
0.010533
0.010188
0.009835
0.009472
0.009109
0.008740
0.008380
0.008014
0.007663
0.007307
0.006973
0.006630
0.006318
0.005990
0.005703
0.005391
0.005132
0.004834
0.004606
0.004320
0.004124
0.003846
0.003687
0.003410
0.003291
0.003009
0.002936
0.002640
0.002620
0.002299
0.002342
0.001982
0.002099
0.001683
0.001891
0.001396
0.001723
0.001096
0.001674
0.000555
-0.007554
-0.005239
-0.010665
-0.008313
-0.011840
-0.009833
-0.012386
-0.010929
-0.012875
-0.011866
-0.013353
-0.012656
-0.013771
-0.013272
-0.014069
-0.013672
-0.014183
-0.013804
-0.014044
-0.013614
-0.013586
-0.013047
-0.012751
-0.012060
-0.011498
-0.010630
-0.009814
-0.008763
-0.007719
-0.006502
-0.005273
-0.003929
-0.002577
-0.001164
0.000239
0.001653
0.003029
0.004371
0.005648
0.006857
0.007975
0.009001
0.009921
0.010735
0.011436
0.012029
0.012510
0.012888
0.013163
0.013346
0.013439
0.013454
0.013396
0.013274
0.013095
0.012867
0.012597
0.012292
0.011958
0.011601
0.011227
0.010838
0.010443
0.010040
0.009639
0.009233
0.008838
0.008440
0.008059
0.007674
0.007313
0.006945
0.006610
0.006261
0.005954
0.005623
0.005347
0.005032
0.004790
0.004489
0.004282
0.003990
0.003822
0.003533
0.003408
0.003114
0.003037
0.002729
0.002707
0.002374
0.002417
0.002044
0.002164
0.001734
0.001949
0.001437
0.001775
0.001126
0.001723
0.000568
-0.007993
-0.005562
-0.011304
-0.008840
-0.012573
-0.010477
-0.013183
-0.011674
-0.013746
-0.012714
-0.014308
-0.013611
-0.014817
-0.014332
-0.015208
-0.014830
-0.015406
-0.015047
-0.015334
-0.014915
-0.014913
-0.014370
-0.014073
-0.013355
-0.012761
-0.011837
-0.010953
-0.009814
-0.008668
-0.007331
-0.005970
-0.004481
-0.002973
-0.001399
0.000169
0.001747
0.003286
0.004783
0.006206
0.007547
0.008786
0.009916
0.010924
0.011809
0.012566
0.013197
0.013703
0.014092
0.014366
0.014537
0.014609
0.014596
0.014502
0.014341
0.014118
0.013844
0.013526
0.013173
0.012790
0.012385
0.011964
0.011529
0.011090
0.010644
0.010203
0.009759
0.009327
0.008895
0.008482
0.008066
0.007678
0.007283
0.006924
0.006551
0.006224
0.005872
0.005579
0.005247
0.004990
0.004673
0.004454
0.004148
0.003970
0.003668
0.003536
0.003230
0.003148
0.002828
0.002803
0.002458
0.002501
0.002115
0.002238
0.001793
0.002014
0.001485
0.001833
0.001163
0.001779
0.000585
-0.008403
-0.005870
-0.011911
-0.009345
-0.013272
-0.011095
-0.013947
-0.012391
-0.014584
-0.013536
-0.015233
-0.014541
-0.015838
-0.015371
-0.016325
-0.015971
-0.016611
-0.016274
-0.016607
-0.016200
-0.016220
-0.015670
-0.015365
-0.014613
-0.013975
-0.012982
-0.012016
-0.010771
-0.009503
-0.008026
-0.006508
-0.004852
-0.003165
-0.001408
0.000346
0.002106
0.003821
0.005483
0.007059
0.008535
0.009892
0.011119
0.012206
0.013149
0.013945
0.014598
0.015109
0.015489
0.015741
0.015879
0.015910
0.015848
0.015700
0.015482
0.015199
0.014864
0.014485
0.014071
0.013629
0.013167
0.012690
0.012203
0.011714
0.011220
0.010735
0.010249
0.009779
0.009310
0.008864
0.008417
0.008000
0.007579
0.007195
0.006800
0.006452
0.006082
0.005772
0.005423
0.005152
0.004821
0.004591
0.004272
0.004086
0.003773
0.003634
0.003318
0.003231
0.002902
0.002874
0.002519
0.002561
0.002165
0.002290
0.001834
0.002059
0.001518
0.001873
0.001187
0.001818
0.000594
-0.008828
-0.006189
-0.012537
-0.009872
-0.013999
-0.011746
-0.014750
-0.013157
-0.015478
-0.014424
-0.016235
-0.015561
-0.016962
-0.016529
-0.017577
-0.017266
-0.017989
-0.017695
-0.018095
-0.017722
-0.017787
-0.017251
-0.016960
-0.016193
-0.015529
-0.014483
-0.013444
-0.012102
-0.010712
-0.009093
-0.007410
-0.005572
-0.003687
-0.001725
0.000244
0.002214
0.004138
0.005996
0.007757
0.009398
0.010902
0.012252
0.013440
0.014461
0.015313
0.016002
0.016529
0.016908
0.017144
0.017255
0.017246
0.017138
0.016937
0.016661
0.016316
0.015920
0.015477
0.015001
0.014498
0.013976
0.013442
0.012900
0.012359
0.011817
0.011285
0.010756
0.010246
0.009739
0.009259
0.008780
0.008334
0.007885
0.007477
0.007058
0.006690
0.006299
0.005972
0.005606
0.005321
0.004976
0.004734
0.004403
0.004208
0.003883
0.003737
0.003411
0.003319
0.002980
0.002950
0.002585
0.002626
0.002220
0.002346
0.001879
0.002108
0.001554
0.001917
0.001214
0.001860
0.000606
-0.009223
-0.006492
-0.013129
-0.010375
-0.014690
-0.012369
-0.015518
-0.013893
-0.016338
-0.015284
-0.017207
-0.016555
-0.018059
-0.017664
-0.018807
-0.018542
-0.019349
-0.019099
-0.019566
-0.019226
-0.019332
-0.018806
-0.018520
-0.017727
-0.017022
-0.015904
-0.014771
-0.013305
-0.011765
-0.009971
-0.008089
-0.006035
-0.003917
-0.001717
0.000496
0.002703
0.004857
0.006926
0.008880
0.010688
0.012334
0.013796
0.015070
0.016149
0.017033
0.017729
0.018244
0.018593
0.018783
0.018836
0.018760
0.018579
0.018299
0.017942
0.017516
0.017038
0.016515
0.015962
0.015384
0.014792
0.014191
0.013586
0.012987
0.012390
0.011807
0.011232
0.010679
0.010133
0.009616
0.009104
0.008628
0.008152
0.007719
0.007278
0.006889
0.006480
0.006136
0.005755
0.005456
0.005098
0.004846
0.004503
0.004300
0.003966
0.003813
0.003478
0.003382
0.003035
0.003002
0.002630
0.002670
0.002257
0.002383
0.001908
0.002140
0.001577
0.001944
0.001230
0.001886
0.000611
-0.009624
-0.006800
-0.013728
-0.010889
-0.015394
-0.013014
-0.016312
-0.014666
-0.017243
-0.016202
-0.018248
-0.017636
-0.019258
-0.018923
-0.020181
-0.019987
-0.020903
-0.020727
-0.021291
-0.021016
-0.021196
-0.020713
-0.020466
-0.019679
-0.018963
-0.017801
-0.016593
-0.015020
-0.013337
-0.011370
-0.009279
-0.006994
-0.004618
-0.002149
0.000347
0.002830
0.005259
0.007583
0.009775
0.011791
0.013617
0.015227
0.016616
0.017778
0.018715
0.019437
0.019952
0.020280
0.020432
0.020433
0.020292
0.020039
0.019680
0.019242
0.018733
0.018172
0.017568
0.016936
0.016282
0.015617
0.014948
0.014279
0.013619
0.012967
0.012333
0.011710
0.011113
0.010527
0.009974
0.009429
0.008923
0.008419
0.007961
0.007497
0.007088
0.006660
0.006300
0.005903
0.005591
0.005219
0.004957
0.004604
0.004391
0.004048
0.003889
0.003547
0.003446
0.003092
0.003055
0.002676
0.002715
0.002294
0.002421
0.001938
0.002172
0.001601
0.001973
0.001248
0.001913
0.000618
-0.009991
-0.007088
-0.014285
-0.011374
-0.016055
-0.013626
-0.017062
-0.015404
-0.018106
-0.017084
-0.019250
-0.018683
-0.020423
-0.020151
-0.021525
-0.021406
-0.022432
-0.022331
-0.022991
-0.022780
-0.023030
-0.022585
-0.022365
-0.021571
-0.020823
-0.019592
-0.018279
-0.016563
-0.014694
-0.012508
-0.010158
-0.007592
-0.004904
-0.002118
0.000706
0.003504
0.006239
0.008837
0.011278
0.013501
0.015499
0.017236
0.018714
0.019925
0.020877
0.021583
0.022056
0.022320
0.022390
0.022296
0.022053
0.021690
0.021220
0.020671
0.020051
0.019384
0.018677
0.017948
0.017203
0.016452
0.015703
0.014962
0.014234
0.013520
0.012830
0.012156
0.011513
0.010885
0.010294
0.009715
0.009178
0.008647
0.008165
0.007678
0.007250
0.006804
0.006428
0.006017
0.005693
0.005310
0.005038
0.004675
0.004456
0.004105
0.003940
0.003591
0.003486
0.003127
0.003088
0.002704
0.002741
0.002315
0.002442
0.001954
0.002189
0.001612
0.001987
0.001255
0.001926
0.000619
-0.010353
-0.007375
-0.014835
-0.011860
-0.016715
-0.014246
-0.017824
-0.016166
-0.019000
-0.018014
-0.020312
-0.019810
-0.021687
-0.021504
-0.023020
-0.023008
-0.024178
-0.024192
-0.024990
-0.024889
-0.025257
-0.024900
-0.024758
-0.024008
-0.023277
-0.022021
-0.020640
-0.018812
-0.016776
-0.014379
-0.011761
-0.008895
-0.005862
-0.002715
0.000491
0.003664
0.006768
0.009706
0.012458
0.014947
0.017169
0.019079
0.020686
0.021979
0.022972
0.023683
0.024128
0.024340
0.024335
0.024153
0.023809
0.023339
0.022757
0.022096
0.021365
0.020590
0.019779
0.018952
0.018113
0.017277
0.016447
0.015632
0.014836
0.014060
0.013314
0.012589
0.011899
0.011230
0.010602
0.009989
0.009422
0.008864
0.008358
0.007850
0.007402
0.006939
0.006548
0.006124
0.005788
0.005394
0.005113
0.004741
0.004515
0.004157
0.003987
0.003632
0.003523
0.003159
0.003117
0.002729
0.002764
0.002335
0.002461
0.001969
0.002205
0.001623
0.001999
0.001263
0.001937
0.000621
-0.010676
-0.007637
-0.015334
-0.012307
-0.017319
-0.014822
-0.018529
-0.016880
-0.019838
-0.018894
-0.021319
-0.020888
-0.022900
-0.022812
-0.024470
-0.024568
-0.025883
-0.026015
-0.026951
-0.026960
-0.027442
-0.027165
-0.027090
-0.026367
-0.025627
-0.024315
-0.022824
-0.020833
-0.018569
-0.015895
-0.012936
-0.009693
-0.006235
-0.002655
0.001003
0.004606
0.008125
0.011429
0.014504
0.017253
0.019679
0.021728
0.023418
0.024738
0.025713
0.026363
0.026717
0.026812
0.026672
0.026343
0.025844
0.025219
0.024481
0.023669
0.022793
0.021881
0.020941
0.019995
0.019046
0.018108
0.017187
0.016288
0.015417
0.014573
0.013766
0.012986
0.012249
0.011536
0.010870
0.010223
0.009626
0.009042
0.008512
0.007984
0.007518
0.007039
0.006634
0.006198
0.005851
0.005448
0.005159
0.004780
0.004547
0.004184
0.004010
0.003651
0.003538
0.003171
0.003127
0.002737
0.002770
0.002339
0.002464
0.001971
0.002205
0.001623
0.001999
0.001261
0.001936
0.000617
-0.010982
-0.007889
-0.015808
-0.012742
-0.017903
-0.015393
-0.019228
-0.017603
-0.020690
-0.019807
-0.022372
-0.022036
-0.024203
-0.024240
-0.026072
-0.026321
-0.027825
-0.028126
-0.029257
-0.029439
-0.030104
-0.029981
-0.030051
-0.029432
-0.028761
-0.027467
-0.025930
-0.023833
-0.021377
-0.018448
-0.015144
-0.011502
-0.007572
-0.003494
0.000698
0.004821
0.008853
0.012618
0.016109
0.019201
0.021905
0.024155
0.025979
0.027367
0.028354
0.028969
0.029247
0.029237
0.028969
0.028498
0.027846
0.027066
0.026173
0.025211
0.024188
0.023139
0.022069
0.021003
0.019943
0.018905
0.017892
0.016910
0.015964
0.015054
0.014187
0.013355
0.012570
0.011816
0.011112
0.010433
0.009808
0.009198
0.008646
0.008099
0.007616
0.007123
0.006705
0.006257
0.005901
0.005490
0.005193
0.004809
0.004571
0.004203
0.004024
0.003663
0.003547
0.003178
0.003131
0.002739
0.002771
0.002339
0.002462
0.001969
0.002202
0.001620
0.001995
0.001258
0.001932
0.000614
-0.011239
-0.008109
-0.016219
-0.013126
-0.018417
-0.015903
-0.019852
-0.018259
-0.021465
-0.020650
-0.023348
-0.023111
-0.025431
-0.025597
-0.027603
-0.028007
-0.029702
-0.030175
-0.031503
-0.031857
-0.032704
-0.032729
-0.032932
-0.032398
-0.031768
-0.030452
-0.028815
-0.026544
-0.023812
-0.020532
-0.016770
-0.012614
-0.008090
-0.003402
0.001432
0.006160
0.010768
0.015031
0.018949
0.022366
0.025306
0.027695
0.029576
0.030943
0.031847
0.032328
0.032433
0.032225
0.031742
0.031049
0.030173
0.029175
0.028070
0.026909
0.025699
0.024479
0.023251
0.022042
0.020853
0.019699
0.018582
0.017508
0.016481
0.015499
0.014568
0.013680
0.012846
0.012050
0.011310
0.010599
0.009946
0.009312
0.008740
0.008174
0.007677
0.007170
0.006742
0.006284
0.005920
0.005502
0.005200
0.004811
0.004568
0.004199
0.004016
0.003653
0.003535
0.003166
0.003116
0.002726
0.002755
0.002326
0.002446
0.001956
0.002186
0.001608
0.001979
0.001247
0.001916
0.000605
-0.011468
-0.008309
-0.016586
-0.013482
-0.018889
-0.016388
-0.020447
-0.018904
-0.022231
-0.021503
-0.024346
-0.024235
-0.026730
-0.027060
-0.029277
-0.029884
-0.031824
-0.032534
-0.034134
-0.034746
-0.035871
-0.036149
-0.036600
-0.036272
-0.035804
-0.034586
-0.032961
-0.030613
-0.027677
-0.024093
-0.019881
-0.015185
-0.009997
-0.004599
0.001004
0.006481
0.011820
0.016727
0.021209
0.025070
0.028350
0.030959
0.032961
0.034355
0.035211
0.035582
0.035531
0.035135
0.034441
0.033529
0.032430
0.031214
0.029898
0.028538
0.027142
0.025751
0.024366
0.023016
0.021698
0.020431
0.019212
0.018049
0.016942
0.015891
0.014900
0.013960
0.013080
0.012244
0.011469
0.010729
0.010051
0.009395
0.008804
0.008224
0.007712
0.007195
0.006757
0.006292
0.005921
0.005498
0.005190
0.004799
0.004553
0.004182
0.003997
0.003634
0.003513
0.003145
0.003094
0.002706
0.002733
0.002306
0.002424
0.001938
0.002165
0.001592
0.001959
0.001233
0.001895
0.000597
-0.011639
-0.008469
-0.016873
-0.013773
-0.019271
-0.016795
-0.020944
-0.019459
-0.022894
-0.022259
-0.025236
-0.025254
-0.027919
-0.028417
-0.030842
-0.031655
-0.033843
-0.034793
-0.036669
-0.037541
-0.038948
-0.039475
-0.040167
-0.040027
-0.039694
-0.038530
-0.036849
-0.034339
-0.031081
-0.027054
-0.022224
-0.016810
-0.010766
-0.004478
0.002065
0.008422
0.014588
0.020186
0.025236
0.029499
0.033037
0.035755
0.037745
0.039019
0.039675
0.039787
0.039436
0.038719
0.037694
0.036456
0.035040
0.033526
0.031930
0.030315
0.028686
0.027086
0.025513
0.023998
0.022534
0.021138
0.019807
0.018547
0.017357
0.016233
0.015179
0.014186
0.013260
0.012386
0.011577
0.010809
0.010107
0.009433
0.008825
0.008231
0.007708
0.007182
0.006736
0.006266
0.005890
0.005464
0.005153
0.004761
0.004512
0.004142
0.003955
0.003594
0.003472
0.003107
0.003054
0.002670
0.002695
0.002274
0.002388
0.001909
0.002131
0.001567
0.001927
0.001212
0.001864
0.000584
-0.011766
-0.008598
-0.017098
-0.014017
-0.019587
-0.017154
-0.021384
-0.019974
-0.023516
-0.022992
-0.026114
-0.026286
-0.029143
-0.029844
-0.032519
-0.033592
-0.036093
-0.037360
-0.039610
-0.040850
-0.042671
-0.043592
-0.044694
-0.044920
-0.044914
-0.044000
-0.042452
-0.039954
-0.036512
-0.032143
-0.026727
-0.020568
-0.013561
-0.006222
0.001477
0.008953
0.016194
0.022715
0.028540
0.033376
0.037311
0.040240
0.042293
0.043499
0.043988
0.043859
0.043218
0.042185
0.040830
0.039266
0.037531
0.035719
0.033843
0.031975
0.030114
0.028309
0.026553
0.024876
0.023270
0.021752
0.020314
0.018963
0.017693
0.016502
0.015390
0.014348
0.013381
0.012473
0.011635
0.010844
0.010121
0.009430
0.008809
0.008205
0.007673
0.007141
0.006689
0.006216
0.005836
0.005410
0.005097
0.004706
0.004456
0.004088
0.003900
0.003543
0.003420
0.003059
0.003005
0.002626
0.002648
0.002234
0.002345
0.001875
0.002092
0.001537
0.001890
0.001189
0.001828
0.000571
-0.011825
-0.008678
-0.017224
-0.014180
-0.019790
-0.017414
-0.021700
-0.020373
-0.024003
-0.023594
-0.026846
-0.027173
-0.030212
-0.031117
-0.034035
-0.035368
-0.038182
-0.039771
-0.042400
-0.044015
-0.046260
-0.047580
-0.049097
-0.049683
-0.049986
-0.049281
-0.047794
-0.045205
-0.041421
-0.036513
-0.030257
-0.023071
-0.014788
-0.006099
0.003034
0.011843
0.020309
0.027812
0.034395
0.039706
0.043881
0.046820
0.048707
0.049604
0.049686
0.049090
0.047949
0.046414
0.044565
0.042537
0.040367
0.038160
0.035928
0.033743
0.031602
0.029553
0.027584
0.025725
0.023962
0.022311
0.020758
0.019311
0.017959
0.016701
0.015532
0.014443
0.013437
0.012497
0.011633
0.010821
0.010081
0.009377
0.008746
0.008134
0.007596
0.007060
0.006605
0.006132
0.005751
0.005326
0.005013
0.004624
0.004375
0.004011
0.003824
0.003472
0.003348
0.002994
0.002939
0.002568
0.002588
0.002183
0.002290
0.001829
0.002040
0.001499
0.001842
0.001158
0.001781
0.000554
-0.011826
-0.008715
-0.017265
-0.014276
-0.019901
-0.017597
-0.021926
-0.020696
-0.024408
-0.024131
-0.027516
-0.028019
-0.031258
-0.032400
-0.035603
-0.037250
-0.040449
-0.042444
-0.045568
-0.047690
-0.050532
-0.052443
-0.054616
-0.055820
-0.056731
-0.056549
-0.055446
-0.053079
-0.049220
-0.043982
-0.036980
-0.028751
-0.019025
-0.008705
0.002244
0.012805
0.022914
0.031774
0.039426
0.045454
0.050043
0.053108
0.054900
0.055527
0.055219
0.054161
0.052517
0.050472
0.048123
0.045625
0.043017
0.040416
0.037828
0.035332
0.032916
0.030632
0.028458
0.026426
0.024515
0.022739
0.021082
0.019548
0.018123
0.016805
0.015587
0.014459
0.013420
0.012454
0.011570
0.010742
0.009990
0.009278
0.008639
0.008024
0.007483
0.006947
0.006491
0.006020
0.005640
0.005219
0.004907
0.004524
0.004276
0.003918
0.003732
0.003387
0.003264
0.002918
0.002862
0.002500
0.002518
0.002123
0.002226
0.001778
0.001982
0.001456
0.001789
0.001124
0.001729
0.000536
-0.011749
-0.008694
-0.017191
-0.014275
-0.019878
-0.017659
-0.022001
-0.020875
-0.024644
-0.024497
-0.027995
-0.028670
-0.032092
-0.033465
-0.036940
-0.038897
-0.042476
-0.044878
-0.048505
-0.051141
-0.054602
-0.057122
-0.059978
-0.061817
-0.063350
-0.063677
-0.062904
-0.060656
-0.056529
-0.050691
-0.042562
-0.032831
-0.021129
-0.008662
0.004590
0.017267
0.029258
0.039540
0.048185
0.054714
0.059411
0.062232
0.063532
0.063495
0.062423
0.060564
0.058120
0.055316
0.052257
0.049120
0.045939
0.042839
0.039815
0.036947
0.034212
0.031660
0.029260
0.027041
0.024973
0.023069
0.021305
0.019685
0.018191
0.016817
0.015554
0.014390
0.013324
0.012337
0.011437
0.010598
0.009839
0.009122
0.008481
0.007866
0.007326
0.006793
0.006340
0.005873
0.005496
0.005082
0.004773
0.004398
0.004153
0.003803
0.003620
0.003283
0.003162
0.002826
0.002769
0.002418
0.002434
0.002052
0.002150
0.001717
0.001913
0.001405
0.001726
0.001083
0.001668
0.000515
-0.011599
-0.008618
-0.017010
-0.014185
-0.019732
-0.017614
-0.021948
-0.020936
-0.024748
-0.024741
-0.028346
-0.029206
-0.032820
-0.034447
-0.038225
-0.040536
-0.044563
-0.047456
-0.051711
-0.055009
-0.059299
-0.062666
-0.066532
-0.069370
-0.071978
-0.073311
-0.073414
-0.071855
-0.067975
-0.061989
-0.052984
-0.041789
-0.027834
-0.012694
0.003579
0.019154
0.033761
0.046081
0.056178
0.063523
0.068515
0.071189
0.072031
0.071325
0.069464
0.066775
0.063500
0.059911
0.056125
0.052339
0.048582
0.044985
0.041532
0.038304
0.035264
0.032459
0.029848
0.027457
0.025248
0.023231
0.021376
0.019683
0.018131
0.016713
0.015416
0.014227
0.013142
0.012142
0.011234
0.010391
0.009629
0.008914
0.008275
0.007664
0.007129
0.006603
0.006155
0.005696
0.005326
0.004920
0.004617
0.004251
0.004011
0.003671
0.003491
0.003166
0.003046
0.002721
0.002665
0.002327
0.002341
0.001973
0.002066
0.001650
0.001837
0.001349
0.001656
0.001039
0.001600
0.000493
-0.011363
-0.008476
-0.016700
-0.013982
-0.019433
-0.017428
-0.021719
-0.020823
-0.024647
-0.024775
-0.028459
-0.029491
-0.033269
-0.035134
-0.039191
-0.041840
-0.046301
-0.049674
-0.054561
-0.058523
-0.063676
-0.067921
-0.072864
-0.076758
-0.080525
-0.082921
-0.083924
-0.083014
-0.079195
-0.072728
-0.062293
-0.048865
-0.031709
-0.012948
0.007252
0.026388
0.044003
0.058405
0.069721
0.077407
0.082077
0.083915
0.083607
0.081588
0.078366
0.074361
0.069857
0.065169
0.060411
0.055791
0.051322
0.047131
0.043182
0.039548
0.036174
0.033101
0.030273
0.027709
0.025363
0.023239
0.021300
0.019544
0.017944
0.016491
0.015168
0.013963
0.012868
0.011863
0.010954
0.010113
0.009355
0.008647
0.008015
0.007413
0.006886
0.006371
0.005932
0.005485
0.005123
0.004729
0.004434
0.004079
0.003846
0.003518
0.003343
0.003030
0.002914
0.002602
0.002547
0.002223
0.002235
0.001883
0.001971
0.001574
0.001752
0.001286
0.001578
0.000990
0.001524
0.000468
-0.011041
-0.008267
-0.016262
-0.013670
-0.018984
-0.017104
-0.021321
-0.020547
-0.024359
-0.024621
-0.028363
-0.029567
-0.033499
-0.035606
-0.039952
-0.042960
-0.047900
-0.051813
-0.057444
-0.062206
-0.068449
-0.073835
-0.080265
-0.085687
-0.091269
-0.095487
-0.098301
-0.099074
-0.096329
-0.090375
-0.079189
-0.063771
-0.042940
-0.019491
0.006106
0.030363
0.052326
0.069812
0.082971
0.091327
0.095787
0.096775
0.095232
0.091794
0.087103
0.081692
0.075888
0.070053
0.064293
0.058831
0.053651
0.048880
0.044453
0.040437
0.036756
0.033441
0.030423
0.027712
0.025252
0.023043
0.021042
0.019240
0.017609
0.016136
0.014802
0.013592
0.012498
0.011498
0.010596
0.009765
0.009019
0.008323
0.007704
0.007117
0.006602
0.006102
0.005675
0.005243
0.004892
0.004512
0.004227
0.003886
0.003661
0.003348
0.003179
0.002880
0.002768
0.002471
0.002417
0.002110
0.002119
0.001786
0.001868
0.001491
0.001659
0.001218
0.001494
0.000936
0.001443
0.000441
-0.010628
-0.007987
-0.015685
-0.013236
-0.018368
-0.016622
-0.020728
-0.020074
-0.023836
-0.024220
-0.027981
-0.029335
-0.033380
-0.035698
-0.040290
-0.043621
-0.049004
-0.053423
-0.059782
-0.065329
-0.072692
-0.079251
-0.087279
-0.094340
-0.101949
-0.108190
-0.113044
-0.115696
-0.113988
-0.108292
-0.095659
-0.076918
-0.050615
-0.020618
0.012206
0.042892
0.069871
0.090349
0.104689
0.112628
0.115603
0.114442
0.110464
0.104581
0.097584
0.090124
0.082537
0.075211
0.068211
0.061747
0.055758
0.050349
0.045418
0.041012
0.037029
0.033486
0.030295
0.027458
0.024906
0.022634
0.020589
0.018761
0.017116
0.015639
0.014308
0.013107
0.012024
0.011040
0.010155
0.009342
0.008614
0.007938
0.007338
0.006770
0.006273
0.005791
0.005381
0.004966
0.004630
0.004267
0.003994
0.003670
0.003455
0.003158
0.002997
0.002714
0.002606
0.002326
0.002274
0.001984
0.001992
0.001678
0.001755
0.001401
0.001558
0.001143
0.001402
0.000878
0.001354
0.000413
-0.010120
-0.007632
-0.014965
-0.012675
-0.017578
-0.015975
-0.019931
-0.019395
-0.023068
-0.023561
-0.027304
-0.028785
-0.032906
-0.035410
-0.040219
-0.043853
-0.049673
-0.054603
-0.061745
-0.068147
-0.076817
-0.084769
-0.094839
-0.104060
-0.114573
-0.123895
-0.132256
-0.138622
-0.139924
-0.136744
-0.124565
-0.103473
-0.070845
-0.031919
0.011424
0.051881
0.086383
0.111373
0.127528
0.135137
0.136408
0.132771
0.126010
0.117378
0.107828
0.098142
0.088654
0.079773
0.071508
0.064048
0.057275
0.051265
0.045873
0.041123
0.036884
0.033156
0.029834
0.026907
0.024297
0.021990
0.019929
0.018100
0.016461
0.014999
0.013687
0.012509
0.011451
0.010493
0.009633
0.008848
0.008146
0.007496
0.006920
0.006377
0.005902
0.005444
0.005053
0.004660
0.004340
0.003998
0.003739
0.003434
0.003231
0.002951
0.002799
0.002534
0.002432
0.002170
0.002120
0.001849
0.001856
0.001564
0.001634
0.001304
0.001449
0.001063
0.001304
0.000817
0.001259
0.000383
-0.009522
-0.007204
-0.014106
-0.011989
-0.016618
-0.015164
-0.018929
-0.018504
-0.022047
-0.022630
-0.026307
-0.027883
-0.032022
-0.034662
-0.039619
-0.043492
-0.049674
-0.055039
-0.062898
-0.070089
-0.080053
-0.089384
-0.101619
-0.113130
-0.126933
-0.139753
-0.152287
-0.163187
-0.167977
-0.167768
-0.155703
-0.129871
-0.087255
-0.035501
0.022443
0.075577
0.118770
0.147613
0.163679
0.168354
0.165196
0.156617
0.145048
0.132149
0.118965
0.106337
0.094498
0.083803
0.074141
0.065637
0.058083
0.051506
0.045704
0.040667
0.036230
0.032374
0.028972
0.026004
0.023378
0.021076
0.019032
0.017229
0.015624
0.014198
0.012925
0.011786
0.010767
0.009848
0.009026
0.008278
0.007610
0.006994
0.006448
0.005936
0.005488
0.005057
0.004690
0.004322
0.004022
0.003702
0.003460
0.003176
0.002986
0.002726
0.002584
0.002339
0.002243
0.002001
0.001954
0.001705
0.001710
0.001440
0.001504
0.001200
0.001334
0.000978
0.001200
0.000751
0.001158
0.000351
-0.008824
-0.006696
-0.013096
-0.011165
-0.015470
-0.014168
-0.017698
-0.017372
-0.020736
-0.021381
-0.024933
-0.026558
-0.030644
-0.033358
-0.038378
-0.042406
-0.048860
-0.054566
-0.063075
-0.070978
-0.082269
-0.093012
-0.107728
-0.121886
-0.139954
-0.157446
-0.176331
-0.194798
-0.206695
-0.214780
-0.208496
-0.181327
-0.126951
-0.056487
0.024040
0.097466
0.153974
0.188381
0.204187
0.204993
0.196319
0.181813
0.164608
0.146817
0.129559
0.113723
0.099396
0.086847
0.075811
0.066322
0.058067
0.051008
0.044880
0.039637
0.035075
0.031155
0.027731
0.024771
0.022173
0.019912
0.017918
0.016169
0.014620
0.013252
0.012035
0.010951
0.009984
0.009116
0.008342
0.007639
0.007013
0.006437
0.005928
0.005451
0.005035
0.004635
0.004295
0.003955
0.003678
0.003383
0.003160
0.002899
0.002724
0.002486
0.002356
0.002131
0.002043
0.001822
0.001779
0.001551
0.001555
0.001310
0.001367
0.001091
0.001212
0.000889
0.001090
0.000682
0.001051
0.000318
-0.008043
-0.006120
-0.011955
-0.010224
-0.014160
-0.013016
-0.016269
-0.016035
-0.019174
-0.019858
-0.023229
-0.024862
-0.028821
-0.031543
-0.036527
-0.040615
-0.047207
-0.053121
-0.062121
-0.070569
-0.083040
-0.095034
-0.112235
-0.129025
-0.151845
-0.174487
-0.201178
-0.229206
-0.249814
-0.270068
-0.272094
-0.238494
-0.163806
-0.066469
0.045941
0.146763
0.218852
0.256231
0.266163
0.256478
0.236296
0.211345
0.185470
0.161000
0.138715
0.119266
0.102354
0.088028
0.075776
0.065493
0.056730
0.049371
0.043083
0.037775
0.033215
0.029337
0.025982
0.023106
0.020601
0.018435
0.016537
0.014881
0.013421
0.012136
0.010999
0.009990
0.009092
0.008289
0.007574
0.006926
0.006351
0.005823
0.005357
0.004922
0.004542
0.004178
0.003869
0.003560
0.003309
0.003042
0.002840
0.002604
0.002445
0.002231
0.002113
0.001911
0.001831
0.001633
0.001593
0.001389
0.001392
0.001172
0.001223
0.000976
0.001084
0.000795
0.000974
0.000609
0.000940
0.000284
-0.007166
-0.005466
-0.010667
-0.009145
-0.012663
-0.011674
-0.014601
-0.014440
-0.017295
-0.017978
-0.021092
-0.022667
-0.026394
-0.029021
-0.033821
-0.037814
-0.044341
-0.050238
-0.059460
-0.068140
-0.081495
-0.094355
-0.113883
-0.133012
-0.161134
-0.189334
-0.226560
-0.267795
-0.302772
-0.349514
-0.376536
-0.343664
-0.241436
-0.103842
0.055607
0.199044
0.294731
0.335655
0.337207
0.314266
0.280237
0.242831
0.206639
0.174364
0.146404
0.123075
0.103556
0.087566
0.074275
0.063389
0.054304
0.046812
0.040510
0.035262
0.030806
0.027057
0.023844
0.021111
0.018748
0.016718
0.014949
0.013415
0.012068
0.010888
0.009847
0.008927
0.008111
0.007383
0.006737
0.006153
0.005635
0.005162
0.004744
0.004355
0.004015
0.003691
0.003415
0.003141
0.002917
0.002681
0.002501
0.002293
0.002152
0.001963
0.001858
0.001680
0.001609
0.001435
0.001399
0.001220
0.001222
0.001029
0.001074
0.000857
0.000951
0.000697
0.000854
0.000534
0.000824
0.000249
-0.006220
-0.004755
-0.009270
-0.007967
-0.011030
-0.010200
-0.012765
-0.012667
-0.015198
-0.015856
-0.018656
-0.020131
-0.023543
-0.026005
-0.030495
-0.034276
-0.040545
-0.046233
-0.055385
-0.063993
-0.077827
-0.091100
-0.112528
-0.133435
-0.166942
-0.200329
-0.250637
-0.306700
-0.361016
-0.454591
-0.510523
-0.446576
-0.289125
-0.108457
0.093677
0.281747
0.409515
0.455708
0.437798
0.385970
0.326304
0.270371
0.221557
0.181195
0.148105
0.121723
0.100445
0.083555
0.069882
0.058935
0.049974
0.042707
0.036680
0.031724
0.027560
0.024089
0.021139
0.018647
0.016507
0.014678
0.013091
0.011721
0.010523
0.009477
0.008557
0.007746
0.007029
0.006391
0.005825
0.005315
0.004863
0.004451
0.004087
0.003749
0.003455
0.003174
0.002935
0.002698
0.002505
0.002301
0.002146
0.001966
0.001845
0.001682
0.001591
0.001439
0.001378
0.001228
0.001197
0.001044
0.001045
0.000880
0.000918
0.000732
0.000813
0.000596
0.000730
0.000456
0.000704
0.000212
-0.005189
-0.003974
-0.007742
-0.006666
-0.009227
-0.008549
-0.010705
-0.010648
-0.012792
-0.013380
-0.015781
-0.017077
-0.020045
-0.022214
-0.026195
-0.029559
-0.035249
-0.040389
-0.048961
-0.056919
-0.070429
-0.083121
-0.105282
-0.126296
-0.163927
-0.199970
-0.264592
-0.332576
-0.419449
-0.594451
-0.675927
-0.541192
-0.305110
-0.102161
0.094202
0.290245
0.448770
0.531764
0.528847
0.463873
0.379217
0.300282
0.234838
0.184416
0.145727
0.116599
0.094145
0.076957
0.063436
0.052862
0.044372
0.037596
0.032053
0.027547
0.023800
0.020704
0.018091
0.015900
0.014029
0.012438
0.011065
0.009884
0.008855
0.007960
0.007175
0.006486
0.005877
0.005337
0.004859
0.004429
0.004049
0.003702
0.003397
0.003114
0.002868
0.002633
0.002434
0.002236
0.002075
0.001905
0.001776
0.001627
0.001526
0.001391
0.001316
0.001189
0.001139
0.001015
0.000989
0.000862
0.000863
0.000727
0.000758
0.000605
0.000671
0.000492
0.000602
0.000377
0.000581
0.000175
-0.004110
-0.003153
-0.006137
-0.005295
-0.007328
-0.006807
-0.008528
-0.008506
-0.010233
-0.010735
-0.012690
-0.013776
-0.016229
-0.018047
-0.021394
-0.024235
-0.029125
-0.033518
-0.041101
-0.048028
-0.060463
-0.071816
-0.093396
-0.113028
-0.152830
-0.188971
-0.267111
-0.342262
-0.486219
-0.739483
-0.684590
-0.284357
0.014214
0.060055
0.086512
0.180009
0.315332
0.442502
0.497478
0.462827
0.382034
0.297484
0.225664
0.171655
0.131727
0.102887
0.081443
0.065533
0.053327
0.043978
0.036598
0.030792
0.026097
0.022319
0.019203
0.016647
0.014503
0.012714
0.011193
0.009905
0.008797
0.007847
0.007021
0.006305
0.005678
0.005127
0.004643
0.004213
0.003833
0.003492
0.003190
0.002916
0.002674
0.002450
0.002256
0.002070
0.001913
0.001757
0.001629
0.001496
0.001394
0.001277
0.001197
0.001091
0.001032
0.000932
0.000892
0.000795
0.000775
0.000675
0.000676
0.000569
0.000593
0.000473
0.000525
0.000385
0.000472
0.000295
0.000455
0.000137
-0.002966
-0.002277
-0.004432
-0.003826
-0.005296
-0.004922
-0.006169
-0.006158
-0.007414
-0.007786
-0.009218
-0.010019
-0.011831
-0.013176
-0.015678
-0.017791
-0.021512
-0.024805
-0.030722
-0.035965
-0.046032
-0.054727
-0.073133
-0.088469
-0.124775
-0.154471
-0.231277
-0.298936
-0.471264
-0.626589
-0.251056
0.219659
0.190472
-0.077521
-0.187725
-0.099766
0.094580
0.265584
0.366614
0.375180
0.317721
0.248427
0.186608
0.140165
0.106007
0.081697
0.063866
0.050839
0.040979
0.033524
0.027704
0.023170
0.019536
0.016633
0.014255
0.012314
0.010696
0.009351
0.008212
0.007252
0.006428
0.005723
0.005113
0.004585
0.004123
0.003719
0.003364
0.003050
0.002772
0.002524
0.002304
0.002105
0.001929
0.001767
0.001626
0.001492
0.001377
0.001265
0.001173
0.001076
0.001003
0.000918
0.000861
0.000784
0.000742
0.000670
0.000641
0.000571
0.000557
0.000485
0.000486
0.000409
0.000426
0.000340
0.000377
0.000276
0.000339
0.000212
0.000326
0.000098
-0.001802
-0.001384
-0.002693
-0.002329
-0.003223
-0.003002
-0.003764
-0.003766
-0.004540
-0.004779
-0.005668
-0.006175
-0.007311
-0.008163
-0.009749
-0.011090
-0.013481
-0.015577
-0.019453
-0.022792
-0.029565
-0.035088
-0.047922
-0.057669
-0.083925
-0.103564
-0.159943
-0.209796
-0.337813
-0.324520
0.102703
0.341750
0.149646
-0.106352
-0.212471
-0.160261
-0.018039
0.115240
0.211669
0.238449
0.204846
0.160808
0.120228
0.089883
0.067500
0.051654
0.040074
0.031680
0.025374
0.020648
0.016986
0.014155
0.011900
0.010108
0.008647
0.007460
0.006472
0.005654
0.004963
0.004380
0.003881
0.003455
0.003086
0.002767
0.002488
0.002244
0.002030
0.001840
0.001673
0.001523
0.001390
0.001270
0.001164
0.001066
0.000980
0.000899
0.000831
0.000762
0.000707
0.000649
0.000604
0.000553
0.000519
0.000473
0.000447
0.000404
0.000386
0.000344
0.000335
0.000292
0.000292
0.000246
0.000257
0.000205
0.000227
0.000166
0.000204
0.000127
0.000196
0.000059
-0.000597
-0.000459
-0.000893
-0.000771
-0.001067
-0.000991
-0.001243
-0.001240
-0.001494
-0.001568
-0.001859
-0.002020
-0.002390
-0.002663
-0.003180
-0.003610
-0.004394
-0.005070
-0.006356
-0.007437
-0.009733
-0.011533
-0.016009
-0.019245
-0.028662
-0.035560
-0.056027
-0.075183
-0.119548
-0.078303
0.093609
0.121142
0.008107
-0.075000
-0.094991
-0.077531
-0.034265
0.023726
0.071229
0.084929
0.072824
0.057028
0.042525
0.031775
0.023849
0.018237
0.014130
0.011151
0.008914
0.007237
0.005940
0.004938
0.004140
0.003507
0.002992
0.002575
0.002228
0.001941
0.001699
0.001496
0.001323
0.001175
0.001047
0.000937
0.000841
0.000758
0.000684
0.000620
0.000563
0.000512
0.000467
0.000426
0.000390
0.000357
0.000328
0.000301
0.000278
0.000255
0.000236
0.000217
0.000202
0.000185
0.000173
0.000158
0.000149
0.000135
0.000129
0.000115
0.000112
0.000098
0.000098
0.000082
0.000086
0.000068
0.000076
0.000056
0.000068
0.000043
0.000066
0.000020
0.000597
0.000459
0.000893
0.000771
0.001067
0.000991
0.001243
0.001240
0.001494
0.001568
0.001859
0.002020
0.002390
0.002663
0.003180
0.003610
0.004394
0.005070
0.006356
0.007437
0.009733
0.011533
0.016009
0.019245
0.028662
0.035560
0.056027
0.075183
0.119548
0.078303
-0.093609
-0.121142
-0.008107
0.075000
0.094991
0.077531
0.034265
-0.023726
-0.071229
-0.084929
-0.072824
-0.057028
-0.042525
-0.031775
-0.023849
-0.018237
-0.014130
-0.011151
-0.008914
-0.007237
-0.005940
-0.004938
-0.004140
-0.003507
-0.002992
-0.002575
-0.002228
-0.001941
-0.001699
-0.001496
-0.001323
-0.001175
-0.001047
-0.000937
-0.000841
-0.000758
-0.000684
-0.000620
-0.000563
-0.000512
-0.000467
-0.000426
-0.000390
-0.000357
-0.000328
-0.000301
-0.000278
-0.000255
-0.000236
-0.000217
-0.000202
-0.000185
-0.000173
-0.000158
-0.000149
-0.000135
-0.000129
-0.000115
-0.000112
-0.000098
-0.000098
-0.000082
-0.000086
-0.000068
-0.000076
-0.000056
-0.000068
-0.000043
-0.000066
-0.000020
0.001802
0.001384
0.002693
0.002329
0.003223
0.003002
0.003764
0.003766
0.004540
0.004779
0.005668
0.006175
0.007311
0.008163
0.009749
0.011090
0.013481
0.015577
0.019453
0.022792
0.029565
0.035088
0.047922
0.057669
0.083925
0.103564
0.159943
0.209796
0.337813
0.324520
-0.102703
-0.341750
-0.149646
0.106352
0.212471
0.160261
0.018039
-0.115240
-0.211669
-0.238449
-0.204846
-0.160808
-0.120228
-0.089883
-0.067500
-0.051654
-0.040074
-0.031680
-0.025374
-0.020648
-0.016986
-0.014155
-0.011900
-0.010108
-0.008647
-0.007460
-0.006472
-0.005654
-0.004963
-0.004380
-0.003881
-0.003455
-0.003086
-0.002767
-0.002488
-0.002244
-0.002030
-0.001840
-0.001673
-0.001523
-0.001390
-0.001270
-0.001164
-0.001066
-0.000980
-0.000899
-0.000831
-0.000762
-0.000707
-0.000649
-0.000604
-0.000553
-0.000519
-0.000473
-0.000447
-0.000404
-0.000386
-0.000344
-0.000335
-0.000292
-0.000292
-0.000246
-0.000257
-0.000205
-0.000227
-0.000166
-0.000204
-0.000127
-0.000196
-0.000059
0.002966
0.002277
0.004432
0.003826
0.005296
0.004922
0.006169
0.006158
0.007414
0.007786
0.009218
0.010019
0.011831
0.013176
0.015678
0.017791
0.021512
0.024805
0.030722
0.035965
0.046032
0.054727
0.073133
0.088469
0.124775
0.154471
0.231277
0.298936
0.471264
0.626589
0.251056
-0.219659
-0.190472
0.077521
0.187725
0.099766
-0.094580
-0.265584
-0.366614
-0.375180
-0.317721
-0.248427
-0.186608
-0.140165
-0.106007
-0.081697
-0.063866
-0.050839
-0.040979
-0.033524
-0.027704
-0.023170
-0.019536
-0.016633
-0.014255
-0.012314
-0.010696
-0.009351
-0.008212
-0.007252
-0.006428
-0.005723
-0.005113
-0.004585
-0.004123
-0.003719
-0.003364
-0.003050
-0.002772
-0.002524
-0.002304
-0.002105
-0.001929
-0.001767
-0.001626
-0.001492
-0.001377
-0.001265
-0.001173
-0.001076
-0.001003
-0.000918
-0.000861
-0.000784
-0.000742
-0.000670
-0.000641
-0.000571
-0.000557
-0.000485
-0.000486
-0.000409
-0.000426
-0.000340
-0.000377
-0.000276
-0.000339
-0.000212
-0.000326
-0.000098
0.004110
0.003153
0.006137
0.005295
0.007328
0.006807
0.008528
0.008506
0.010233
0.010735
0.012690
0.013776
0.016229
0.018047
0.021394
0.024235
0.029125
0.033518
0.041101
0.048028
0.060463
0.071816
0.093396
0.113028
0.152830
0.188971
0.267111
0.342262
0.486219
0.739483
0.684590
0.284357
-0.014214
-0.060055
-0.086512
-0.180009
-0.315332
-0.442502
-0.497478
-0.462827
-0.382034
-0.297484
-0.225664
-0.171655
-0.131727
-0.102887
-0.081443
-0.065533
-0.053327
-0.043978
-0.036598
-0.030792
-0.026097
-0.022319
-0.019203
-0.016647
-0.014503
-0.012714
-0.011193
-0.009905
-0.008797
-0.007847
-0.007021
-0.006305
-0.005678
-0.005127
-0.004643
-0.004213
-0.003833
-0.003492
-0.003190
-0.002916
-0.002674
-0.002450
-0.002256
-0.002070
-0.001913
-0.001757
-0.001629
-0.001496
-0.001394
-0.001277
-0.001197
-0.001091
-0.001032
-0.000932
-0.000892
-0.000795
-0.000775
-0.000675
-0.000676
-0.000569
-0.000593
-0.000473
-0.000525
-0.000385
-0.000472
-0.000295
-0.000455
-0.000137
0.005189
0.003974
0.007742
0.006666
0.009227
0.008549
0.010705
0.010648
0.012792
0.013380
0.015781
0.017077
0.020045
0.022214
0.026195
0.029559
0.035249
0.040389
0.048961
0.056919
0.070429
0.083121
0.105282
0.126296
0.163927
0.199970
0.264592
0.332576
0.419449
0.594451
0.675927
0.541192
0.305110
0.102161
-0.094202
-0.290245
-0.448770
-0.531764
-0.528847
-0.463873
-0.379217
-0.300282
-0.234838
-0.184416
-0.145727
-0.116599
-0.094145
-0.076957
-0.063436
-0.052862
-0.044372
-0.037596
-0.032053
-0.027547
-0.023800
-0.020704
-0.018091
-0.015900
-0.014029
-0.012438
-0.011065
-0.009884
-0.008855
-0.007960
-0.007175
-0.006486
-0.005877
-0.005337
-0.004859
-0.004429
-0.004049
-0.003702
-0.003397
-0.003114
-0.002868
-0.002633
-0.002434
-0.002236
-0.002075
-0.001905
-0.001776
-0.001627
-0.001526
-0.001391
-0.001316
-0.001189
-0.001139
-0.001015
-0.000989
-0.000862
-0.000863
-0.000727
-0.000758
-0.000605
-0.000671
-0.000492
-0.000602
-0.000377
-0.000581
-0.000175
0.006220
0.004755
0.009270
0.007967
0.011030
0.010200
0.012765
0.012667
0.015198
0.015856
0.018656
0.020131
0.023543
0.026005
0.030495
0.034276
0.040545
0.046233
0.055385
0.063993
0.077827
0.091100
0.112528
0.133435
0.166942
0.200329
0.250637
0.306700
0.361016
0.454591
0.510523
0.446576
0.289125
0.108457
-0.093677
-0.281747
-0.409515
-0.455708
-0.437798
-0.385970
-0.326304
-0.270371
-0.221557
-0.181195
-0.148105
-0.121723
-0.100445
-0.083555
-0.069882
-0.058935
-0.049974
-0.042707
-0.036680
-0.031724
-0.027560
-0.024089
-0.021139
-0.018647
-0.016507
-0.014678
-0.013091
-0.011721
-0.010523
-0.009477
-0.008557
-0.007746
-0.007029
-0.006391
-0.005825
-0.005315
-0.004863
-0.004451
-0.004087
-0.003749
-0.003455
-0.003174
-0.002935
-0.002698
-0.002505
-0.002301
-0.002146
-0.001966
-0.001845
-0.001682
-0.001591
-0.001439
-0.001378
-0.001228
-0.001197
-0.001044
-0.001045
-0.000880
-0.000918
-0.000732
-0.000813
-0.000596
-0.000730
-0.000456
-0.000704
-0.000212
0.007166
0.005466
0.010667
0.009145
0.012663
0.011674
0.014601
0.014440
0.017295
0.017978
0.021092
0.022667
0.026394
0.029021
0.033821
0.037814
0.044341
0.050238
0.059460
0.068140
0.081495
0.094355
0.113883
0.133012
0.161134
0.189334
0.226560
0.267795
0.302772
0.349514
0.376536
0.343664
0.241436
0.103842
-0.055607
-0.199044
-0.294731
-0.335655
-0.337207
-0.314266
-0.280237
-0.242831
-0.206639
-0.174364
-0.146404
-0.123075
-0.103556
-0.087566
-0.074275
-0.063389
-0.054304
-0.046812
-0.040510
-0.035262
-0.030806
-0.027057
-0.023844
-0.021111
-0.018748
-0.016718
-0.014949
-0.013415
-0.012068
-0.010888
-0.009847
-0.008927
-0.008111
-0.007383
-0.006737
-0.006153
-0.005635
-0.005162
-0.004744
-0.004355
-0.004015
-0.003691
-0.003415
-0.003141
-0.002917
-0.002681
-0.002501
-0.002293
-0.002152
-0.001963
-0.001858
-0.001680
-0.001609
-0.001435
-0.001399
-0.001220
-0.001222
-0.001029
-0.001074
-0.000857
-0.000951
-0.000697
-0.000854
-0.000534
-0.000824
-0.000249
0.008043
0.006120
0.011955
0.010224
0.014160
0.013016
0.016269
0.016035
0.019174
0.019858
0.023229
0.024862
0.028821
0.031543
0.036527
0.040615
0.047207
0.053121
0.062121
0.070569
0.083040
0.095034
0.112235
0.129025
0.151845
0.174487
0.201178
0.229206
0.249814
0.270068
0.272094
0.238494
0.163806
0.066469
-0.045941
-0.146763
-0.218852
-0.256231
-0.266163
-0.256478
-0.236296
-0.211345
-0.185470
-0.161000
-0.138715
-0.119266
-0.102354
-0.088028
-0.075776
-0.065493
-0.056730
-0.049371
-0.043083
-0.037775
-0.033215
-0.029337
-0.025982
-0.023106
-0.020601
-0.018435
-0.016537
-0.014881
-0.013421
-0.012136
-0.010999
-0.009990
-0.009092
-0.008289
-0.007574
-0.006926
-0.006351
-0.005823
-0.005357
-0.004922
-0.004542
-0.004178
-0.003869
-0.003560
-0.003309
-0.003042
-0.002840
-0.002604
-0.002445
-0.002231
-0.002113
-0.001911
-0.001831
-0.001633
-0.001593
-0.001389
-0.001392
-0.001172
-0.001223
-0.000976
-0.001084
-0.000795
-0.000974
-0.000609
-0.000940
-0.000284
0.008824
0.006696
0.013096
0.011165
0.015470
0.014168
0.017698
0.017372
0.020736
0.021381
0.024933
0.026558
0.030644
0.033358
0.038378
0.042406
0.048860
0.054566
0.063075
0.070978
0.082269
0.093012
0.107728
0.121886
0.139954
0.157446
0.176331
0.194798
0.206695
0.214780
0.208496
0.181327
0.126951
0.056487
-0.024040
-0.097466
-0.153974
-0.188381
-0.204187
-0.204993
-0.196319
-0.181813
-0.164608
-0.146817
-0.129559
-0.113723
-0.099396
-0.086847
-0.075811
-0.066322
-0.058067
-0.051008
-0.044880
-0.039637
-0.035075
-0.031155
-0.027731
-0.024771
-0.022173
-0.019912
-0.017918
-0.016169
-0.014620
-0.013252
-0.012035
-0.010951
-0.009984
-0.009116
-0.008342
-0.007639
-0.007013
-0.006437
-0.005928
-0.005451
-0.005035
-0.004635
-0.004295
-0.003955
-0.003678
-0.003383
-0.003160
-0.002899
-0.002724
-0.002486
-0.002356
-0.002131
-0.002043
-0.001822
-0.001779
-0.001551
-0.001555
-0.001310
-0.001367
-0.001091
-0.001212
-0.000889
-0.001090
-0.000682
-0.001051
-0.000318
0.009522
0.007204
0.014106
0.011989
0.016618
0.015164
0.018929
0.018504
0.022047
0.022630
0.026307
0.027883
0.032022
0.034662
0.039619
0.043492
0.049674
0.055039
0.062898
0.070089
0.080053
0.089384
0.101619
0.113130
0.126933
0.139753
0.152287
0.163187
0.167977
0.167768
0.155703
0.129871
0.087255
0.035501
-0.022443
-0.075577
-0.118770
-0.147613
-0.163679
-0.168354
-0.165196
-0.156617
-0.145048
-0.132149
-0.118965
-0.106337
-0.094498
-0.083803
-0.074141
-0.065637
-0.058083
-0.051506
-0.045704
-0.040667
-0.036230
-0.032374
-0.028972
-0.026004
-0.023378
-0.021076
-0.019032
-0.017229
-0.015624
-0.014198
-0.012925
-0.011786
-0.010767
-0.009848
-0.009026
-0.008278
-0.007610
-0.006994
-0.006448
-0.005936
-0.005488
-0.005057
-0.004690
-0.004322
-0.004022
-0.003702
-0.003460
-0.003176
-0.002986
-0.002726
-0.002584
-0.002339
-0.002243
-0.002001
-0.001954
-0.001705
-0.001710
-0.001440
-0.001504
-0.001200
-0.001334
-0.000978
-0.001200
-0.000751
-0.001158
-0.000351
0.010120
0.007632
0.014965
0.012675
0.017578
0.015975
0.019931
0.019395
0.023068
0.023561
0.027304
0.028785
0.032906
0.035410
0.040219
0.043853
0.049673
0.054603
0.061745
0.068147
0.076817
0.084769
0.094839
0.104060
0.114573
0.123895
0.132256
0.138622
0.139924
0.136744
0.124565
0.103473
0.070845
0.031919
-0.011424
-0.051881
-0.086383
-0.111373
-0.127528
-0.135137
-0.136408
-0.132771
-0.126010
-0.117378
-0.107828
-0.098142
-0.088654
-0.079773
-0.071508
-0.064048
-0.057275
-0.051265
-0.045873
-0.041123
-0.036884
-0.033156
-0.029834
-0.026907
-0.024297
-0.021990
-0.019929
-0.018100
-0.016461
-0.014999
-0.013687
-0.012509
-0.011451
-0.010493
-0.009633
-0.008848
-0.008146
-0.007496
-0.006920
-0.006377
-0.005902
-0.005444
-0.005053
-0.004660
-0.004340
-0.003998
-0.003739
-0.003434
-0.003231
-0.002951
-0.002799
-0.002534
-0.002432
-0.002170
-0.002120
-0.001849
-0.001856
-0.001564
-0.001634
-0.001304
-0.001449
-0.001063
-0.001304
-0.000817
-0.001259
-0.000383
0.010628
0.007987
0.015685
0.013236
0.018368
0.016622
0.020728
0.020074
0.023836
0.024220
0.027981
0.029335
0.033380
0.035698
0.040290
0.043621
0.049004
0.053423
0.059782
0.065329
0.072692
0.079251
0.087279
0.094340
0.101949
0.108190
0.113044
0.115696
0.113988
0.108292
0.095659
0.076918
0.050615
0.020618
-0.012206
-0.042892
-0.069871
-0.090349
-0.104689
-0.112628
-0.115603
-0.114442
-0.110464
-0.104581
-0.097584
-0.090124
-0.082537
-0.075211
-0.068211
-0.061747
-0.055758
-0.050349
-0.045418
-0.041012
-0.037029
-0.033486
-0.030295
-0.027458
-0.024906
-0.022634
-0.020589
-0.018761
-0.017116
-0.015639
-0.014308
-0.013107
-0.012024
-0.011040
-0.010155
-0.009342
-0.008614
-0.007938
-0.007338
-0.006770
-0.006273
-0.005791
-0.005381
-0.004966
-0.004630
-0.004267
-0.003994
-0.003670
-0.003455
-0.003158
-0.002997
-0.002714
-0.002606
-0.002326
-0.002274
-0.001984
-0.001992
-0.001678
-0.001755
-0.001401
-0.001558
-0.001143
-0.001402
-0.000878
-0.001354
-0.000413
0.011041
0.008267
0.016262
0.013670
0.018984
0.017104
0.021321
0.020547
0.024359
0.024621
0.028363
0.029567
0.033499
0.035606
0.039952
0.042960
0.047900
0.051813
0.057444
0.062206
0.068449
0.073835
0.080265
0.085687
0.091269
0.095487
0.098301
0.099074
0.096329
0.090375
0.079189
0.063771
0.042940
0.019491
-0.006106
-0.030363
-0.052326
-0.069812
-0.082971
-0.091327
-0.095787
-0.096775
-0.095232
-0.091794
-0.087103
-0.081692
-0.075888
-0.070053
-0.064293
-0.058831
-0.053651
-0.048880
-0.044453
-0.040437
-0.036756
-0.033441
-0.030423
-0.027712
-0.025252
-0.023043
-0.021042
-0.019240
-0.017609
-0.016136
-0.014802
-0.013592
-0.012498
-0.011498
-0.010596
-0.009765
-0.009019
-0.008323
-0.007704
-0.007117
-0.006602
-0.006102
-0.005675
-0.005243
-0.004892
-0.004512
-0.004227
-0.003886
-0.003661
-0.003348
-0.003179
-0.002880
-0.002768
-0.002471
-0.002417
-0.002110
-0.002119
-0.001786
-0.001868
-0.001491
-0.001659
-0.001218
-0.001494
-0.000936
-0.001443
-0.000441
0.011363
0.008476
0.016700
0.013982
0.019433
0.017428
0.021719
0.020823
0.024647
0.024775
0.028459
0.029491
0.033269
0.035134
0.039191
0.041840
0.046301
0.049674
0.054561
0.058523
0.063676
0.067921
0.072864
0.076758
0.080525
0.082921
0.083924
0.083014
0.079195
0.072728
0.062293
0.048865
0.031709
0.012948
-0.007252
-0.026388
-0.044003
-0.058405
-0.069721
-0.077407
-0.082077
-0.083915
-0.083607
-0.081588
-0.078366
-0.074361
-0.069857
-0.065169
-0.060411
-0.055791
-0.051322
-0.047131
-0.043182
-0.039548
-0.036174
-0.033101
-0.030273
-0.027709
-0.025363
-0.023239
-0.021300
-0.019544
-0.017944
-0.016491
-0.015168
-0.013963
-0.012868
-0.011863
-0.010954
-0.010113
-0.009355
-0.008647
-0.008015
-0.007413
-0.006886
-0.006371
-0.005932
-0.005485
-0.005123
-0.004729
-0.004434
-0.004079
-0.003846
-0.003518
-0.003343
-0.003030
-0.002914
-0.002602
-0.002547
-0.002223
-0.002235
-0.001883
-0.001971
-0.001574
-0.001752
-0.001286
-0.001578
-0.000990
-0.001524
-0.000468
0.011599
0.008618
0.017010
0.014185
0.019732
0.017614
0.021948
0.020936
0.024748
0.024741
0.028346
0.029206
0.032820
0.034447
0.038225
0.040536
0.044563
0.047456
0.051711
0.055009
0.059299
0.062666
0.066532
0.069370
0.071978
0.073311
0.073414
0.071855
0.067975
0.061989
0.052984
0.041789
0.027834
0.012694
-0.003579
-0.019154
-0.033761
-0.046081
-0.056178
-0.063523
-0.068515
-0.071189
-0.072031
-0.071325
-0.069464
-0.066775
-0.063500
-0.059911
-0.056125
-0.052339
-0.048582
-0.044985
-0.041532
-0.038304
-0.035264
-0.032459
-0.029848
-0.027457
-0.025248
-0.023231
-0.021376
-0.019683
-0.018131
-0.016713
-0.015416
-0.014227
-0.013142
-0.012142
-0.011234
-0.010391
-0.009629
-0.008914
-0.008275
-0.007664
-0.007129
-0.006603
-0.006155
-0.005696
-0.005326
-0.004920
-0.004617
-0.004251
-0.004011
-0.003671
-0.003491
-0.003166
-0.003046
-0.002721
-0.002665
-0.002327
-0.002341
-0.001973
-0.002066
-0.001650
-0.001837
-0.001349
-0.001656
-0.001039
-0.001600
-0.000493
0.011749
0.008694
0.017191
0.014275
0.019878
0.017659
0.022001
0.020875
0.024644
0.024497
0.027995
0.028670
0.032092
0.033465
0.036940
0.038897
0.042476
0.044878
0.048505
0.051141
0.054602
0.057122
0.059978
0.061817
0.063350
0.063677
0.062904
0.060656
0.056529
0.050691
0.042562
0.032831
0.021129
0.008662
-0.004590
-0.017267
-0.029258
-0.039540
-0.048185
-0.054714
-0.059411
-0.062232
-0.063532
-0.063495
-0.062423
-0.060564
-0.058120
-0.055316
-0.052257
-0.049120
-0.045939
-0.042839
-0.039815
-0.036947
-0.034212
-0.031660
-0.029260
-0.027041
-0.024973
-0.023069
-0.021305
-0.019685
-0.018191
-0.016817
-0.015554
-0.014390
-0.013324
-0.012337
-0.011437
-0.010598
-0.009839
-0.009122
-0.008481
-0.007866
-0.007326
-0.006793
-0.006340
-0.005873
-0.005496
-0.005082
-0.004773
-0.004398
-0.004153
-0.003803
-0.003620
-0.003283
-0.003162
-0.002826
-0.002769
-0.002418
-0.002434
-0.002052
-0.002150
-0.001717
-0.001913
-0.001405
-0.001726
-0.001083
-0.001668
-0.000515
0.011826
0.008715
0.017265
0.014276
0.019901
0.017597
0.021926
0.020696
0.024408
0.024131
0.027516
0.028019
0.031258
0.032400
0.035603
0.037250
0.040449
0.042444
0.045568
0.047690
0.050532
0.052443
0.054616
0.055820
0.056731
0.056549
0.055446
0.053079
0.049220
0.043982
0.036980
0.028751
0.019025
0.008705
-0.002244
-0.012805
-0.022914
-0.031774
-0.039426
-0.045454
-0.050043
-0.053108
-0.054900
-0.055527
-0.055219
-0.054161
-0.052517
-0.050472
-0.048123
-0.045625
-0.043017
-0.040416
-0.037828
-0.035332
-0.032916
-0.030632
-0.028458
-0.026426
-0.024515
-0.022739
-0.021082
-0.019548
-0.018123
-0.016805
-0.015587
-0.014459
-0.013420
-0.012454
-0.011570
-0.010742
-0.009990
-0.009278
-0.008639
-0.008024
-0.007483
-0.006947
-0.006491
-0.006020
-0.005640
-0.005219
-0.004907
-0.004524
-0.004276
-0.003918
-0.003732
-0.003387
-0.003264
-0.002918
-0.002862
-0.002500
-0.002518
-0.002123
-0.002226
-0.001778
-0.001982
-0.001456
-0.001789
-0.001124
-0.001729
-0.000536
0.011825
0.008678
0.017224
0.014180
0.019790
0.017414
0.021700
0.020373
0.024003
0.023594
0.026846
0.027173
0.030212
0.031117
0.034035
0.035368
0.038182
0.039771
0.042400
0.044015
0.046260
0.047580
0.049097
0.049683
0.049986
0.049281
0.047794
0.045205
0.041421
0.036513
0.030257
0.023071
0.014788
0.006099
-0.003034
-0.011843
-0.020309
-0.027812
-0.034395
-0.039706
-0.043881
-0.046820
-0.048707
-0.049604
-0.049686
-0.049090
-0.047949
-0.046414
-0.044565
-0.042537
-0.040367
-0.038160
-0.035928
-0.033743
-0.031602
-0.029553
-0.027584
-0.025725
-0.023962
-0.022311
-0.020758
-0.019311
-0.017959
-0.016701
-0.015532
-0.014443
-0.013437
-0.012497
-0.011633
-0.010821
-0.010081
-0.009377
-0.008746
-0.008134
-0.007596
-0.007060
-0.006605
-0.006132
-0.005751
-0.005326
-0.005013
-0.004624
-0.004375
-0.004011
-0.003824
-0.003472
-0.003348
-0.002994
-0.002939
-0.002568
-0.002588
-0.002183
-0.002290
-0.001829
-0.002040
-0.001499
-0.001842
-0.001158
-0.001781
-0.000554
0.011766
0.008598
0.017098
0.014017
0.019587
0.017154
0.021384
0.019974
0.023516
0.022992
0.026114
0.026286
0.029143
0.029844
0.032519
0.033592
0.036093
0.037360
0.039610
0.040850
0.042671
0.043592
0.044694
0.044920
0.044914
0.044000
0.042452
0.039954
0.036512
0.032143
0.026727
0.020568
0.013561
0.006222
-0.001477
-0.008953
-0.016194
-0.022715
-0.028540
-0.033376
-0.037311
-0.040240
-0.042293
-0.043499
-0.043988
-0.043859
-0.043218
-0.042185
-0.040830
-0.039266
-0.037531
-0.035719
-0.033843
-0.031975
-0.030114
-0.028309
-0.026553
-0.024876
-0.023270
-0.021752
-0.020314
-0.018963
-0.017693
-0.016502
-0.015390
-0.014348
-0.013381
-0.012473
-0.011635
-0.010844
-0.010121
-0.009430
-0.008809
-0.008205
-0.007673
-0.007141
-0.006689
-0.006216
-0.005836
-0.005410
-0.005097
-0.004706
-0.004456
-0.004088
-0.003900
-0.003543
-0.003420
-0.003059
-0.003005
-0.002626
-0.002648
-0.002234
-0.002345
-0.001875
-0.002092
-0.001537
-0.001890
-0.001189
-0.001828
-0.000571
0.011639
0.008469
0.016873
0.013773
0.019271
0.016795
0.020944
0.019459
0.022894
0.022259
0.025236
0.025254
0.027919
0.028417
0.030842
0.031655
0.033843
0.034793
0.036669
0.037541
0.038948
0.039475
0.040167
0.040027
0.039694
0.038530
0.036849
0.034339
0.031081
0.027054
0.022224
0.016810
0.010766
0.004478
-0.002065
-0.008422
-0.014588
-0.020186
-0.025236
-0.029499
-0.033037
-0.035755
-0.037745
-0.039019
-0.039675
-0.039787
-0.039436
-0.038719
-0.037694
-0.036456
-0.035040
-0.033526
-0.031930
-0.030315
-0.028686
-0.027086
-0.025513
-0.023998
-0.022534
-0.021138
-0.019807
-0.018547
-0.017357
-0.016233
-0.015179
-0.014186
-0.013260
-0.012386
-0.011577
-0.010809
-0.010107
-0.009433
-0.008825
-0.008231
-0.007708
-0.007182
-0.006736
-0.006266
-0.005890
-0.005464
-0.005153
-0.004761
-0.004512
-0.004142
-0.003955
-0.003594
-0.003472
-0.003107
-0.003054
-0.002670
-0.002695
-0.002274
-0.002388
-0.001909
-0.002131
-0.001567
-0.001927
-0.001212
-0.001864
-0.000584
0.011468
0.008309
0.016586
0.013482
0.018889
0.016388
0.020447
0.018904
0.022231
0.021503
0.024346
0.024235
0.026730
0.027060
0.029277
0.029884
0.031824
0.032534
0.034134
0.034746
0.035871
0.036149
0.036600
0.036272
0.035804
0.034586
0.032961
0.030613
0.027677
0.024093
0.019881
0.015185
0.009997
0.004599
-0.001004
-0.006481
-0.011820
-0.016727
-0.021209
-0.025070
-0.028350
-0.030959
-0.032961
-0.034355
-0.035211
-0.035582
-0.035531
-0.035135
-0.034441
-0.033529
-0.032430
-0.031214
-0.029898
-0.028538
-0.027142
-0.025751
-0.024366
-0.023016
-0.021698
-0.020431
-0.019212
-0.018049
-0.016942
-0.015891
-0.014900
-0.013960
-0.013080
-0.012244
-0.011469
-0.010729
-0.010051
-0.009395
-0.008804
-0.008224
-0.007712
-0.007195
-0.006757
-0.006292
-0.005921
-0.005498
-0.005190
-0.004799
-0.004553
-0.004182
-0.003997
-0.003634
-0.003513
-0.003145
-0.003094
-0.002706
-0.002733
-0.002306
-0.002424
-0.001938
-0.002165
-0.001592
-0.001959
-0.001233
-0.001895
-0.000597
0.011239
0.008109
0.016219
0.013126
0.018417
0.015903
0.019852
0.018259
0.021465
0.020650
0.023348
0.023111
0.025431
0.025597
0.027603
0.028007
0.029702
0.030175
0.031503
0.031857
0.032704
0.032729
0.032932
0.032398
0.031768
0.030452
0.028815
0.026544
0.023812
0.020532
0.016770
0.012614
0.008090
0.003402
-0.001432
-0.006160
-0.010768
-0.015031
-0.018949
-0.022366
-0.025306
-0.027695
-0.029576
-0.030943
-0.031847
-0.032328
-0.032433
-0.032225
-0.031742
-0.031049
-0.030173
-0.029175
-0.028070
-0.026909
-0.025699
-0.024479
-0.023251
-0.022042
-0.020853
-0.019699
-0.018582
-0.017508
-0.016481
-0.015499
-0.014568
-0.013680
-0.012846
-0.012050
-0.011310
-0.010599
-0.009946
-0.009312
-0.008740
-0.008174
-0.007677
-0.007170
-0.006742
-0.006284
-0.005920
-0.005502
-0.005200
-0.004811
-0.004568
-0.004199
-0.004016
-0.003653
-0.003535
-0.003166
-0.003116
-0.002726
-0.002755
-0.002326
-0.002446
-0.001956
-0.002186
-0.001608
-0.001979
-0.001247
-0.001916
-0.000605
0.010982
0.007889
0.015808
0.012742
0.017903
0.015393
0.019228
0.017603
0.020690
0.019807
0.022372
0.022036
0.024203
0.024240
0.026072
0.026321
0.027825
0.028126
0.029257
0.029439
0.030104
0.029981
0.030051
0.029432
0.028761
0.027467
0.025930
0.023833
0.021377
0.018448
0.015144
0.011502
0.007572
0.003494
-0.000698
-0.004821
-0.008853
-0.012618
-0.016109
-0.019201
-0.021905
-0.024155
-0.025979
-0.027367
-0.028354
-0.028969
-0.029247
-0.029237
-0.028969
-0.028498
-0.027846
-0.027066
-0.026173
-0.025211
-0.024188
-0.023139
-0.022069
-0.021003
-0.019943
-0.018905
-0.017892
-0.016910
-0.015964
-0.015054
-0.014187
-0.013355
-0.012570
-0.011816
-0.011112
-0.010433
-0.009808
-0.009198
-0.008646
-0.008099
-0.007616
-0.007123
-0.006705
-0.006257
-0.005901
-0.005490
-0.005193
-0.004809
-0.004571
-0.004203
-0.004024
-0.003663
-0.003547
-0.003178
-0.003131
-0.002739
-0.002771
-0.002339
-0.002462
-0.001969
-0.002202
-0.001620
-0.001995
-0.001258
-0.001932
-0.000614
0.010676
0.007637
0.015334
0.012307
0.017319
0.014822
0.018529
0.016880
0.019838
0.018894
0.021319
0.020888
0.022900
0.022812
0.024470
0.024568
0.025883
0.026015
0.026951
0.026960
0.027442
0.027165
0.027090
0.026367
0.025627
0.024315
0.022824
0.020833
0.018569
0.015895
0.012936
0.009693
0.006235
0.002655
-0.001003
-0.004606
-0.008125
-0.011429
-0.014504
-0.017253
-0.019679
-0.021728
-0.023418
-0.024738
-0.025713
-0.026363
-0.026717
-0.026812
-0.026672
-0.026343
-0.025844
-0.025219
-0.024481
-0.023669
-0.022793
-0.021881
-0.020941
-0.019995
-0.019046
-0.018108
-0.017187
-0.016288
-0.015417
-0.014573
-0.013766
-0.012986
-0.012249
-0.011536
-0.010870
-0.010223
-0.009626
-0.009042
-0.008512
-0.007984
-0.007518
-0.007039
-0.006634
-0.006198
-0.005851
-0.005448
-0.005159
-0.004780
-0.004547
-0.004184
-0.004010
-0.003651
-0.003538
-0.003171
-0.003127
-0.002737
-0.002770
-0.002339
-0.002464
-0.001971
-0.002205
-0.001623
-0.001999
-0.001261
-0.001936
-0.000617
0.010353
0.007375
0.014835
0.011860
0.016715
0.014246
0.017824
0.016166
0.019000
0.018014
0.020312
0.019810
0.021687
0.021504
0.023020
0.023008
0.024178
0.024192
0.024990
0.024889
0.025257
0.024900
0.024758
0.024008
0.023277
0.022021
0.020640
0.018812
0.016776
0.014379
0.011761
0.008895
0.005862
0.002715
-0.000491
-0.003664
-0.006768
-0.009706
-0.012458
-0.014947
-0.017169
-0.019079
-0.020686
-0.021979
-0.022972
-0.023683
-0.024128
-0.024340
-0.024335
-0.024153
-0.023809
-0.023339
-0.022757
-0.022096
-0.021365
-0.020590
-0.019779
-0.018952
-0.018113
-0.017277
-0.016447
-0.015632
-0.014836
-0.014060
-0.013314
-0.012589
-0.011899
-0.011230
-0.010602
-0.009989
-0.009422
-0.008864
-0.008358
-0.007850
-0.007402
-0.006939
-0.006548
-0.006124
-0.005788
-0.005394
-0.005113
-0.004741
-0.004515
-0.004157
-0.003987
-0.003632
-0.003523
-0.003159
-0.003117
-0.002729
-0.002764
-0.002335
-0.002461
-0.001969
-0.002205
-0.001623
-0.001999
-0.001263
-0.001937
-0.000621
0.009991
0.007088
0.014285
0.011374
0.016055
0.013626
0.017062
0.015404
0.018106
0.017084
0.019250
0.018683
0.020423
0.020151
0.021525
0.021406
0.022432
0.022331
0.022991
0.022780
0.023030
0.022585
0.022365
0.021571
0.020823
0.019592
0.018279
0.016563
0.014694
0.012508
0.010158
0.007592
0.004904
0.002118
-0.000706
-0.003504
-0.006239
-0.008837
-0.011278
-0.013501
-0.015499
-0.017236
-0.018714
-0.019925
-0.020877
-0.021583
-0.022056
-0.022320
-0.022390
-0.022296
-0.022053
-0.021690
-0.021220
-0.020671
-0.020051
-0.019384
-0.018677
-0.017948
-0.017203
-0.016452
-0.015703
-0.014962
-0.014234
-0.013520
-0.012830
-0.012156
-0.011513
-0.010885
-0.010294
-0.009715
-0.009178
-0.008647
-0.008165
-0.007678
-0.007250
-0.006804
-0.006428
-0.006017
-0.005693
-0.005310
-0.005038
-0.004675
-0.004456
-0.004105
-0.003940
-0.003591
-0.003486
-0.003127
-0.003088
-0.002704
-0.002741
-0.002315
-0.002442
-0.001954
-0.002189
-0.001612
-0.001987
-0.001255
-0.001926
-0.000619
0.009624
0.006800
0.013728
0.010889
0.015394
0.013014
0.016312
0.014666
0.017243
0.016202
0.018248
0.017636
0.019258
0.018923
0.020181
0.019987
0.020903
0.020727
0.021291
0.021016
0.021196
0.020713
0.020466
0.019679
0.018963
0.017801
0.016593
0.015020
0.013337
0.011370
0.009279
0.006994
0.004618
0.002149
-0.000347
-0.002830
-0.005259
-0.007583
-0.009775
-0.011791
-0.013617
-0.015227
-0.016616
-0.017778
-0.018715
-0.019437
-0.019952
-0.020280
-0.020432
-0.020433
-0.020292
-0.020039
-0.019680
-0.019242
-0.018733
-0.018172
-0.017568
-0.016936
-0.016282
-0.015617
-0.014948
-0.014279
-0.013619
-0.012967
-0.012333
-0.011710
-0.011113
-0.010527
-0.009974
-0.009429
-0.008923
-0.008419
-0.007961
-0.007497
-0.007088
-0.006660
-0.006300
-0.005903
-0.005591
-0.005219
-0.004957
-0.004604
-0.004391
-0.004048
-0.003889
-0.003547
-0.003446
-0.003092
-0.003055
-0.002676
-0.002715
-0.002294
-0.002421
-0.001938
-0.002172
-0.001601
-0.001973
-0.001248
-0.001913
-0.000618
0.009223
0.006492
0.013129
0.010375
0.014690
0.012369
0.015518
0.013893
0.016338
0.015284
0.017207
0.016555
0.018059
0.017664
0.018807
0.018542
0.019349
0.019099
0.019566
0.019226
0.019332
0.018806
0.018520
0.017727
0.017022
0.015904
0.014771
0.013305
0.011765
0.009971
0.008089
0.006035
0.003917
0.001717
-0.000496
-0.002703
-0.004857
-0.006926
-0.008880
-0.010688
-0.012334
-0.013796
-0.015070
-0.016149
-0.017033
-0.017729
-0.018244
-0.018593
-0.018783
-0.018836
-0.018760
-0.018579
-0.018299
-0.017942
-0.017516
-0.017038
-0.016515
-0.015962
-0.015384
-0.014792
-0.014191
-0.013586
-0.012987
-0.012390
-0.011807
-0.011232
-0.010679
-0.010133
-0.009616
-0.009104
-0.008628
-0.008152
-0.007719
-0.007278
-0.006889
-0.006480
-0.006136
-0.005755
-0.005456
-0.005098
-0.004846
-0.004503
-0.004300
-0.003966
-0.003813
-0.003478
-0.003382
-0.003035
-0.003002
-0.002630
-0.002670
-0.002257
-0.002383
-0.001908
-0.002140
-0.001577
-0.001944
-0.001230
-0.001886
-0.000611
0.008828
0.006189
0.012537
0.009872
0.013999
0.011746
0.014750
0.013157
0.015478
0.014424
0.016235
0.015561
0.016962
0.016529
0.017577
0.017266
0.017989
0.017695
0.018095
0.017722
0.017787
0.017251
0.016960
0.016193
0.015529
0.014483
0.013444
0.012102
0.010712
0.009093
0.007410
0.005572
0.003687
0.001725
-0.000244
-0.002214
-0.004138
-0.005996
-0.007757
-0.009398
-0.010902
-0.012252
-0.013440
-0.014461
-0.015313
-0.016002
-0.016529
-0.016908
-0.017144
-0.017255
-0.017246
-0.017138
-0.016937
-0.016661
-0.016316
-0.015920
-0.015477
-0.015001
-0.014498
-0.013976
-0.013442
-0.012900
-0.012359
-0.011817
-0.011285
-0.010756
-0.010246
-0.009739
-0.009259
-0.008780
-0.008334
-0.007885
-0.007477
-0.007058
-0.006690
-0.006299
-0.005972
-0.005606
-0.005321
-0.004976
-0.004734
-0.004403
-0.004208
-0.003883
-0.003737
-0.003411
-0.003319
-0.002980
-0.002950
-0.002585
-0.002626
-0.002220
-0.002346
-0.001879
-0.002108
-0.001554
-0.001917
-0.001214
-0.001860
-0.000606
0.008403
0.005870
0.011911
0.009345
0.013272
0.011095
0.013947
0.012391
0.014584
0.013536
0.015233
0.014541
0.015838
0.015371
0.016325
0.015971
0.016611
0.016274
0.016607
0.016200
0.016220
0.015670
0.015365
0.014613
0.013975
0.012982
0.012016
0.010771
0.009503
0.008026
0.006508
0.004852
0.003165
0.001408
-0.000346
-0.002106
-0.003821
-0.005483
-0.007059
-0.008535
-0.009892
-0.011119
-0.012206
-0.013149
-0.013945
-0.014598
-0.015109
-0.015489
-0.015741
-0.015879
-0.015910
-0.015848
-0.015700
-0.015482
-0.015199
-0.014864
-0.014485
-0.014071
-0.013629
-0.013167
-0.012690
-0.012203
-0.011714
-0.011220
-0.010735
-0.010249
-0.009779
-0.009310
-0.008864
-0.008417
-0.008000
-0.007579
-0.007195
-0.006800
-0.006452
-0.006082
-0.005772
-0.005423
-0.005152
-0.004821
-0.004591
-0.004272
-0.004086
-0.003773
-0.003634
-0.003318
-0.003231
-0.002902
-0.002874
-0.002519
-0.002561
-0.002165
-0.002290
-0.001834
-0.002059
-0.001518
-0.001873
-0.001187
-0.001818
-0.000594
0.007993
0.005562
0.011304
0.008840
0.012573
0.010477
0.013183
0.011674
0.013746
0.012714
0.014308
0.013611
0.014817
0.014332
0.015208
0.014830
0.015406
0.015047
0.015334
0.014915
0.014913
0.014370
0.014073
0.013355
0.012761
0.011837
0.010953
0.009814
0.008668
0.007331
0.005970
0.004481
0.002973
0.001399
-0.000169
-0.001747
-0.003286
-0.004783
-0.006206
-0.007547
-0.008786
-0.009916
-0.010924
-0.011809
-0.012566
-0.013197
-0.013703
-0.014092
-0.014366
-0.014537
-0.014609
-0.014596
-0.014502
-0.014341
-0.014118
-0.013844
-0.013526
-0.013173
-0.012790
-0.012385
-0.011964
-0.011529
-0.011090
-0.010644
-0.010203
-0.009759
-0.009327
-0.008895
-0.008482
-0.008066
-0.007678
-0.007283
-0.006924
-0.006551
-0.006224
-0.005872
-0.005579
-0.005247
-0.004990
-0.004673
-0.004454
-0.004148
-0.003970
-0.003668
-0.003536
-0.003230
-0.003148
-0.002828
-0.002803
-0.002458
-0.002501
-0.002115
-0.002238
-0.001793
-0.002014
-0.001485
-0.001833
-0.001163
-0.001779
-0.000585
0.007554
0.005239
0.010665
0.008313
0.011840
0.009833
0.012386
0.010929
0.012875
0.011866
0.013353
0.012656
0.013771
0.013272
0.014069
0.013672
0.014183
0.013804
0.014044
0.013614
0.013586
0.013047
0.012751
0.012060
0.011498
0.010630
0.009814
0.008763
0.007719
0.006502
0.005273
0.003929
0.002577
0.001164
-0.000239
-0.001653
-0.003029
-0.004371
-0.005648
-0.006857
-0.007975
-0.009001
-0.009921
-0.010735
-0.011436
-0.012029
-0.012510
-0.012888
-0.013163
-0.013346
-0.013439
-0.013454
-0.013396
-0.013274
-0.013095
-0.012867
-0.012597
-0.012292
-0.011958
-0.011601
-0.011227
-0.010838
-0.010443
-0.010040
-0.009639
-0.009233
-0.008838
-0.008440
-0.008059
-0.007674
-0.007313
-0.006945
-0.006610
-0.006261
-0.005954
-0.005623
-0.005347
-0.005032
-0.004790
-0.004489
-0.004282
-0.003990
-0.003822
-0.003533
-0.003408
-0.003114
-0.003037
-0.002729
-0.002707
-0.002374
-0.002417
-0.002044
-0.002164
-0.001734
-0.001949
-0.001437
-0.001775
-0.001126
-0.001723
-0.000568
0.007141
0.004934
0.010058
0.007816
0.011149
0.009232
0.011641
0.010241
0.012071
0.011091
0.012481
0.011795
0.012829
0.012328
0.013060
0.012655
0.013116
0.012732
0.012939
0.012512
0.012473
0.011952
0.011670
0.011018
0.010498
0.009694
0.008949
0.007988
0.007044
0.005941
0.004836
0.003625
0.002413
0.001142
-0.000115
-0.001387
-0.002624
-0.003836
-0.004990
-0.006088
-0.007109
-0.008050
-0.008900
-0.009659
-0.010319
-0.010883
-0.011349
-0.011723
-0.012006
-0.012204
-0.012322
-0.012367
-0.012344
-0.012262
-0.012125
-0.011942
-0.011718
-0.011460
-0.011173
-0.010862
-0.010533
-0.010188
-0.009835
-0.009472
-0.009109
-0.008740
-0.008380
-0.008014
-0.007663
-0.007307
-0.006973
-0.006630
-0.006318
-0.005990
-0.005703
-0.005391
-0.005132
-0.004834
-0.004606
-0.004320
-0.004124
-0.003846
-0.003687
-0.003410
-0.003291
-0.003009
-0.002936
-0.002640
-0.002620
-0.002299
-0.002342
-0.001982
-0.002099
-0.001683
-0.001891
-0.001396
-0.001723
-0.001096
-0.001674
-0.000555
0.006695
0.004613
0.009416
0.007295
0.010421
0.008603
0.010858
0.009522
0.011230
0.010285
0.011576
0.010904
0.011856
0.011357
0.012023
0.011614
0.012025
0.011637
0.011812
0.011388
0.011336
0.010831
0.010558
0.009941
0.009455
0.008707
0.008023
0.007141
0.006283
0.005281
0.004286
0.003193
0.002105
0.000964
-0.000162
-0.001302
-0.002410
-0.003498
-0.004534
-0.005523
-0.006444
-0.007297
-0.008070
-0.008764
-0.009372
-0.009896
-0.010334
-0.010690
-0.010964
-0.011164
-0.011290
-0.011351
-0.011350
-0.011294
-0.011188
-0.011038
-0.010850
-0.010628
-0.010380
-0.010107
-0.009816
-0.009509
-0.009194
-0.008867
-0.008540
-0.008205
-0.007876
-0.007542
-0.007220
-0.006892
-0.006585
-0.006267
-0.005978
-0.005673
-0.005406
-0.005115
-0.004873
-0.004593
-0.004380
-0.004110
-0.003927
-0.003663
-0.003514
-0.003252
-0.003141
-0.002872
-0.002805
-0.002522
-0.002505
-0.002198
-0.002240
-0.001896
-0.002009
-0.001610
-0.001811
-0.001337
-0.001652
-0.001050
-0.001605
-0.000533
0.006287
0.004316
0.008822
0.006816
0.009749
0.008028
0.010142
0.008871
0.010468
0.009562
0.010763
0.010112
0.010993
0.010503
0.011113
0.010709
0.011080
0.010699
0.010850
0.010439
0.010382
0.009902
0.009646
0.009068
0.008622
0.007931
0.007309
0.006504
0.005728
0.004820
0.003924
0.002939
0.001962
0.000935
-0.000076
-0.001103
-0.002100
-0.003082
-0.004019
-0.004917
-0.005755
-0.006536
-0.007247
-0.007890
-0.008457
-0.008950
-0.009368
-0.009712
-0.009984
-0.010188
-0.010327
-0.010405
-0.010426
-0.010397
-0.010321
-0.010203
-0.010049
-0.009863
-0.009651
-0.009414
-0.009160
-0.008888
-0.008608
-0.008315
-0.008021
-0.007717
-0.007419
-0.007113
-0.006819
-0.006518
-0.006234
-0.005940
-0.005673
-0.005389
-0.005141
-0.004868
-0.004642
-0.004379
-0.004179
-0.003925
-0.003753
-0.003503
-0.003363
-0.003114
-0.003010
-0.002754
-0.002691
-0.002421
-0.002406
-0.002112
-0.002153
-0.001823
-0.001933
-0.001550
-0.001744
-0.001288
-0.001591
-0.001013
-0.001546
-0.000517
0.005838
0.003998
0.008182
0.006305
0.009030
0.007415
0.009378
0.008179
0.009657
0.008796
0.009904
0.009278
0.010085
0.009610
0.010163
0.009767
0.010099
0.009725
0.009854
0.009457
0.009395
0.008939
0.008696
0.008156
0.007744
0.007108
0.006541
0.005806
0.005106
0.004284
0.003479
0.002592
0.001717
0.000797
-0.000107
-0.001026
-0.001918
-0.002798
-0.003637
-0.004443
-0.005198
-0.005903
-0.006547
-0.007131
-0.007649
-0.008104
-0.008490
-0.008813
-0.009071
-0.009269
-0.009408
-0.009493
-0.009526
-0.009513
-0.009457
-0.009363
-0.009235
-0.009077
-0.008894
-0.008688
-0.008465
-0.008225
-0.007975
-0.007714
-0.007449
-0.007176
-0.006906
-0.006629
-0.006361
-0.006086
-0.005827
-0.005557
-0.005311
-0.005049
-0.004820
-0.004568
-0.004359
-0.004115
-0.003930
-0.003692
-0.003533
-0.003299
-0.003169
-0.002935
-0.002839
-0.002598
-0.002540
-0.002286
-0.002273
-0.001995
-0.002036
-0.001723
-0.001828
-0.001466
-0.001650
-0.001219
-0.001506
-0.000959
-0.001464
-0.000490
0.005442
0.003714
0.007609
0.005849
0.008386
0.006872
0.008697
0.007570
0.008942
0.008127
0.009151
0.008555
0.009297
0.008840
0.009345
0.008963
0.009261
0.008902
0.009013
0.008635
0.008573
0.008144
0.007919
0.007418
0.007041
0.006457
0.005943
0.005274
0.004642
0.003899
0.003175
0.002377
0.001591
0.000763
-0.000048
-0.000875
-0.001676
-0.002470
-0.003228
-0.003958
-0.004642
-0.005285
-0.005874
-0.006412
-0.006892
-0.007315
-0.007679
-0.007986
-0.008236
-0.008431
-0.008574
-0.008667
-0.008713
-0.008717
-0.008681
-0.008610
-0.008507
-0.008376
-0.008220
-0.008043
-0.007849
-0.007638
-0.007417
-0.007184
-0.006947
-0.006701
-0.006457
-0.006205
-0.005962
-0.005710
-0.005473
-0.005225
-0.004999
-0.004757
-0.004546
-0.004311
-0.004118
-0.003890
-0.003718
-0.003495
-0.003347
-0.003128
-0.003007
-0.002786
-0.002696
-0.002469
-0.002415
-0.002174
-0.002163
-0.001899
-0.001939
-0.001642
-0.001742
-0.001398
-0.001574
-0.001164
-0.001437
-0.000917
-0.001397
-0.000471
0.004991
0.003400
0.006973
0.005348
0.007677
0.006276
0.007951
0.006903
0.008159
0.007397
0.008332
0.007770
0.008444
0.008010
0.008465
0.008101
0.008366
0.008024
0.008119
0.007762
0.007700
0.007300
0.007091
0.006630
0.006287
0.005755
0.005291
0.004686
0.004120
0.003452
0.002805
0.002091
0.001392
0.000653
-0.000069
-0.000805
-0.001518
-0.002225
-0.002901
-0.003553
-0.004165
-0.004741
-0.005271
-0.005756
-0.006190
-0.006575
-0.006908
-0.007191
-0.007423
-0.007607
-0.007744
-0.007838
-0.007889
-0.007902
-0.007879
-0.007823
-0.007739
-0.007629
-0.007496
-0.007342
-0.007173
-0.006988
-0.006793
-0.006586
-0.006375
-0.006155
-0.005937
-0.005711
-0.005492
-0.005264
-0.005049
-0.004824
-0.004619
-0.004398
-0.004206
-0.003991
-0.003814
-0.003605
-0.003448
-0.003243
-0.003107
-0.002904
-0.002793
-0.002589
-0.002507
-0.002296
-0.002247
-0.002023
-0.002014
-0.001768
-0.001806
-0.001529
-0.001624
-0.001303
-0.001468
-0.001085
-0.001341
-0.000855
-0.001304
-0.000440
0.004612
0.003130
0.006427
0.004918
0.007067
0.005768
0.007312
0.006338
0.007493
0.006782
0.007639
0.007111
0.007727
0.007317
0.007730
0.007385
0.007623
0.007299
0.007382
0.007047
0.006987
0.006616
0.006424
0.006000
0.005688
0.005203
0.004784
0.004237
0.003728
0.003127
0.002547
0.001906
0.001280
0.000618
-0.000028
-0.000689
-0.001328
-0.001963
-0.002571
-0.003159
-0.003711
-0.004234
-0.004715
-0.005158
-0.005556
-0.005912
-0.006221
-0.006486
-0.006706
-0.006884
-0.007019
-0.007115
-0.007172
-0.007195
-0.007185
-0.007145
-0.007079
-0.006988
-0.006876
-0.006744
-0.006598
-0.006436
-0.006265
-0.006081
-0.005894
-0.005697
-0.005502
-0.005297
-0.005100
-0.004893
-0.004698
-0.004493
-0.004305
-0.004103
-0.003927
-0.003729
-0.003567
-0.003374
-0.003229
-0.003039
-0.002913
-0.002725
-0.002622
-0.002432
-0.002356
-0.002158
-0.002114
-0.001904
-0.001896
-0.001666
-0.001702
-0.001442
-0.001531
-0.001229
-0.001385
-0.001025
-0.001265
-0.000808
-0.001231
-0.000418
0.004158
0.002819
0.005794
0.004426
0.006365
0.005184
0.006578
0.005689
0.006731
0.006079
0.006850
0.006364
0.006916
0.006536
0.006904
0.006583
0.006794
0.006494
0.006564
0.006256
0.006199
0.005860
0.005687
0.005303
0.005024
0.004588
0.004216
0.003728
0.003277
0.002743
0.002231
0.001664
0.001112
0.000527
-0.000042
-0.000624
-0.001187
-0.001748
-0.002283
-0.002803
-0.003292
-0.003754
-0.004182
-0.004576
-0.004931
-0.005250
-0.005528
-0.005768
-0.005968
-0.006131
-0.006257
-0.006348
-0.006406
-0.006432
-0.006430
-0.006400
-0.006347
-0.006271
-0.006176
-0.006063
-0.005937
-0.005796
-0.005647
-0.005486
-0.005322
-0.005148
-0.004975
-0.004794
-0.004618
-0.004434
-0.004260
-0.004076
-0.003908
-0.003727
-0.003569
-0.003391
-0.003245
-0.003070
-0.002940
-0.002768
-0.002655
-0.002484
-0.002391
-0.002218
-0.002150
-0.001970
-0.001930
-0.001738
-0.001732
-0.001522
-0.001555
-0.001318
-0.001400
-0.001124
-0.001267
-0.000937
-0.001158
-0.000740
-0.001127
-0.000383
0.003802
0.002568
0.005281
0.004025
0.005795
0.004713
0.005984
0.005169
0.006117
0.005517
0.006217
0.005768
0.006266
0.005914
0.006245
0.005947
0.006134
0.005856
0.005916
0.005632
0.005578
0.005268
0.005110
0.004761
0.004510
0.004117
0.003783
0.003345
0.002942
0.002465
0.002009
0.001503
0.001012
0.000491
-0.000015
-0.000534
-0.001036
-0.001536
-0.002014
-0.002479
-0.002917
-0.003333
-0.003718
-0.004074
-0.004397
-0.004687
-0.004942
-0.005163
-0.005350
-0.005503
-0.005624
-0.005713
-0.005772
-0.005804
-0.005809
-0.005790
-0.005748
-0.005687
-0.005608
-0.005512
-0.005404
-0.005282
-0.005151
-0.005010
-0.004865
-0.004711
-0.004557
-0.004395
-0.004238
-0.004072
-0.003916
-0.003750
-0.003599
-0.003434
-0.003291
-0.003129
-0.002997
-0.002837
-0.002718
-0.002560
-0.002457
-0.002300
-0.002216
-0.002056
-0.001994
-0.001828
-0.001791
-0.001614
-0.001609
-0.001414
-0.001446
-0.001226
-0.001302
-0.001046
-0.001179
-0.000873
-0.001078
-0.000690
-0.001049
-0.000359
0.003339
0.002256
0.004643
0.003536
0.005093
0.004136
0.005254
0.004531
0.005365
0.004831
0.005446
0.005044
0.005482
0.005165
0.005455
0.005187
0.005350
0.005100
0.005152
0.004897
0.004849
0.004574
0.004435
0.004128
0.003907
0.003563
0.003272
0.002890
0.002540
0.002125
0.001730
0.001291
0.000866
0.000415
-0.000023
-0.000472
-0.000906
-0.001339
-0.001754
-0.002157
-0.002537
-0.002898
-0.003233
-0.003544
-0.003826
-0.004080
-0.004304
-0.004499
-0.004665
-0.004802
-0.004910
-0.004991
-0.005047
-0.005078
-0.005086
-0.005073
-0.005040
-0.004990
-0.004924
-0.004843
-0.004751
-0.004647
-0.004535
-0.004414
-0.004289
-0.004155
-0.004022
-0.003881
-0.003744
-0.003600
-0.003464
-0.003318
-0.003186
-0.003041
-0.002916
-0.002773
-0.002657
-0.002516
-0.002412
-0.002272
-0.002182
-0.002042
-0.001968
-0.001827
-0.001772
-0.001625
-0.001593
-0.001436
-0.001431
-0.001258
-0.001287
-0.001091
-0.001160
-0.000932
-0.001050
-0.000778
-0.000961
-0.000615
-0.000935
-0.000321
0.003013
0.002025
0.004170
0.003168
0.004568
0.003706
0.004710
0.004058
0.004806
0.004323
0.004873
0.004509
0.004898
0.004610
0.004867
0.004623
0.004766
0.004539
0.004582
0.004352
0.004307
0.004059
0.003934
0.003659
0.003464
0.003157
0.002899
0.002560
0.002252
0.001885
0.001537
0.001150
0.000776
0.000379
-0.000007
-0.000402
-0.000785
-0.001166
-0.001532
-0.001888
-0.002224
-0.002545
-0.002842
-0.003119
-0.003371
-0.003599
-0.003801
-0.003978
-0.004128
-0.004254
-0.004355
-0.004432
-0.004486
-0.004518
-0.004530
-0.004524
-0.004499
-0.004459
-0.004405
-0.004337
-0.004259
-0.004169
-0.004073
-0.003968
-0.003858
-0.003742
-0.003625
-0.003501
-0.003380
-0.003252
-0.003131
-0.003002
-0.002884
-0.002755
-0.002643
-0.002516
-0.002411
-0.002285
-0.002191
-0.002066
-0.001984
-0.001859
-0.001792
-0.001664
-0.001615
-0.001481
-0.001452
-0.001310
-0.001306
-0.001149
-0.001175
-0.000996
-0.001059
-0.000851
-0.000959
-0.000711
-0.000878
-0.000562
-0.000854
-0.000295
0.002533
0.001708
0.003518
0.002674
0.003855
0.003125
0.003973
0.003420
0.004051
0.003641
0.004105
0.003794
0.004123
0.003878
0.004094
0.003885
0.004005
0.003811
0.003848
0.003652
0.003613
0.003403
0.003297
0.003065
0.002900
0.002641
0.002425
0.002140
0.001881
0.001574
0.001282
0.000958
0.000645
0.000312
-0.000010
-0.000342
-0.000662
-0.000982
-0.001288
-0.001586
-0.001869
-0.002138
-0.002388
-0.002621
-0.002833
-0.003026
-0.003197
-0.003347
-0.003475
-0.003583
-0.003669
-0.003736
-0.003784
-0.003813
-0.003825
-0.003821
-0.003803
-0.003771
-0.003727
-0.003671
-0.003607
-0.003533
-0.003453
-0.003365
-0.003274
-0.003176
-0.003078
-0.002974
-0.002873
-0.002765
-0.002663
-0.002554
-0.002455
-0.002345
-0.002251
-0.002143
-0.002054
-0.001947
-0.001868
-0.001761
-0.001692
-0.001585
-0.001529
-0.001420
-0.001378
-0.001264
-0.001240
-0.001119
-0.001115
-0.000982
-0.001004
-0.000852
-0.000905
-0.000729
-0.000820
-0.000609
-0.000751
-0.000483
-0.000731
-0.000255
0.002244
0.001500
0.003093
0.002342
0.003383
0.002738
0.003484
0.002996
0.003550
0.003187
0.003593
0.003318
0.003605
0.003387
0.003574
0.003388
0.003492
0.003319
0.003349
0.003176
0.003141
0.002956
0.002863
0.002659
0.002516
0.002290
0.002103
0.001855
0.001631
0.001365
0.001113
0.000833
0.000563
0.000276
-0.000002
-0.000288
-0.000564
-0.000840
-0.001104
-0.001363
-0.001607
-0.001840
-0.002057
-0.002260
-0.002445
-0.002614
-0.002764
-0.002896
-0.003009
-0.003105
-0.003183
-0.003244
-0.003288
-0.003316
-0.003330
-0.003329
-0.003316
-0.003291
-0.003255
-0.003209
-0.003156
-0.003093
-0.003026
-0.002951
-0.002873
-0.002789
-0.002705
-0.002616
-0.002528
-0.002435
-0.002347
-0.002252
-0.002166
-0.002071
-0.001988
-0.001893
-0.001817
-0.001723
-0.001653
-0.001559
-0.001499
-0.001405
-0.001355
-0.001259
-0.001222
-0.001122
-0.001101
-0.000993
-0.000990
-0.000872
-0.000892
-0.000757
-0.000805
-0.000647
-0.000729
-0.000541
-0.000668
-0.000428
-0.000650
-0.000226
0.001735
0.001171
0.002411
0.001833
0.002642
0.002143
0.002723
0.002344
0.002775
0.002494
0.002810
0.002597
0.002821
0.002651
0.002797
0.002653
0.002734
0.002599
0.002623
0.002487
0.002460
0.002315
0.002242
0.002083
0.001970
0.001794
0.001647
0.001453
0.001278
0.001069
0.000872
0.000653
0.000441
0.000216
-0.000001
-0.000225
-0.000442
-0.000658
-0.000866
-0.001069
-0.001261
-0.001444
-0.001615
-0.001775
-0.001921
-0.002054
-0.002173
-0.002278
-0.002368
-0.002444
-0.002507
-0.002556
-0.002591
-0.002615
-0.002626
-0.002627
-0.002618
-0.002599
-0.002571
-0.002536
-0.002494
-0.002446
-0.002393
-0.002335
-0.002274
-0.002208
-0.002142
-0.002072
-0.002003
-0.001930
-0.001860
-0.001786
-0.001718
-0.001642
-0.001577
-0.001503
-0.001442
-0.001368
-0.001312
-0.001239
-0.001191
-0.001116
-0.001077
-0.001001
-0.000971
-0.000892
-0.000875
-0.000790
-0.000788
-0.000694
-0.000710
-0.000604
-0.000640
-0.000517
-0.000581
-0.000433
-0.000532
-0.000345
-0.000518
-0.000185
0.001495
0.000991
0.002046
0.001543
0.002233
0.001804
0.002299
0.001974
0.002340
0.002098
0.002366
0.002182
0.002370
0.002223
0.002346
0.002221
0.002288
0.002172
0.002191
0.002075
0.002051
0.001928
0.001867
0.001732
0.001638
0.001490
0.001368
0.001206
0.001060
0.000887
0.000723
0.000541
0.000366
0.000180
-0.000000
-0.000186
-0.000365
-0.000544
-0.000715
-0.000884
-0.001043
-0.001195
-0.001337
-0.001470
-0.001591
-0.001702
-0.001801
-0.001889
-0.001965
-0.002029
-0.002082
-0.002124
-0.002155
-0.002176
-0.002187
-0.002189
-0.002183
-0.002168
-0.002147
-0.002119
-0.002085
-0.002046
-0.002003
-0.001955
-0.001905
-0.001852
-0.001797
-0.001739
-0.001682
-0.001621
-0.001564
-0.001502
-0.001445
-0.001383
-0.001328
-0.001266
-0.001215
-0.001153
-0.001107
-0.001045
-0.001005
-0.000942
-0.000909
-0.000845
-0.000821
-0.000754
-0.000740
-0.000668
-0.000666
-0.000586
-0.000600
-0.000509
-0.000542
-0.000436
-0.000492
-0.000364
-0.000451
-0.000289
-0.000438
-0.000153
0.000937
0.000642
0.001311
0.001007
0.001443
0.001179
0.001492
0.001292
0.001524
0.001376
0.001547
0.001434
0.001554
0.001465
0.001543
0.001467
0.001509
0.001437
0.001449
0.001376
0.001359
0.001281
0.001240
0.001153
0.001091
0.000994
0.000913
0.000807
0.000710
0.000596
0.000487
0.000366
0.000250
0.000126
0.000006
-0.000118
-0.000237
-0.000357
-0.000472
-0.000585
-0.000691
-0.000794
-0.000889
-0.000979
-0.001061
-0.001136
-0.001203
-0.001263
-0.001315
-0.001359
-0.001395
-0.001424
-0.001446
-0.001460
-0.001468
-0.001470
-0.001467
-0.001458
-0.001444
-0.001426
-0.001404
-0.001378
-0.001349
-0.001318
-0.001284
-0.001248
-0.001212
-0.001173
-0.001135
-0.001094
-0.001056
-0.001014
-0.000976
-0.000934
-0.000898
-0.000856
-0.000822
-0.000780
-0.000749
-0.000707
-0.000680
-0.000638
-0.000616
-0.000573
-0.000556
-0.000512
-0.000501
-0.000454
-0.000452
-0.000400
-0.000407
-0.000349
-0.000368
-0.000300
-0.000334
-0.000253
-0.000306
-0.000203
-0.000298
-0.000113
0.000763
0.000494
0.001025
0.000765
0.001113
0.000895
0.001145
0.000981
0.001165
0.001042
0.001177
0.001083
0.001177
0.001103
0.001164
0.001100
0.001133
0.001075
0.001084
0.001025
0.001013
0.000951
0.000921
0.000854
0.000807
0.000734
0.000673
0.000593
0.000521
0.000436
0.000355
0.000265
0.000180
0.000088
-0.000001
-0.000092
-0.000180
-0.000268
-0.000352
-0.000435
-0.000513
-0.000588
-0.000658
-0.000724
-0.000784
-0.000839
-0.000889
-0.000933
-0.000971
-0.001003
-0.001030
-0.001051
-0.001067
-0.001078
-0.001085
-0.001086
-0.001084
-0.001077
-0.001068
-0.001054
-0.001038
-0.001020
-0.000999
-0.000976
-0.000952
-0.000925
-0.000899
-0.000870
-0.000842
-0.000812
-0.000784
-0.000753
-0.000725
-0.000694
-0.000667
-0.000636
-0.000611
-0.000580
-0.000557
-0.000526
-0.000506
-0.000475
-0.000458
-0.000426
-0.000414
-0.000380
-0.000373
-0.000337
-0.000336
-0.000296
-0.000303
-0.000257
-0.000274
-0.000220
-0.000249
-0.000184
-0.000228
-0.000145
-0.000222
-0.000077
0.000122
0.000111
0.000206
0.000187
0.000245
0.000226
0.000266
0.000253
0.000283
0.000274
0.000296
0.000290
0.000305
0.000300
0.000310
0.000304
0.000309
0.000302
0.000302
0.000293
0.000288
0.000276
0.000267
0.000253
0.000239
0.000221
0.000204
0.000184
0.000163
0.000140
0.000117
0.000092
0.000066
0.000040
0.000014
-0.000013
-0.000040
-0.000066
-0.000092
-0.000117
-0.000142
-0.000165
-0.000188
-0.000208
-0.000228
-0.000246
-0.000262
-0.000277
-0.000290
-0.000301
-0.000311
-0.000319
-0.000325
-0.000330
-0.000333
-0.000334
-0.000335
-0.000334
-0.000332
-0.000328
-0.000324
-0.000319
-0.000313
-0.000307
-0.000300
-0.000292
-0.000284
-0.000276
-0.000267
-0.000258
-0.000249
-0.000240
-0.000232
-0.000222
-0.000214
-0.000205
-0.000196
-0.000187
-0.000179
-0.000171
-0.000163
-0.000155
-0.000148
-0.000140
-0.000134
-0.000126
-0.000122
-0.000113
-0.000110
-0.000101
-0.000099
-0.000090
-0.000090
-0.000079
-0.000082
-0.000069
-0.000075
-0.000059
-0.000072
-0.000040
