# p - 200 ites
-0.099574
-0.010037
-0.086590
-0.017900
-0.076452
-0.024193
-0.068567
-0.029361
-0.062529
-0.033690
-0.058047
-0.037371
-0.054899
-0.040539
-0.052892
-0.043307
-0.051849
-0.045769
-0.051601
-0.048011
-0.051986
-0.050104
-0.052858
-0.052103
-0.054086
-0.054045
-0.055558
-0.055947
-0.057183
-0.057816
-0.058888
-0.059644
-0.060614
-0.061419
-0.062317
-0.063126
-0.063964
-0.064748
-0.065530
-0.066273
-0.066999
-0.067692
-0.068362
-0.069000
-0.069612
-0.070195
-0.070751
-0.071279
-0.071781
-0.072257
-0.072708
-0.073135
-0.073539
-0.073921
-0.074282
-0.074624
-0.074947
-0.075253
-0.075542
-0.075816
-0.076075
-0.076322
-0.076555
-0.076780
-0.076988
-0.077195
-0.077382
-0.077576
-0.077741
-0.077930
-0.078069
-0.078263
-0.078370
-0.078584
-0.078644
-0.078901
-0.078892
-0.079223
-0.079110
-0.079562
-0.079294
-0.079931
-0.079439
-0.080344
-0.079537
-0.080816
-0.079581
-0.081362
-0.079564
-0.081995
-0.079479
-0.082731
-0.079321
-0.083583
-0.079085
-0.084567
-0.078763
-0.085703
-0.078342
-0.087021
-0.097471
-0.009551
-0.084639
-0.017076
-0.074601
-0.023132
-0.066788
-0.028138
-0.060811
-0.032362
-0.056390
-0.035988
-0.053307
-0.039144
-0.051378
-0.041939
-0.050428
-0.044465
-0.050292
-0.046805
-0.050810
-0.049025
-0.051836
-0.051178
-0.053237
-0.053296
-0.054900
-0.055394
-0.056730
-0.057470
-0.058648
-0.059514
-0.060591
-0.061505
-0.062510
-0.063423
-0.064364
-0.065248
-0.066126
-0.066961
-0.067774
-0.068550
-0.069296
-0.070005
-0.070683
-0.071325
-0.071934
-0.072509
-0.073051
-0.073561
-0.074041
-0.074490
-0.074912
-0.075305
-0.075673
-0.076016
-0.076336
-0.076635
-0.076913
-0.077172
-0.077413
-0.077639
-0.077847
-0.078046
-0.078226
-0.078402
-0.078557
-0.078718
-0.078849
-0.079003
-0.079107
-0.079265
-0.079335
-0.079513
-0.079538
-0.079757
-0.079714
-0.080007
-0.079863
-0.080277
-0.079981
-0.080578
-0.080064
-0.080925
-0.080104
-0.081333
-0.080094
-0.081816
-0.080029
-0.082389
-0.079902
-0.083064
-0.079709
-0.083853
-0.079446
-0.084772
-0.079107
-0.085838
-0.078681
-0.087075
-0.098409
-0.009885
-0.085556
-0.017638
-0.075525
-0.023852
-0.067732
-0.028966
-0.061774
-0.033262
-0.057364
-0.036926
-0.054282
-0.040096
-0.052338
-0.042878
-0.051356
-0.045368
-0.051169
-0.047649
-0.051617
-0.049790
-0.052553
-0.051845
-0.053847
-0.053847
-0.055386
-0.055814
-0.057079
-0.057747
-0.058850
-0.059640
-0.060640
-0.061476
-0.062403
-0.063239
-0.064103
-0.064911
-0.065716
-0.066480
-0.067224
-0.067934
-0.068618
-0.069270
-0.069892
-0.070484
-0.071047
-0.071581
-0.072086
-0.072564
-0.073016
-0.073443
-0.073845
-0.074224
-0.074582
-0.074919
-0.075236
-0.075536
-0.075818
-0.076085
-0.076336
-0.076576
-0.076800
-0.077016
-0.077216
-0.077414
-0.077593
-0.077778
-0.077934
-0.078115
-0.078246
-0.078431
-0.078530
-0.078735
-0.078789
-0.079036
-0.079021
-0.079342
-0.079226
-0.079666
-0.079397
-0.080021
-0.079531
-0.080418
-0.079619
-0.080875
-0.079654
-0.081405
-0.079630
-0.082022
-0.079540
-0.082740
-0.079380
-0.083572
-0.079143
-0.084535
-0.078822
-0.085647
-0.078406
-0.086938
-0.096346
-0.009454
-0.083661
-0.016902
-0.073747
-0.022903
-0.066044
-0.027870
-0.060163
-0.032073
-0.055826
-0.035690
-0.052820
-0.038851
-0.050960
-0.041662
-0.050075
-0.044213
-0.049999
-0.046585
-0.050575
-0.048844
-0.051655
-0.051039
-0.053108
-0.053202
-0.054821
-0.055343
-0.056697
-0.057462
-0.058658
-0.059544
-0.060638
-0.061569
-0.062589
-0.063516
-0.064469
-0.065363
-0.066250
-0.067092
-0.067911
-0.068691
-0.069440
-0.070151
-0.070828
-0.071470
-0.072077
-0.072649
-0.073188
-0.073695
-0.074169
-0.074614
-0.075030
-0.075418
-0.075780
-0.076118
-0.076432
-0.076725
-0.076997
-0.077250
-0.077486
-0.077706
-0.077910
-0.078103
-0.078279
-0.078450
-0.078601
-0.078758
-0.078885
-0.079035
-0.079136
-0.079290
-0.079358
-0.079531
-0.079555
-0.079769
-0.079726
-0.080014
-0.079872
-0.080278
-0.079987
-0.080573
-0.080066
-0.080913
-0.080105
-0.081314
-0.080095
-0.081788
-0.080030
-0.082351
-0.079904
-0.083014
-0.079715
-0.083791
-0.079456
-0.084694
-0.079122
-0.085742
-0.078703
-0.086960
-0.096311
-0.009647
-0.083708
-0.017225
-0.073889
-0.023315
-0.066278
-0.028345
-0.060481
-0.032590
-0.056215
-0.036235
-0.053264
-0.039411
-0.051442
-0.042223
-0.050577
-0.044763
-0.050502
-0.047112
-0.051061
-0.049334
-0.052107
-0.051480
-0.053510
-0.053579
-0.055158
-0.055646
-0.056955
-0.057678
-0.058826
-0.059665
-0.060709
-0.061589
-0.062555
-0.063429
-0.064327
-0.065168
-0.066001
-0.066790
-0.067557
-0.068286
-0.068986
-0.069650
-0.070283
-0.070882
-0.071450
-0.071986
-0.072492
-0.072968
-0.073417
-0.073838
-0.074234
-0.074606
-0.074954
-0.075282
-0.075589
-0.075878
-0.076149
-0.076405
-0.076644
-0.076871
-0.077084
-0.077288
-0.077476
-0.077662
-0.077829
-0.078003
-0.078148
-0.078316
-0.078437
-0.078611
-0.078701
-0.078894
-0.078940
-0.079175
-0.079155
-0.079462
-0.079343
-0.079766
-0.079500
-0.080101
-0.079620
-0.080478
-0.079697
-0.080914
-0.079724
-0.081421
-0.079693
-0.082013
-0.079600
-0.082704
-0.079438
-0.083507
-0.079204
-0.084435
-0.078890
-0.085509
-0.078483
-0.086755
-0.094116
-0.009252
-0.081718
-0.016548
-0.072051
-0.022437
-0.064562
-0.027329
-0.058870
-0.031488
-0.054702
-0.035090
-0.051847
-0.038261
-0.050126
-0.041103
-0.049368
-0.043705
-0.049412
-0.046143
-0.050102
-0.048480
-0.051292
-0.050761
-0.052851
-0.053012
-0.054664
-0.055243
-0.056634
-0.057447
-0.058680
-0.059608
-0.060737
-0.061702
-0.062751
-0.063707
-0.064684
-0.065599
-0.066503
-0.067360
-0.068191
-0.068979
-0.069733
-0.070447
-0.071125
-0.071765
-0.072368
-0.072935
-0.073467
-0.073965
-0.074431
-0.074865
-0.075270
-0.075647
-0.075997
-0.076323
-0.076625
-0.076906
-0.077167
-0.077409
-0.077633
-0.077843
-0.078037
-0.078220
-0.078386
-0.078549
-0.078691
-0.078840
-0.078959
-0.079101
-0.079196
-0.079342
-0.079406
-0.079571
-0.079591
-0.079797
-0.079753
-0.080030
-0.079890
-0.080282
-0.079999
-0.080564
-0.080073
-0.080891
-0.080108
-0.081277
-0.080097
-0.081734
-0.080032
-0.082277
-0.079910
-0.082918
-0.079725
-0.083668
-0.079474
-0.084542
-0.079151
-0.085555
-0.078745
-0.086733
-0.093240
-0.009321
-0.081013
-0.016659
-0.071514
-0.022577
-0.064181
-0.027491
-0.058628
-0.031669
-0.054581
-0.035288
-0.051829
-0.038475
-0.050190
-0.041332
-0.049497
-0.043946
-0.049587
-0.046391
-0.050308
-0.048729
-0.051512
-0.051003
-0.053071
-0.053239
-0.054871
-0.055445
-0.056815
-0.057614
-0.058823
-0.059729
-0.060830
-0.061769
-0.062786
-0.063710
-0.064652
-0.065532
-0.066400
-0.067220
-0.068012
-0.068762
-0.069479
-0.070156
-0.070798
-0.071402
-0.071972
-0.072507
-0.073009
-0.073479
-0.073919
-0.074330
-0.074714
-0.075072
-0.075407
-0.075720
-0.076012
-0.076284
-0.076539
-0.076778
-0.077002
-0.077212
-0.077409
-0.077597
-0.077770
-0.077940
-0.078092
-0.078251
-0.078382
-0.078536
-0.078645
-0.078804
-0.078883
-0.079062
-0.079099
-0.079317
-0.079292
-0.079580
-0.079461
-0.079861
-0.079601
-0.080171
-0.079707
-0.080524
-0.079772
-0.080932
-0.079790
-0.081410
-0.079754
-0.081970
-0.079658
-0.082624
-0.079498
-0.083386
-0.079270
-0.084268
-0.078966
-0.085288
-0.078574
-0.086474
-0.090794
-0.008945
-0.078820
-0.016011
-0.069519
-0.021734
-0.062350
-0.026514
-0.056938
-0.030608
-0.053020
-0.034186
-0.050391
-0.037371
-0.048874
-0.040261
-0.048307
-0.042940
-0.048531
-0.045478
-0.049393
-0.047933
-0.050748
-0.050344
-0.052467
-0.052732
-0.054433
-0.055100
-0.056547
-0.057435
-0.058724
-0.059716
-0.060897
-0.061916
-0.063009
-0.064007
-0.065020
-0.065967
-0.066898
-0.067776
-0.068623
-0.069423
-0.070184
-0.070902
-0.071580
-0.072216
-0.072812
-0.073370
-0.073890
-0.074375
-0.074825
-0.075244
-0.075632
-0.075991
-0.076323
-0.076631
-0.076915
-0.077178
-0.077421
-0.077646
-0.077854
-0.078047
-0.078225
-0.078394
-0.078546
-0.078695
-0.078825
-0.078961
-0.079069
-0.079199
-0.079285
-0.079420
-0.079476
-0.079629
-0.079645
-0.079837
-0.079793
-0.080053
-0.079918
-0.080288
-0.080016
-0.080552
-0.080084
-0.080860
-0.080114
-0.081223
-0.080100
-0.081656
-0.080036
-0.082170
-0.079918
-0.082777
-0.079741
-0.083488
-0.079501
-0.084317
-0.079192
-0.085279
-0.078805
-0.086398
-0.089163
-0.008905
-0.077443
-0.015935
-0.068376
-0.021633
-0.061419
-0.026399
-0.056196
-0.030489
-0.052443
-0.034075
-0.049957
-0.037278
-0.048564
-0.040194
-0.048102
-0.042904
-0.048413
-0.045477
-0.049348
-0.047968
-0.050764
-0.050413
-0.052529
-0.052829
-0.054530
-0.055218
-0.056665
-0.057564
-0.058852
-0.059845
-0.061020
-0.062033
-0.063116
-0.064101
-0.065097
-0.066025
-0.066934
-0.067789
-0.068610
-0.069383
-0.070116
-0.070805
-0.071453
-0.072059
-0.072627
-0.073155
-0.073648
-0.074106
-0.074531
-0.074925
-0.075291
-0.075630
-0.075945
-0.076236
-0.076506
-0.076757
-0.076990
-0.077207
-0.077409
-0.077599
-0.077774
-0.077942
-0.078096
-0.078247
-0.078381
-0.078521
-0.078636
-0.078772
-0.078866
-0.079008
-0.079075
-0.079236
-0.079264
-0.079463
-0.079433
-0.079698
-0.079579
-0.079951
-0.079700
-0.080232
-0.079790
-0.080555
-0.079843
-0.080931
-0.079852
-0.081372
-0.079811
-0.081892
-0.079715
-0.082501
-0.079559
-0.083210
-0.079340
-0.084034
-0.079051
-0.084987
-0.078680
-0.086096
-0.086375
-0.008533
-0.074967
-0.015291
-0.066151
-0.020793
-0.059404
-0.025422
-0.054365
-0.029429
-0.050777
-0.032975
-0.048445
-0.036179
-0.047201
-0.039132
-0.046888
-0.041914
-0.047352
-0.044587
-0.048445
-0.047203
-0.050025
-0.049792
-0.051962
-0.052367
-0.054137
-0.054922
-0.056447
-0.057437
-0.058804
-0.059883
-0.061136
-0.062227
-0.063382
-0.064437
-0.065498
-0.066488
-0.067452
-0.068359
-0.069226
-0.070040
-0.070810
-0.071530
-0.072205
-0.072834
-0.073419
-0.073962
-0.074465
-0.074930
-0.075359
-0.075754
-0.076117
-0.076451
-0.076759
-0.077041
-0.077300
-0.077538
-0.077757
-0.077959
-0.078144
-0.078316
-0.078473
-0.078621
-0.078755
-0.078886
-0.078999
-0.079118
-0.079213
-0.079327
-0.079401
-0.079520
-0.079568
-0.079705
-0.079716
-0.079890
-0.079845
-0.080084
-0.079954
-0.080296
-0.080040
-0.080537
-0.080097
-0.080819
-0.080120
-0.081154
-0.080104
-0.081554
-0.080041
-0.082030
-0.079928
-0.082593
-0.079761
-0.083254
-0.079535
-0.084025
-0.079245
-0.084920
-0.078883
-0.085962
-0.084047
-0.008397
-0.072971
-0.015050
-0.064453
-0.020477
-0.057970
-0.025058
-0.053164
-0.029040
-0.049783
-0.032584
-0.047632
-0.035806
-0.046548
-0.038795
-0.046376
-0.041626
-0.046967
-0.044361
-0.048173
-0.047045
-0.049855
-0.049705
-0.051884
-0.052351
-0.054139
-0.054971
-0.056518
-0.057542
-0.058929
-0.060032
-0.061299
-0.062405
-0.063567
-0.064627
-0.065687
-0.066673
-0.067629
-0.068524
-0.069376
-0.070172
-0.070921
-0.071618
-0.072269
-0.072872
-0.073430
-0.073946
-0.074422
-0.074859
-0.075262
-0.075632
-0.075972
-0.076283
-0.076569
-0.076832
-0.077074
-0.077296
-0.077501
-0.077690
-0.077865
-0.078029
-0.078179
-0.078322
-0.078452
-0.078580
-0.078692
-0.078811
-0.078907
-0.079023
-0.079100
-0.079222
-0.079275
-0.079415
-0.079433
-0.079609
-0.079574
-0.079812
-0.079697
-0.080033
-0.079797
-0.080282
-0.079869
-0.080570
-0.079909
-0.080908
-0.079909
-0.081308
-0.079864
-0.081779
-0.079770
-0.082334
-0.079621
-0.082982
-0.079414
-0.083735
-0.079144
-0.084608
-0.078800
-0.085624
-0.080851
-0.008017
-0.070151
-0.014389
-0.061942
-0.019611
-0.055721
-0.024051
-0.051142
-0.027945
-0.047965
-0.031450
-0.046003
-0.034675
-0.045097
-0.037707
-0.045101
-0.040618
-0.045867
-0.043464
-0.047253
-0.046285
-0.049120
-0.049104
-0.051337
-0.051922
-0.053784
-0.054722
-0.056350
-0.057472
-0.058942
-0.060134
-0.061480
-0.062664
-0.063898
-0.065026
-0.066148
-0.067190
-0.068196
-0.069136
-0.070026
-0.070855
-0.071632
-0.072352
-0.073020
-0.073636
-0.074203
-0.074724
-0.075202
-0.075638
-0.076036
-0.076399
-0.076730
-0.077031
-0.077304
-0.077553
-0.077779
-0.077985
-0.078173
-0.078345
-0.078501
-0.078646
-0.078777
-0.078900
-0.079011
-0.079119
-0.079212
-0.079310
-0.079387
-0.079483
-0.079541
-0.079643
-0.079678
-0.079798
-0.079801
-0.079954
-0.079907
-0.080121
-0.079997
-0.080305
-0.080068
-0.080518
-0.080113
-0.080769
-0.080129
-0.081069
-0.080108
-0.081429
-0.080047
-0.081860
-0.079941
-0.082370
-0.079785
-0.082970
-0.079577
-0.083670
-0.079311
-0.084484
-0.078978
-0.085432
-0.077864
-0.007795
-0.067574
-0.014000
-0.059723
-0.019102
-0.053816
-0.023462
-0.049514
-0.027310
-0.046580
-0.030802
-0.044834
-0.034043
-0.044122
-0.037119
-0.044302
-0.040096
-0.045230
-0.043027
-0.046769
-0.045949
-0.048780
-0.048877
-0.051133
-0.051807
-0.053705
-0.054716
-0.056386
-0.057567
-0.059078
-0.060315
-0.061696
-0.062914
-0.064173
-0.065323
-0.066459
-0.067510
-0.068520
-0.069458
-0.070342
-0.071160
-0.071921
-0.072622
-0.073268
-0.073860
-0.074401
-0.074894
-0.075344
-0.075751
-0.076121
-0.076456
-0.076760
-0.077034
-0.077283
-0.077509
-0.077714
-0.077900
-0.078070
-0.078225
-0.078367
-0.078498
-0.078618
-0.078732
-0.078834
-0.078935
-0.079023
-0.079117
-0.079190
-0.079283
-0.079341
-0.079441
-0.079478
-0.079595
-0.079603
-0.079753
-0.079714
-0.079922
-0.079810
-0.080108
-0.079888
-0.080320
-0.079943
-0.080569
-0.079969
-0.080865
-0.079961
-0.081216
-0.079913
-0.081634
-0.079822
-0.082127
-0.079683
-0.082704
-0.079492
-0.083376
-0.079245
-0.084156
-0.078933
-0.085064
-0.074209
-0.007395
-0.064365
-0.013302
-0.056884
-0.018187
-0.051291
-0.022396
-0.047262
-0.026151
-0.044572
-0.029600
-0.043049
-0.032847
-0.042547
-0.035972
-0.042930
-0.039039
-0.044063
-0.042097
-0.045808
-0.045174
-0.048030
-0.048282
-0.050598
-0.051406
-0.053386
-0.054516
-0.056277
-0.057565
-0.059166
-0.060499
-0.061964
-0.063264
-0.064596
-0.065814
-0.067010
-0.068114
-0.069169
-0.070145
-0.071060
-0.071903
-0.072682
-0.073396
-0.074049
-0.074643
-0.075183
-0.075671
-0.076112
-0.076509
-0.076866
-0.077186
-0.077473
-0.077729
-0.077960
-0.078166
-0.078351
-0.078516
-0.078666
-0.078800
-0.078922
-0.079032
-0.079132
-0.079225
-0.079308
-0.079389
-0.079458
-0.079532
-0.079588
-0.079662
-0.079703
-0.079783
-0.079806
-0.079903
-0.079898
-0.080027
-0.079979
-0.080163
-0.080047
-0.080316
-0.080100
-0.080496
-0.080132
-0.080711
-0.080138
-0.080971
-0.080114
-0.081285
-0.080055
-0.081662
-0.079956
-0.082111
-0.079814
-0.082640
-0.079626
-0.083257
-0.079387
-0.083977
-0.079090
-0.084815
-0.070590
-0.007096
-0.061231
-0.012778
-0.054168
-0.017500
-0.048938
-0.021597
-0.045227
-0.025286
-0.042815
-0.028710
-0.041541
-0.031971
-0.041264
-0.035145
-0.041855
-0.038293
-0.043184
-0.041458
-0.045119
-0.044666
-0.047526
-0.047920
-0.050275
-0.051200
-0.053236
-0.054465
-0.056290
-0.057662
-0.059326
-0.060728
-0.062247
-0.063601
-0.064977
-0.066232
-0.067456
-0.068583
-0.069651
-0.070634
-0.071548
-0.072384
-0.073151
-0.073847
-0.074479
-0.075048
-0.075560
-0.076018
-0.076428
-0.076792
-0.077116
-0.077404
-0.077660
-0.077885
-0.078087
-0.078265
-0.078424
-0.078565
-0.078692
-0.078806
-0.078909
-0.079002
-0.079087
-0.079166
-0.079237
-0.079307
-0.079367
-0.079433
-0.079482
-0.079549
-0.079587
-0.079662
-0.079683
-0.079775
-0.079771
-0.079893
-0.079850
-0.080024
-0.079919
-0.080172
-0.079973
-0.080345
-0.080009
-0.080552
-0.080022
-0.080801
-0.080006
-0.081100
-0.079957
-0.081457
-0.079870
-0.081881
-0.079743
-0.082379
-0.079573
-0.082960
-0.079353
-0.083635
-0.079078
-0.084423
-0.066438
-0.006667
-0.057600
-0.012029
-0.050969
-0.016516
-0.046106
-0.020448
-0.042713
-0.024034
-0.040585
-0.027411
-0.039567
-0.030678
-0.039532
-0.033909
-0.040357
-0.037159
-0.041920
-0.040470
-0.044094
-0.043858
-0.046747
-0.047321
-0.049745
-0.050827
-0.052957
-0.054325
-0.056254
-0.057749
-0.059515
-0.061024
-0.062636
-0.064079
-0.065532
-0.066857
-0.068140
-0.069316
-0.070425
-0.071438
-0.072374
-0.073225
-0.073999
-0.074696
-0.075322
-0.075882
-0.076379
-0.076820
-0.077210
-0.077553
-0.077854
-0.078117
-0.078347
-0.078548
-0.078724
-0.078876
-0.079010
-0.079126
-0.079229
-0.079319
-0.079398
-0.079469
-0.079532
-0.079590
-0.079641
-0.079691
-0.079732
-0.079779
-0.079811
-0.079860
-0.079882
-0.079938
-0.079946
-0.080019
-0.080005
-0.080107
-0.080058
-0.080208
-0.080102
-0.080326
-0.080134
-0.080469
-0.080152
-0.080645
-0.080149
-0.080860
-0.080121
-0.081122
-0.080063
-0.081440
-0.079973
-0.081819
-0.079847
-0.082268
-0.079682
-0.082793
-0.079474
-0.083406
-0.079217
-0.084122
-0.062206
-0.006298
-0.053929
-0.011381
-0.047776
-0.015663
-0.043323
-0.019453
-0.040284
-0.022950
-0.038467
-0.026288
-0.037727
-0.029563
-0.037944
-0.032845
-0.039007
-0.036188
-0.040798
-0.039628
-0.043198
-0.043177
-0.046078
-0.046824
-0.049304
-0.050531
-0.052741
-0.054234
-0.056252
-0.057857
-0.059711
-0.061312
-0.063003
-0.064520
-0.066034
-0.067414
-0.068739
-0.069949
-0.071080
-0.072107
-0.073047
-0.073893
-0.074654
-0.075333
-0.075934
-0.076465
-0.076930
-0.077336
-0.077688
-0.077992
-0.078255
-0.078479
-0.078673
-0.078836
-0.078977
-0.079096
-0.079199
-0.079286
-0.079362
-0.079426
-0.079484
-0.079533
-0.079578
-0.079618
-0.079654
-0.079690
-0.079719
-0.079755
-0.079778
-0.079817
-0.079832
-0.079880
-0.079885
-0.079949
-0.079934
-0.080026
-0.079980
-0.080117
-0.080020
-0.080225
-0.080051
-0.080357
-0.080068
-0.080519
-0.080068
-0.080717
-0.080045
-0.080959
-0.079995
-0.081251
-0.079916
-0.081599
-0.079803
-0.082011
-0.079655
-0.082492
-0.079467
-0.083053
-0.079233
-0.083708
-0.057534
-0.005833
-0.049854
-0.010567
-0.044196
-0.014592
-0.040161
-0.018199
-0.037484
-0.021580
-0.035986
-0.024865
-0.035535
-0.028145
-0.036025
-0.031489
-0.037353
-0.034950
-0.039413
-0.038558
-0.042090
-0.042320
-0.045258
-0.046215
-0.048781
-0.050192
-0.052516
-0.054174
-0.056317
-0.058066
-0.060042
-0.061766
-0.063563
-0.065179
-0.066778
-0.068230
-0.069614
-0.070870
-0.072033
-0.073082
-0.074032
-0.074879
-0.075632
-0.076296
-0.076876
-0.077382
-0.077816
-0.078190
-0.078508
-0.078778
-0.079005
-0.079193
-0.079352
-0.079481
-0.079589
-0.079675
-0.079748
-0.079805
-0.079853
-0.079890
-0.079922
-0.079947
-0.079968
-0.079986
-0.080001
-0.080017
-0.080027
-0.080044
-0.080050
-0.080071
-0.080072
-0.080103
-0.080095
-0.080142
-0.080118
-0.080191
-0.080140
-0.080254
-0.080159
-0.080335
-0.080171
-0.080439
-0.080172
-0.080571
-0.080159
-0.080737
-0.080127
-0.080943
-0.080073
-0.081196
-0.079993
-0.081500
-0.079884
-0.081860
-0.079745
-0.082285
-0.079571
-0.082780
-0.079358
-0.083361
-0.052705
-0.005398
-0.045663
-0.009802
-0.040541
-0.013582
-0.036960
-0.017014
-0.034672
-0.020281
-0.033513
-0.023509
-0.033363
-0.026786
-0.034128
-0.030181
-0.035717
-0.033742
-0.038034
-0.037497
-0.040972
-0.041449
-0.044408
-0.045569
-0.048209
-0.049796
-0.052224
-0.054039
-0.056299
-0.058188
-0.060280
-0.062124
-0.064026
-0.065739
-0.067421
-0.068943
-0.070385
-0.071685
-0.072879
-0.073946
-0.074901
-0.075745
-0.076482
-0.077124
-0.077673
-0.078143
-0.078537
-0.078868
-0.079139
-0.079362
-0.079542
-0.079684
-0.079797
-0.079882
-0.079949
-0.079995
-0.080032
-0.080053
-0.080070
-0.080077
-0.080083
-0.080083
-0.080082
-0.080080
-0.080077
-0.080076
-0.080072
-0.080075
-0.080070
-0.080079
-0.080072
-0.080092
-0.080079
-0.080115
-0.080089
-0.080150
-0.080101
-0.080199
-0.080112
-0.080266
-0.080119
-0.080354
-0.080118
-0.080469
-0.080105
-0.080614
-0.080076
-0.080796
-0.080028
-0.081018
-0.079957
-0.081286
-0.079861
-0.081605
-0.079739
-0.081979
-0.079586
-0.082416
-0.079397
-0.082929
-0.047501
-0.004893
-0.041134
-0.008914
-0.036568
-0.012410
-0.033454
-0.015638
-0.031567
-0.018773
-0.030759
-0.021935
-0.030928
-0.025214
-0.031994
-0.028677
-0.033880
-0.032371
-0.036502
-0.036323
-0.039762
-0.040529
-0.043541
-0.044949
-0.047701
-0.049508
-0.052082
-0.054095
-0.056512
-0.058575
-0.060817
-0.062807
-0.064835
-0.066661
-0.068437
-0.070035
-0.071535
-0.072874
-0.074090
-0.075165
-0.076112
-0.076937
-0.077644
-0.078250
-0.078754
-0.079178
-0.079520
-0.079800
-0.080019
-0.080190
-0.080320
-0.080413
-0.080480
-0.080520
-0.080546
-0.080552
-0.080552
-0.080539
-0.080524
-0.080500
-0.080478
-0.080451
-0.080427
-0.080401
-0.080377
-0.080355
-0.080333
-0.080317
-0.080296
-0.080289
-0.080268
-0.080271
-0.080247
-0.080267
-0.080233
-0.080275
-0.080224
-0.080299
-0.080216
-0.080341
-0.080206
-0.080403
-0.080192
-0.080489
-0.080169
-0.080603
-0.080134
-0.080750
-0.080083
-0.080933
-0.080014
-0.081156
-0.079925
-0.081423
-0.079814
-0.081738
-0.079677
-0.082109
-0.079512
-0.082544
-0.042096
-0.004395
-0.036443
-0.008037
-0.032467
-0.011246
-0.029847
-0.014265
-0.028378
-0.017257
-0.027930
-0.020339
-0.028416
-0.023599
-0.029772
-0.027103
-0.031936
-0.030899
-0.034837
-0.035012
-0.038388
-0.039434
-0.042477
-0.044120
-0.046966
-0.048982
-0.051690
-0.053893
-0.056463
-0.058700
-0.061094
-0.063235
-0.065400
-0.067348
-0.069233
-0.070922
-0.072495
-0.073890
-0.075144
-0.076240
-0.077193
-0.078011
-0.078696
-0.079272
-0.079735
-0.080114
-0.080404
-0.080629
-0.080791
-0.080904
-0.080976
-0.081013
-0.081026
-0.081014
-0.080991
-0.080950
-0.080908
-0.080853
-0.080803
-0.080745
-0.080693
-0.080638
-0.080589
-0.080540
-0.080496
-0.080455
-0.080417
-0.080386
-0.080352
-0.080331
-0.080301
-0.080293
-0.080262
-0.080269
-0.080233
-0.080261
-0.080211
-0.080269
-0.080194
-0.080294
-0.080177
-0.080338
-0.080159
-0.080404
-0.080134
-0.080495
-0.080100
-0.080614
-0.080055
-0.080763
-0.079995
-0.080947
-0.079918
-0.081168
-0.079823
-0.081429
-0.079708
-0.081736
-0.079569
-0.082097
-0.036365
-0.003845
-0.031463
-0.007068
-0.028101
-0.009962
-0.025992
-0.012751
-0.024957
-0.015589
-0.024886
-0.018591
-0.025714
-0.021845
-0.027396
-0.025421
-0.029887
-0.029369
-0.033134
-0.033713
-0.037061
-0.038441
-0.041562
-0.043499
-0.046494
-0.048778
-0.051677
-0.054126
-0.056899
-0.059352
-0.061937
-0.064257
-0.066578
-0.068657
-0.070651
-0.072417
-0.074045
-0.075466
-0.076724
-0.077804
-0.078719
-0.079489
-0.080110
-0.080619
-0.081004
-0.081307
-0.081515
-0.081664
-0.081748
-0.081790
-0.081792
-0.081764
-0.081717
-0.081649
-0.081576
-0.081488
-0.081403
-0.081309
-0.081223
-0.081132
-0.081051
-0.080967
-0.080893
-0.080821
-0.080756
-0.080694
-0.080638
-0.080589
-0.080541
-0.080503
-0.080461
-0.080437
-0.080397
-0.080387
-0.080345
-0.080355
-0.080304
-0.080339
-0.080270
-0.080341
-0.080239
-0.080360
-0.080209
-0.080399
-0.080177
-0.080460
-0.080139
-0.080544
-0.080093
-0.080654
-0.080037
-0.080792
-0.079969
-0.080961
-0.079887
-0.081162
-0.079791
-0.081401
-0.079676
-0.081682
-0.030410
-0.003287
-0.026296
-0.006081
-0.023576
-0.008647
-0.021994
-0.011188
-0.021397
-0.013848
-0.021697
-0.016739
-0.022848
-0.019947
-0.024822
-0.023545
-0.027595
-0.027585
-0.031132
-0.032094
-0.035372
-0.037059
-0.040220
-0.042422
-0.045536
-0.048063
-0.051132
-0.053811
-0.056781
-0.059447
-0.062230
-0.064740
-0.067239
-0.069472
-0.071606
-0.073485
-0.075207
-0.076694
-0.077998
-0.079101
-0.080019
-0.080776
-0.081365
-0.081835
-0.082165
-0.082410
-0.082550
-0.082632
-0.082644
-0.082616
-0.082548
-0.082453
-0.082342
-0.082212
-0.082082
-0.081940
-0.081807
-0.081667
-0.081541
-0.081412
-0.081298
-0.081183
-0.081083
-0.080985
-0.080900
-0.080818
-0.080745
-0.080679
-0.080618
-0.080566
-0.080514
-0.080477
-0.080430
-0.080408
-0.080363
-0.080358
-0.080308
-0.080325
-0.080263
-0.080308
-0.080225
-0.080308
-0.080190
-0.080326
-0.080155
-0.080361
-0.080118
-0.080415
-0.080076
-0.080490
-0.080028
-0.080586
-0.079973
-0.080706
-0.079909
-0.080850
-0.079834
-0.081021
-0.079746
-0.081226
-0.024172
-0.002690
-0.020882
-0.005026
-0.018828
-0.007242
-0.017794
-0.009523
-0.017656
-0.012003
-0.018351
-0.014793
-0.019859
-0.017984
-0.022177
-0.021655
-0.025305
-0.025864
-0.029231
-0.030645
-0.033912
-0.035986
-0.039262
-0.041816
-0.045135
-0.047994
-0.051322
-0.054311
-0.057556
-0.060500
-0.063537
-0.066270
-0.068970
-0.071358
-0.073619
-0.075574
-0.077341
-0.078832
-0.080108
-0.081155
-0.081990
-0.082651
-0.083125
-0.083478
-0.083680
-0.083806
-0.083822
-0.083792
-0.083693
-0.083567
-0.083405
-0.083227
-0.083040
-0.082841
-0.082651
-0.082454
-0.082274
-0.082089
-0.081926
-0.081761
-0.081617
-0.081473
-0.081349
-0.081228
-0.081122
-0.081020
-0.080931
-0.080848
-0.080773
-0.080706
-0.080643
-0.080591
-0.080536
-0.080499
-0.080449
-0.080427
-0.080377
-0.080372
-0.080318
-0.080334
-0.080267
-0.080311
-0.080223
-0.080302
-0.080182
-0.080308
-0.080142
-0.080328
-0.080102
-0.080364
-0.080059
-0.080415
-0.080014
-0.080481
-0.079965
-0.080565
-0.079910
-0.080666
-0.079849
-0.080789
-0.017707
-0.002074
-0.015275
-0.003932
-0.013906
-0.005776
-0.013423
-0.007765
-0.013732
-0.010026
-0.014796
-0.012661
-0.016615
-0.015766
-0.019210
-0.019422
-0.022605
-0.023698
-0.026813
-0.028631
-0.031814
-0.034217
-0.037539
-0.040386
-0.043850
-0.046990
-0.050532
-0.053796
-0.057293
-0.060500
-0.063796
-0.066767
-0.069700
-0.072283
-0.074726
-0.076820
-0.078705
-0.080275
-0.081602
-0.082673
-0.083502
-0.084143
-0.084569
-0.084871
-0.084999
-0.085053
-0.084983
-0.084873
-0.084685
-0.084477
-0.084232
-0.083976
-0.083715
-0.083447
-0.083193
-0.082934
-0.082702
-0.082466
-0.082261
-0.082054
-0.081877
-0.081700
-0.081549
-0.081401
-0.081274
-0.081152
-0.081046
-0.080946
-0.080858
-0.080777
-0.080704
-0.080639
-0.080578
-0.080528
-0.080475
-0.080437
-0.080390
-0.080365
-0.080320
-0.080309
-0.080261
-0.080266
-0.080211
-0.080235
-0.080167
-0.080215
-0.080128
-0.080204
-0.080093
-0.080203
-0.080059
-0.080210
-0.080026
-0.080226
-0.079994
-0.080251
-0.079961
-0.080284
-0.079928
-0.080327
-0.011002
-0.001430
-0.009461
-0.002789
-0.008804
-0.004246
-0.008895
-0.005941
-0.009677
-0.007988
-0.011142
-0.010496
-0.013323
-0.013564
-0.016271
-0.017289
-0.020043
-0.021752
-0.024684
-0.027006
-0.030202
-0.033053
-0.036544
-0.039819
-0.043568
-0.047129
-0.051030
-0.054701
-0.058581
-0.062154
-0.065801
-0.069064
-0.072266
-0.075036
-0.077631
-0.079794
-0.081706
-0.083235
-0.084480
-0.085428
-0.086098
-0.086567
-0.086795
-0.086908
-0.086833
-0.086707
-0.086450
-0.086181
-0.085835
-0.085495
-0.085125
-0.084764
-0.084407
-0.084058
-0.083733
-0.083412
-0.083128
-0.082845
-0.082601
-0.082358
-0.082152
-0.081947
-0.081774
-0.081603
-0.081459
-0.081318
-0.081198
-0.081083
-0.080983
-0.080888
-0.080806
-0.080728
-0.080660
-0.080596
-0.080540
-0.080486
-0.080440
-0.080395
-0.080357
-0.080318
-0.080288
-0.080254
-0.080231
-0.080198
-0.080182
-0.080149
-0.080142
-0.080105
-0.080109
-0.080065
-0.080082
-0.080028
-0.080060
-0.079991
-0.080044
-0.079954
-0.080033
-0.079917
-0.080027
-0.079878
-0.004084
-0.000759
-0.003461
-0.001592
-0.003523
-0.002629
-0.004177
-0.003983
-0.005400
-0.005757
-0.007212
-0.008053
-0.009670
-0.010976
-0.012854
-0.014627
-0.016851
-0.019102
-0.021739
-0.024469
-0.027558
-0.030748
-0.034284
-0.037874
-0.041794
-0.045673
-0.049840
-0.053839
-0.058046
-0.061946
-0.065935
-0.069498
-0.073011
-0.076027
-0.078861
-0.081195
-0.083254
-0.084872
-0.086174
-0.087140
-0.087793
-0.088229
-0.088389
-0.088435
-0.088263
-0.088052
-0.087688
-0.087327
-0.086877
-0.086447
-0.085980
-0.085535
-0.085095
-0.084671
-0.084278
-0.083893
-0.083553
-0.083217
-0.082929
-0.082643
-0.082403
-0.082164
-0.081966
-0.081769
-0.081604
-0.081443
-0.081308
-0.081176
-0.081065
-0.080957
-0.080866
-0.080776
-0.080702
-0.080625
-0.080567
-0.080499
-0.080455
-0.080391
-0.080362
-0.080296
-0.080286
-0.080212
-0.080223
-0.080134
-0.080172
-0.080059
-0.080133
-0.079984
-0.080104
-0.079907
-0.080086
-0.079826
-0.080077
-0.079738
-0.080078
-0.079642
-0.080089
-0.079535
-0.080111
-0.079415
0.003027
-0.000069
0.002698
-0.000363
0.001892
-0.000974
0.000648
-0.001994
-0.001047
-0.003517
-0.003253
-0.005648
-0.006061
-0.008505
-0.009593
-0.012210
-0.013978
-0.016885
-0.019339
-0.022626
-0.025762
-0.029473
-0.033252
-0.037369
-0.041690
-0.046116
-0.050793
-0.055341
-0.060096
-0.064500
-0.068994
-0.072954
-0.076841
-0.080091
-0.083114
-0.085495
-0.087544
-0.089043
-0.090169
-0.090897
-0.091268
-0.091409
-0.091244
-0.090991
-0.090504
-0.090023
-0.089384
-0.088800
-0.088129
-0.087525
-0.086894
-0.086318
-0.085761
-0.085241
-0.084767
-0.084314
-0.083920
-0.083535
-0.083211
-0.082890
-0.082625
-0.082360
-0.082143
-0.081926
-0.081748
-0.081571
-0.081425
-0.081280
-0.081160
-0.081041
-0.080942
-0.080841
-0.080762
-0.080674
-0.080613
-0.080531
-0.080489
-0.080406
-0.080386
-0.080293
-0.080301
-0.080188
-0.080232
-0.080087
-0.080179
-0.079985
-0.080139
-0.079878
-0.080114
-0.079763
-0.080103
-0.079637
-0.080107
-0.079497
-0.080125
-0.079341
-0.080158
-0.079164
-0.080208
-0.078963
0.010321
0.000653
0.009023
0.000934
0.007478
0.000793
0.005675
0.000169
0.003564
-0.001015
0.001058
-0.002860
-0.001967
-0.005485
-0.005659
-0.009025
-0.010186
-0.013619
-0.015714
-0.019392
-0.022376
-0.026416
-0.030224
-0.034666
-0.039178
-0.043957
-0.048963
-0.053902
-0.059085
-0.063900
-0.068855
-0.073204
-0.077513
-0.081079
-0.084419
-0.087008
-0.089239
-0.090832
-0.092012
-0.092746
-0.093075
-0.093164
-0.092901
-0.092565
-0.091954
-0.091380
-0.090613
-0.089934
-0.089145
-0.088449
-0.087714
-0.087055
-0.086412
-0.085818
-0.085275
-0.084758
-0.084311
-0.083873
-0.083508
-0.083145
-0.082849
-0.082552
-0.082311
-0.082070
-0.081875
-0.081679
-0.081520
-0.081360
-0.081230
-0.081099
-0.080993
-0.080881
-0.080798
-0.080698
-0.080636
-0.080540
-0.080502
-0.080400
-0.080390
-0.080271
-0.080299
-0.080148
-0.080225
-0.080025
-0.080170
-0.079897
-0.080132
-0.079759
-0.080112
-0.079608
-0.080109
-0.079439
-0.080126
-0.079248
-0.080161
-0.079032
-0.080217
-0.078787
-0.080295
-0.078505
0.017748
0.001384
0.015453
0.002243
0.013143
0.002567
0.010752
0.002321
0.008184
0.001434
0.005310
-0.000198
0.001966
-0.002714
-0.002046
-0.006279
-0.006953
-0.011073
-0.012984
-0.017268
-0.020340
-0.024986
-0.029133
-0.034232
-0.039306
-0.044812
-0.050551
-0.056255
-0.062248
-0.067786
-0.073492
-0.078407
-0.083264
-0.087134
-0.090716
-0.093304
-0.095454
-0.096783
-0.097626
-0.097928
-0.097776
-0.097373
-0.096590
-0.095789
-0.094697
-0.093728
-0.092564
-0.091578
-0.090486
-0.089566
-0.088617
-0.087802
-0.087015
-0.086315
-0.085682
-0.085096
-0.084593
-0.084110
-0.083713
-0.083318
-0.083003
-0.082685
-0.082433
-0.082176
-0.081972
-0.081765
-0.081599
-0.081431
-0.081295
-0.081155
-0.081045
-0.080924
-0.080839
-0.080728
-0.080667
-0.080557
-0.080523
-0.080402
-0.080403
-0.080258
-0.080305
-0.080116
-0.080227
-0.079971
-0.080170
-0.079818
-0.080133
-0.079650
-0.080117
-0.079462
-0.080123
-0.079249
-0.080152
-0.079008
-0.080204
-0.078733
-0.080282
-0.078419
-0.080388
-0.078058
0.025314
0.002152
0.022016
0.003630
0.018963
0.004475
0.016035
0.004688
0.013099
0.004217
0.009996
0.002968
0.006534
0.000801
0.002481
-0.002461
-0.002429
-0.007026
-0.008482
-0.013108
-0.015946
-0.020883
-0.025010
-0.030420
-0.035690
-0.041576
-0.047717
-0.053889
-0.060447
-0.066516
-0.072864
-0.078300
-0.083748
-0.088036
-0.092045
-0.094882
-0.097247
-0.098659
-0.099534
-0.099805
-0.099566
-0.099080
-0.098155
-0.097257
-0.096012
-0.094951
-0.093644
-0.092575
-0.091359
-0.090364
-0.089313
-0.088428
-0.087561
-0.086799
-0.086104
-0.085463
-0.084914
-0.084384
-0.083953
-0.083522
-0.083182
-0.082835
-0.082564
-0.082286
-0.082069
-0.081846
-0.081671
-0.081490
-0.081347
-0.081197
-0.081083
-0.080952
-0.080864
-0.080744
-0.080682
-0.080560
-0.080530
-0.080392
-0.080404
-0.080233
-0.080300
-0.080074
-0.080219
-0.079909
-0.080161
-0.079731
-0.080126
-0.079534
-0.080115
-0.079311
-0.080130
-0.079056
-0.080172
-0.078766
-0.080242
-0.078433
-0.080341
-0.078052
-0.080475
-0.077612
0.032941
0.002917
0.028617
0.005007
0.024795
0.006356
0.021297
0.006992
0.017939
0.006873
0.014518
0.005898
0.010793
0.003902
0.006476
0.000670
0.001228
-0.004067
-0.005329
-0.010601
-0.013567
-0.019201
-0.023781
-0.030016
-0.036064
-0.042934
-0.050136
-0.057409
-0.065189
-0.072342
-0.079851
-0.086142
-0.092426
-0.097130
-0.101458
-0.104193
-0.106339
-0.107220
-0.107481
-0.106988
-0.105943
-0.104654
-0.102912
-0.101302
-0.099341
-0.097719
-0.095849
-0.094371
-0.092749
-0.091476
-0.090153
-0.089090
-0.088054
-0.087182
-0.086389
-0.085682
-0.085082
-0.084514
-0.084059
-0.083605
-0.083255
-0.082895
-0.082621
-0.082334
-0.082116
-0.081887
-0.081711
-0.081524
-0.081381
-0.081226
-0.081111
-0.080974
-0.080886
-0.080757
-0.080697
-0.080564
-0.080539
-0.080385
-0.080407
-0.080212
-0.080299
-0.080037
-0.080215
-0.079853
-0.080156
-0.079651
-0.080123
-0.079424
-0.080117
-0.079166
-0.080141
-0.078870
-0.080195
-0.078531
-0.080282
-0.078142
-0.080403
-0.077695
-0.080564
-0.077178
0.040645
0.003720
0.035304
0.006469
0.030755
0.008389
0.026763
0.009550
0.023108
0.009938
0.019560
0.009465
0.015853
0.007973
0.011670
0.005234
0.006628
0.000949
0.000286
-0.005230
-0.007822
-0.013660
-0.018113
-0.024605
-0.030812
-0.038073
-0.045750
-0.053589
-0.062133
-0.069998
-0.078435
-0.085464
-0.092616
-0.097897
-0.102813
-0.105834
-0.108212
-0.109113
-0.109333
-0.108722
-0.107504
-0.106075
-0.104130
-0.102414
-0.100272
-0.098582
-0.096567
-0.095047
-0.093315
-0.092009
-0.090603
-0.089508
-0.088410
-0.087504
-0.086667
-0.085926
-0.085294
-0.084694
-0.084216
-0.083736
-0.083371
-0.082988
-0.082705
-0.082401
-0.082176
-0.081934
-0.081754
-0.081558
-0.081412
-0.081248
-0.081131
-0.080988
-0.080899
-0.080762
-0.080704
-0.080559
-0.080540
-0.080370
-0.080403
-0.080185
-0.080291
-0.079995
-0.080205
-0.079791
-0.080146
-0.079566
-0.080115
-0.079312
-0.080115
-0.079021
-0.080148
-0.078685
-0.080215
-0.078299
-0.080319
-0.077855
-0.080462
-0.077343
-0.080649
-0.076751
0.048325
0.004507
0.041949
0.007894
0.036648
0.010353
0.032123
0.011983
0.028101
0.012784
0.024307
0.012660
0.020426
0.011429
0.016076
0.008811
0.010788
0.004430
0.003999
-0.002182
-0.004914
-0.011539
-0.016557
-0.024078
-0.031333
-0.039937
-0.049149
-0.058613
-0.069039
-0.078601
-0.088906
-0.097307
-0.105798
-0.111690
-0.117031
-0.119736
-0.121613
-0.121485
-0.120593
-0.118647
-0.116097
-0.113376
-0.110171
-0.107395
-0.104219
-0.101752
-0.098970
-0.096928
-0.094672
-0.093040
-0.091305
-0.090018
-0.088731
-0.087721
-0.086786
-0.085992
-0.085318
-0.084694
-0.084205
-0.083714
-0.083352
-0.082966
-0.082690
-0.082386
-0.082169
-0.081928
-0.081753
-0.081557
-0.081415
-0.081250
-0.081136
-0.080989
-0.080902
-0.080760
-0.080705
-0.080552
-0.080538
-0.080354
-0.080399
-0.080158
-0.080285
-0.079954
-0.080197
-0.079733
-0.080138
-0.079486
-0.080110
-0.079205
-0.080115
-0.078881
-0.080156
-0.078507
-0.080236
-0.078075
-0.080356
-0.077577
-0.080520
-0.077003
-0.080734
-0.076338
0.056006
0.005332
0.048622
0.009407
0.042629
0.012481
0.037672
0.014703
0.033446
0.016109
0.029655
0.016627
0.025970
0.016091
0.021988
0.014220
0.017204
0.010611
0.010990
0.004729
0.002602
-0.004063
-0.008742
-0.016395
-0.023687
-0.032649
-0.042390
-0.052539
-0.064023
-0.074595
-0.086318
-0.095856
-0.105706
-0.112456
-0.118630
-0.121624
-0.123677
-0.123375
-0.122249
-0.119988
-0.117091
-0.114136
-0.110639
-0.107765
-0.104392
-0.101929
-0.099029
-0.097035
-0.094712
-0.093132
-0.091359
-0.090109
-0.088800
-0.087806
-0.086858
-0.086065
-0.085383
-0.084751
-0.084257
-0.083755
-0.083391
-0.082994
-0.082717
-0.082404
-0.082187
-0.081938
-0.081764
-0.081563
-0.081421
-0.081252
-0.081139
-0.080987
-0.080902
-0.080753
-0.080702
-0.080539
-0.080532
-0.080334
-0.080390
-0.080127
-0.080274
-0.079910
-0.080185
-0.079673
-0.080127
-0.079406
-0.080101
-0.079099
-0.080113
-0.078744
-0.080163
-0.078333
-0.080255
-0.077857
-0.080391
-0.077307
-0.080576
-0.076673
-0.080815
-0.075937
0.063560
0.006125
0.055160
0.010853
0.048453
0.014491
0.043017
0.017227
0.038499
0.019108
0.034559
0.020066
0.030822
0.019908
0.026821
0.018302
0.021956
0.014749
0.015450
0.008551
0.006338
-0.001171
-0.006474
-0.015377
-0.024006
-0.034794
-0.046725
-0.059311
-0.073748
-0.087091
-0.101951
-0.113855
-0.125966
-0.133682
-0.140412
-0.142626
-0.143568
-0.141271
-0.138117
-0.133526
-0.128446
-0.123443
-0.118056
-0.113654
-0.108843
-0.105361
-0.101464
-0.098849
-0.095889
-0.093960
-0.091812
-0.090383
-0.088875
-0.087801
-0.086765
-0.085944
-0.085236
-0.084601
-0.084114
-0.083619
-0.083273
-0.082886
-0.082629
-0.082326
-0.082126
-0.081885
-0.081724
-0.081527
-0.081395
-0.081228
-0.081122
-0.080970
-0.080890
-0.080738
-0.080692
-0.080522
-0.080522
-0.080312
-0.080379
-0.080097
-0.080262
-0.079868
-0.080173
-0.079615
-0.080116
-0.079328
-0.080094
-0.078997
-0.080111
-0.078613
-0.080170
-0.078165
-0.080274
-0.077647
-0.080425
-0.077048
-0.080630
-0.076356
-0.080894
-0.075552
0.071025
0.006953
0.061653
0.012383
0.054311
0.016669
0.048523
0.020055
0.043909
0.022638
0.040124
0.024387
0.036792
0.025146
0.033450
0.024603
0.029484
0.022252
0.024063
0.017338
0.016100
0.008827
0.004253
-0.004530
-0.012894
-0.023912
-0.036341
-0.049746
-0.065673
-0.080536
-0.097725
-0.111574
-0.126020
-0.135155
-0.143107
-0.145484
-0.146310
-0.143298
-0.139426
-0.134084
-0.128333
-0.122944
-0.117151
-0.112714
-0.107730
-0.104408
-0.100477
-0.098079
-0.095146
-0.093413
-0.091310
-0.090025
-0.088560
-0.087578
-0.086575
-0.085806
-0.085124
-0.084514
-0.084045
-0.083560
-0.083228
-0.082843
-0.082597
-0.082293
-0.082102
-0.081859
-0.081705
-0.081507
-0.081380
-0.081211
-0.081108
-0.080954
-0.080878
-0.080722
-0.080680
-0.080503
-0.080510
-0.080287
-0.080366
-0.080065
-0.080248
-0.079825
-0.080160
-0.079558
-0.080104
-0.079253
-0.080085
-0.078898
-0.080108
-0.078486
-0.080175
-0.078005
-0.080291
-0.077446
-0.080458
-0.076800
-0.080681
-0.076052
-0.080969
-0.075184
0.078250
0.007731
0.067910
0.013811
0.059912
0.018674
0.053716
0.022606
0.048899
0.025727
0.045080
0.028014
0.041849
0.029296
0.038691
0.029221
0.034902
0.027184
0.029496
0.022242
0.021103
0.013017
0.007914
-0.002286
-0.012189
-0.025607
-0.041048
-0.058116
-0.078736
-0.098308
-0.121057
-0.139342
-0.157858
-0.168673
-0.177283
-0.177807
-0.176112
-0.169130
-0.161478
-0.152063
-0.142758
-0.134214
-0.125682
-0.119161
-0.112294
-0.107742
-0.102613
-0.099556
-0.095913
-0.093864
-0.091375
-0.089964
-0.088315
-0.087302
-0.086235
-0.085477
-0.084794
-0.084210
-0.083768
-0.083311
-0.083014
-0.082654
-0.082441
-0.082156
-0.081992
-0.081764
-0.081629
-0.081441
-0.081329
-0.081166
-0.081073
-0.080921
-0.080853
-0.080695
-0.080661
-0.080478
-0.080493
-0.080260
-0.080351
-0.080032
-0.080234
-0.079783
-0.080146
-0.079503
-0.080092
-0.079180
-0.080077
-0.078805
-0.080105
-0.078365
-0.080181
-0.077852
-0.080307
-0.077256
-0.080489
-0.076564
-0.080731
-0.075764
-0.081041
-0.074834
0.085282
0.008537
0.074035
0.015310
0.065476
0.020834
0.059017
0.025458
0.054219
0.029362
0.050712
0.032582
0.048111
0.035012
0.045939
0.036358
0.043526
0.036061
0.039886
0.033162
0.033557
0.026148
0.022456
0.012844
0.003865
-0.009442
-0.025086
-0.043055
-0.065773
-0.087750
-0.114653
-0.136719
-0.159730
-0.173251
-0.183706
-0.183813
-0.180949
-0.171778
-0.162239
-0.151160
-0.140612
-0.131494
-0.122463
-0.116110
-0.109196
-0.105116
-0.100135
-0.097581
-0.094130
-0.092496
-0.090178
-0.089064
-0.087546
-0.086726
-0.085753
-0.085110
-0.084492
-0.083972
-0.083576
-0.083152
-0.082887
-0.082544
-0.082354
-0.082077
-0.081930
-0.081706
-0.081583
-0.081398
-0.081294
-0.081132
-0.081046
-0.080894
-0.080831
-0.080671
-0.080642
-0.080454
-0.080476
-0.080233
-0.080335
-0.079999
-0.080218
-0.079742
-0.080132
-0.079449
-0.080080
-0.079111
-0.080068
-0.078715
-0.080102
-0.078251
-0.080185
-0.077708
-0.080322
-0.077075
-0.080518
-0.076342
-0.080777
-0.075493
-0.081109
-0.074505
0.091953
0.009273
0.079817
0.016672
0.070679
0.022766
0.063894
0.027951
0.058989
0.032440
0.055570
0.036290
0.053240
0.039403
0.051498
0.041472
0.049619
0.041872
0.046492
0.039470
0.040369
0.032363
0.028566
0.017581
0.007219
-0.008988
-0.028423
-0.051754
-0.081917
-0.112141
-0.149623
-0.180912
-0.211880
-0.228632
-0.239619
-0.235195
-0.226283
-0.208840
-0.192035
-0.173837
-0.157599
-0.143858
-0.131097
-0.122176
-0.113027
-0.107676
-0.101426
-0.098321
-0.094189
-0.092365
-0.089713
-0.088578
-0.086927
-0.086152
-0.085155
-0.084576
-0.083986
-0.083528
-0.083180
-0.082807
-0.082593
-0.082289
-0.082143
-0.081895
-0.081782
-0.081579
-0.081482
-0.081311
-0.081224
-0.081072
-0.080998
-0.080851
-0.080796
-0.080638
-0.080616
-0.080425
-0.080456
-0.080204
-0.080317
-0.079967
-0.080202
-0.079702
-0.080117
-0.079399
-0.080068
-0.079046
-0.080059
-0.078631
-0.080098
-0.078144
-0.080189
-0.077573
-0.080337
-0.076907
-0.080545
-0.076135
-0.080820
-0.075239
-0.081172
-0.074197
0.098316
0.010025
0.085370
0.018082
0.075759
0.024820
0.068801
0.030707
0.064020
0.036026
0.061051
0.040916
0.059555
0.045377
0.059118
0.049221
0.059126
0.051952
0.058576
0.052543
0.055759
0.049076
0.047809
0.038231
0.030133
0.014826
-0.003795
-0.027838
-0.060748
-0.094841
-0.140464
-0.180181
-0.221055
-0.243841
-0.257584
-0.250507
-0.236860
-0.213128
-0.191675
-0.170053
-0.151715
-0.137362
-0.124194
-0.115978
-0.107135
-0.102822
-0.097056
-0.094887
-0.091196
-0.090080
-0.087766
-0.087112
-0.085699
-0.085229
-0.084393
-0.083996
-0.083514
-0.083159
-0.082882
-0.082566
-0.082399
-0.082126
-0.082013
-0.081782
-0.081692
-0.081498
-0.081417
-0.081251
-0.081176
-0.081027
-0.080962
-0.080816
-0.080768
-0.080609
-0.080593
-0.080398
-0.080436
-0.080177
-0.080299
-0.079935
-0.080186
-0.079664
-0.080103
-0.079351
-0.080056
-0.078985
-0.080051
-0.078553
-0.080095
-0.078045
-0.080193
-0.077448
-0.080350
-0.076752
-0.080570
-0.075943
-0.080860
-0.075005
-0.081231
-0.073913
0.104200
0.010691
0.090473
0.019320
0.080377
0.026595
0.073178
0.033031
0.068378
0.038951
0.065608
0.044535
0.064541
0.049821
0.064786
0.054658
0.065746
0.058562
0.066392
0.060443
0.064853
0.058087
0.057707
0.047301
0.038875
0.020732
-0.001624
-0.032883
-0.077071
-0.125726
-0.193523
-0.255015
-0.313073
-0.342775
-0.356104
-0.337158
-0.307762
-0.265498
-0.229579
-0.195703
-0.168663
-0.148250
-0.130604
-0.119850
-0.108823
-0.103617
-0.096803
-0.094432
-0.090255
-0.089198
-0.086686
-0.086169
-0.084708
-0.084381
-0.083572
-0.083296
-0.082874
-0.082614
-0.082404
-0.082159
-0.082055
-0.081832
-0.081770
-0.081575
-0.081524
-0.081355
-0.081302
-0.081153
-0.081098
-0.080959
-0.080907
-0.080768
-0.080730
-0.080572
-0.080564
-0.080368
-0.080414
-0.080148
-0.080280
-0.079905
-0.080170
-0.079628
-0.080089
-0.079307
-0.080044
-0.078929
-0.080042
-0.078482
-0.080091
-0.077954
-0.080196
-0.077334
-0.080362
-0.076609
-0.080593
-0.075767
-0.080897
-0.074790
-0.081285
-0.073653
0.109657
0.011354
0.095244
0.020572
0.084772
0.028438
0.077480
0.035540
0.072878
0.042281
0.070646
0.048937
0.070547
0.055682
0.072330
0.062549
0.075612
0.069309
0.079642
0.075186
0.082871
0.078269
0.082071
0.074387
0.070715
0.055152
0.036427
0.005528
-0.041107
-0.095734
-0.181610
-0.264867
-0.348091
-0.393388
-0.410057
-0.379732
-0.333244
-0.272792
-0.225882
-0.185829
-0.155898
-0.135642
-0.118281
-0.109443
-0.099473
-0.096210
-0.090403
-0.089532
-0.086114
-0.086089
-0.084097
-0.084243
-0.083123
-0.083200
-0.082609
-0.082570
-0.082287
-0.082160
-0.082041
-0.081868
-0.081823
-0.081640
-0.081617
-0.081444
-0.081419
-0.081263
-0.081228
-0.081087
-0.081044
-0.080911
-0.080868
-0.080731
-0.080699
-0.080542
-0.080540
-0.080342
-0.080394
-0.080122
-0.080263
-0.079877
-0.080155
-0.079595
-0.080076
-0.079266
-0.080033
-0.078878
-0.080035
-0.078417
-0.080088
-0.077872
-0.080199
-0.077230
-0.080372
-0.076481
-0.080614
-0.075609
-0.080930
-0.074597
-0.081333
-0.073419
0.114524
0.011917
0.099471
0.021626
0.088616
0.029962
0.081163
0.037562
0.076608
0.044874
0.074647
0.052229
0.075080
0.059871
0.077735
0.067932
0.082339
0.076320
0.088304
0.084416
0.094229
0.090396
0.096816
0.089702
0.088467
0.071758
0.052290
0.013778
-0.046785
-0.126318
-0.265571
-0.408124
-0.532418
-0.594193
-0.607519
-0.543077
-0.450648
-0.343920
-0.267005
-0.207241
-0.165709
-0.139644
-0.118458
-0.108515
-0.097322
-0.094244
-0.088043
-0.087606
-0.084079
-0.084456
-0.082468
-0.082930
-0.081866
-0.082176
-0.081664
-0.081792
-0.081594
-0.081583
-0.081542
-0.081451
-0.081471
-0.081344
-0.081373
-0.081238
-0.081252
-0.081121
-0.081114
-0.080990
-0.080967
-0.080845
-0.080815
-0.080684
-0.080662
-0.080508
-0.080513
-0.080314
-0.080373
-0.080097
-0.080246
-0.079850
-0.080141
-0.079565
-0.080063
-0.079230
-0.080023
-0.078832
-0.080028
-0.078359
-0.080085
-0.077799
-0.080201
-0.077139
-0.080382
-0.076367
-0.080632
-0.075469
-0.080960
-0.074426
-0.081377
-0.073211
0.118851
0.012455
0.103259
0.022648
0.092128
0.031481
0.084641
0.039656
0.080313
0.047700
0.078896
0.056047
0.080301
0.065097
0.084540
0.075220
0.091643
0.086696
0.101505
0.099488
0.113464
0.112629
0.125229
0.122595
0.130097
0.119147
0.109940
0.075345
0.018245
-0.070567
-0.258525
-0.464523
-0.658997
-0.765816
-0.779645
-0.669607
-0.515773
-0.354632
-0.252654
-0.184854
-0.141252
-0.118368
-0.099416
-0.093568
-0.084667
-0.084688
-0.080126
-0.081737
-0.079267
-0.080922
-0.079589
-0.080822
-0.080158
-0.080919
-0.080651
-0.081036
-0.080988
-0.081121
-0.081173
-0.081160
-0.081240
-0.081155
-0.081223
-0.081111
-0.081151
-0.081034
-0.081044
-0.080928
-0.080916
-0.080799
-0.080778
-0.080650
-0.080634
-0.080481
-0.080491
-0.080290
-0.080355
-0.080075
-0.080231
-0.079827
-0.080128
-0.079539
-0.080052
-0.079198
-0.080014
-0.078792
-0.080021
-0.078309
-0.080082
-0.077736
-0.080203
-0.077060
-0.080390
-0.076268
-0.080648
-0.075347
-0.080985
-0.074278
-0.081414
-0.073032
0.122496
0.012884
0.106427
0.023455
0.095023
0.032658
0.087439
0.041235
0.083190
0.049758
0.082051
0.058720
0.083991
0.068608
0.089133
0.079940
0.097710
0.093245
0.109972
0.108927
0.125884
0.126761
0.144142
0.144297
0.159151
0.151777
0.151493
0.115575
0.055349
-0.075041
-0.408651
-0.773223
-1.042894
-1.177145
-1.199011
-1.015961
-0.731012
-0.440613
-0.272982
-0.181806
-0.129973
-0.107776
-0.089223
-0.085985
-0.077991
-0.079880
-0.075891
-0.078658
-0.076509
-0.078868
-0.077729
-0.079397
-0.078870
-0.079907
-0.079749
-0.080312
-0.080355
-0.080604
-0.080731
-0.080795
-0.080934
-0.080900
-0.081014
-0.080936
-0.081009
-0.080914
-0.080948
-0.080847
-0.080851
-0.080744
-0.080733
-0.080611
-0.080603
-0.080452
-0.080469
-0.080268
-0.080338
-0.080055
-0.080218
-0.079807
-0.080116
-0.079516
-0.080043
-0.079171
-0.080006
-0.078759
-0.080016
-0.078267
-0.080079
-0.077682
-0.080204
-0.076993
-0.080396
-0.076185
-0.080661
-0.075245
-0.081006
-0.074153
-0.081445
-0.072880
0.125500
0.013265
0.109061
0.024181
0.097476
0.033744
0.089891
0.042748
0.085839
0.051826
0.085149
0.061563
0.087893
0.072588
0.094377
0.085655
0.105162
0.101706
0.121094
0.121888
0.143234
0.147354
0.172311
0.178208
0.206330
0.208983
0.230918
0.209200
0.178453
0.037093
-0.357571
-0.686751
-0.871027
-0.970886
-1.085538
-1.021315
-0.765841
-0.432740
-0.233539
-0.139974
-0.091078
-0.078201
-0.065223
-0.068671
-0.064224
-0.070032
-0.068059
-0.073054
-0.072039
-0.075661
-0.075166
-0.077551
-0.077394
-0.078834
-0.078892
-0.079679
-0.079850
-0.080223
-0.080428
-0.080558
-0.080747
-0.080749
-0.080894
-0.080835
-0.080929
-0.080845
-0.080893
-0.080799
-0.080812
-0.080709
-0.080704
-0.080585
-0.080581
-0.080432
-0.080452
-0.080251
-0.080325
-0.080039
-0.080207
-0.079791
-0.080107
-0.079498
-0.080035
-0.079149
-0.080000
-0.078731
-0.080011
-0.078233
-0.080077
-0.077639
-0.080205
-0.076939
-0.080402
-0.076118
-0.080672
-0.075163
-0.081024
-0.074053
-0.081471
-0.072759
0.127758
0.013534
0.111025
0.024690
0.099277
0.034489
0.091644
0.043756
0.087661
0.053156
0.087181
0.063320
0.090328
0.074954
0.097513
0.088948
0.109505
0.106513
0.127578
0.129346
0.153706
0.159805
0.190665
0.200800
0.241232
0.253678
0.302577
0.304435
0.336441
0.241306
-0.103256
-0.380861
-0.595414
-0.654355
-0.750941
-0.726422
-0.545483
-0.297557
-0.149371
-0.087980
-0.054472
-0.055085
-0.048183
-0.057753
-0.055868
-0.064531
-0.063669
-0.070056
-0.069544
-0.073887
-0.073642
-0.076423
-0.076409
-0.078080
-0.078234
-0.079160
-0.079403
-0.079862
-0.080122
-0.080308
-0.080538
-0.080576
-0.080752
-0.080717
-0.080833
-0.080765
-0.080829
-0.080744
-0.080769
-0.080672
-0.080675
-0.080559
-0.080561
-0.080413
-0.080437
-0.080236
-0.080313
-0.080026
-0.080198
-0.079778
-0.080100
-0.079484
-0.080029
-0.079132
-0.079995
-0.078711
-0.080008
-0.078207
-0.080076
-0.077607
-0.080206
-0.076898
-0.080406
-0.076068
-0.080680
-0.075101
-0.081037
-0.073977
-0.081490
-0.072667
0.129298
0.013731
0.112376
0.025067
0.100539
0.035056
0.092913
0.044550
0.089046
0.054252
0.088821
0.064844
0.092427
0.077119
0.100392
0.092119
0.113712
0.111337
0.134104
0.137020
0.164475
0.172689
0.209714
0.223874
0.277694
0.298383
0.378532
0.400032
0.506999
0.462281
0.042317
-0.331367
-0.611075
-0.628473
-0.641697
-0.512971
-0.341394
-0.162405
-0.055051
-0.034880
-0.015764
-0.030744
-0.029690
-0.045464
-0.046403
-0.058057
-0.058632
-0.066549
-0.066792
-0.071948
-0.072110
-0.075332
-0.075545
-0.077456
-0.077739
-0.078798
-0.079115
-0.079646
-0.079951
-0.080175
-0.080433
-0.080492
-0.080685
-0.080661
-0.080789
-0.080727
-0.080798
-0.080718
-0.080747
-0.080653
-0.080659
-0.080545
-0.080549
-0.080402
-0.080428
-0.080227
-0.080306
-0.080018
-0.080192
-0.079769
-0.080095
-0.079474
-0.080024
-0.079121
-0.079991
-0.078697
-0.080005
-0.078189
-0.080075
-0.077585
-0.080207
-0.076871
-0.080409
-0.076034
-0.080685
-0.075059
-0.081046
-0.073927
-0.081503
-0.072605
0.130063
0.013823
0.113042
0.025240
0.101151
0.035311
0.093510
0.044897
0.089670
0.054713
0.089524
0.065459
0.093280
0.077957
0.101513
0.093309
0.115308
0.113121
0.136583
0.139899
0.168725
0.177760
0.217829
0.233753
0.295036
0.319889
0.419257
0.453142
0.604414
0.598722
0.153023
-0.226107
-0.486453
-0.506044
-0.553479
-0.461778
-0.344480
-0.135542
-0.003455
-0.012059
0.004569
-0.020170
-0.021161
-0.040519
-0.042541
-0.055654
-0.056735
-0.065299
-0.065774
-0.071241
-0.071516
-0.074900
-0.075174
-0.077176
-0.077497
-0.078609
-0.078953
-0.079516
-0.079842
-0.080086
-0.080359
-0.080430
-0.080635
-0.080620
-0.080755
-0.080699
-0.080776
-0.080699
-0.080732
-0.080640
-0.080649
-0.080536
-0.080542
-0.080396
-0.080423
-0.080222
-0.080302
-0.080013
-0.080189
-0.079765
-0.080092
-0.079469
-0.080022
-0.079115
-0.079990
-0.078690
-0.080004
-0.078181
-0.080074
-0.077574
-0.080207
-0.076857
-0.080410
-0.076017
-0.080688
-0.075039
-0.081050
-0.073901
-0.081509
-0.072575
0.130063
0.013823
0.113042
0.025240
0.101151
0.035311
0.093510
0.044897
0.089670
0.054713
0.089524
0.065459
0.093280
0.077957
0.101513
0.093309
0.115308
0.113121
0.136583
0.139899
0.168725
0.177760
0.217829
0.233753
0.295036
0.319889
0.419257
0.453142
0.604414
0.598722
0.153023
-0.226107
-0.486453
-0.506044
-0.553479
-0.461778
-0.344480
-0.135542
-0.003455
-0.012059
0.004569
-0.020170
-0.021161
-0.040519
-0.042541
-0.055654
-0.056735
-0.065299
-0.065774
-0.071241
-0.071516
-0.074900
-0.075174
-0.077176
-0.077497
-0.078609
-0.078953
-0.079516
-0.079842
-0.080086
-0.080359
-0.080430
-0.080635
-0.080620
-0.080755
-0.080699
-0.080776
-0.080699
-0.080732
-0.080640
-0.080649
-0.080536
-0.080542
-0.080396
-0.080423
-0.080222
-0.080302
-0.080013
-0.080189
-0.079765
-0.080092
-0.079469
-0.080022
-0.079115
-0.079990
-0.078690
-0.080004
-0.078181
-0.080074
-0.077574
-0.080207
-0.076857
-0.080410
-0.076017
-0.080688
-0.075039
-0.081050
-0.073901
-0.081509
-0.072575
0.129298
0.013731
0.112376
0.025067
0.100539
0.035056
0.092913
0.044550
0.089046
0.054252
0.088821
0.064844
0.092427
0.077119
0.100392
0.092119
0.113712
0.111337
0.134104
0.137020
0.164475
0.172689
0.209714
0.223874
0.277694
0.298383
0.378532
0.400032
0.506999
0.462281
0.042317
-0.331367
-0.611075
-0.628473
-0.641697
-0.512971
-0.341394
-0.162405
-0.055051
-0.034880
-0.015764
-0.030744
-0.029690
-0.045464
-0.046403
-0.058057
-0.058632
-0.066549
-0.066792
-0.071948
-0.072110
-0.075332
-0.075545
-0.077456
-0.077739
-0.078798
-0.079115
-0.079646
-0.079951
-0.080175
-0.080433
-0.080492
-0.080685
-0.080661
-0.080789
-0.080727
-0.080798
-0.080718
-0.080747
-0.080653
-0.080659
-0.080545
-0.080549
-0.080402
-0.080428
-0.080227
-0.080306
-0.080018
-0.080192
-0.079769
-0.080095
-0.079474
-0.080024
-0.079121
-0.079991
-0.078697
-0.080005
-0.078189
-0.080075
-0.077585
-0.080207
-0.076871
-0.080409
-0.076034
-0.080685
-0.075059
-0.081046
-0.073927
-0.081503
-0.072605
0.127758
0.013534
0.111025
0.024690
0.099277
0.034489
0.091644
0.043756
0.087661
0.053156
0.087181
0.063320
0.090328
0.074954
0.097513
0.088948
0.109505
0.106513
0.127578
0.129346
0.153706
0.159805
0.190665
0.200800
0.241232
0.253678
0.302577
0.304435
0.336441
0.241306
-0.103256
-0.380861
-0.595414
-0.654355
-0.750941
-0.726422
-0.545483
-0.297557
-0.149371
-0.087980
-0.054472
-0.055085
-0.048183
-0.057753
-0.055868
-0.064531
-0.063669
-0.070056
-0.069544
-0.073887
-0.073642
-0.076423
-0.076409
-0.078080
-0.078234
-0.079160
-0.079403
-0.079862
-0.080122
-0.080308
-0.080538
-0.080576
-0.080752
-0.080717
-0.080833
-0.080765
-0.080829
-0.080744
-0.080769
-0.080672
-0.080675
-0.080559
-0.080561
-0.080413
-0.080437
-0.080236
-0.080313
-0.080026
-0.080198
-0.079778
-0.080100
-0.079484
-0.080029
-0.079132
-0.079995
-0.078711
-0.080008
-0.078207
-0.080076
-0.077607
-0.080206
-0.076898
-0.080406
-0.076068
-0.080680
-0.075101
-0.081037
-0.073977
-0.081490
-0.072667
0.125500
0.013265
0.109061
0.024181
0.097476
0.033744
0.089891
0.042748
0.085839
0.051826
0.085149
0.061563
0.087893
0.072588
0.094377
0.085655
0.105162
0.101706
0.121094
0.121888
0.143234
0.147354
0.172311
0.178208
0.206330
0.208983
0.230918
0.209200
0.178453
0.037093
-0.357571
-0.686751
-0.871027
-0.970886
-1.085538
-1.021315
-0.765841
-0.432740
-0.233539
-0.139974
-0.091078
-0.078201
-0.065223
-0.068671
-0.064224
-0.070032
-0.068059
-0.073054
-0.072039
-0.075661
-0.075166
-0.077551
-0.077394
-0.078834
-0.078892
-0.079679
-0.079850
-0.080223
-0.080428
-0.080558
-0.080747
-0.080749
-0.080894
-0.080835
-0.080929
-0.080845
-0.080893
-0.080799
-0.080812
-0.080709
-0.080704
-0.080585
-0.080581
-0.080432
-0.080452
-0.080251
-0.080325
-0.080039
-0.080207
-0.079791
-0.080107
-0.079498
-0.080035
-0.079149
-0.080000
-0.078731
-0.080011
-0.078233
-0.080077
-0.077639
-0.080205
-0.076939
-0.080402
-0.076118
-0.080672
-0.075163
-0.081024
-0.074053
-0.081471
-0.072759
0.122496
0.012884
0.106427
0.023455
0.095023
0.032658
0.087439
0.041235
0.083190
0.049758
0.082051
0.058720
0.083991
0.068608
0.089133
0.079940
0.097710
0.093245
0.109972
0.108927
0.125884
0.126761
0.144142
0.144297
0.159151
0.151777
0.151493
0.115575
0.055349
-0.075041
-0.408651
-0.773223
-1.042894
-1.177145
-1.199011
-1.015961
-0.731012
-0.440613
-0.272982
-0.181806
-0.129973
-0.107776
-0.089223
-0.085985
-0.077991
-0.079880
-0.075891
-0.078658
-0.076509
-0.078868
-0.077729
-0.079397
-0.078870
-0.079907
-0.079749
-0.080312
-0.080355
-0.080604
-0.080731
-0.080795
-0.080934
-0.080900
-0.081014
-0.080936
-0.081009
-0.080914
-0.080948
-0.080847
-0.080851
-0.080744
-0.080733
-0.080611
-0.080603
-0.080452
-0.080469
-0.080268
-0.080338
-0.080055
-0.080218
-0.079807
-0.080116
-0.079516
-0.080043
-0.079171
-0.080006
-0.078759
-0.080016
-0.078267
-0.080079
-0.077682
-0.080204
-0.076993
-0.080396
-0.076185
-0.080661
-0.075245
-0.081006
-0.074153
-0.081445
-0.072880
0.118851
0.012455
0.103259
0.022648
0.092128
0.031481
0.084641
0.039656
0.080313
0.047700
0.078896
0.056047
0.080301
0.065097
0.084540
0.075220
0.091643
0.086696
0.101505
0.099488
0.113464
0.112629
0.125229
0.122595
0.130097
0.119147
0.109940
0.075345
0.018245
-0.070567
-0.258525
-0.464523
-0.658997
-0.765816
-0.779645
-0.669607
-0.515773
-0.354632
-0.252654
-0.184854
-0.141252
-0.118368
-0.099416
-0.093568
-0.084667
-0.084688
-0.080126
-0.081737
-0.079267
-0.080922
-0.079589
-0.080822
-0.080158
-0.080919
-0.080651
-0.081036
-0.080988
-0.081121
-0.081173
-0.081160
-0.081240
-0.081155
-0.081223
-0.081111
-0.081151
-0.081034
-0.081044
-0.080928
-0.080916
-0.080799
-0.080778
-0.080650
-0.080634
-0.080481
-0.080491
-0.080290
-0.080355
-0.080075
-0.080231
-0.079827
-0.080128
-0.079539
-0.080052
-0.079198
-0.080014
-0.078792
-0.080021
-0.078309
-0.080082
-0.077736
-0.080203
-0.077060
-0.080390
-0.076268
-0.080648
-0.075347
-0.080985
-0.074278
-0.081414
-0.073032
0.114524
0.011917
0.099471
0.021626
0.088616
0.029962
0.081163
0.037562
0.076608
0.044874
0.074647
0.052229
0.075080
0.059871
0.077735
0.067932
0.082339
0.076320
0.088304
0.084416
0.094229
0.090396
0.096816
0.089702
0.088467
0.071758
0.052290
0.013778
-0.046785
-0.126318
-0.265571
-0.408124
-0.532418
-0.594193
-0.607519
-0.543077
-0.450648
-0.343920
-0.267005
-0.207241
-0.165709
-0.139644
-0.118458
-0.108515
-0.097322
-0.094244
-0.088043
-0.087606
-0.084079
-0.084456
-0.082468
-0.082930
-0.081866
-0.082176
-0.081664
-0.081792
-0.081594
-0.081583
-0.081542
-0.081451
-0.081471
-0.081344
-0.081373
-0.081238
-0.081252
-0.081121
-0.081114
-0.080990
-0.080967
-0.080845
-0.080815
-0.080684
-0.080662
-0.080508
-0.080513
-0.080314
-0.080373
-0.080097
-0.080246
-0.079850
-0.080141
-0.079565
-0.080063
-0.079230
-0.080023
-0.078832
-0.080028
-0.078359
-0.080085
-0.077799
-0.080201
-0.077139
-0.080382
-0.076367
-0.080632
-0.075469
-0.080960
-0.074426
-0.081377
-0.073211
0.109657
0.011354
0.095244
0.020572
0.084772
0.028438
0.077480
0.035540
0.072878
0.042281
0.070646
0.048937
0.070547
0.055682
0.072330
0.062549
0.075612
0.069309
0.079642
0.075186
0.082871
0.078269
0.082071
0.074387
0.070715
0.055152
0.036427
0.005528
-0.041107
-0.095734
-0.181610
-0.264867
-0.348091
-0.393388
-0.410057
-0.379732
-0.333244
-0.272792
-0.225882
-0.185829
-0.155898
-0.135642
-0.118281
-0.109443
-0.099473
-0.096210
-0.090403
-0.089532
-0.086114
-0.086089
-0.084097
-0.084243
-0.083123
-0.083200
-0.082609
-0.082570
-0.082287
-0.082160
-0.082041
-0.081868
-0.081823
-0.081640
-0.081617
-0.081444
-0.081419
-0.081263
-0.081228
-0.081087
-0.081044
-0.080911
-0.080868
-0.080731
-0.080699
-0.080542
-0.080540
-0.080342
-0.080394
-0.080122
-0.080263
-0.079877
-0.080155
-0.079595
-0.080076
-0.079266
-0.080033
-0.078878
-0.080035
-0.078417
-0.080088
-0.077872
-0.080199
-0.077230
-0.080372
-0.076481
-0.080614
-0.075609
-0.080930
-0.074597
-0.081333
-0.073419
0.104200
0.010691
0.090473
0.019320
0.080377
0.026595
0.073178
0.033031
0.068378
0.038951
0.065608
0.044535
0.064541
0.049821
0.064786
0.054658
0.065746
0.058562
0.066392
0.060443
0.064853
0.058087
0.057707
0.047301
0.038875
0.020732
-0.001624
-0.032883
-0.077071
-0.125726
-0.193523
-0.255015
-0.313073
-0.342775
-0.356104
-0.337158
-0.307762
-0.265498
-0.229579
-0.195703
-0.168663
-0.148250
-0.130604
-0.119850
-0.108823
-0.103617
-0.096803
-0.094432
-0.090255
-0.089198
-0.086686
-0.086169
-0.084708
-0.084381
-0.083572
-0.083296
-0.082874
-0.082614
-0.082404
-0.082159
-0.082055
-0.081832
-0.081770
-0.081575
-0.081524
-0.081355
-0.081302
-0.081153
-0.081098
-0.080959
-0.080907
-0.080768
-0.080730
-0.080572
-0.080564
-0.080368
-0.080414
-0.080148
-0.080280
-0.079905
-0.080170
-0.079628
-0.080089
-0.079307
-0.080044
-0.078929
-0.080042
-0.078482
-0.080091
-0.077954
-0.080196
-0.077334
-0.080362
-0.076609
-0.080593
-0.075767
-0.080897
-0.074790
-0.081285
-0.073653
0.098316
0.010025
0.085370
0.018082
0.075759
0.024820
0.068801
0.030707
0.064020
0.036026
0.061051
0.040916
0.059555
0.045377
0.059118
0.049221
0.059126
0.051952
0.058576
0.052543
0.055759
0.049076
0.047809
0.038231
0.030133
0.014826
-0.003795
-0.027838
-0.060748
-0.094841
-0.140464
-0.180181
-0.221055
-0.243841
-0.257584
-0.250507
-0.236860
-0.213128
-0.191675
-0.170053
-0.151715
-0.137362
-0.124194
-0.115978
-0.107135
-0.102822
-0.097056
-0.094887
-0.091196
-0.090080
-0.087766
-0.087112
-0.085699
-0.085229
-0.084393
-0.083996
-0.083514
-0.083159
-0.082882
-0.082566
-0.082399
-0.082126
-0.082013
-0.081782
-0.081692
-0.081498
-0.081417
-0.081251
-0.081176
-0.081027
-0.080962
-0.080816
-0.080768
-0.080609
-0.080593
-0.080398
-0.080436
-0.080177
-0.080299
-0.079935
-0.080186
-0.079664
-0.080103
-0.079351
-0.080056
-0.078985
-0.080051
-0.078553
-0.080095
-0.078045
-0.080193
-0.077448
-0.080350
-0.076752
-0.080570
-0.075943
-0.080860
-0.075005
-0.081231
-0.073913
0.091953
0.009273
0.079817
0.016672
0.070679
0.022766
0.063894
0.027951
0.058989
0.032440
0.055570
0.036290
0.053240
0.039403
0.051498
0.041472
0.049619
0.041872
0.046492
0.039470
0.040369
0.032363
0.028566
0.017581
0.007219
-0.008988
-0.028423
-0.051754
-0.081917
-0.112141
-0.149623
-0.180912
-0.211880
-0.228632
-0.239619
-0.235195
-0.226283
-0.208840
-0.192035
-0.173837
-0.157599
-0.143858
-0.131097
-0.122176
-0.113027
-0.107676
-0.101426
-0.098321
-0.094189
-0.092365
-0.089713
-0.088578
-0.086927
-0.086152
-0.085155
-0.084576
-0.083986
-0.083528
-0.083180
-0.082807
-0.082593
-0.082289
-0.082143
-0.081895
-0.081782
-0.081579
-0.081482
-0.081311
-0.081224
-0.081072
-0.080998
-0.080851
-0.080796
-0.080638
-0.080616
-0.080425
-0.080456
-0.080204
-0.080317
-0.079967
-0.080202
-0.079702
-0.080117
-0.079399
-0.080068
-0.079046
-0.080059
-0.078631
-0.080098
-0.078144
-0.080189
-0.077573
-0.080337
-0.076907
-0.080545
-0.076135
-0.080820
-0.075239
-0.081172
-0.074197
0.085282
0.008537
0.074035
0.015310
0.065476
0.020834
0.059017
0.025458
0.054219
0.029362
0.050712
0.032582
0.048111
0.035012
0.045939
0.036358
0.043526
0.036061
0.039886
0.033162
0.033557
0.026148
0.022456
0.012844
0.003865
-0.009442
-0.025086
-0.043055
-0.065773
-0.087750
-0.114653
-0.136719
-0.159730
-0.173251
-0.183706
-0.183813
-0.180949
-0.171778
-0.162239
-0.151160
-0.140612
-0.131494
-0.122463
-0.116110
-0.109196
-0.105116
-0.100135
-0.097581
-0.094130
-0.092496
-0.090178
-0.089064
-0.087546
-0.086726
-0.085753
-0.085110
-0.084492
-0.083972
-0.083576
-0.083152
-0.082887
-0.082544
-0.082354
-0.082077
-0.081930
-0.081706
-0.081583
-0.081398
-0.081294
-0.081132
-0.081046
-0.080894
-0.080831
-0.080671
-0.080642
-0.080454
-0.080476
-0.080233
-0.080335
-0.079999
-0.080218
-0.079742
-0.080132
-0.079449
-0.080080
-0.079111
-0.080068
-0.078715
-0.080102
-0.078251
-0.080185
-0.077708
-0.080322
-0.077075
-0.080518
-0.076342
-0.080777
-0.075493
-0.081109
-0.074505
0.078250
0.007731
0.067910
0.013811
0.059912
0.018674
0.053716
0.022606
0.048899
0.025727
0.045080
0.028014
0.041849
0.029296
0.038691
0.029221
0.034902
0.027184
0.029496
0.022242
0.021103
0.013017
0.007914
-0.002286
-0.012189
-0.025607
-0.041048
-0.058116
-0.078736
-0.098308
-0.121057
-0.139342
-0.157858
-0.168673
-0.177283
-0.177807
-0.176112
-0.169130
-0.161478
-0.152063
-0.142758
-0.134214
-0.125682
-0.119161
-0.112294
-0.107742
-0.102613
-0.099556
-0.095913
-0.093864
-0.091375
-0.089964
-0.088315
-0.087302
-0.086235
-0.085477
-0.084794
-0.084210
-0.083768
-0.083311
-0.083014
-0.082654
-0.082441
-0.082156
-0.081992
-0.081764
-0.081629
-0.081441
-0.081329
-0.081166
-0.081073
-0.080921
-0.080853
-0.080695
-0.080661
-0.080478
-0.080493
-0.080260
-0.080351
-0.080032
-0.080234
-0.079783
-0.080146
-0.079503
-0.080092
-0.079180
-0.080077
-0.078805
-0.080105
-0.078365
-0.080181
-0.077852
-0.080307
-0.077256
-0.080489
-0.076564
-0.080731
-0.075764
-0.081041
-0.074834
0.071025
0.006953
0.061653
0.012383
0.054311
0.016669
0.048523
0.020055
0.043909
0.022638
0.040124
0.024387
0.036792
0.025146
0.033450
0.024603
0.029484
0.022252
0.024063
0.017338
0.016100
0.008827
0.004253
-0.004530
-0.012894
-0.023912
-0.036341
-0.049746
-0.065673
-0.080536
-0.097725
-0.111574
-0.126020
-0.135155
-0.143107
-0.145484
-0.146310
-0.143298
-0.139426
-0.134084
-0.128333
-0.122944
-0.117151
-0.112714
-0.107730
-0.104408
-0.100477
-0.098079
-0.095146
-0.093413
-0.091310
-0.090025
-0.088560
-0.087578
-0.086575
-0.085806
-0.085124
-0.084514
-0.084045
-0.083560
-0.083228
-0.082843
-0.082597
-0.082293
-0.082102
-0.081859
-0.081705
-0.081507
-0.081380
-0.081211
-0.081108
-0.080954
-0.080878
-0.080722
-0.080680
-0.080503
-0.080510
-0.080287
-0.080366
-0.080065
-0.080248
-0.079825
-0.080160
-0.079558
-0.080104
-0.079253
-0.080085
-0.078898
-0.080108
-0.078486
-0.080175
-0.078005
-0.080291
-0.077446
-0.080458
-0.076800
-0.080681
-0.076052
-0.080969
-0.075184
0.063560
0.006125
0.055160
0.010853
0.048453
0.014491
0.043017
0.017227
0.038499
0.019108
0.034559
0.020066
0.030822
0.019908
0.026821
0.018302
0.021956
0.014749
0.015450
0.008551
0.006338
-0.001171
-0.006474
-0.015377
-0.024006
-0.034794
-0.046725
-0.059311
-0.073748
-0.087091
-0.101951
-0.113855
-0.125966
-0.133682
-0.140412
-0.142626
-0.143568
-0.141271
-0.138117
-0.133526
-0.128446
-0.123443
-0.118056
-0.113654
-0.108843
-0.105361
-0.101464
-0.098849
-0.095889
-0.093960
-0.091812
-0.090383
-0.088875
-0.087801
-0.086765
-0.085944
-0.085236
-0.084601
-0.084114
-0.083619
-0.083273
-0.082886
-0.082629
-0.082326
-0.082126
-0.081885
-0.081724
-0.081527
-0.081395
-0.081228
-0.081122
-0.080970
-0.080890
-0.080738
-0.080692
-0.080522
-0.080522
-0.080312
-0.080379
-0.080097
-0.080262
-0.079868
-0.080173
-0.079615
-0.080116
-0.079328
-0.080094
-0.078997
-0.080111
-0.078613
-0.080170
-0.078165
-0.080274
-0.077647
-0.080425
-0.077048
-0.080630
-0.076356
-0.080894
-0.075552
0.056006
0.005332
0.048622
0.009407
0.042629
0.012481
0.037672
0.014703
0.033446
0.016109
0.029655
0.016627
0.025970
0.016091
0.021988
0.014220
0.017204
0.010611
0.010990
0.004729
0.002602
-0.004063
-0.008742
-0.016395
-0.023687
-0.032649
-0.042390
-0.052539
-0.064023
-0.074595
-0.086318
-0.095856
-0.105706
-0.112456
-0.118630
-0.121624
-0.123677
-0.123375
-0.122249
-0.119988
-0.117091
-0.114136
-0.110639
-0.107765
-0.104392
-0.101929
-0.099029
-0.097035
-0.094712
-0.093132
-0.091359
-0.090109
-0.088800
-0.087806
-0.086858
-0.086065
-0.085383
-0.084751
-0.084257
-0.083755
-0.083391
-0.082994
-0.082717
-0.082404
-0.082187
-0.081938
-0.081764
-0.081563
-0.081421
-0.081252
-0.081139
-0.080987
-0.080902
-0.080753
-0.080702
-0.080539
-0.080532
-0.080334
-0.080390
-0.080127
-0.080274
-0.079910
-0.080185
-0.079673
-0.080127
-0.079406
-0.080101
-0.079099
-0.080113
-0.078744
-0.080163
-0.078333
-0.080255
-0.077857
-0.080391
-0.077307
-0.080576
-0.076673
-0.080815
-0.075937
0.048325
0.004507
0.041949
0.007894
0.036648
0.010353
0.032123
0.011983
0.028101
0.012784
0.024307
0.012660
0.020426
0.011429
0.016076
0.008811
0.010788
0.004430
0.003999
-0.002182
-0.004914
-0.011539
-0.016557
-0.024078
-0.031333
-0.039937
-0.049149
-0.058613
-0.069039
-0.078601
-0.088906
-0.097307
-0.105798
-0.111690
-0.117031
-0.119736
-0.121613
-0.121485
-0.120593
-0.118647
-0.116097
-0.113376
-0.110171
-0.107395
-0.104219
-0.101752
-0.098970
-0.096928
-0.094672
-0.093040
-0.091305
-0.090018
-0.088731
-0.087721
-0.086786
-0.085992
-0.085318
-0.084694
-0.084205
-0.083714
-0.083352
-0.082966
-0.082690
-0.082386
-0.082169
-0.081928
-0.081753
-0.081557
-0.081415
-0.081250
-0.081136
-0.080989
-0.080902
-0.080760
-0.080705
-0.080552
-0.080538
-0.080354
-0.080399
-0.080158
-0.080285
-0.079954
-0.080197
-0.079733
-0.080138
-0.079486
-0.080110
-0.079205
-0.080115
-0.078881
-0.080156
-0.078507
-0.080236
-0.078075
-0.080356
-0.077577
-0.080520
-0.077003
-0.080734
-0.076338
0.040645
0.003720
0.035304
0.006469
0.030755
0.008389
0.026763
0.009550
0.023108
0.009938
0.019560
0.009465
0.015853
0.007973
0.011670
0.005234
0.006628
0.000949
0.000286
-0.005230
-0.007822
-0.013660
-0.018113
-0.024605
-0.030812
-0.038073
-0.045750
-0.053589
-0.062133
-0.069998
-0.078435
-0.085464
-0.092616
-0.097897
-0.102813
-0.105834
-0.108212
-0.109113
-0.109333
-0.108722
-0.107504
-0.106075
-0.104130
-0.102414
-0.100272
-0.098582
-0.096567
-0.095047
-0.093315
-0.092009
-0.090603
-0.089508
-0.088410
-0.087504
-0.086667
-0.085926
-0.085294
-0.084694
-0.084216
-0.083736
-0.083371
-0.082988
-0.082705
-0.082401
-0.082176
-0.081934
-0.081754
-0.081558
-0.081412
-0.081248
-0.081131
-0.080988
-0.080899
-0.080762
-0.080704
-0.080559
-0.080540
-0.080370
-0.080403
-0.080185
-0.080291
-0.079995
-0.080205
-0.079791
-0.080146
-0.079566
-0.080115
-0.079312
-0.080115
-0.079021
-0.080148
-0.078685
-0.080215
-0.078299
-0.080319
-0.077855
-0.080462
-0.077343
-0.080649
-0.076751
0.032941
0.002917
0.028617
0.005007
0.024795
0.006356
0.021297
0.006992
0.017939
0.006873
0.014518
0.005898
0.010793
0.003902
0.006476
0.000670
0.001228
-0.004067
-0.005329
-0.010601
-0.013567
-0.019201
-0.023781
-0.030016
-0.036064
-0.042934
-0.050136
-0.057409
-0.065189
-0.072342
-0.079851
-0.086142
-0.092426
-0.097130
-0.101458
-0.104193
-0.106339
-0.107220
-0.107481
-0.106988
-0.105943
-0.104654
-0.102912
-0.101302
-0.099341
-0.097719
-0.095849
-0.094371
-0.092749
-0.091476
-0.090153
-0.089090
-0.088054
-0.087182
-0.086389
-0.085682
-0.085082
-0.084514
-0.084059
-0.083605
-0.083255
-0.082895
-0.082621
-0.082334
-0.082116
-0.081887
-0.081711
-0.081524
-0.081381
-0.081226
-0.081111
-0.080974
-0.080886
-0.080757
-0.080697
-0.080564
-0.080539
-0.080385
-0.080407
-0.080212
-0.080299
-0.080037
-0.080215
-0.079853
-0.080156
-0.079651
-0.080123
-0.079424
-0.080117
-0.079166
-0.080141
-0.078870
-0.080195
-0.078531
-0.080282
-0.078142
-0.080403
-0.077695
-0.080564
-0.077178
0.025314
0.002152
0.022016
0.003630
0.018963
0.004475
0.016035
0.004688
0.013099
0.004217
0.009996
0.002968
0.006534
0.000801
0.002481
-0.002461
-0.002429
-0.007026
-0.008482
-0.013108
-0.015946
-0.020883
-0.025010
-0.030420
-0.035690
-0.041576
-0.047717
-0.053889
-0.060447
-0.066516
-0.072864
-0.078300
-0.083748
-0.088036
-0.092045
-0.094882
-0.097247
-0.098659
-0.099534
-0.099805
-0.099566
-0.099080
-0.098155
-0.097257
-0.096012
-0.094951
-0.093644
-0.092575
-0.091359
-0.090364
-0.089313
-0.088428
-0.087561
-0.086799
-0.086104
-0.085463
-0.084914
-0.084384
-0.083953
-0.083522
-0.083182
-0.082835
-0.082564
-0.082286
-0.082069
-0.081846
-0.081671
-0.081490
-0.081347
-0.081197
-0.081083
-0.080952
-0.080864
-0.080744
-0.080682
-0.080560
-0.080530
-0.080392
-0.080404
-0.080233
-0.080300
-0.080074
-0.080219
-0.079909
-0.080161
-0.079731
-0.080126
-0.079534
-0.080115
-0.079311
-0.080130
-0.079056
-0.080172
-0.078766
-0.080242
-0.078433
-0.080341
-0.078052
-0.080475
-0.077612
0.017748
0.001384
0.015453
0.002243
0.013143
0.002567
0.010752
0.002321
0.008184
0.001434
0.005310
-0.000198
0.001966
-0.002714
-0.002046
-0.006279
-0.006953
-0.011073
-0.012984
-0.017268
-0.020340
-0.024986
-0.029133
-0.034232
-0.039306
-0.044812
-0.050551
-0.056255
-0.062248
-0.067786
-0.073492
-0.078407
-0.083264
-0.087134
-0.090716
-0.093304
-0.095454
-0.096783
-0.097626
-0.097928
-0.097776
-0.097373
-0.096590
-0.095789
-0.094697
-0.093728
-0.092564
-0.091578
-0.090486
-0.089566
-0.088617
-0.087802
-0.087015
-0.086315
-0.085682
-0.085096
-0.084593
-0.084110
-0.083713
-0.083318
-0.083003
-0.082685
-0.082433
-0.082176
-0.081972
-0.081765
-0.081599
-0.081431
-0.081295
-0.081155
-0.081045
-0.080924
-0.080839
-0.080728
-0.080667
-0.080557
-0.080523
-0.080402
-0.080403
-0.080258
-0.080305
-0.080116
-0.080227
-0.079971
-0.080170
-0.079818
-0.080133
-0.079650
-0.080117
-0.079462
-0.080123
-0.079249
-0.080152
-0.079008
-0.080204
-0.078733
-0.080282
-0.078419
-0.080388
-0.078058
0.010321
0.000653
0.009023
0.000934
0.007478
0.000793
0.005675
0.000169
0.003564
-0.001015
0.001058
-0.002860
-0.001967
-0.005485
-0.005659
-0.009025
-0.010186
-0.013619
-0.015714
-0.019392
-0.022376
-0.026416
-0.030224
-0.034666
-0.039178
-0.043957
-0.048963
-0.053902
-0.059085
-0.063900
-0.068855
-0.073204
-0.077513
-0.081079
-0.084419
-0.087008
-0.089239
-0.090832
-0.092012
-0.092746
-0.093075
-0.093164
-0.092901
-0.092565
-0.091954
-0.091380
-0.090613
-0.089934
-0.089145
-0.088449
-0.087714
-0.087055
-0.086412
-0.085818
-0.085275
-0.084758
-0.084311
-0.083873
-0.083508
-0.083145
-0.082849
-0.082552
-0.082311
-0.082070
-0.081875
-0.081679
-0.081520
-0.081360
-0.081230
-0.081099
-0.080993
-0.080881
-0.080798
-0.080698
-0.080636
-0.080540
-0.080502
-0.080400
-0.080390
-0.080271
-0.080299
-0.080148
-0.080225
-0.080025
-0.080170
-0.079897
-0.080132
-0.079759
-0.080112
-0.079608
-0.080109
-0.079439
-0.080126
-0.079248
-0.080161
-0.079032
-0.080217
-0.078787
-0.080295
-0.078505
0.003027
-0.000069
0.002698
-0.000363
0.001892
-0.000974
0.000648
-0.001994
-0.001047
-0.003517
-0.003253
-0.005648
-0.006061
-0.008505
-0.009593
-0.012210
-0.013978
-0.016885
-0.019339
-0.022626
-0.025762
-0.029473
-0.033252
-0.037369
-0.041690
-0.046116
-0.050793
-0.055341
-0.060096
-0.064500
-0.068994
-0.072954
-0.076841
-0.080091
-0.083114
-0.085495
-0.087544
-0.089043
-0.090169
-0.090897
-0.091268
-0.091409
-0.091244
-0.090991
-0.090504
-0.090023
-0.089384
-0.088800
-0.088129
-0.087525
-0.086894
-0.086318
-0.085761
-0.085241
-0.084767
-0.084314
-0.083920
-0.083535
-0.083211
-0.082890
-0.082625
-0.082360
-0.082143
-0.081926
-0.081748
-0.081571
-0.081425
-0.081280
-0.081160
-0.081041
-0.080942
-0.080841
-0.080762
-0.080674
-0.080613
-0.080531
-0.080489
-0.080406
-0.080386
-0.080293
-0.080301
-0.080188
-0.080232
-0.080087
-0.080179
-0.079985
-0.080139
-0.079878
-0.080114
-0.079763
-0.080103
-0.079637
-0.080107
-0.079497
-0.080125
-0.079341
-0.080158
-0.079164
-0.080208
-0.078963
-0.004084
-0.000759
-0.003461
-0.001592
-0.003523
-0.002629
-0.004177
-0.003983
-0.005400
-0.005757
-0.007212
-0.008053
-0.009670
-0.010976
-0.012854
-0.014627
-0.016851
-0.019102
-0.021739
-0.024469
-0.027558
-0.030748
-0.034284
-0.037874
-0.041794
-0.045673
-0.049840
-0.053839
-0.058046
-0.061946
-0.065935
-0.069498
-0.073011
-0.076027
-0.078861
-0.081195
-0.083254
-0.084872
-0.086174
-0.087140
-0.087793
-0.088229
-0.088389
-0.088435
-0.088263
-0.088052
-0.087688
-0.087327
-0.086877
-0.086447
-0.085980
-0.085535
-0.085095
-0.084671
-0.084278
-0.083893
-0.083553
-0.083217
-0.082929
-0.082643
-0.082403
-0.082164
-0.081966
-0.081769
-0.081604
-0.081443
-0.081308
-0.081176
-0.081065
-0.080957
-0.080866
-0.080776
-0.080702
-0.080625
-0.080567
-0.080499
-0.080455
-0.080391
-0.080362
-0.080296
-0.080286
-0.080212
-0.080223
-0.080134
-0.080172
-0.080059
-0.080133
-0.079984
-0.080104
-0.079907
-0.080086
-0.079826
-0.080077
-0.079738
-0.080078
-0.079642
-0.080089
-0.079535
-0.080111
-0.079415
-0.011002
-0.001430
-0.009461
-0.002789
-0.008804
-0.004246
-0.008895
-0.005941
-0.009677
-0.007988
-0.011142
-0.010496
-0.013323
-0.013564
-0.016271
-0.017289
-0.020043
-0.021752
-0.024684
-0.027006
-0.030202
-0.033053
-0.036544
-0.039819
-0.043568
-0.047129
-0.051030
-0.054701
-0.058581
-0.062154
-0.065801
-0.069064
-0.072266
-0.075036
-0.077631
-0.079794
-0.081706
-0.083235
-0.084480
-0.085428
-0.086098
-0.086567
-0.086795
-0.086908
-0.086833
-0.086707
-0.086450
-0.086181
-0.085835
-0.085495
-0.085125
-0.084764
-0.084407
-0.084058
-0.083733
-0.083412
-0.083128
-0.082845
-0.082601
-0.082358
-0.082152
-0.081947
-0.081774
-0.081603
-0.081459
-0.081318
-0.081198
-0.081083
-0.080983
-0.080888
-0.080806
-0.080728
-0.080660
-0.080596
-0.080540
-0.080486
-0.080440
-0.080395
-0.080357
-0.080318
-0.080288
-0.080254
-0.080231
-0.080198
-0.080182
-0.080149
-0.080142
-0.080105
-0.080109
-0.080065
-0.080082
-0.080028
-0.080060
-0.079991
-0.080044
-0.079954
-0.080033
-0.079917
-0.080027
-0.079878
-0.017707
-0.002074
-0.015275
-0.003932
-0.013906
-0.005776
-0.013423
-0.007765
-0.013732
-0.010026
-0.014796
-0.012661
-0.016615
-0.015766
-0.019210
-0.019422
-0.022605
-0.023698
-0.026813
-0.028631
-0.031814
-0.034217
-0.037539
-0.040386
-0.043850
-0.046990
-0.050532
-0.053796
-0.057293
-0.060500
-0.063796
-0.066767
-0.069700
-0.072283
-0.074726
-0.076820
-0.078705
-0.080275
-0.081602
-0.082673
-0.083502
-0.084143
-0.084569
-0.084871
-0.084999
-0.085053
-0.084983
-0.084873
-0.084685
-0.084477
-0.084232
-0.083976
-0.083715
-0.083447
-0.083193
-0.082934
-0.082702
-0.082466
-0.082261
-0.082054
-0.081877
-0.081700
-0.081549
-0.081401
-0.081274
-0.081152
-0.081046
-0.080946
-0.080858
-0.080777
-0.080704
-0.080639
-0.080578
-0.080528
-0.080475
-0.080437
-0.080390
-0.080365
-0.080320
-0.080309
-0.080261
-0.080266
-0.080211
-0.080235
-0.080167
-0.080215
-0.080128
-0.080204
-0.080093
-0.080203
-0.080059
-0.080210
-0.080026
-0.080226
-0.079994
-0.080251
-0.079961
-0.080284
-0.079928
-0.080327
-0.024172
-0.002690
-0.020882
-0.005026
-0.018828
-0.007242
-0.017794
-0.009523
-0.017656
-0.012003
-0.018351
-0.014793
-0.019859
-0.017984
-0.022177
-0.021655
-0.025305
-0.025864
-0.029231
-0.030645
-0.033912
-0.035986
-0.039262
-0.041816
-0.045135
-0.047994
-0.051322
-0.054311
-0.057556
-0.060500
-0.063537
-0.066270
-0.068970
-0.071358
-0.073619
-0.075574
-0.077341
-0.078832
-0.080108
-0.081155
-0.081990
-0.082651
-0.083125
-0.083478
-0.083680
-0.083806
-0.083822
-0.083792
-0.083693
-0.083567
-0.083405
-0.083227
-0.083040
-0.082841
-0.082651
-0.082454
-0.082274
-0.082089
-0.081926
-0.081761
-0.081617
-0.081473
-0.081349
-0.081228
-0.081122
-0.081020
-0.080931
-0.080848
-0.080773
-0.080706
-0.080643
-0.080591
-0.080536
-0.080499
-0.080449
-0.080427
-0.080377
-0.080372
-0.080318
-0.080334
-0.080267
-0.080311
-0.080223
-0.080302
-0.080182
-0.080308
-0.080142
-0.080328
-0.080102
-0.080364
-0.080059
-0.080415
-0.080014
-0.080481
-0.079965
-0.080565
-0.079910
-0.080666
-0.079849
-0.080789
-0.030410
-0.003287
-0.026296
-0.006081
-0.023576
-0.008647
-0.021994
-0.011188
-0.021397
-0.013848
-0.021697
-0.016739
-0.022848
-0.019947
-0.024822
-0.023545
-0.027595
-0.027585
-0.031132
-0.032094
-0.035372
-0.037059
-0.040220
-0.042422
-0.045536
-0.048063
-0.051132
-0.053811
-0.056781
-0.059447
-0.062230
-0.064740
-0.067239
-0.069472
-0.071606
-0.073485
-0.075207
-0.076694
-0.077998
-0.079101
-0.080019
-0.080776
-0.081365
-0.081835
-0.082165
-0.082410
-0.082550
-0.082632
-0.082644
-0.082616
-0.082548
-0.082453
-0.082342
-0.082212
-0.082082
-0.081940
-0.081807
-0.081667
-0.081541
-0.081412
-0.081298
-0.081183
-0.081083
-0.080985
-0.080900
-0.080818
-0.080745
-0.080679
-0.080618
-0.080566
-0.080514
-0.080477
-0.080430
-0.080408
-0.080363
-0.080358
-0.080308
-0.080325
-0.080263
-0.080308
-0.080225
-0.080308
-0.080190
-0.080326
-0.080155
-0.080361
-0.080118
-0.080415
-0.080076
-0.080490
-0.080028
-0.080586
-0.079973
-0.080706
-0.079909
-0.080850
-0.079834
-0.081021
-0.079746
-0.081226
-0.036365
-0.003845
-0.031463
-0.007068
-0.028101
-0.009962
-0.025992
-0.012751
-0.024957
-0.015589
-0.024886
-0.018591
-0.025714
-0.021845
-0.027396
-0.025421
-0.029887
-0.029369
-0.033134
-0.033713
-0.037061
-0.038441
-0.041562
-0.043499
-0.046494
-0.048778
-0.051677
-0.054126
-0.056899
-0.059352
-0.061937
-0.064257
-0.066578
-0.068657
-0.070651
-0.072417
-0.074045
-0.075466
-0.076724
-0.077804
-0.078719
-0.079489
-0.080110
-0.080619
-0.081004
-0.081307
-0.081515
-0.081664
-0.081748
-0.081790
-0.081792
-0.081764
-0.081717
-0.081649
-0.081576
-0.081488
-0.081403
-0.081309
-0.081223
-0.081132
-0.081051
-0.080967
-0.080893
-0.080821
-0.080756
-0.080694
-0.080638
-0.080589
-0.080541
-0.080503
-0.080461
-0.080437
-0.080397
-0.080387
-0.080345
-0.080355
-0.080304
-0.080339
-0.080270
-0.080341
-0.080239
-0.080360
-0.080209
-0.080399
-0.080177
-0.080460
-0.080139
-0.080544
-0.080093
-0.080654
-0.080037
-0.080792
-0.079969
-0.080961
-0.079887
-0.081162
-0.079791
-0.081401
-0.079676
-0.081682
-0.042096
-0.004395
-0.036443
-0.008037
-0.032467
-0.011246
-0.029847
-0.014265
-0.028378
-0.017257
-0.027930
-0.020339
-0.028416
-0.023599
-0.029772
-0.027103
-0.031936
-0.030899
-0.034837
-0.035012
-0.038388
-0.039434
-0.042477
-0.044120
-0.046966
-0.048982
-0.051690
-0.053893
-0.056463
-0.058700
-0.061094
-0.063235
-0.065400
-0.067348
-0.069233
-0.070922
-0.072495
-0.073890
-0.075144
-0.076240
-0.077193
-0.078011
-0.078696
-0.079272
-0.079735
-0.080114
-0.080404
-0.080629
-0.080791
-0.080904
-0.080976
-0.081013
-0.081026
-0.081014
-0.080991
-0.080950
-0.080908
-0.080853
-0.080803
-0.080745
-0.080693
-0.080638
-0.080589
-0.080540
-0.080496
-0.080455
-0.080417
-0.080386
-0.080352
-0.080331
-0.080301
-0.080293
-0.080262
-0.080269
-0.080233
-0.080261
-0.080211
-0.080269
-0.080194
-0.080294
-0.080177
-0.080338
-0.080159
-0.080404
-0.080134
-0.080495
-0.080100
-0.080614
-0.080055
-0.080763
-0.079995
-0.080947
-0.079918
-0.081168
-0.079823
-0.081429
-0.079708
-0.081736
-0.079569
-0.082097
-0.047501
-0.004893
-0.041134
-0.008914
-0.036568
-0.012410
-0.033454
-0.015638
-0.031567
-0.018773
-0.030759
-0.021935
-0.030928
-0.025214
-0.031994
-0.028677
-0.033880
-0.032371
-0.036502
-0.036323
-0.039762
-0.040529
-0.043541
-0.044949
-0.047701
-0.049508
-0.052082
-0.054095
-0.056512
-0.058575
-0.060817
-0.062807
-0.064835
-0.066661
-0.068437
-0.070035
-0.071535
-0.072874
-0.074090
-0.075165
-0.076112
-0.076937
-0.077644
-0.078250
-0.078754
-0.079178
-0.079520
-0.079800
-0.080019
-0.080190
-0.080320
-0.080413
-0.080480
-0.080520
-0.080546
-0.080552
-0.080552
-0.080539
-0.080524
-0.080500
-0.080478
-0.080451
-0.080427
-0.080401
-0.080377
-0.080355
-0.080333
-0.080317
-0.080296
-0.080289
-0.080268
-0.080271
-0.080247
-0.080267
-0.080233
-0.080275
-0.080224
-0.080299
-0.080216
-0.080341
-0.080206
-0.080403
-0.080192
-0.080489
-0.080169
-0.080603
-0.080134
-0.080750
-0.080083
-0.080933
-0.080014
-0.081156
-0.079925
-0.081423
-0.079814
-0.081738
-0.079677
-0.082109
-0.079512
-0.082544
-0.052705
-0.005398
-0.045663
-0.009802
-0.040541
-0.013582
-0.036960
-0.017014
-0.034672
-0.020281
-0.033513
-0.023509
-0.033363
-0.026786
-0.034128
-0.030181
-0.035717
-0.033742
-0.038034
-0.037497
-0.040972
-0.041449
-0.044408
-0.045569
-0.048209
-0.049796
-0.052224
-0.054039
-0.056299
-0.058188
-0.060280
-0.062124
-0.064026
-0.065739
-0.067421
-0.068943
-0.070385
-0.071685
-0.072879
-0.073946
-0.074901
-0.075745
-0.076482
-0.077124
-0.077673
-0.078143
-0.078537
-0.078868
-0.079139
-0.079362
-0.079542
-0.079684
-0.079797
-0.079882
-0.079949
-0.079995
-0.080032
-0.080053
-0.080070
-0.080077
-0.080083
-0.080083
-0.080082
-0.080080
-0.080077
-0.080076
-0.080072
-0.080075
-0.080070
-0.080079
-0.080072
-0.080092
-0.080079
-0.080115
-0.080089
-0.080150
-0.080101
-0.080199
-0.080112
-0.080266
-0.080119
-0.080354
-0.080118
-0.080469
-0.080105
-0.080614
-0.080076
-0.080796
-0.080028
-0.081018
-0.079957
-0.081286
-0.079861
-0.081605
-0.079739
-0.081979
-0.079586
-0.082416
-0.079397
-0.082929
-0.057534
-0.005833
-0.049854
-0.010567
-0.044196
-0.014592
-0.040161
-0.018199
-0.037484
-0.021580
-0.035986
-0.024865
-0.035535
-0.028145
-0.036025
-0.031489
-0.037353
-0.034950
-0.039413
-0.038558
-0.042090
-0.042320
-0.045258
-0.046215
-0.048781
-0.050192
-0.052516
-0.054174
-0.056317
-0.058066
-0.060042
-0.061766
-0.063563
-0.065179
-0.066778
-0.068230
-0.069614
-0.070870
-0.072033
-0.073082
-0.074032
-0.074879
-0.075632
-0.076296
-0.076876
-0.077382
-0.077816
-0.078190
-0.078508
-0.078778
-0.079005
-0.079193
-0.079352
-0.079481
-0.079589
-0.079675
-0.079748
-0.079805
-0.079853
-0.079890
-0.079922
-0.079947
-0.079968
-0.079986
-0.080001
-0.080017
-0.080027
-0.080044
-0.080050
-0.080071
-0.080072
-0.080103
-0.080095
-0.080142
-0.080118
-0.080191
-0.080140
-0.080254
-0.080159
-0.080335
-0.080171
-0.080439
-0.080172
-0.080571
-0.080159
-0.080737
-0.080127
-0.080943
-0.080073
-0.081196
-0.079993
-0.081500
-0.079884
-0.081860
-0.079745
-0.082285
-0.079571
-0.082780
-0.079358
-0.083361
-0.062206
-0.006298
-0.053929
-0.011381
-0.047776
-0.015663
-0.043323
-0.019453
-0.040284
-0.022950
-0.038467
-0.026288
-0.037727
-0.029563
-0.037944
-0.032845
-0.039007
-0.036188
-0.040798
-0.039628
-0.043198
-0.043177
-0.046078
-0.046824
-0.049304
-0.050531
-0.052741
-0.054234
-0.056252
-0.057857
-0.059711
-0.061312
-0.063003
-0.064520
-0.066034
-0.067414
-0.068739
-0.069949
-0.071080
-0.072107
-0.073047
-0.073893
-0.074654
-0.075333
-0.075934
-0.076465
-0.076930
-0.077336
-0.077688
-0.077992
-0.078255
-0.078479
-0.078673
-0.078836
-0.078977
-0.079096
-0.079199
-0.079286
-0.079362
-0.079426
-0.079484
-0.079533
-0.079578
-0.079618
-0.079654
-0.079690
-0.079719
-0.079755
-0.079778
-0.079817
-0.079832
-0.079880
-0.079885
-0.079949
-0.079934
-0.080026
-0.079980
-0.080117
-0.080020
-0.080225
-0.080051
-0.080357
-0.080068
-0.080519
-0.080068
-0.080717
-0.080045
-0.080959
-0.079995
-0.081251
-0.079916
-0.081599
-0.079803
-0.082011
-0.079655
-0.082492
-0.079467
-0.083053
-0.079233
-0.083708
-0.066438
-0.006667
-0.057600
-0.012029
-0.050969
-0.016516
-0.046106
-0.020448
-0.042713
-0.024034
-0.040585
-0.027411
-0.039567
-0.030678
-0.039532
-0.033909
-0.040357
-0.037159
-0.041920
-0.040470
-0.044094
-0.043858
-0.046747
-0.047321
-0.049745
-0.050827
-0.052957
-0.054325
-0.056254
-0.057749
-0.059515
-0.061024
-0.062636
-0.064079
-0.065532
-0.066857
-0.068140
-0.069316
-0.070425
-0.071438
-0.072374
-0.073225
-0.073999
-0.074696
-0.075322
-0.075882
-0.076379
-0.076820
-0.077210
-0.077553
-0.077854
-0.078117
-0.078347
-0.078548
-0.078724
-0.078876
-0.079010
-0.079126
-0.079229
-0.079319
-0.079398
-0.079469
-0.079532
-0.079590
-0.079641
-0.079691
-0.079732
-0.079779
-0.079811
-0.079860
-0.079882
-0.079938
-0.079946
-0.080019
-0.080005
-0.080107
-0.080058
-0.080208
-0.080102
-0.080326
-0.080134
-0.080469
-0.080152
-0.080645
-0.080149
-0.080860
-0.080121
-0.081122
-0.080063
-0.081440
-0.079973
-0.081819
-0.079847
-0.082268
-0.079682
-0.082793
-0.079474
-0.083406
-0.079217
-0.084122
-0.070590
-0.007096
-0.061231
-0.012778
-0.054168
-0.017500
-0.048938
-0.021597
-0.045227
-0.025286
-0.042815
-0.028710
-0.041541
-0.031971
-0.041264
-0.035145
-0.041855
-0.038293
-0.043184
-0.041458
-0.045119
-0.044666
-0.047526
-0.047920
-0.050275
-0.051200
-0.053236
-0.054465
-0.056290
-0.057662
-0.059326
-0.060728
-0.062247
-0.063601
-0.064977
-0.066232
-0.067456
-0.068583
-0.069651
-0.070634
-0.071548
-0.072384
-0.073151
-0.073847
-0.074479
-0.075048
-0.075560
-0.076018
-0.076428
-0.076792
-0.077116
-0.077404
-0.077660
-0.077885
-0.078087
-0.078265
-0.078424
-0.078565
-0.078692
-0.078806
-0.078909
-0.079002
-0.079087
-0.079166
-0.079237
-0.079307
-0.079367
-0.079433
-0.079482
-0.079549
-0.079587
-0.079662
-0.079683
-0.079775
-0.079771
-0.079893
-0.079850
-0.080024
-0.079919
-0.080172
-0.079973
-0.080345
-0.080009
-0.080552
-0.080022
-0.080801
-0.080006
-0.081100
-0.079957
-0.081457
-0.079870
-0.081881
-0.079743
-0.082379
-0.079573
-0.082960
-0.079353
-0.083635
-0.079078
-0.084423
-0.074209
-0.007395
-0.064365
-0.013302
-0.056884
-0.018187
-0.051291
-0.022396
-0.047262
-0.026151
-0.044572
-0.029600
-0.043049
-0.032847
-0.042547
-0.035972
-0.042930
-0.039039
-0.044063
-0.042097
-0.045808
-0.045174
-0.048030
-0.048282
-0.050598
-0.051406
-0.053386
-0.054516
-0.056277
-0.057565
-0.059166
-0.060499
-0.061964
-0.063264
-0.064596
-0.065814
-0.067010
-0.068114
-0.069169
-0.070145
-0.071060
-0.071903
-0.072682
-0.073396
-0.074049
-0.074643
-0.075183
-0.075671
-0.076112
-0.076509
-0.076866
-0.077186
-0.077473
-0.077729
-0.077960
-0.078166
-0.078351
-0.078516
-0.078666
-0.078800
-0.078922
-0.079032
-0.079132
-0.079225
-0.079308
-0.079389
-0.079458
-0.079532
-0.079588
-0.079662
-0.079703
-0.079783
-0.079806
-0.079903
-0.079898
-0.080027
-0.079979
-0.080163
-0.080047
-0.080316
-0.080100
-0.080496
-0.080132
-0.080711
-0.080138
-0.080971
-0.080114
-0.081285
-0.080055
-0.081662
-0.079956
-0.082111
-0.079814
-0.082640
-0.079626
-0.083257
-0.079387
-0.083977
-0.079090
-0.084815
-0.077864
-0.007795
-0.067574
-0.014000
-0.059723
-0.019102
-0.053816
-0.023462
-0.049514
-0.027310
-0.046580
-0.030802
-0.044834
-0.034043
-0.044122
-0.037119
-0.044302
-0.040096
-0.045230
-0.043027
-0.046769
-0.045949
-0.048780
-0.048877
-0.051133
-0.051807
-0.053705
-0.054716
-0.056386
-0.057567
-0.059078
-0.060315
-0.061696
-0.062914
-0.064173
-0.065323
-0.066459
-0.067510
-0.068520
-0.069458
-0.070342
-0.071160
-0.071921
-0.072622
-0.073268
-0.073860
-0.074401
-0.074894
-0.075344
-0.075751
-0.076121
-0.076456
-0.076760
-0.077034
-0.077283
-0.077509
-0.077714
-0.077900
-0.078070
-0.078225
-0.078367
-0.078498
-0.078618
-0.078732
-0.078834
-0.078935
-0.079023
-0.079117
-0.079190
-0.079283
-0.079341
-0.079441
-0.079478
-0.079595
-0.079603
-0.079753
-0.079714
-0.079922
-0.079810
-0.080108
-0.079888
-0.080320
-0.079943
-0.080569
-0.079969
-0.080865
-0.079961
-0.081216
-0.079913
-0.081634
-0.079822
-0.082127
-0.079683
-0.082704
-0.079492
-0.083376
-0.079245
-0.084156
-0.078933
-0.085064
-0.080851
-0.008017
-0.070151
-0.014389
-0.061942
-0.019611
-0.055721
-0.024051
-0.051142
-0.027945
-0.047965
-0.031450
-0.046003
-0.034675
-0.045097
-0.037707
-0.045101
-0.040618
-0.045867
-0.043464
-0.047253
-0.046285
-0.049120
-0.049104
-0.051337
-0.051922
-0.053784
-0.054722
-0.056350
-0.057472
-0.058942
-0.060134
-0.061480
-0.062664
-0.063898
-0.065026
-0.066148
-0.067190
-0.068196
-0.069136
-0.070026
-0.070855
-0.071632
-0.072352
-0.073020
-0.073636
-0.074203
-0.074724
-0.075202
-0.075638
-0.076036
-0.076399
-0.076730
-0.077031
-0.077304
-0.077553
-0.077779
-0.077985
-0.078173
-0.078345
-0.078501
-0.078646
-0.078777
-0.078900
-0.079011
-0.079119
-0.079212
-0.079310
-0.079387
-0.079483
-0.079541
-0.079643
-0.079678
-0.079798
-0.079801
-0.079954
-0.079907
-0.080121
-0.079997
-0.080305
-0.080068
-0.080518
-0.080113
-0.080769
-0.080129
-0.081069
-0.080108
-0.081429
-0.080047
-0.081860
-0.079941
-0.082370
-0.079785
-0.082970
-0.079577
-0.083670
-0.079311
-0.084484
-0.078978
-0.085432
-0.084047
-0.008397
-0.072971
-0.015050
-0.064453
-0.020477
-0.057970
-0.025058
-0.053164
-0.029040
-0.049783
-0.032584
-0.047632
-0.035806
-0.046548
-0.038795
-0.046376
-0.041626
-0.046967
-0.044361
-0.048173
-0.047045
-0.049855
-0.049705
-0.051884
-0.052351
-0.054139
-0.054971
-0.056518
-0.057542
-0.058929
-0.060032
-0.061299
-0.062405
-0.063567
-0.064627
-0.065687
-0.066673
-0.067629
-0.068524
-0.069376
-0.070172
-0.070921
-0.071618
-0.072269
-0.072872
-0.073430
-0.073946
-0.074422
-0.074859
-0.075262
-0.075632
-0.075972
-0.076283
-0.076569
-0.076832
-0.077074
-0.077296
-0.077501
-0.077690
-0.077865
-0.078029
-0.078179
-0.078322
-0.078452
-0.078580
-0.078692
-0.078811
-0.078907
-0.079023
-0.079100
-0.079222
-0.079275
-0.079415
-0.079433
-0.079609
-0.079574
-0.079812
-0.079697
-0.080033
-0.079797
-0.080282
-0.079869
-0.080570
-0.079909
-0.080908
-0.079909
-0.081308
-0.079864
-0.081779
-0.079770
-0.082334
-0.079621
-0.082982
-0.079414
-0.083735
-0.079144
-0.084608
-0.078800
-0.085624
-0.086375
-0.008533
-0.074967
-0.015291
-0.066151
-0.020793
-0.059404
-0.025422
-0.054365
-0.029429
-0.050777
-0.032975
-0.048445
-0.036179
-0.047201
-0.039132
-0.046888
-0.041914
-0.047352
-0.044587
-0.048445
-0.047203
-0.050025
-0.049792
-0.051962
-0.052367
-0.054137
-0.054922
-0.056447
-0.057437
-0.058804
-0.059883
-0.061136
-0.062227
-0.063382
-0.064437
-0.065498
-0.066488
-0.067452
-0.068359
-0.069226
-0.070040
-0.070810
-0.071530
-0.072205
-0.072834
-0.073419
-0.073962
-0.074465
-0.074930
-0.075359
-0.075754
-0.076117
-0.076451
-0.076759
-0.077041
-0.077300
-0.077538
-0.077757
-0.077959
-0.078144
-0.078316
-0.078473
-0.078621
-0.078755
-0.078886
-0.078999
-0.079118
-0.079213
-0.079327
-0.079401
-0.079520
-0.079568
-0.079705
-0.079716
-0.079890
-0.079845
-0.080084
-0.079954
-0.080296
-0.080040
-0.080537
-0.080097
-0.080819
-0.080120
-0.081154
-0.080104
-0.081554
-0.080041
-0.082030
-0.079928
-0.082593
-0.079761
-0.083254
-0.079535
-0.084025
-0.079245
-0.084920
-0.078883
-0.085962
-0.089163
-0.008905
-0.077443
-0.015935
-0.068376
-0.021633
-0.061419
-0.026399
-0.056196
-0.030489
-0.052443
-0.034075
-0.049957
-0.037278
-0.048564
-0.040194
-0.048102
-0.042904
-0.048413
-0.045477
-0.049348
-0.047968
-0.050764
-0.050413
-0.052529
-0.052829
-0.054530
-0.055218
-0.056665
-0.057564
-0.058852
-0.059845
-0.061020
-0.062033
-0.063116
-0.064101
-0.065097
-0.066025
-0.066934
-0.067789
-0.068610
-0.069383
-0.070116
-0.070805
-0.071453
-0.072059
-0.072627
-0.073155
-0.073648
-0.074106
-0.074531
-0.074925
-0.075291
-0.075630
-0.075945
-0.076236
-0.076506
-0.076757
-0.076990
-0.077207
-0.077409
-0.077599
-0.077774
-0.077942
-0.078096
-0.078247
-0.078381
-0.078521
-0.078636
-0.078772
-0.078866
-0.079008
-0.079075
-0.079236
-0.079264
-0.079463
-0.079433
-0.079698
-0.079579
-0.079951
-0.079700
-0.080232
-0.079790
-0.080555
-0.079843
-0.080931
-0.079852
-0.081372
-0.079811
-0.081892
-0.079715
-0.082501
-0.079559
-0.083210
-0.079340
-0.084034
-0.079051
-0.084987
-0.078680
-0.086096
-0.090794
-0.008945
-0.078820
-0.016011
-0.069519
-0.021734
-0.062350
-0.026514
-0.056938
-0.030608
-0.053020
-0.034186
-0.050391
-0.037371
-0.048874
-0.040261
-0.048307
-0.042940
-0.048531
-0.045478
-0.049393
-0.047933
-0.050748
-0.050344
-0.052467
-0.052732
-0.054433
-0.055100
-0.056547
-0.057435
-0.058724
-0.059716
-0.060897
-0.061916
-0.063009
-0.064007
-0.065020
-0.065967
-0.066898
-0.067776
-0.068623
-0.069423
-0.070184
-0.070902
-0.071580
-0.072216
-0.072812
-0.073370
-0.073890
-0.074375
-0.074825
-0.075244
-0.075632
-0.075991
-0.076323
-0.076631
-0.076915
-0.077178
-0.077421
-0.077646
-0.077854
-0.078047
-0.078225
-0.078394
-0.078546
-0.078695
-0.078825
-0.078961
-0.079069
-0.079199
-0.079285
-0.079420
-0.079476
-0.079629
-0.079645
-0.079837
-0.079793
-0.080053
-0.079918
-0.080288
-0.080016
-0.080552
-0.080084
-0.080860
-0.080114
-0.081223
-0.080100
-0.081656
-0.080036
-0.082170
-0.079918
-0.082777
-0.079741
-0.083488
-0.079501
-0.084317
-0.079192
-0.085279
-0.078805
-0.086398
-0.093240
-0.009321
-0.081013
-0.016659
-0.071514
-0.022577
-0.064181
-0.027491
-0.058628
-0.031669
-0.054581
-0.035288
-0.051829
-0.038475
-0.050190
-0.041332
-0.049497
-0.043946
-0.049587
-0.046391
-0.050308
-0.048729
-0.051512
-0.051003
-0.053071
-0.053239
-0.054871
-0.055445
-0.056815
-0.057614
-0.058823
-0.059729
-0.060830
-0.061769
-0.062786
-0.063710
-0.064652
-0.065532
-0.066400
-0.067220
-0.068012
-0.068762
-0.069479
-0.070156
-0.070798
-0.071402
-0.071972
-0.072507
-0.073009
-0.073479
-0.073919
-0.074330
-0.074714
-0.075072
-0.075407
-0.075720
-0.076012
-0.076284
-0.076539
-0.076778
-0.077002
-0.077212
-0.077409
-0.077597
-0.077770
-0.077940
-0.078092
-0.078251
-0.078382
-0.078536
-0.078645
-0.078804
-0.078883
-0.079062
-0.079099
-0.079317
-0.079292
-0.079580
-0.079461
-0.079861
-0.079601
-0.080171
-0.079707
-0.080524
-0.079772
-0.080932
-0.079790
-0.081410
-0.079754
-0.081970
-0.079658
-0.082624
-0.079498
-0.083386
-0.079270
-0.084268
-0.078966
-0.085288
-0.078574
-0.086474
-0.094116
-0.009252
-0.081718
-0.016548
-0.072051
-0.022437
-0.064562
-0.027329
-0.058870
-0.031488
-0.054702
-0.035090
-0.051847
-0.038261
-0.050126
-0.041103
-0.049368
-0.043705
-0.049412
-0.046143
-0.050102
-0.048480
-0.051292
-0.050761
-0.052851
-0.053012
-0.054664
-0.055243
-0.056634
-0.057447
-0.058680
-0.059608
-0.060737
-0.061702
-0.062751
-0.063707
-0.064684
-0.065599
-0.066503
-0.067360
-0.068191
-0.068979
-0.069733
-0.070447
-0.071125
-0.071765
-0.072368
-0.072935
-0.073467
-0.073965
-0.074431
-0.074865
-0.075270
-0.075647
-0.075997
-0.076323
-0.076625
-0.076906
-0.077167
-0.077409
-0.077633
-0.077843
-0.078037
-0.078220
-0.078386
-0.078549
-0.078691
-0.078840
-0.078959
-0.079101
-0.079196
-0.079342
-0.079406
-0.079571
-0.079591
-0.079797
-0.079753
-0.080030
-0.079890
-0.080282
-0.079999
-0.080564
-0.080073
-0.080891
-0.080108
-0.081277
-0.080097
-0.081734
-0.080032
-0.082277
-0.079910
-0.082918
-0.079725
-0.083668
-0.079474
-0.084542
-0.079151
-0.085555
-0.078745
-0.086733
-0.096311
-0.009647
-0.083708
-0.017225
-0.073889
-0.023315
-0.066278
-0.028345
-0.060481
-0.032590
-0.056215
-0.036235
-0.053264
-0.039411
-0.051442
-0.042223
-0.050577
-0.044763
-0.050502
-0.047112
-0.051061
-0.049334
-0.052107
-0.051480
-0.053510
-0.053579
-0.055158
-0.055646
-0.056955
-0.057678
-0.058826
-0.059665
-0.060709
-0.061589
-0.062555
-0.063429
-0.064327
-0.065168
-0.066001
-0.066790
-0.067557
-0.068286
-0.068986
-0.069650
-0.070283
-0.070882
-0.071450
-0.071986
-0.072492
-0.072968
-0.073417
-0.073838
-0.074234
-0.074606
-0.074954
-0.075282
-0.075589
-0.075878
-0.076149
-0.076405
-0.076644
-0.076871
-0.077084
-0.077288
-0.077476
-0.077662
-0.077829
-0.078003
-0.078148
-0.078316
-0.078437
-0.078611
-0.078701
-0.078894
-0.078940
-0.079175
-0.079155
-0.079462
-0.079343
-0.079766
-0.079500
-0.080101
-0.079620
-0.080478
-0.079697
-0.080914
-0.079724
-0.081421
-0.079693
-0.082013
-0.079600
-0.082704
-0.079438
-0.083507
-0.079204
-0.084435
-0.078890
-0.085509
-0.078483
-0.086755
-0.096346
-0.009454
-0.083661
-0.016902
-0.073747
-0.022903
-0.066044
-0.027870
-0.060163
-0.032073
-0.055826
-0.035690
-0.052820
-0.038851
-0.050960
-0.041662
-0.050075
-0.044213
-0.049999
-0.046585
-0.050575
-0.048844
-0.051655
-0.051039
-0.053108
-0.053202
-0.054821
-0.055343
-0.056697
-0.057462
-0.058658
-0.059544
-0.060638
-0.061569
-0.062589
-0.063516
-0.064469
-0.065363
-0.066250
-0.067092
-0.067911
-0.068691
-0.069440
-0.070151
-0.070828
-0.071470
-0.072077
-0.072649
-0.073188
-0.073695
-0.074169
-0.074614
-0.075030
-0.075418
-0.075780
-0.076118
-0.076432
-0.076725
-0.076997
-0.077250
-0.077486
-0.077706
-0.077910
-0.078103
-0.078279
-0.078450
-0.078601
-0.078758
-0.078885
-0.079035
-0.079136
-0.079290
-0.079358
-0.079531
-0.079555
-0.079769
-0.079726
-0.080014
-0.079872
-0.080278
-0.079987
-0.080573
-0.080066
-0.080913
-0.080105
-0.081314
-0.080095
-0.081788
-0.080030
-0.082351
-0.079905
-0.083014
-0.079715
-0.083791
-0.079456
-0.084694
-0.079122
-0.085742
-0.078703
-0.086960
-0.098409
-0.009885
-0.085556
-0.017638
-0.075525
-0.023852
-0.067732
-0.028966
-0.061774
-0.033262
-0.057364
-0.036926
-0.054282
-0.040096
-0.052338
-0.042878
-0.051356
-0.045368
-0.051169
-0.047649
-0.051617
-0.049790
-0.052553
-0.051845
-0.053847
-0.053847
-0.055386
-0.055814
-0.057079
-0.057747
-0.058850
-0.059640
-0.060640
-0.061476
-0.062403
-0.063239
-0.064103
-0.064911
-0.065716
-0.066480
-0.067224
-0.067934
-0.068618
-0.069270
-0.069892
-0.070484
-0.071047
-0.071581
-0.072086
-0.072564
-0.073016
-0.073443
-0.073845
-0.074224
-0.074582
-0.074919
-0.075236
-0.075536
-0.075818
-0.076085
-0.076336
-0.076576
-0.076800
-0.077016
-0.077216
-0.077414
-0.077593
-0.077778
-0.077934
-0.078115
-0.078246
-0.078431
-0.078530
-0.078735
-0.078789
-0.079036
-0.079021
-0.079342
-0.079226
-0.079666
-0.079397
-0.080021
-0.079531
-0.080418
-0.079619
-0.080875
-0.079654
-0.081405
-0.079630
-0.082022
-0.079540
-0.082740
-0.079380
-0.083572
-0.079143
-0.084535
-0.078822
-0.085647
-0.078406
-0.086938
-0.097471
-0.009551
-0.084639
-0.017076
-0.074601
-0.023132
-0.066788
-0.028138
-0.060811
-0.032362
-0.056390
-0.035988
-0.053307
-0.039144
-0.051378
-0.041939
-0.050428
-0.044465
-0.050292
-0.046805
-0.050810
-0.049025
-0.051836
-0.051178
-0.053237
-0.053296
-0.054900
-0.055394
-0.056730
-0.057470
-0.058648
-0.059514
-0.060591
-0.061505
-0.062510
-0.063423
-0.064364
-0.065248
-0.066126
-0.066961
-0.067774
-0.068550
-0.069296
-0.070005
-0.070683
-0.071325
-0.071934
-0.072509
-0.073051
-0.073561
-0.074041
-0.074490
-0.074912
-0.075305
-0.075673
-0.076016
-0.076336
-0.076635
-0.076913
-0.077172
-0.077413
-0.077639
-0.077847
-0.078046
-0.078226
-0.078402
-0.078557
-0.078718
-0.078849
-0.079003
-0.079107
-0.079265
-0.079335
-0.079513
-0.079538
-0.079757
-0.079714
-0.080007
-0.079863
-0.080277
-0.079981
-0.080578
-0.080064
-0.080925
-0.080104
-0.081333
-0.080094
-0.081816
-0.080029
-0.082389
-0.079902
-0.083064
-0.079709
-0.083853
-0.079446
-0.084772
-0.079107
-0.085838
-0.078681
-0.087075
-0.099574
-0.010037
-0.086590
-0.017900
-0.076452
-0.024193
-0.068567
-0.029361
-0.062529
-0.033690
-0.058047
-0.037371
-0.054899
-0.040539
-0.052892
-0.043307
-0.051849
-0.045769
-0.051601
-0.048011
-0.051986
-0.050104
-0.052858
-0.052103
-0.054086
-0.054045
-0.055558
-0.055947
-0.057183
-0.057816
-0.058888
-0.059644
-0.060614
-0.061419
-0.062317
-0.063126
-0.063964
-0.064748
-0.065530
-0.066273
-0.066999
-0.067692
-0.068362
-0.069000
-0.069612
-0.070195
-0.070751
-0.071279
-0.071781
-0.072257
-0.072708
-0.073135
-0.073539
-0.073921
-0.074282
-0.074624
-0.074947
-0.075253
-0.075542
-0.075816
-0.076075
-0.076322
-0.076555
-0.076780
-0.076988
-0.077195
-0.077382
-0.077576
-0.077741
-0.077930
-0.078069
-0.078263
-0.078370
-0.078584
-0.078644
-0.078901
-0.078892
-0.079223
-0.079110
-0.079562
-0.079294
-0.079931
-0.079439
-0.080344
-0.079537
-0.080816
-0.079581
-0.081362
-0.079564
-0.081995
-0.079479
-0.082731
-0.079321
-0.083583
-0.079085
-0.084567
-0.078763
-0.085703
-0.078342
-0.087021
