# u - 200 ites
1.019479
1.003145
1.017609
1.005825
1.016411
1.008077
1.015737
1.009999
1.015480
1.011665
1.015549
1.013132
1.015867
1.014439
1.016367
1.015617
1.016987
1.016683
1.017674
1.017647
1.018381
1.018509
1.019064
1.019265
1.019688
1.019904
1.020223
1.020416
1.020644
1.020788
1.020930
1.021011
1.021069
1.021077
1.021054
1.020985
1.020880
1.020735
1.020554
1.020335
1.020082
1.019796
1.019478
1.019132
1.018759
1.018361
1.017942
1.017504
1.017048
1.016579
1.016098
1.015608
1.015112
1.014610
1.014107
1.013603
1.013101
1.012602
1.012108
1.011621
1.011141
1.010670
1.010209
1.009758
1.009319
1.008892
1.008478
1.008076
1.007689
1.007313
1.006953
1.006603
1.006272
1.005946
1.005646
1.005341
1.005073
1.004785
1.004553
1.004274
1.004083
1.003805
1.003665
1.003372
1.003296
1.002969
1.002977
1.002590
1.002709
1.002226
1.002494
1.001871
1.002334
1.001515
1.002233
1.001148
1.002195
1.000759
1.002229
1.000338
1.019209
1.003103
1.017397
1.005768
1.016243
1.008016
1.015605
1.009942
1.015380
1.011619
1.015479
1.013102
1.015827
1.014430
1.016357
1.015633
1.017009
1.016727
1.017728
1.017719
1.018465
1.018611
1.019179
1.019395
1.019832
1.020061
1.020392
1.020596
1.020833
1.020986
1.021135
1.021221
1.021284
1.021294
1.021270
1.021200
1.021093
1.020943
1.020756
1.020530
1.020268
1.019972
1.019644
1.019285
1.018900
1.018489
1.018057
1.017605
1.017136
1.016653
1.016159
1.015656
1.015147
1.014633
1.014118
1.013603
1.013091
1.012583
1.012080
1.011585
1.011098
1.010620
1.010154
1.009698
1.009255
1.008825
1.008408
1.008004
1.007615
1.007237
1.006877
1.006526
1.006196
1.005870
1.005571
1.005267
1.005000
1.004714
1.004483
1.004207
1.004017
1.003742
1.003602
1.003313
1.003238
1.002915
1.002923
1.002541
1.002658
1.002183
1.002446
1.001833
1.002288
1.001483
1.002189
1.001124
1.002151
1.000744
1.002183
1.000333
1.019281
1.003119
1.017444
1.005787
1.016275
1.008034
1.015628
1.009957
1.015395
1.011631
1.015489
1.013109
1.015832
1.014433
1.016356
1.015630
1.017003
1.016719
1.017717
1.017707
1.018450
1.018594
1.019160
1.019374
1.019808
1.020036
1.020365
1.020568
1.020804
1.020956
1.021104
1.021189
1.021251
1.021260
1.021237
1.021167
1.021059
1.020910
1.020723
1.020497
1.020236
1.019941
1.019614
1.019257
1.018873
1.018464
1.018033
1.017582
1.017115
1.016635
1.016142
1.015641
1.015134
1.014623
1.014110
1.013597
1.013086
1.012580
1.012079
1.011586
1.011100
1.010625
1.010159
1.009705
1.009264
1.008834
1.008418
1.008015
1.007627
1.007250
1.006890
1.006540
1.006210
1.005884
1.005585
1.005281
1.005015
1.004728
1.004497
1.004221
1.004031
1.003755
1.003616
1.003326
1.003250
1.002927
1.002934
1.002552
1.002669
1.002193
1.002456
1.001842
1.002298
1.001491
1.002198
1.001130
1.002161
1.000747
1.002194
1.000333
1.019007
1.003081
1.017225
1.005732
1.016099
1.007974
1.015488
1.009901
1.015289
1.011584
1.015414
1.013079
1.015789
1.014424
1.016346
1.015647
1.017025
1.016765
1.017773
1.017783
1.018539
1.018702
1.019282
1.019513
1.019961
1.020203
1.020545
1.020759
1.021005
1.021167
1.021322
1.021413
1.021479
1.021491
1.021467
1.021396
1.021285
1.021131
1.020937
1.020703
1.020433
1.020126
1.019787
1.019417
1.019020
1.018597
1.018151
1.017686
1.017205
1.016709
1.016203
1.015688
1.015167
1.014643
1.014118
1.013594
1.013073
1.012557
1.012047
1.011545
1.011053
1.010570
1.010100
1.009641
1.009195
1.008762
1.008343
1.007938
1.007548
1.007170
1.006810
1.006460
1.006130
1.005805
1.005507
1.005204
1.004939
1.004654
1.004425
1.004151
1.003962
1.003690
1.003551
1.003265
1.003190
1.002872
1.002878
1.002502
1.002617
1.002149
1.002407
1.001804
1.002251
1.001459
1.002153
1.001105
1.002116
1.000732
1.002146
1.000327
1.018944
1.003084
1.017163
1.005732
1.016044
1.007970
1.015441
1.009894
1.015251
1.011578
1.015386
1.013075
1.015771
1.014425
1.016339
1.015655
1.017031
1.016781
1.017790
1.017810
1.018570
1.018741
1.019324
1.019563
1.020016
1.020264
1.020610
1.020830
1.021080
1.021245
1.021403
1.021496
1.021563
1.021575
1.021551
1.021479
1.021366
1.021209
1.021012
1.020774
1.020499
1.020188
1.019843
1.019468
1.019064
1.018635
1.018184
1.017713
1.017225
1.016724
1.016212
1.015692
1.015167
1.014638
1.014109
1.013582
1.013057
1.012539
1.012026
1.011523
1.011028
1.010545
1.010073
1.009613
1.009167
1.008734
1.008315
1.007910
1.007520
1.007143
1.006783
1.006433
1.006104
1.005780
1.005483
1.005181
1.004916
1.004633
1.004404
1.004131
1.003943
1.003672
1.003533
1.003249
1.003173
1.002858
1.002863
1.002490
1.002602
1.002138
1.002393
1.001795
1.002238
1.001452
1.002139
1.001100
1.002103
1.000728
1.002134
1.000324
1.018626
1.003043
1.016903
1.005670
1.015831
1.007900
1.015271
1.009827
1.015120
1.011521
1.015292
1.013037
1.015716
1.014413
1.016323
1.015674
1.017055
1.016835
1.017856
1.017902
1.018677
1.018872
1.019473
1.019732
1.020202
1.020470
1.020831
1.021066
1.021329
1.021506
1.021673
1.021774
1.021845
1.021860
1.021837
1.021762
1.021645
1.021481
1.021275
1.021027
1.020739
1.020414
1.020054
1.019662
1.019241
1.018794
1.018325
1.017835
1.017329
1.016810
1.016281
1.015743
1.015202
1.014658
1.014114
1.013572
1.013035
1.012505
1.011982
1.011469
1.010966
1.010475
1.009997
1.009532
1.009081
1.008644
1.008222
1.007815
1.007424
1.007046
1.006686
1.006336
1.006008
1.005684
1.005388
1.005088
1.004825
1.004544
1.004317
1.004048
1.003862
1.003594
1.003457
1.003178
1.003102
1.002792
1.002796
1.002431
1.002540
1.002086
1.002335
1.001751
1.002182
1.001415
1.002086
1.001071
1.002049
1.000709
1.002078
1.000317
1.018437
1.003031
1.016738
1.005647
1.015691
1.007870
1.015155
1.009795
1.015028
1.011493
1.015226
1.013018
1.015675
1.014408
1.016309
1.015688
1.017069
1.016873
1.017899
1.017966
1.018750
1.018962
1.019575
1.019850
1.020332
1.020614
1.020986
1.021233
1.021505
1.021690
1.021864
1.021970
1.022045
1.022061
1.022037
1.021960
1.021839
1.021670
1.021457
1.021200
1.020902
1.020565
1.020193
1.019789
1.019354
1.018894
1.018410
1.017907
1.017388
1.016856
1.016313
1.015764
1.015211
1.014656
1.014103
1.013553
1.013008
1.012470
1.011941
1.011422
1.010915
1.010420
1.009938
1.009470
1.009017
1.008579
1.008156
1.007748
1.007357
1.006979
1.006620
1.006271
1.005944
1.005622
1.005327
1.005029
1.004768
1.004489
1.004263
1.003996
1.003811
1.003547
1.003410
1.003134
1.003059
1.002753
1.002756
1.002396
1.002502
1.002056
1.002299
1.001725
1.002148
1.001395
1.002052
1.001056
1.002016
1.000698
1.002044
1.000311
1.018060
1.002986
1.016425
1.005576
1.015433
1.007788
1.014946
1.009714
1.014865
1.011424
1.015108
1.012971
1.015603
1.014391
1.016285
1.015708
1.017094
1.016936
1.017976
1.018076
1.018879
1.019122
1.019756
1.020059
1.020562
1.020867
1.021260
1.021527
1.021815
1.022015
1.022201
1.022316
1.022397
1.022417
1.022393
1.022313
1.022186
1.022008
1.021783
1.021512
1.021198
1.020843
1.020451
1.020025
1.019569
1.019085
1.018578
1.018052
1.017509
1.016954
1.016390
1.015819
1.015246
1.014672
1.014100
1.013533
1.012973
1.012421
1.011880
1.011350
1.010833
1.010329
1.009840
1.009366
1.008909
1.008466
1.008041
1.007631
1.007238
1.006860
1.006500
1.006152
1.005826
1.005506
1.005213
1.004918
1.004658
1.004383
1.004160
1.003897
1.003714
1.003454
1.003319
1.003049
1.002974
1.002676
1.002677
1.002327
1.002429
1.001995
1.002230
1.001673
1.002082
1.001351
1.001989
1.001022
1.001953
1.000676
1.001980
1.000302
1.017753
1.002960
1.016162
1.005530
1.015211
1.007732
1.014763
1.009655
1.014720
1.011372
1.015002
1.012934
1.015536
1.014377
1.016259
1.015725
1.017112
1.016990
1.018040
1.018171
1.018990
1.019261
1.019914
1.020242
1.020766
1.021093
1.021504
1.021789
1.022093
1.022307
1.022503
1.022627
1.022713
1.022736
1.022711
1.022628
1.022495
1.022308
1.022071
1.021786
1.021456
1.021083
1.020672
1.020226
1.019748
1.019243
1.018714
1.018166
1.017602
1.017026
1.016441
1.015852
1.015261
1.014670
1.014083
1.013502
1.012929
1.012366
1.011815
1.011276
1.010751
1.010242
1.009748
1.009270
1.008809
1.008364
1.007937
1.007526
1.007133
1.006756
1.006397
1.006051
1.005726
1.005408
1.005117
1.004825
1.004568
1.004295
1.004074
1.003815
1.003634
1.003379
1.003245
1.002981
1.002905
1.002614
1.002614
1.002272
1.002370
1.001947
1.002174
1.001632
1.002029
1.001318
1.001937
1.000997
1.001901
1.000659
1.001927
1.000294
1.017304
1.002907
1.015785
1.005447
1.014897
1.007633
1.014506
1.009556
1.014517
1.011286
1.014852
1.012872
1.015441
1.014350
1.016223
1.015743
1.017137
1.017061
1.018129
1.018301
1.019144
1.019453
1.020133
1.020496
1.021047
1.021405
1.021842
1.022153
1.022478
1.022712
1.022923
1.023059
1.023153
1.023180
1.023155
1.023068
1.022927
1.022727
1.022476
1.022172
1.021820
1.021424
1.020986
1.020512
1.020005
1.019471
1.018912
1.018334
1.017741
1.017136
1.016524
1.015908
1.015291
1.014678
1.014069
1.013468
1.012877
1.012297
1.011731
1.011180
1.010644
1.010125
1.009623
1.009138
1.008672
1.008223
1.007793
1.007381
1.006987
1.006609
1.006251
1.005906
1.005583
1.005268
1.004980
1.004691
1.004437
1.004169
1.003951
1.003697
1.003519
1.003270
1.003138
1.002881
1.002806
1.002523
1.002521
1.002191
1.002284
1.001876
1.002094
1.001571
1.001952
1.001268
1.001862
1.000959
1.001827
1.000634
1.001851
1.000283
1.016883
1.002867
1.015426
1.005377
1.014594
1.007548
1.014255
1.009467
1.014316
1.011205
1.014702
1.012812
1.015344
1.014323
1.016181
1.015758
1.017155
1.017127
1.018210
1.018425
1.019291
1.019639
1.020347
1.020745
1.021325
1.021714
1.022177
1.022515
1.022862
1.023116
1.023343
1.023491
1.023593
1.023624
1.023599
1.023507
1.023356
1.023144
1.022875
1.022551
1.022177
1.021754
1.021290
1.020786
1.020250
1.019684
1.019095
1.018486
1.017863
1.017229
1.016589
1.015947
1.015306
1.014669
1.014040
1.013420
1.012812
1.012217
1.011638
1.011075
1.010529
1.010002
1.009493
1.009003
1.008533
1.008082
1.007650
1.007237
1.006843
1.006467
1.006110
1.005767
1.005447
1.005135
1.004850
1.004565
1.004314
1.004051
1.003836
1.003588
1.003412
1.003169
1.003039
1.002789
1.002714
1.002441
1.002436
1.002117
1.002204
1.001812
1.002019
1.001516
1.001881
1.001223
1.001794
1.000924
1.001759
1.000611
1.001782
1.000272
1.016350
1.002805
1.014975
1.005277
1.014215
1.007428
1.013942
1.009344
1.014066
1.011095
1.014514
1.012729
1.015220
1.014281
1.016126
1.015770
1.017174
1.017203
1.018308
1.018575
1.019471
1.019867
1.020609
1.021052
1.021667
1.022096
1.022592
1.022963
1.023338
1.023617
1.023864
1.024029
1.024141
1.024177
1.024151
1.024053
1.023892
1.023663
1.023374
1.023025
1.022622
1.022169
1.021670
1.021130
1.020556
1.019953
1.019325
1.018678
1.018018
1.017348
1.016674
1.016000
1.015328
1.014663
1.014007
1.013364
1.012734
1.012121
1.011524
1.010947
1.010389
1.009851
1.009334
1.008837
1.008362
1.007907
1.007473
1.007059
1.006665
1.006289
1.005934
1.005594
1.005276
1.004968
1.004686
1.004406
1.004160
1.003902
1.003691
1.003449
1.003277
1.003041
1.002914
1.002672
1.002598
1.002335
1.002329
1.002024
1.002105
1.001730
1.001926
1.001446
1.001793
1.001166
1.001708
1.000881
1.001674
1.000582
1.001695
1.000259
1.015816
1.002749
1.014518
1.005182
1.013827
1.007310
1.013618
1.009221
1.013803
1.010981
1.014313
1.012641
1.015086
1.014233
1.016062
1.015776
1.017186
1.017276
1.018401
1.018723
1.019651
1.020097
1.020877
1.021367
1.022021
1.022493
1.023026
1.023432
1.023838
1.024145
1.024414
1.024595
1.024718
1.024760
1.024733
1.024629
1.024454
1.024208
1.023896
1.023519
1.023084
1.022596
1.022059
1.021480
1.020865
1.020220
1.019551
1.018864
1.018164
1.017457
1.016746
1.016038
1.015334
1.014640
1.013958
1.013291
1.012640
1.012008
1.011395
1.010804
1.010234
1.009687
1.009163
1.008660
1.008181
1.007723
1.007288
1.006873
1.006481
1.006107
1.005754
1.005417
1.005103
1.004800
1.004522
1.004247
1.004005
1.003754
1.003547
1.003312
1.003144
1.002916
1.002791
1.002558
1.002485
1.002233
1.002224
1.001932
1.002008
1.001650
1.001835
1.001379
1.001706
1.001111
1.001624
1.000838
1.001590
1.000553
1.001610
1.000246
1.015190
1.002677
1.013985
1.005062
1.013375
1.007163
1.013239
1.009066
1.013495
1.010838
1.014076
1.012528
1.014923
1.014167
1.015980
1.015774
1.017193
1.017352
1.018504
1.018890
1.019856
1.020362
1.021186
1.021732
1.022432
1.022955
1.023531
1.023982
1.024424
1.024764
1.025059
1.025261
1.025398
1.025445
1.025418
1.025306
1.025116
1.024849
1.024509
1.024099
1.023626
1.023096
1.022515
1.021889
1.021226
1.020532
1.019814
1.019079
1.018333
1.017581
1.016828
1.016080
1.015340
1.014612
1.013899
1.013203
1.012528
1.011874
1.011243
1.010636
1.010053
1.009495
1.008962
1.008453
1.007969
1.007509
1.007072
1.006657
1.006266
1.005894
1.005545
1.005211
1.004902
1.004603
1.004331
1.004062
1.003825
1.003581
1.003379
1.003152
1.002988
1.002769
1.002647
1.002425
1.002353
1.002113
1.002102
1.001826
1.001895
1.001557
1.001729
1.001299
1.001606
1.001046
1.001527
1.000789
1.001495
1.000520
1.001512
1.000232
1.014540
1.002604
1.013428
1.004938
1.012899
1.007009
1.012837
1.008902
1.013164
1.010683
1.013818
1.012401
1.014742
1.014088
1.015883
1.015762
1.017189
1.017422
1.018602
1.019057
1.020064
1.020635
1.021509
1.022116
1.022868
1.023447
1.024072
1.024571
1.025055
1.025432
1.025757
1.025982
1.026134
1.026189
1.026160
1.026038
1.025832
1.025539
1.025168
1.024721
1.024205
1.023628
1.022996
1.022317
1.021600
1.020852
1.020081
1.019293
1.018495
1.017695
1.016897
1.016106
1.015327
1.014563
1.013818
1.013094
1.012394
1.011719
1.011069
1.010446
1.009851
1.009283
1.008742
1.008228
1.007740
1.007278
1.006841
1.006427
1.006038
1.005669
1.005324
1.004996
1.004691
1.004399
1.004132
1.003870
1.003640
1.003403
1.003207
1.002988
1.002829
1.002619
1.002501
1.002289
1.002218
1.001991
1.001979
1.001718
1.001780
1.001464
1.001623
1.001220
1.001505
1.000981
1.001430
1.000739
1.001398
1.000487
1.001413
1.000217
1.013812
1.002517
1.012804
1.004792
1.012364
1.006826
1.012382
1.008706
1.012787
1.010497
1.013520
1.012247
1.014529
1.013988
1.015764
1.015736
1.017174
1.017490
1.018704
1.019235
1.020291
1.020937
1.021867
1.022546
1.023358
1.024003
1.024685
1.025240
1.025772
1.026193
1.026553
1.026806
1.026975
1.027038
1.027008
1.026876
1.026649
1.026327
1.025918
1.025427
1.024861
1.024229
1.023538
1.022799
1.022019
1.021208
1.020375
1.019527
1.018671
1.017816
1.016966
1.016127
1.015304
1.014500
1.013720
1.012964
1.012236
1.011537
1.010867
1.010228
1.009619
1.009040
1.008491
1.007971
1.007480
1.007017
1.006580
1.006168
1.005781
1.005417
1.005076
1.004754
1.004455
1.004170
1.003910
1.003656
1.003432
1.003204
1.003015
1.002805
1.002652
1.002453
1.002338
1.002139
1.002069
1.001856
1.001842
1.001599
1.001654
1.001360
1.001505
1.001132
1.001394
1.000909
1.001322
1.000684
1.001292
1.000451
1.001305
1.000200
1.013046
1.002427
1.012142
1.004636
1.011793
1.006630
1.011894
1.008493
1.012377
1.010290
1.013191
1.012070
1.014287
1.013865
1.015620
1.015691
1.017141
1.017546
1.018796
1.019412
1.020521
1.021248
1.022243
1.023001
1.023880
1.024599
1.025346
1.025967
1.026554
1.027026
1.027426
1.027710
1.027900
1.027973
1.027941
1.027796
1.027545
1.027190
1.026738
1.026195
1.025572
1.024876
1.024118
1.023309
1.022459
1.021578
1.020675
1.019760
1.018840
1.017924
1.017018
1.016128
1.015257
1.014412
1.013594
1.012805
1.012049
1.011326
1.010636
1.009981
1.009359
1.008770
1.008214
1.007690
1.007197
1.006733
1.006298
1.005889
1.005507
1.005147
1.004813
1.004497
1.004206
1.003929
1.003677
1.003432
1.003216
1.002997
1.002816
1.002616
1.002469
1.002281
1.002171
1.001983
1.001916
1.001718
1.001701
1.001476
1.001524
1.001253
1.001384
1.001042
1.001280
1.000836
1.001212
1.000629
1.001183
1.000414
1.001194
1.000184
1.012208
1.002323
1.011418
1.004458
1.011165
1.006404
1.011353
1.008246
1.011919
1.010049
1.012818
1.011861
1.014008
1.013714
1.015447
1.015626
1.017090
1.017593
1.018884
1.019593
1.020763
1.021583
1.022651
1.023499
1.024457
1.025262
1.026084
1.026779
1.027431
1.027961
1.028408
1.028729
1.028942
1.029027
1.028993
1.028832
1.028553
1.028157
1.027655
1.027053
1.026362
1.025593
1.024758
1.023869
1.022938
1.021976
1.020994
1.020003
1.019012
1.018029
1.017060
1.016112
1.015190
1.014299
1.013440
1.012617
1.011830
1.011081
1.010371
1.009699
1.009064
1.008466
1.007904
1.007376
1.006881
1.006418
1.005985
1.005580
1.005203
1.004851
1.004523
1.004216
1.003933
1.003665
1.003422
1.003187
1.002980
1.002772
1.002599
1.002410
1.002270
1.002094
1.001989
1.001816
1.001750
1.001568
1.001550
1.001344
1.001385
1.001139
1.001254
1.000945
1.001158
1.000757
1.001095
1.000568
1.001067
1.000374
1.001076
1.000166
1.011321
1.002212
1.010647
1.004265
1.010493
1.006157
1.010768
1.007972
1.011418
1.009776
1.012404
1.011617
1.013689
1.013530
1.015239
1.015531
1.017011
1.017618
1.018955
1.019765
1.021004
1.021925
1.023076
1.024026
1.025073
1.025975
1.026884
1.027666
1.028393
1.028992
1.029494
1.029858
1.030099
1.030197
1.030160
1.029982
1.029670
1.029228
1.028667
1.027995
1.027225
1.026371
1.025447
1.024466
1.023442
1.022389
1.021319
1.020244
1.019172
1.018114
1.017078
1.016068
1.015091
1.014151
1.013249
1.012390
1.011573
1.010799
1.010068
1.009380
1.008733
1.008127
1.007560
1.007030
1.006536
1.006075
1.005647
1.005248
1.004878
1.004533
1.004215
1.003917
1.003644
1.003387
1.003154
1.002930
1.002733
1.002536
1.002372
1.002196
1.002064
1.001900
1.001801
1.001642
1.001579
1.001413
1.001393
1.001208
1.001241
1.001021
1.001121
1.000845
1.001032
1.000676
1.000974
1.000507
1.000947
1.000333
1.000955
1.000147
1.010367
1.002089
1.009815
1.004048
1.009763
1.005879
1.010128
1.007662
1.010864
1.009463
1.011939
1.011333
1.013324
1.013308
1.014991
1.015406
1.016903
1.017623
1.019012
1.019935
1.021250
1.022286
1.023531
1.024596
1.025746
1.026759
1.027769
1.028650
1.029465
1.030142
1.030708
1.031122
1.031396
1.031508
1.031467
1.031266
1.030916
1.030418
1.029788
1.029034
1.028174
1.027221
1.026194
1.025108
1.023979
1.022823
1.021653
1.020483
1.019323
1.018183
1.017072
1.015995
1.014958
1.013966
1.013020
1.012122
1.011273
1.010474
1.009723
1.009019
1.008362
1.007749
1.007178
1.006648
1.006155
1.005699
1.005277
1.004885
1.004524
1.004189
1.003881
1.003595
1.003333
1.003088
1.002866
1.002655
1.002468
1.002285
1.002131
1.001967
1.001844
1.001694
1.001601
1.001457
1.001397
1.001249
1.001228
1.001064
1.001090
1.000896
1.000981
1.000740
1.000900
1.000590
1.000847
1.000442
1.000823
1.000290
1.000828
1.000128
1.009357
1.001955
1.008930
1.003812
1.008981
1.005572
1.009435
1.007315
1.010256
1.009107
1.011419
1.011003
1.012906
1.013039
1.014693
1.015236
1.016752
1.017592
1.019037
1.020081
1.021483
1.022645
1.023997
1.025192
1.026460
1.027600
1.028727
1.029725
1.030644
1.031414
1.032057
1.032531
1.032844
1.032975
1.032931
1.032705
1.032309
1.031746
1.031034
1.030184
1.029217
1.028149
1.027002
1.025794
1.024544
1.023270
1.021987
1.020711
1.019452
1.018222
1.017029
1.015880
1.014780
1.013733
1.012740
1.011804
1.010924
1.010100
1.009330
1.008613
1.007946
1.007328
1.006757
1.006228
1.005740
1.005290
1.004876
1.004494
1.004144
1.003821
1.003525
1.003252
1.003003
1.002771
1.002563
1.002365
1.002191
1.002021
1.001878
1.001729
1.001615
1.001480
1.001394
1.001266
1.001210
1.001080
1.001057
1.000916
1.000934
1.000768
1.000837
1.000632
1.000765
1.000503
1.000718
1.000376
1.000695
1.000246
1.000698
1.000108
1.008281
1.001807
1.007983
1.003551
1.008139
1.005230
1.008683
1.006924
1.009588
1.008703
1.010840
1.010621
1.012430
1.012719
1.014343
1.015021
1.016559
1.017529
1.019037
1.020215
1.021713
1.023016
1.024490
1.025832
1.027235
1.028523
1.029785
1.030917
1.031955
1.032834
1.033565
1.034107
1.034465
1.034615
1.034566
1.034307
1.033856
1.033215
1.032405
1.031443
1.030351
1.029150
1.027865
1.026519
1.025131
1.023725
1.022316
1.020922
1.019554
1.018226
1.016945
1.015719
1.014552
1.013448
1.012407
1.011432
1.010521
1.009672
1.008885
1.008156
1.007483
1.006862
1.006292
1.005767
1.005286
1.004845
1.004441
1.004072
1.003734
1.003425
1.003144
1.002886
1.002651
1.002435
1.002240
1.002058
1.001898
1.001743
1.001612
1.001479
1.001375
1.001256
1.001177
1.001066
1.001014
1.000903
1.000880
1.000761
1.000772
1.000635
1.000687
1.000520
1.000625
1.000412
1.000583
1.000307
1.000563
1.000200
1.000564
1.000088
1.007147
1.001647
1.006980
1.003264
1.007239
1.004851
1.007870
1.006488
1.008856
1.008243
1.010193
1.010176
1.011882
1.012332
1.013922
1.014740
1.016299
1.017405
1.018982
1.020303
1.021909
1.023368
1.024978
1.026488
1.028046
1.029504
1.030925
1.032216
1.033398
1.034408
1.035248
1.035875
1.036290
1.036466
1.036412
1.036118
1.035601
1.034868
1.033943
1.032846
1.031606
1.030248
1.028801
1.027292
1.025746
1.024187
1.022634
1.021107
1.019619
1.018183
1.016806
1.015497
1.014260
1.013096
1.012008
1.010994
1.010053
1.009183
1.008381
1.007643
1.006966
1.006346
1.005780
1.005263
1.004792
1.004363
1.003973
1.003618
1.003297
1.003004
1.002739
1.002498
1.002280
1.002081
1.001902
1.001737
1.001592
1.001454
1.001336
1.001219
1.001126
1.001023
1.000953
1.000860
1.000812
1.000721
1.000697
1.000602
1.000606
1.000499
1.000534
1.000405
1.000482
1.000319
1.000446
1.000236
1.000428
1.000154
1.000427
1.000067
1.005948
1.001473
1.005914
1.002950
1.006277
1.004433
1.006992
1.006001
1.008055
1.007725
1.009475
1.009667
1.011264
1.011880
1.013433
1.014397
1.015981
1.017232
1.018886
1.020363
1.022090
1.023723
1.025490
1.027189
1.028927
1.030579
1.032185
1.033660
1.035008
1.036169
1.037134
1.037857
1.038335
1.038538
1.038474
1.038132
1.037535
1.036688
1.035627
1.034370
1.032957
1.031417
1.029784
1.028090
1.026365
1.024636
1.022924
1.021252
1.019632
1.018080
1.016603
1.015207
1.013897
1.012674
1.011537
1.010486
1.009517
1.008628
1.007814
1.007070
1.006393
1.005777
1.005219
1.004713
1.004256
1.003842
1.003469
1.003132
1.002829
1.002555
1.002309
1.002087
1.001888
1.001708
1.001547
1.001400
1.001271
1.001151
1.001048
1.000948
1.000867
1.000782
1.000721
1.000646
1.000603
1.000533
1.000509
1.000439
1.000435
1.000358
1.000377
1.000287
1.000335
1.000224
1.000306
1.000164
1.000290
1.000106
1.000287
1.000046
1.004689
1.001284
1.004789
1.002607
1.005251
1.003972
1.006045
1.005457
1.007179
1.007136
1.008672
1.009076
1.010552
1.011335
1.012845
1.013958
1.015563
1.016965
1.018698
1.020342
1.022201
1.024024
1.025967
1.027880
1.029825
1.031705
1.033529
1.035226
1.036777
1.038125
1.039247
1.040094
1.040656
1.040898
1.040828
1.040433
1.039742
1.038761
1.037535
1.036087
1.034466
1.032707
1.030852
1.028941
1.027005
1.025080
1.023185
1.021350
1.019583
1.017904
1.016317
1.014831
1.013445
1.012162
1.010978
1.009892
1.008900
1.007995
1.007174
1.006429
1.005757
1.005150
1.004605
1.004114
1.003675
1.003280
1.002928
1.002612
1.002331
1.002079
1.001855
1.001654
1.001476
1.001317
1.001176
1.001049
1.000938
1.000837
1.000749
1.000668
1.000600
1.000534
1.000482
1.000427
1.000389
1.000341
1.000316
1.000271
1.000260
1.000215
1.000217
1.000167
1.000186
1.000127
1.000164
1.000091
1.000151
1.000057
1.000146
1.000024
1.003368
1.001079
1.003602
1.002233
1.004161
1.003465
1.005029
1.004855
1.006225
1.006478
1.007786
1.008406
1.009754
1.010707
1.012169
1.013436
1.015065
1.016627
1.018449
1.020275
1.022282
1.024319
1.026462
1.028619
1.030802
1.032945
1.035022
1.036975
1.038762
1.040326
1.041628
1.042614
1.043267
1.043545
1.043460
1.042992
1.042181
1.041034
1.039607
1.037931
1.036066
1.034053
1.031945
1.029788
1.027617
1.025475
1.023382
1.021369
1.019448
1.017636
1.015936
1.014356
1.012896
1.011554
1.010327
1.009210
1.008198
1.007283
1.006459
1.005719
1.005057
1.004464
1.003937
1.003466
1.003049
1.002678
1.002350
1.002059
1.001802
1.001576
1.001376
1.001200
1.001045
1.000908
1.000789
1.000684
1.000592
1.000511
1.000440
1.000379
1.000325
1.000278
1.000237
1.000201
1.000170
1.000144
1.000120
1.000100
1.000082
1.000068
1.000054
1.000045
1.000034
1.000028
1.000019
1.000016
1.000009
1.000008
1.000003
1.000003
1.001989
1.000858
1.002355
1.001825
1.003005
1.002908
1.003936
1.004184
1.005183
1.005731
1.006796
1.007628
1.008833
1.009953
1.011358
1.012775
1.014422
1.016142
1.018053
1.020068
1.022232
1.024500
1.026865
1.029298
1.031756
1.034207
1.036587
1.038852
1.040933
1.042769
1.044306
1.045478
1.046260
1.046597
1.046505
1.045958
1.045007
1.043660
1.041991
1.040038
1.037874
1.035554
1.033140
1.030688
1.028240
1.025843
1.023521
1.021309
1.019213
1.017256
1.015436
1.013760
1.012225
1.010827
1.009561
1.008419
1.007393
1.006475
1.005657
1.004928
1.004283
1.003712
1.003208
1.002764
1.002374
1.002032
1.001733
1.001471
1.001244
1.001045
1.000873
1.000724
1.000594
1.000483
1.000387
1.000306
1.000234
1.000176
1.000123
1.000082
1.000043
1.000016
0.999986
0.999972
0.999947
0.999943
0.999920
0.999927
0.999902
0.999920
0.999890
0.999921
0.999881
0.999929
0.999874
0.999941
0.999867
0.999959
0.999859
0.999981
1.000554
1.000621
1.001050
1.001384
1.001784
1.002301
1.002770
1.003447
1.004057
1.004904
1.005710
1.006756
1.007809
1.009095
1.010437
1.012007
1.013672
1.015561
1.017569
1.019790
1.022132
1.024659
1.027278
1.030027
1.032802
1.035611
1.038344
1.040972
1.043394
1.045546
1.047351
1.048729
1.049647
1.050036
1.049916
1.049253
1.048118
1.046518
1.044552
1.042263
1.039748
1.037073
1.034310
1.031529
1.028774
1.026103
1.023535
1.021113
1.018839
1.016735
1.014796
1.013028
1.011423
1.009976
1.008678
1.007518
1.006488
1.005574
1.004769
1.004059
1.003439
1.002894
1.002422
1.002009
1.001653
1.001344
1.001079
1.000851
1.000655
1.000489
1.000347
1.000227
1.000126
1.000043
0.999972
0.999915
0.999866
0.999831
0.999797
0.999778
0.999755
0.999749
0.999731
0.999738
0.999720
0.999740
0.999718
0.999751
0.999720
0.999771
0.999724
0.999796
0.999727
0.999828
0.999728
0.999865
0.999724
0.999909
0.999714
0.999958
0.999064
1.000365
0.999686
1.000906
1.000495
1.001636
1.001521
1.002630
1.002828
1.003969
1.004498
1.005748
1.006630
1.008070
1.009331
1.011041
1.012711
1.014758
1.016856
1.019282
1.021805
1.024606
1.027501
1.030601
1.033740
1.036968
1.040127
1.043203
1.046057
1.048619
1.050784
1.052450
1.053572
1.054056
1.053930
1.053144
1.051794
1.049888
1.047556
1.044854
1.041905
1.038790
1.035601
1.032419
1.029297
1.026301
1.023449
1.020789
1.018314
1.016053
1.013988
1.012129
1.010457
1.008968
1.007647
1.006480
1.005456
1.004558
1.003777
1.003097
1.002511
1.002004
1.001570
1.001197
1.000881
1.000612
1.000386
1.000196
1.000038
0.999907
0.999799
0.999712
0.999641
0.999588
0.999544
0.999514
0.999489
0.999478
0.999465
0.999469
0.999462
0.999478
0.999473
0.999501
0.999492
0.999534
0.999514
0.999574
0.999537
0.999620
0.999557
0.999671
0.999573
0.999727
0.999581
0.999790
0.999581
0.999859
0.999570
0.999936
0.997526
1.000093
0.998269
1.000393
0.999145
1.000919
1.000198
1.001741
1.001510
1.002944
1.003181
1.004631
1.005330
1.006921
1.008094
1.009943
1.011616
1.013828
1.016025
1.018674
1.021401
1.024510
1.027721
1.031226
1.034789
1.038506
1.042163
1.045765
1.049124
1.052161
1.054736
1.056721
1.058054
1.058613
1.058438
1.057462
1.055819
1.053515
1.050726
1.047520
1.044059
1.040437
1.036767
1.033145
1.029626
1.026289
1.023143
1.020243
1.017573
1.015162
1.012983
1.011044
1.009320
1.007803
1.006472
1.005312
1.004306
1.003436
1.002690
1.002050
1.001507
1.001045
1.000658
1.000333
1.000063
0.999840
0.999658
0.999510
0.999393
0.999301
0.999230
0.999179
0.999142
0.999120
0.999105
0.999104
0.999104
0.999119
0.999127
0.999155
0.999166
0.999204
0.999212
0.999263
0.999261
0.999327
0.999309
0.999396
0.999353
0.999469
0.999391
0.999546
0.999419
0.999627
0.999435
0.999714
0.999439
0.999809
0.999426
0.999914
0.995941
0.999802
0.996800
0.999841
0.997728
1.000139
0.998789
1.000761
1.000079
1.001793
1.001713
1.003345
1.003835
1.005552
1.006609
1.008571
1.010219
1.012570
1.014842
1.017698
1.020618
1.024039
1.027581
1.031527
1.035566
1.039855
1.044112
1.048368
1.052378
1.056048
1.059196
1.061645
1.063316
1.064033
1.063852
1.062679
1.060693
1.057903
1.054546
1.050708
1.046599
1.042342
1.038071
1.033907
1.029905
1.026159
1.022669
1.019497
1.016611
1.014041
1.011747
1.009735
1.007970
1.006438
1.005114
1.003976
1.003006
1.002180
1.001485
1.000899
1.000413
1.000008
0.999679
0.999409
0.999195
0.999024
0.998893
0.998793
0.998722
0.998673
0.998643
0.998630
0.998629
0.998641
0.998657
0.998686
0.998713
0.998755
0.998786
0.998838
0.998867
0.998928
0.998950
0.999023
0.999030
0.999121
0.999105
0.999219
0.999171
0.999319
0.999225
0.999421
0.999266
0.999527
0.999291
0.999639
0.999297
0.999760
0.999284
0.999892
0.994320
0.999495
0.995287
0.999256
0.996257
0.999307
0.997311
0.999708
0.998559
1.000546
1.000136
1.001940
1.002208
1.004042
1.004973
1.007042
1.008660
1.011153
1.013507
1.016587
1.019725
1.023497
1.027420
1.031879
1.036476
1.041437
1.046402
1.051433
1.056210
1.060620
1.064422
1.067384
1.069397
1.070228
1.069958
1.068458
1.065984
1.062545
1.058466
1.053852
1.048982
1.043997
1.039062
1.034315
1.029810
1.025655
1.021829
1.018404
1.015323
1.012621
1.010240
1.008183
1.006401
1.004880
1.003585
1.002490
1.001574
1.000808
1.000179
0.999659
0.999242
0.998905
0.998642
0.998436
0.998284
0.998172
0.998097
0.998050
0.998028
0.998026
0.998040
0.998068
0.998105
0.998153
0.998202
0.998263
0.998318
0.998388
0.998442
0.998519
0.998567
0.998652
0.998687
0.998784
0.998800
0.998914
0.998901
0.999042
0.998989
0.999169
0.999061
0.999297
0.999114
0.999428
0.999148
0.999564
0.999158
0.999711
0.999143
0.999871
0.992665
0.999171
0.993731
0.998631
0.994725
0.998409
0.995746
0.998555
0.996916
0.999155
0.998386
1.000332
1.000342
1.002255
1.003017
1.005144
1.006683
1.009265
1.011651
1.014908
1.018223
1.022322
1.026615
1.031610
1.036812
1.042546
1.048356
1.054356
1.060132
1.065553
1.070299
1.074046
1.076642
1.077752
1.077479
1.075643
1.072595
1.068350
1.063353
1.057746
1.051893
1.045977
1.040197
1.034720
1.029593
1.024944
1.020722
1.017009
1.013717
1.010883
1.008422
1.006337
1.004562
1.003075
1.001835
1.000808
0.999970
0.999286
0.998743
0.998309
0.997977
0.997721
0.997538
0.997407
0.997326
0.997280
0.997268
0.997280
0.997313
0.997362
0.997423
0.997495
0.997572
0.997658
0.997742
0.997836
0.997920
0.998019
0.998097
0.998200
0.998267
0.998376
0.998426
0.998546
0.998571
0.998710
0.998700
0.998867
0.998809
0.999022
0.998899
0.999175
0.998965
0.999330
0.999007
0.999491
0.999022
0.999663
0.999006
0.999850
0.990991
0.998833
0.992146
0.997978
0.993152
0.997464
0.994122
0.997334
0.995193
0.997671
0.996530
0.998603
0.998343
1.000317
1.000897
1.003070
1.004522
1.007189
1.009607
1.013054
1.016569
1.021040
1.025761
1.031384
1.037300
1.043955
1.050774
1.057933
1.064903
1.071517
1.077355
1.081974
1.085157
1.086455
1.086008
1.083583
1.079682
1.074331
1.068154
1.061323
1.054322
1.047359
1.040671
1.034446
1.028708
1.023600
1.019030
1.015087
1.011640
1.008733
1.006246
1.004183
1.002456
1.001043
0.999891
0.998961
0.998227
0.997646
0.997208
0.996874
0.996641
0.996478
0.996384
0.996336
0.996333
0.996361
0.996417
0.996491
0.996583
0.996686
0.996797
0.996916
0.997035
0.997161
0.997280
0.997408
0.997522
0.997650
0.997754
0.997883
0.997970
0.998103
0.998168
0.998311
0.998346
0.998508
0.998501
0.998695
0.998633
0.998876
0.998740
0.999055
0.998819
0.999234
0.998870
0.999419
0.998888
0.999616
0.998871
0.999829
0.989300
0.998479
0.990533
0.997288
0.991530
0.996455
0.992420
0.996012
0.993346
0.996031
0.994486
0.996641
0.996065
0.998042
0.998377
1.000519
1.001802
1.004461
1.006817
1.010354
1.013971
1.018731
1.023811
1.030036
1.036677
1.044350
1.052339
1.060939
1.069471
1.077745
1.085208
1.091224
1.095474
1.097286
1.096837
1.093803
1.088879
1.082128
1.074408
1.065974
1.057453
1.049124
1.041254
1.034074
1.027569
1.021903
1.016922
1.012723
1.009120
1.006154
1.003669
1.001661
1.000021
0.998720
0.997693
0.996895
0.996296
0.995848
0.995540
0.995330
0.995214
0.995160
0.995170
0.995216
0.995302
0.995410
0.995541
0.995684
0.995839
0.996000
0.996164
0.996331
0.996495
0.996662
0.996819
0.996982
0.997126
0.997285
0.997413
0.997569
0.997676
0.997834
0.997914
0.998080
0.998124
0.998310
0.998307
0.998527
0.998461
0.998735
0.998585
0.998938
0.998677
0.999141
0.998736
0.999350
0.998758
0.999570
0.998741
0.999809
0.987611
0.998116
0.988913
0.996577
0.989888
0.995411
0.990679
0.994636
0.991438
0.994314
0.992353
0.994573
0.993666
0.995625
0.995699
0.997790
0.998890
1.001527
1.003813
1.007443
1.011177
1.016266
1.021763
1.028701
1.036204
1.045106
1.054510
1.064865
1.075296
1.085572
1.094957
1.102555
1.107876
1.110030
1.109227
1.105063
1.098561
1.089835
1.080115
1.069709
1.059449
1.049636
1.040566
1.032480
1.025297
1.019195
1.013924
1.009597
1.005950
1.003035
1.000640
0.998768
0.997281
0.996148
0.995292
0.994665
0.994232
0.993942
0.993786
0.993715
0.993732
0.993798
0.993920
0.994068
0.994250
0.994444
0.994654
0.994869
0.995090
0.995311
0.995530
0.995748
0.995957
0.996166
0.996361
0.996560
0.996736
0.996925
0.997079
0.997261
0.997388
0.997570
0.997665
0.997854
0.997908
0.998117
0.998118
0.998363
0.998294
0.998597
0.998435
0.998824
0.998540
0.999050
0.998607
0.999282
0.998633
0.999526
0.998615
0.999789
0.985928
0.997741
0.987285
0.995837
0.988216
0.994313
0.988875
0.993165
0.989417
0.992441
0.990031
0.992256
0.990962
0.992820
0.992550
0.994475
0.995273
0.997734
0.999792
1.003328
1.006987
1.012208
1.017932
1.025440
1.033695
1.043857
1.054803
1.067278
1.080161
1.093239
1.105561
1.115803
1.123202
1.126363
1.125536
1.120172
1.111715
1.100417
1.087997
1.074935
1.062305
1.050508
1.039837
1.030578
1.022534
1.015898
1.010295
1.005844
1.002183
0.999364
0.997116
0.995439
0.994164
0.993253
0.992619
0.992207
0.991981
0.991883
0.991907
0.992000
0.992170
0.992374
0.992623
0.992886
0.993172
0.993459
0.993755
0.994047
0.994338
0.994622
0.994899
0.995168
0.995425
0.995677
0.995910
0.996145
0.996352
0.996572
0.996752
0.996960
0.997108
0.997313
0.997423
0.997635
0.997699
0.997930
0.997935
0.998205
0.998132
0.998464
0.998290
0.998715
0.998407
0.998963
0.998483
0.999217
0.998513
0.999483
0.998494
0.999771
0.984274
0.997365
0.985675
0.995090
0.986551
0.993199
0.987063
0.991667
0.987370
0.990521
0.987658
0.989867
0.988176
0.989911
0.989280
0.991012
0.991487
0.993747
0.995555
0.998983
1.002559
1.007933
1.013922
1.022108
1.031264
1.042962
1.055800
1.070907
1.086851
1.103403
1.119334
1.132678
1.142184
1.146047
1.144454
1.136761
1.125180
1.110172
1.094247
1.077974
1.062746
1.048940
1.036805
1.026603
1.017960
1.011072
1.005393
1.001057
0.997580
0.995031
0.993069
0.991703
0.990730
0.990116
0.989761
0.989608
0.989624
0.989744
0.989970
0.990244
0.990580
0.990931
0.991315
0.991697
0.992092
0.992476
0.992861
0.993231
0.993594
0.993942
0.994277
0.994599
0.994903
0.995198
0.995470
0.995740
0.995980
0.996229
0.996434
0.996669
0.996837
0.997065
0.997191
0.997424
0.997497
0.997751
0.997759
0.998053
0.997977
0.998337
0.998151
0.998610
0.998281
0.998880
0.998364
0.999155
0.998398
0.999443
0.998378
0.999753
0.982653
0.996983
0.984085
0.994327
0.984883
0.992049
0.985217
0.990095
0.985235
0.988466
0.985114
0.987238
0.985088
0.986594
0.985499
0.986884
0.986873
0.988706
0.990024
0.993030
0.996191
1.001328
1.007168
1.015636
1.025296
1.038323
1.052942
1.071031
1.090738
1.112092
1.133621
1.152348
1.166212
1.172184
1.170413
1.160132
1.144518
1.124491
1.103646
1.082903
1.064007
1.047449
1.033313
1.021878
1.012474
1.005300
0.999568
0.995418
0.992216
0.990034
0.988456
0.987489
0.986901
0.986653
0.986640
0.986799
0.987101
0.987477
0.987936
0.988414
0.988936
0.989451
0.989982
0.990493
0.991005
0.991493
0.991970
0.992423
0.992860
0.993274
0.993668
0.994043
0.994394
0.994733
0.995044
0.995350
0.995620
0.995900
0.996130
0.996390
0.996577
0.996828
0.996968
0.997222
0.997305
0.997579
0.997592
0.997908
0.997830
0.998216
0.998020
0.998511
0.998161
0.998801
0.998252
0.999096
0.998290
0.999404
0.998270
0.999736
0.981091
0.996608
0.982546
0.993575
0.983259
0.990911
0.983405
0.988534
0.983126
0.986416
0.982583
0.984602
0.981992
0.983249
0.981680
0.982690
0.982173
0.983543
0.984337
0.986877
0.989580
0.994448
1.000119
1.008917
1.019169
1.033818
1.050627
1.072492
1.097025
1.124545
1.153406
1.178780
1.197127
1.204744
1.201223
1.185692
1.163381
1.135982
1.108849
1.082965
1.060409
1.041465
1.025894
1.013863
1.004300
0.997398
0.992074
0.988504
0.985883
0.984319
0.983312
0.982894
0.982799
0.983002
0.983392
0.983908
0.984529
0.985183
0.985892
0.986587
0.987303
0.987986
0.988668
0.989312
0.989942
0.990533
0.991103
0.991638
0.992148
0.992628
0.993080
0.993508
0.993906
0.994287
0.994635
0.994976
0.995277
0.995585
0.995840
0.996124
0.996331
0.996603
0.996757
0.997031
0.997124
0.997418
0.997435
0.997772
0.997692
0.998102
0.997897
0.998417
0.998049
0.998727
0.998147
0.999041
0.998188
0.999368
0.998168
0.999720
0.979594
0.996236
0.981058
0.992826
0.981669
0.989765
0.981599
0.986938
0.980977
0.984275
0.979933
0.981774
0.978643
0.979535
0.977380
0.977827
0.976611
0.977214
0.977165
0.978771
0.980507
0.984425
0.989166
0.997421
1.007274
1.022707
1.040818
1.066358
1.096115
1.131716
1.171914
1.209241
1.237532
1.249860
1.245386
1.223709
1.192444
1.154631
1.118214
1.084839
1.056872
1.034578
1.017012
1.004242
0.994534
0.988052
0.983321
0.980525
0.978673
0.977889
0.977599
0.977845
0.978347
0.979079
0.979939
0.980864
0.981847
0.982813
0.983798
0.984730
0.985657
0.986520
0.987363
0.988144
0.988897
0.989595
0.990260
0.990878
0.991462
0.992007
0.992517
0.992997
0.993441
0.993864
0.994249
0.994623
0.994953
0.995289
0.995567
0.995875
0.996100
0.996392
0.996560
0.996853
0.996955
0.997267
0.997288
0.997644
0.997563
0.997996
0.997782
0.998330
0.997944
0.998658
0.998049
0.998989
0.998094
0.999335
0.998073
0.999705
0.978189
0.995883
0.979657
0.992110
0.980163
0.988668
0.979881
0.985405
0.978920
0.982211
0.977383
0.979037
0.975400
0.975921
0.973186
0.973057
0.971134
0.970940
0.970013
0.970617
0.971305
0.974153
0.977829
0.985406
0.994723
1.011030
1.030607
1.060827
1.097278
1.143665
1.200236
1.253298
1.291805
1.308515
1.299956
1.265145
1.218061
1.164758
1.117140
1.076264
1.044051
1.019990
1.001997
0.989913
0.981218
0.976104
0.972679
0.971217
0.970535
0.970837
0.971477
0.972547
0.973751
0.975090
0.976470
0.977838
0.979205
0.980496
0.981763
0.982935
0.984072
0.985114
0.986115
0.987031
0.987904
0.988705
0.989463
0.990160
0.990815
0.991423
0.991989
0.992517
0.993006
0.993468
0.993888
0.994294
0.994652
0.995014
0.995313
0.995643
0.995885
0.996197
0.996378
0.996688
0.996798
0.997128
0.997152
0.997527
0.997444
0.997898
0.997676
0.998250
0.997848
0.998595
0.997960
0.998942
0.998007
0.999304
0.997986
0.999692
0.976882
0.995544
0.978343
0.991420
0.978734
0.987599
0.978222
0.983889
0.976893
0.980132
0.974806
0.976207
0.972021
0.972058
0.968647
0.967749
0.964930
0.963593
0.961434
0.960427
0.959417
0.960166
0.961601
0.966874
0.973661
0.988626
1.006784
1.039807
1.080827
1.139407
1.220560
1.302412
1.365141
1.393092
1.380336
1.329912
1.262072
1.185843
1.120138
1.067361
1.028363
1.001858
0.983428
0.972531
0.965397
0.962197
0.960544
0.960783
0.961573
0.963178
0.964925
0.966942
0.968949
0.970963
0.972919
0.974769
0.976550
0.978185
0.979752
0.981173
0.982528
0.983753
0.984915
0.985968
0.986960
0.987864
0.988711
0.989487
0.990211
0.990878
0.991498
0.992073
0.992604
0.993103
0.993555
0.993991
0.994375
0.994761
0.995082
0.995432
0.995690
0.996019
0.996212
0.996538
0.996656
0.997001
0.997029
0.997421
0.997337
0.997810
0.997581
0.998178
0.997762
0.998538
0.997879
0.998900
0.997929
0.999276
0.997908
0.999680
0.975701
0.995235
0.977151
0.990789
0.977433
0.986619
0.976707
0.982498
0.975036
0.978218
0.972436
0.973595
0.968900
0.968477
0.964430
0.962787
0.959107
0.956634
0.953252
0.950580
0.947805
0.946245
0.945197
0.947682
0.951348
0.964286
0.980005
1.016194
1.061440
1.137089
1.258138
1.376691
1.456827
1.495241
1.479915
1.398541
1.290080
1.180274
1.097044
1.037209
0.996623
0.972215
0.956759
0.949602
0.945831
0.945836
0.946837
0.949397
0.952065
0.955256
0.958284
0.961367
0.964242
0.966974
0.969524
0.971862
0.974053
0.976028
0.977883
0.979544
0.981106
0.982504
0.983816
0.984995
0.986099
0.987097
0.988028
0.988875
0.989663
0.990385
0.991054
0.991672
0.992240
0.992773
0.993256
0.993719
0.994127
0.994535
0.994874
0.995242
0.995515
0.995860
0.996063
0.996404
0.996529
0.996888
0.996920
0.997326
0.997241
0.997731
0.997496
0.998114
0.997684
0.998487
0.997807
0.998862
0.997860
0.999251
0.997839
0.999669
0.974649
0.994952
0.976084
0.990209
0.976255
0.985712
0.975315
0.981192
0.973296
0.976389
0.970164
0.971038
0.965823
0.964866
0.960133
0.957598
0.952933
0.949022
0.944142
0.939184
0.934041
0.928917
0.924031
0.921247
0.918726
0.925027
0.931541
0.963947
1.000104
1.089674
1.258697
1.414201
1.506359
1.545828
1.545167
1.479233
1.352413
1.192688
1.071405
0.996470
0.952970
0.933015
0.923100
0.921925
0.923165
0.927489
0.931922
0.937280
0.942162
0.947130
0.951580
0.955801
0.959601
0.963076
0.966238
0.969071
0.971677
0.973989
0.976130
0.978026
0.979789
0.981353
0.982809
0.984109
0.985318
0.986404
0.987413
0.988327
0.989173
0.989946
0.990659
0.991317
0.991919
0.992483
0.992992
0.993480
0.993908
0.994336
0.994692
0.995077
0.995362
0.995721
0.995933
0.996287
0.996418
0.996790
0.996824
0.997244
0.997158
0.997662
0.997422
0.998058
0.997617
0.998442
0.997744
0.998829
0.997800
0.999230
0.997778
0.999660
0.973753
0.994710
0.975172
0.989712
0.975247
0.984933
0.974122
0.980070
0.971804
0.974818
0.968213
0.968841
0.963178
0.961753
0.956422
0.953091
0.947550
0.942315
0.936064
0.928894
0.921483
0.912653
0.903840
0.894984
0.885439
0.882774
0.876790
0.901518
0.916493
1.032220
1.228923
1.275703
1.159045
1.066341
1.083674
1.161004
1.188586
1.088072
0.982542
0.920751
0.888782
0.881794
0.882463
0.890311
0.898428
0.908191
0.916718
0.925264
0.932565
0.939421
0.945326
0.950692
0.955393
0.959582
0.963319
0.966612
0.969595
0.972212
0.974609
0.976712
0.978652
0.980362
0.981944
0.983348
0.984648
0.985811
0.986887
0.987858
0.988755
0.989571
0.990322
0.991014
0.991646
0.992235
0.992768
0.993276
0.993723
0.994167
0.994537
0.994936
0.995232
0.995603
0.995823
0.996188
0.996324
0.996706
0.996744
0.997174
0.997087
0.997604
0.997359
0.998010
0.997561
0.998405
0.997692
0.998801
0.997749
0.999212
0.997728
0.999652
0.973015
0.994507
0.974417
0.989292
0.974405
0.984270
0.973112
0.979105
0.970521
0.973443
0.966503
0.966879
0.960805
0.958903
0.953001
0.948838
0.942432
0.935753
0.928097
0.918364
0.908524
0.895020
0.881684
0.864140
0.845306
0.826633
0.799147
0.796275
0.755200
0.841660
0.822185
0.444689
0.035282
-0.102378
0.021284
0.322585
0.637761
0.734319
0.744338
0.767301
0.785970
0.811812
0.833176
0.854821
0.872316
0.888624
0.901830
0.913762
0.923572
0.932295
0.939627
0.946079
0.951632
0.956481
0.960749
0.964460
0.967786
0.970676
0.973301
0.975589
0.977686
0.979524
0.981215
0.982710
0.984088
0.985317
0.986451
0.987470
0.988410
0.989262
0.990046
0.990765
0.991422
0.992033
0.992585
0.993110
0.993571
0.994030
0.994411
0.994821
0.995126
0.995507
0.995734
0.996107
0.996248
0.996639
0.996678
0.997117
0.997030
0.997557
0.997309
0.997972
0.997515
0.998375
0.997649
0.998779
0.997708
0.999197
0.997687
0.999645
0.972455
0.994352
0.973844
0.988973
0.973765
0.983766
0.972346
0.978373
0.969550
0.972405
0.965212
0.965399
0.959015
0.956753
0.950419
0.945615
0.938545
0.930714
0.921959
0.910068
0.898273
0.880484
0.863362
0.836806
0.809779
0.770993
0.723573
0.671491
0.579678
0.531261
0.185597
-0.308695
-0.497598
-0.505009
-0.406984
-0.233004
0.102696
0.369600
0.490483
0.603563
0.680141
0.741752
0.785680
0.821660
0.848653
0.871357
0.888992
0.904053
0.916110
0.926481
0.935035
0.942408
0.948666
0.954058
0.958753
0.962798
0.966394
0.969499
0.972302
0.974733
0.976949
0.978885
0.980660
0.982224
0.983663
0.984942
0.986119
0.987175
0.988147
0.989028
0.989836
0.990576
0.991252
0.991879
0.992445
0.992984
0.993457
0.993926
0.994316
0.994735
0.995046
0.995435
0.995667
0.996046
0.996191
0.996588
0.996629
0.997075
0.996987
0.997522
0.997271
0.997943
0.997481
0.998352
0.997617
0.998762
0.997677
0.999186
0.997656
0.999641
0.972074
0.994246
0.973453
0.988752
0.973325
0.983416
0.971815
0.977859
0.968867
0.971665
0.964290
0.964328
0.957715
0.955167
0.948508
0.943185
0.935613
0.926823
0.917246
0.903478
0.890294
0.868532
0.849063
0.813263
0.782493
0.720018
0.667726
0.549653
0.454834
0.211855
-0.126838
-0.179188
0.011788
0.077924
0.012891
-0.115270
-0.098513
0.142147
0.336452
0.494451
0.607707
0.690959
0.750779
0.796844
0.831003
0.858463
0.879487
0.896889
0.910652
0.922243
0.931712
0.939760
0.946538
0.952325
0.957332
0.961619
0.965412
0.968671
0.971601
0.974134
0.976437
0.978442
0.980277
0.981890
0.983370
0.984684
0.985892
0.986974
0.987968
0.988868
0.989693
0.990448
0.991136
0.991776
0.992352
0.992899
0.993379
0.993856
0.994252
0.994676
0.994993
0.995386
0.995622
0.996006
0.996152
0.996554
0.996596
0.997046
0.996958
0.997498
0.997245
0.997924
0.997457
0.998337
0.997595
0.998750
0.997656
0.999179
0.997635
0.999637
0.971884
0.994193
0.973257
0.988642
0.973106
0.983242
0.971550
0.977604
0.968529
0.971301
0.963837
0.963804
0.957080
0.954395
0.947578
0.942004
0.934188
0.924919
0.914944
0.900186
0.886353
0.862306
0.841872
0.800104
0.768467
0.688730
0.637857
0.468660
0.379376
-0.002287
-0.080008
0.232474
0.385520
0.386731
0.263335
0.160568
-0.068441
-0.002842
0.251602
0.434372
0.567977
0.663046
0.731512
0.783283
0.821410
0.851549
0.874435
0.893129
0.907810
0.920061
0.930011
0.938416
0.945463
0.951454
0.956620
0.961030
0.964921
0.968258
0.971252
0.973836
0.976181
0.978221
0.980086
0.981723
0.983224
0.984556
0.985778
0.986873
0.987879
0.988788
0.989622
0.990384
0.991079
0.991724
0.992304
0.992856
0.993341
0.993820
0.994219
0.994647
0.994966
0.995362
0.995599
0.995985
0.996133
0.996536
0.996579
0.997032
0.996944
0.997486
0.997232
0.997914
0.997446
0.998329
0.997585
0.998745
0.997646
0.999175
0.997625
0.999636
0.971884
0.994193
0.973257
0.988642
0.973106
0.983242
0.971550
0.977604
0.968529
0.971301
0.963837
0.963804
0.957080
0.954395
0.947578
0.942004
0.934188
0.924919
0.914944
0.900186
0.886353
0.862306
0.841872
0.800104
0.768467
0.688730
0.637857
0.468660
0.379376
-0.002287
-0.080008
0.232474
0.385520
0.386731
0.263335
0.160568
-0.068441
-0.002842
0.251602
0.434372
0.567977
0.663046
0.731512
0.783283
0.821410
0.851549
0.874435
0.893129
0.907810
0.920061
0.930011
0.938416
0.945463
0.951454
0.956620
0.961030
0.964921
0.968258
0.971252
0.973836
0.976181
0.978221
0.980086
0.981723
0.983224
0.984556
0.985778
0.986873
0.987879
0.988788
0.989622
0.990384
0.991079
0.991724
0.992304
0.992856
0.993341
0.993820
0.994219
0.994647
0.994966
0.995362
0.995599
0.995985
0.996133
0.996536
0.996579
0.997032
0.996944
0.997486
0.997232
0.997914
0.997446
0.998329
0.997585
0.998745
0.997646
0.999175
0.997625
0.999636
0.972074
0.994246
0.973453
0.988752
0.973325
0.983416
0.971815
0.977859
0.968867
0.971665
0.964290
0.964328
0.957715
0.955167
0.948508
0.943185
0.935613
0.926823
0.917246
0.903478
0.890294
0.868532
0.849063
0.813263
0.782493
0.720018
0.667726
0.549653
0.454834
0.211855
-0.126838
-0.179188
0.011788
0.077924
0.012891
-0.115270
-0.098513
0.142147
0.336452
0.494451
0.607707
0.690959
0.750779
0.796844
0.831003
0.858463
0.879487
0.896889
0.910652
0.922243
0.931712
0.939760
0.946538
0.952325
0.957332
0.961619
0.965412
0.968671
0.971601
0.974134
0.976437
0.978442
0.980277
0.981890
0.983370
0.984684
0.985892
0.986974
0.987968
0.988868
0.989693
0.990448
0.991136
0.991776
0.992352
0.992899
0.993379
0.993856
0.994252
0.994676
0.994993
0.995386
0.995622
0.996006
0.996152
0.996554
0.996596
0.997046
0.996958
0.997498
0.997245
0.997924
0.997457
0.998337
0.997595
0.998750
0.997656
0.999179
0.997635
0.999637
0.972455
0.994352
0.973844
0.988973
0.973765
0.983766
0.972346
0.978373
0.969550
0.972405
0.965212
0.965399
0.959015
0.956753
0.950419
0.945615
0.938545
0.930714
0.921959
0.910068
0.898273
0.880484
0.863362
0.836806
0.809779
0.770993
0.723573
0.671491
0.579678
0.531261
0.185597
-0.308695
-0.497598
-0.505009
-0.406984
-0.233004
0.102696
0.369600
0.490483
0.603563
0.680141
0.741752
0.785680
0.821660
0.848653
0.871357
0.888992
0.904053
0.916110
0.926481
0.935035
0.942408
0.948666
0.954058
0.958753
0.962798
0.966394
0.969499
0.972302
0.974733
0.976949
0.978885
0.980660
0.982224
0.983663
0.984942
0.986119
0.987175
0.988147
0.989028
0.989836
0.990576
0.991252
0.991879
0.992445
0.992984
0.993457
0.993926
0.994316
0.994735
0.995046
0.995435
0.995667
0.996046
0.996191
0.996588
0.996629
0.997075
0.996987
0.997522
0.997271
0.997943
0.997481
0.998352
0.997617
0.998762
0.997677
0.999186
0.997656
0.999641
0.973015
0.994507
0.974417
0.989292
0.974405
0.984270
0.973112
0.979105
0.970521
0.973443
0.966503
0.966879
0.960805
0.958903
0.953001
0.948838
0.942432
0.935753
0.928097
0.918364
0.908524
0.895020
0.881684
0.864140
0.845306
0.826633
0.799147
0.796275
0.755200
0.841660
0.822185
0.444689
0.035282
-0.102378
0.021284
0.322585
0.637761
0.734319
0.744338
0.767301
0.785970
0.811812
0.833176
0.854821
0.872316
0.888624
0.901830
0.913762
0.923572
0.932295
0.939627
0.946079
0.951632
0.956481
0.960749
0.964460
0.967786
0.970676
0.973301
0.975589
0.977686
0.979524
0.981215
0.982710
0.984088
0.985317
0.986451
0.987470
0.988410
0.989262
0.990046
0.990765
0.991422
0.992033
0.992585
0.993110
0.993571
0.994030
0.994411
0.994821
0.995126
0.995507
0.995734
0.996107
0.996248
0.996639
0.996678
0.997117
0.997030
0.997557
0.997309
0.997972
0.997515
0.998375
0.997649
0.998779
0.997708
0.999197
0.997687
0.999645
0.973753
0.994710
0.975172
0.989712
0.975247
0.984933
0.974122
0.980070
0.971804
0.974818
0.968213
0.968841
0.963178
0.961753
0.956422
0.953091
0.947550
0.942315
0.936064
0.928894
0.921483
0.912653
0.903840
0.894984
0.885439
0.882774
0.876790
0.901518
0.916493
1.032220
1.228923
1.275703
1.159045
1.066341
1.083674
1.161004
1.188586
1.088072
0.982542
0.920751
0.888782
0.881794
0.882463
0.890311
0.898428
0.908191
0.916718
0.925264
0.932565
0.939421
0.945326
0.950692
0.955393
0.959582
0.963319
0.966612
0.969595
0.972212
0.974609
0.976712
0.978652
0.980362
0.981944
0.983348
0.984648
0.985811
0.986887
0.987858
0.988755
0.989571
0.990322
0.991014
0.991646
0.992235
0.992768
0.993276
0.993723
0.994167
0.994537
0.994936
0.995232
0.995603
0.995823
0.996188
0.996324
0.996706
0.996744
0.997174
0.997087
0.997604
0.997359
0.998010
0.997561
0.998405
0.997692
0.998801
0.997749
0.999212
0.997728
0.999652
0.974649
0.994952
0.976084
0.990209
0.976255
0.985712
0.975315
0.981192
0.973296
0.976389
0.970164
0.971038
0.965823
0.964866
0.960133
0.957598
0.952933
0.949022
0.944142
0.939184
0.934041
0.928917
0.924031
0.921247
0.918726
0.925027
0.931541
0.963947
1.000104
1.089674
1.258697
1.414201
1.506359
1.545828
1.545167
1.479233
1.352413
1.192688
1.071405
0.996470
0.952970
0.933015
0.923100
0.921925
0.923165
0.927489
0.931922
0.937280
0.942162
0.947130
0.951580
0.955801
0.959601
0.963076
0.966238
0.969071
0.971677
0.973989
0.976130
0.978026
0.979789
0.981353
0.982809
0.984109
0.985318
0.986404
0.987413
0.988327
0.989173
0.989946
0.990659
0.991317
0.991919
0.992483
0.992992
0.993480
0.993908
0.994336
0.994692
0.995077
0.995362
0.995721
0.995933
0.996287
0.996418
0.996790
0.996824
0.997244
0.997158
0.997662
0.997422
0.998058
0.997617
0.998442
0.997744
0.998829
0.997800
0.999230
0.997778
0.999660
0.975701
0.995235
0.977151
0.990789
0.977433
0.986619
0.976707
0.982498
0.975036
0.978218
0.972436
0.973595
0.968900
0.968477
0.964430
0.962787
0.959107
0.956634
0.953252
0.950580
0.947805
0.946245
0.945197
0.947682
0.951348
0.964286
0.980005
1.016194
1.061440
1.137089
1.258138
1.376691
1.456827
1.495241
1.479915
1.398541
1.290080
1.180274
1.097044
1.037209
0.996623
0.972215
0.956759
0.949602
0.945831
0.945836
0.946837
0.949397
0.952065
0.955256
0.958284
0.961367
0.964242
0.966974
0.969524
0.971862
0.974053
0.976028
0.977883
0.979544
0.981106
0.982504
0.983816
0.984995
0.986099
0.987097
0.988028
0.988875
0.989663
0.990385
0.991054
0.991672
0.992240
0.992773
0.993256
0.993719
0.994127
0.994535
0.994874
0.995242
0.995515
0.995860
0.996063
0.996404
0.996529
0.996888
0.996920
0.997326
0.997241
0.997731
0.997496
0.998114
0.997684
0.998487
0.997807
0.998862
0.997860
0.999251
0.997839
0.999669
0.976882
0.995544
0.978343
0.991420
0.978734
0.987599
0.978222
0.983889
0.976893
0.980132
0.974806
0.976207
0.972021
0.972058
0.968647
0.967749
0.964930
0.963593
0.961434
0.960427
0.959417
0.960166
0.961601
0.966874
0.973661
0.988626
1.006784
1.039807
1.080827
1.139407
1.220560
1.302412
1.365141
1.393092
1.380336
1.329912
1.262072
1.185843
1.120138
1.067361
1.028363
1.001858
0.983428
0.972531
0.965397
0.962197
0.960544
0.960783
0.961573
0.963178
0.964925
0.966942
0.968949
0.970963
0.972919
0.974769
0.976550
0.978185
0.979752
0.981173
0.982528
0.983753
0.984915
0.985968
0.986960
0.987864
0.988711
0.989487
0.990211
0.990878
0.991498
0.992073
0.992604
0.993103
0.993555
0.993991
0.994375
0.994761
0.995082
0.995432
0.995690
0.996019
0.996212
0.996538
0.996656
0.997001
0.997029
0.997421
0.997337
0.997810
0.997581
0.998178
0.997762
0.998538
0.997879
0.998900
0.997929
0.999276
0.997908
0.999680
0.978189
0.995883
0.979657
0.992110
0.980163
0.988668
0.979881
0.985405
0.978920
0.982211
0.977383
0.979037
0.975400
0.975921
0.973186
0.973057
0.971134
0.970940
0.970013
0.970617
0.971305
0.974153
0.977829
0.985406
0.994723
1.011030
1.030607
1.060827
1.097278
1.143665
1.200236
1.253298
1.291805
1.308515
1.299956
1.265145
1.218061
1.164758
1.117140
1.076264
1.044051
1.019990
1.001997
0.989913
0.981218
0.976104
0.972679
0.971217
0.970535
0.970837
0.971477
0.972547
0.973751
0.975090
0.976470
0.977838
0.979205
0.980496
0.981763
0.982935
0.984072
0.985114
0.986115
0.987031
0.987904
0.988705
0.989463
0.990160
0.990815
0.991423
0.991989
0.992517
0.993006
0.993468
0.993888
0.994294
0.994652
0.995014
0.995313
0.995643
0.995885
0.996197
0.996378
0.996688
0.996798
0.997128
0.997152
0.997527
0.997444
0.997898
0.997676
0.998250
0.997848
0.998595
0.997960
0.998942
0.998007
0.999304
0.997986
0.999692
0.979594
0.996236
0.981058
0.992826
0.981669
0.989765
0.981599
0.986938
0.980977
0.984275
0.979933
0.981774
0.978643
0.979535
0.977380
0.977827
0.976611
0.977214
0.977165
0.978771
0.980507
0.984425
0.989166
0.997421
1.007274
1.022707
1.040818
1.066358
1.096115
1.131716
1.171914
1.209241
1.237532
1.249860
1.245386
1.223709
1.192444
1.154631
1.118214
1.084839
1.056872
1.034578
1.017012
1.004242
0.994534
0.988052
0.983321
0.980525
0.978673
0.977889
0.977599
0.977845
0.978347
0.979079
0.979939
0.980864
0.981847
0.982813
0.983798
0.984730
0.985657
0.986520
0.987363
0.988144
0.988897
0.989595
0.990260
0.990878
0.991462
0.992007
0.992517
0.992997
0.993441
0.993864
0.994249
0.994623
0.994953
0.995289
0.995567
0.995875
0.996100
0.996392
0.996560
0.996853
0.996955
0.997267
0.997288
0.997644
0.997563
0.997996
0.997782
0.998330
0.997944
0.998658
0.998049
0.998989
0.998094
0.999335
0.998073
0.999705
0.981091
0.996608
0.982546
0.993575
0.983259
0.990911
0.983405
0.988534
0.983126
0.986416
0.982583
0.984602
0.981992
0.983249
0.981680
0.982690
0.982173
0.983543
0.984337
0.986877
0.989580
0.994448
1.000119
1.008917
1.019169
1.033818
1.050627
1.072492
1.097025
1.124545
1.153406
1.178780
1.197127
1.204744
1.201223
1.185692
1.163381
1.135982
1.108849
1.082965
1.060409
1.041465
1.025894
1.013863
1.004300
0.997398
0.992074
0.988504
0.985883
0.984319
0.983312
0.982894
0.982799
0.983002
0.983392
0.983908
0.984529
0.985183
0.985892
0.986587
0.987303
0.987986
0.988668
0.989312
0.989942
0.990533
0.991103
0.991638
0.992148
0.992628
0.993080
0.993508
0.993906
0.994287
0.994635
0.994976
0.995277
0.995585
0.995840
0.996124
0.996331
0.996603
0.996757
0.997031
0.997124
0.997418
0.997435
0.997772
0.997692
0.998102
0.997897
0.998417
0.998049
0.998727
0.998147
0.999041
0.998188
0.999368
0.998168
0.999720
0.982653
0.996983
0.984085
0.994327
0.984883
0.992049
0.985217
0.990095
0.985235
0.988466
0.985114
0.987238
0.985088
0.986594
0.985499
0.986884
0.986873
0.988706
0.990024
0.993030
0.996191
1.001328
1.007168
1.015636
1.025296
1.038323
1.052942
1.071031
1.090738
1.112092
1.133621
1.152348
1.166212
1.172184
1.170413
1.160132
1.144518
1.124491
1.103646
1.082903
1.064007
1.047449
1.033313
1.021878
1.012474
1.005300
0.999568
0.995418
0.992216
0.990034
0.988456
0.987489
0.986901
0.986653
0.986640
0.986799
0.987101
0.987477
0.987936
0.988414
0.988936
0.989451
0.989982
0.990493
0.991005
0.991493
0.991970
0.992423
0.992860
0.993274
0.993668
0.994043
0.994394
0.994733
0.995044
0.995350
0.995620
0.995900
0.996130
0.996390
0.996577
0.996828
0.996968
0.997222
0.997305
0.997579
0.997592
0.997908
0.997830
0.998216
0.998020
0.998511
0.998161
0.998801
0.998252
0.999096
0.998290
0.999404
0.998270
0.999736
0.984274
0.997365
0.985675
0.995090
0.986551
0.993199
0.987063
0.991667
0.987370
0.990521
0.987658
0.989867
0.988176
0.989911
0.989280
0.991012
0.991487
0.993747
0.995555
0.998983
1.002559
1.007933
1.013922
1.022108
1.031264
1.042962
1.055800
1.070907
1.086851
1.103403
1.119334
1.132678
1.142184
1.146047
1.144454
1.136761
1.125180
1.110172
1.094247
1.077974
1.062746
1.048940
1.036805
1.026603
1.017960
1.011072
1.005393
1.001057
0.997580
0.995031
0.993069
0.991703
0.990730
0.990116
0.989761
0.989608
0.989624
0.989744
0.989970
0.990244
0.990580
0.990931
0.991315
0.991697
0.992092
0.992476
0.992861
0.993231
0.993594
0.993942
0.994277
0.994599
0.994903
0.995198
0.995470
0.995740
0.995980
0.996229
0.996434
0.996669
0.996837
0.997065
0.997191
0.997424
0.997497
0.997751
0.997759
0.998053
0.997977
0.998337
0.998151
0.998610
0.998281
0.998880
0.998364
0.999155
0.998398
0.999443
0.998378
0.999753
0.985928
0.997741
0.987285
0.995837
0.988216
0.994313
0.988875
0.993165
0.989417
0.992441
0.990031
0.992256
0.990962
0.992820
0.992550
0.994475
0.995273
0.997734
0.999792
1.003328
1.006987
1.012208
1.017932
1.025440
1.033695
1.043857
1.054803
1.067278
1.080161
1.093239
1.105561
1.115803
1.123202
1.126363
1.125536
1.120172
1.111715
1.100417
1.087997
1.074935
1.062305
1.050508
1.039837
1.030578
1.022534
1.015898
1.010295
1.005844
1.002183
0.999364
0.997116
0.995439
0.994164
0.993253
0.992619
0.992207
0.991981
0.991883
0.991907
0.992000
0.992170
0.992374
0.992623
0.992886
0.993172
0.993459
0.993755
0.994047
0.994338
0.994622
0.994899
0.995168
0.995425
0.995677
0.995910
0.996145
0.996352
0.996572
0.996752
0.996960
0.997108
0.997313
0.997423
0.997635
0.997699
0.997930
0.997935
0.998205
0.998132
0.998464
0.998290
0.998715
0.998407
0.998963
0.998483
0.999217
0.998513
0.999483
0.998494
0.999771
0.987611
0.998116
0.988913
0.996577
0.989888
0.995411
0.990679
0.994636
0.991438
0.994314
0.992353
0.994573
0.993666
0.995625
0.995699
0.997790
0.998890
1.001527
1.003813
1.007443
1.011177
1.016266
1.021763
1.028701
1.036204
1.045106
1.054510
1.064865
1.075296
1.085572
1.094957
1.102555
1.107876
1.110030
1.109227
1.105063
1.098561
1.089835
1.080115
1.069709
1.059449
1.049636
1.040566
1.032480
1.025297
1.019195
1.013924
1.009597
1.005950
1.003035
1.000640
0.998768
0.997281
0.996148
0.995292
0.994665
0.994232
0.993942
0.993786
0.993715
0.993732
0.993798
0.993920
0.994068
0.994250
0.994444
0.994654
0.994869
0.995090
0.995311
0.995530
0.995748
0.995957
0.996166
0.996361
0.996560
0.996736
0.996925
0.997079
0.997261
0.997388
0.997570
0.997665
0.997854
0.997908
0.998117
0.998118
0.998363
0.998294
0.998597
0.998435
0.998824
0.998540
0.999050
0.998607
0.999282
0.998633
0.999526
0.998615
0.999789
0.989300
0.998479
0.990533
0.997288
0.991530
0.996455
0.992420
0.996012
0.993346
0.996031
0.994486
0.996641
0.996065
0.998042
0.998377
1.000519
1.001802
1.004461
1.006817
1.010354
1.013971
1.018731
1.023811
1.030036
1.036677
1.044350
1.052339
1.060939
1.069471
1.077745
1.085208
1.091224
1.095474
1.097286
1.096837
1.093803
1.088879
1.082128
1.074408
1.065974
1.057453
1.049124
1.041254
1.034074
1.027569
1.021903
1.016922
1.012723
1.009120
1.006154
1.003669
1.001661
1.000021
0.998720
0.997693
0.996895
0.996296
0.995848
0.995540
0.995330
0.995214
0.995160
0.995170
0.995216
0.995302
0.995410
0.995541
0.995684
0.995839
0.996000
0.996164
0.996331
0.996495
0.996662
0.996819
0.996982
0.997126
0.997285
0.997413
0.997569
0.997676
0.997834
0.997914
0.998080
0.998124
0.998310
0.998307
0.998527
0.998461
0.998735
0.998585
0.998938
0.998677
0.999141
0.998736
0.999350
0.998758
0.999570
0.998741
0.999809
0.990991
0.998833
0.992146
0.997978
0.993152
0.997464
0.994122
0.997334
0.995193
0.997671
0.996530
0.998603
0.998343
1.000317
1.000897
1.003070
1.004522
1.007189
1.009607
1.013054
1.016569
1.021040
1.025761
1.031384
1.037300
1.043955
1.050774
1.057933
1.064903
1.071517
1.077355
1.081974
1.085157
1.086455
1.086008
1.083583
1.079682
1.074331
1.068154
1.061323
1.054322
1.047359
1.040671
1.034446
1.028708
1.023600
1.019030
1.015087
1.011640
1.008733
1.006246
1.004183
1.002456
1.001043
0.999891
0.998961
0.998227
0.997646
0.997208
0.996874
0.996641
0.996478
0.996384
0.996336
0.996333
0.996361
0.996417
0.996491
0.996583
0.996686
0.996797
0.996916
0.997035
0.997161
0.997280
0.997408
0.997522
0.997650
0.997754
0.997883
0.997970
0.998103
0.998168
0.998311
0.998346
0.998508
0.998501
0.998695
0.998633
0.998876
0.998740
0.999055
0.998819
0.999234
0.998870
0.999419
0.998888
0.999616
0.998871
0.999829
0.992665
0.999171
0.993731
0.998631
0.994725
0.998409
0.995746
0.998555
0.996916
0.999155
0.998386
1.000332
1.000342
1.002255
1.003017
1.005144
1.006683
1.009265
1.011651
1.014908
1.018223
1.022322
1.026615
1.031610
1.036812
1.042546
1.048356
1.054356
1.060132
1.065553
1.070299
1.074046
1.076642
1.077752
1.077479
1.075643
1.072595
1.068350
1.063353
1.057746
1.051893
1.045977
1.040197
1.034720
1.029593
1.024944
1.020722
1.017009
1.013717
1.010883
1.008422
1.006337
1.004562
1.003075
1.001835
1.000808
0.999970
0.999286
0.998743
0.998309
0.997977
0.997721
0.997538
0.997407
0.997326
0.997280
0.997268
0.997280
0.997313
0.997362
0.997423
0.997495
0.997572
0.997658
0.997742
0.997836
0.997920
0.998019
0.998097
0.998200
0.998267
0.998376
0.998426
0.998546
0.998571
0.998710
0.998700
0.998867
0.998809
0.999022
0.998899
0.999175
0.998965
0.999330
0.999007
0.999491
0.999022
0.999663
0.999006
0.999850
0.994320
0.999495
0.995287
0.999256
0.996257
0.999307
0.997311
0.999708
0.998559
1.000546
1.000136
1.001940
1.002208
1.004042
1.004973
1.007042
1.008660
1.011153
1.013507
1.016587
1.019725
1.023497
1.027420
1.031879
1.036476
1.041437
1.046402
1.051433
1.056210
1.060620
1.064422
1.067384
1.069397
1.070228
1.069958
1.068458
1.065984
1.062545
1.058466
1.053852
1.048982
1.043997
1.039062
1.034315
1.029810
1.025655
1.021829
1.018404
1.015323
1.012621
1.010240
1.008183
1.006401
1.004880
1.003585
1.002490
1.001574
1.000808
1.000179
0.999659
0.999242
0.998905
0.998642
0.998436
0.998284
0.998172
0.998097
0.998050
0.998028
0.998026
0.998040
0.998068
0.998105
0.998153
0.998202
0.998263
0.998318
0.998388
0.998442
0.998519
0.998567
0.998652
0.998687
0.998784
0.998800
0.998914
0.998901
0.999042
0.998989
0.999169
0.999061
0.999297
0.999114
0.999428
0.999148
0.999564
0.999158
0.999711
0.999143
0.999871
0.995941
0.999802
0.996800
0.999841
0.997728
1.000139
0.998789
1.000761
1.000079
1.001793
1.001713
1.003345
1.003835
1.005552
1.006609
1.008571
1.010219
1.012570
1.014842
1.017698
1.020618
1.024039
1.027581
1.031527
1.035566
1.039855
1.044112
1.048368
1.052378
1.056048
1.059196
1.061645
1.063316
1.064033
1.063852
1.062679
1.060693
1.057903
1.054546
1.050708
1.046599
1.042342
1.038071
1.033907
1.029905
1.026159
1.022669
1.019497
1.016611
1.014041
1.011747
1.009735
1.007970
1.006438
1.005114
1.003976
1.003006
1.002180
1.001485
1.000899
1.000413
1.000008
0.999679
0.999409
0.999195
0.999024
0.998893
0.998793
0.998722
0.998673
0.998643
0.998630
0.998629
0.998641
0.998657
0.998686
0.998713
0.998755
0.998786
0.998838
0.998867
0.998928
0.998950
0.999023
0.999030
0.999121
0.999105
0.999219
0.999171
0.999319
0.999225
0.999421
0.999266
0.999527
0.999291
0.999639
0.999297
0.999760
0.999284
0.999892
0.997526
1.000093
0.998269
1.000393
0.999145
1.000919
1.000198
1.001741
1.001510
1.002944
1.003181
1.004631
1.005330
1.006921
1.008094
1.009943
1.011616
1.013828
1.016025
1.018674
1.021401
1.024510
1.027721
1.031226
1.034789
1.038506
1.042163
1.045765
1.049124
1.052161
1.054736
1.056721
1.058054
1.058613
1.058438
1.057462
1.055819
1.053515
1.050726
1.047520
1.044059
1.040437
1.036767
1.033145
1.029626
1.026289
1.023143
1.020243
1.017573
1.015162
1.012983
1.011044
1.009320
1.007803
1.006472
1.005312
1.004306
1.003436
1.002690
1.002050
1.001507
1.001045
1.000658
1.000333
1.000063
0.999840
0.999658
0.999510
0.999393
0.999301
0.999230
0.999179
0.999142
0.999120
0.999105
0.999104
0.999104
0.999119
0.999127
0.999155
0.999166
0.999204
0.999212
0.999263
0.999261
0.999327
0.999309
0.999396
0.999353
0.999469
0.999391
0.999546
0.999419
0.999627
0.999435
0.999714
0.999439
0.999809
0.999426
0.999914
0.999064
1.000365
0.999686
1.000906
1.000495
1.001636
1.001521
1.002630
1.002828
1.003969
1.004498
1.005748
1.006630
1.008070
1.009331
1.011041
1.012711
1.014758
1.016856
1.019282
1.021805
1.024606
1.027501
1.030601
1.033740
1.036968
1.040127
1.043203
1.046057
1.048619
1.050784
1.052450
1.053572
1.054056
1.053930
1.053144
1.051794
1.049888
1.047556
1.044854
1.041905
1.038790
1.035601
1.032419
1.029297
1.026301
1.023449
1.020789
1.018314
1.016053
1.013988
1.012129
1.010457
1.008968
1.007647
1.006480
1.005456
1.004558
1.003777
1.003097
1.002511
1.002004
1.001570
1.001197
1.000881
1.000612
1.000386
1.000196
1.000038
0.999907
0.999799
0.999712
0.999641
0.999588
0.999544
0.999514
0.999489
0.999478
0.999465
0.999469
0.999462
0.999478
0.999473
0.999501
0.999492
0.999534
0.999514
0.999574
0.999537
0.999620
0.999557
0.999671
0.999573
0.999727
0.999581
0.999790
0.999581
0.999859
0.999570
0.999936
1.000554
1.000621
1.001050
1.001384
1.001784
1.002301
1.002770
1.003447
1.004057
1.004904
1.005710
1.006756
1.007809
1.009095
1.010437
1.012007
1.013672
1.015561
1.017569
1.019790
1.022132
1.024659
1.027278
1.030027
1.032802
1.035611
1.038344
1.040972
1.043394
1.045546
1.047351
1.048729
1.049647
1.050036
1.049916
1.049253
1.048118
1.046518
1.044552
1.042263
1.039748
1.037073
1.034310
1.031529
1.028774
1.026103
1.023535
1.021113
1.018839
1.016735
1.014796
1.013028
1.011423
1.009976
1.008678
1.007518
1.006488
1.005574
1.004769
1.004059
1.003439
1.002894
1.002422
1.002009
1.001653
1.001344
1.001079
1.000851
1.000655
1.000489
1.000347
1.000227
1.000126
1.000043
0.999972
0.999915
0.999866
0.999831
0.999797
0.999778
0.999755
0.999749
0.999731
0.999738
0.999720
0.999740
0.999718
0.999751
0.999720
0.999771
0.999724
0.999796
0.999727
0.999828
0.999728
0.999865
0.999724
0.999909
0.999714
0.999958
1.001989
1.000858
1.002355
1.001825
1.003005
1.002908
1.003936
1.004184
1.005183
1.005731
1.006796
1.007628
1.008833
1.009953
1.011358
1.012775
1.014422
1.016142
1.018053
1.020068
1.022232
1.024500
1.026865
1.029298
1.031756
1.034207
1.036587
1.038852
1.040933
1.042769
1.044306
1.045478
1.046260
1.046597
1.046505
1.045958
1.045007
1.043660
1.041991
1.040038
1.037874
1.035554
1.033140
1.030688
1.028240
1.025843
1.023521
1.021309
1.019213
1.017256
1.015436
1.013760
1.012225
1.010827
1.009561
1.008419
1.007393
1.006475
1.005657
1.004928
1.004283
1.003712
1.003208
1.002764
1.002374
1.002032
1.001733
1.001471
1.001244
1.001045
1.000873
1.000724
1.000594
1.000483
1.000387
1.000306
1.000234
1.000176
1.000123
1.000082
1.000043
1.000016
0.999986
0.999972
0.999947
0.999943
0.999920
0.999927
0.999902
0.999920
0.999890
0.999921
0.999881
0.999929
0.999874
0.999941
0.999867
0.999959
0.999859
0.999981
1.003368
1.001079
1.003602
1.002233
1.004161
1.003465
1.005029
1.004855
1.006225
1.006478
1.007786
1.008406
1.009754
1.010707
1.012169
1.013436
1.015065
1.016627
1.018449
1.020275
1.022282
1.024319
1.026462
1.028619
1.030802
1.032945
1.035022
1.036975
1.038762
1.040326
1.041628
1.042614
1.043267
1.043545
1.043460
1.042992
1.042181
1.041034
1.039607
1.037931
1.036066
1.034053
1.031945
1.029788
1.027617
1.025475
1.023382
1.021369
1.019448
1.017636
1.015936
1.014356
1.012896
1.011554
1.010327
1.009210
1.008198
1.007283
1.006459
1.005719
1.005057
1.004464
1.003937
1.003466
1.003049
1.002678
1.002350
1.002059
1.001802
1.001576
1.001376
1.001200
1.001045
1.000908
1.000789
1.000684
1.000592
1.000511
1.000440
1.000379
1.000325
1.000278
1.000237
1.000201
1.000170
1.000144
1.000120
1.000100
1.000082
1.000068
1.000054
1.000045
1.000034
1.000028
1.000019
1.000016
1.000009
1.000008
1.000003
1.000003
1.004689
1.001284
1.004789
1.002607
1.005251
1.003972
1.006045
1.005457
1.007179
1.007136
1.008672
1.009076
1.010552
1.011335
1.012845
1.013958
1.015563
1.016965
1.018698
1.020342
1.022201
1.024024
1.025967
1.027880
1.029825
1.031705
1.033529
1.035226
1.036777
1.038125
1.039247
1.040094
1.040656
1.040898
1.040828
1.040433
1.039742
1.038761
1.037535
1.036087
1.034466
1.032707
1.030852
1.028941
1.027005
1.025080
1.023185
1.021350
1.019583
1.017904
1.016317
1.014831
1.013445
1.012162
1.010978
1.009892
1.008900
1.007995
1.007174
1.006429
1.005757
1.005150
1.004605
1.004114
1.003675
1.003280
1.002928
1.002612
1.002331
1.002079
1.001855
1.001654
1.001476
1.001317
1.001176
1.001049
1.000938
1.000837
1.000749
1.000668
1.000600
1.000534
1.000482
1.000427
1.000389
1.000341
1.000316
1.000271
1.000260
1.000215
1.000217
1.000167
1.000186
1.000127
1.000164
1.000091
1.000151
1.000057
1.000146
1.000024
1.005948
1.001473
1.005914
1.002950
1.006277
1.004433
1.006992
1.006001
1.008055
1.007725
1.009475
1.009667
1.011264
1.011880
1.013433
1.014397
1.015981
1.017232
1.018886
1.020363
1.022090
1.023723
1.025490
1.027189
1.028927
1.030579
1.032185
1.033660
1.035008
1.036169
1.037134
1.037857
1.038335
1.038538
1.038474
1.038132
1.037535
1.036688
1.035627
1.034370
1.032957
1.031417
1.029784
1.028090
1.026365
1.024636
1.022924
1.021252
1.019632
1.018080
1.016603
1.015207
1.013897
1.012674
1.011537
1.010486
1.009517
1.008628
1.007814
1.007070
1.006393
1.005777
1.005219
1.004713
1.004256
1.003842
1.003469
1.003132
1.002829
1.002555
1.002309
1.002087
1.001888
1.001708
1.001547
1.001400
1.001271
1.001151
1.001048
1.000948
1.000867
1.000782
1.000721
1.000646
1.000603
1.000533
1.000509
1.000439
1.000435
1.000358
1.000377
1.000287
1.000335
1.000224
1.000306
1.000164
1.000290
1.000106
1.000287
1.000046
1.007147
1.001647
1.006980
1.003264
1.007239
1.004851
1.007870
1.006488
1.008856
1.008243
1.010193
1.010176
1.011882
1.012332
1.013922
1.014740
1.016299
1.017405
1.018982
1.020303
1.021909
1.023368
1.024978
1.026488
1.028046
1.029504
1.030925
1.032216
1.033398
1.034408
1.035248
1.035875
1.036290
1.036466
1.036412
1.036118
1.035601
1.034868
1.033943
1.032846
1.031606
1.030248
1.028801
1.027292
1.025746
1.024187
1.022634
1.021107
1.019619
1.018183
1.016806
1.015497
1.014260
1.013096
1.012008
1.010994
1.010053
1.009183
1.008381
1.007643
1.006966
1.006346
1.005780
1.005263
1.004792
1.004363
1.003973
1.003618
1.003297
1.003004
1.002739
1.002498
1.002280
1.002081
1.001902
1.001737
1.001592
1.001454
1.001336
1.001219
1.001126
1.001023
1.000953
1.000860
1.000812
1.000721
1.000697
1.000602
1.000606
1.000499
1.000534
1.000405
1.000482
1.000319
1.000446
1.000236
1.000428
1.000154
1.000427
1.000067
1.008281
1.001807
1.007983
1.003551
1.008139
1.005230
1.008683
1.006924
1.009588
1.008703
1.010840
1.010621
1.012430
1.012719
1.014343
1.015021
1.016559
1.017529
1.019037
1.020215
1.021713
1.023016
1.024490
1.025832
1.027235
1.028523
1.029785
1.030917
1.031955
1.032834
1.033565
1.034107
1.034465
1.034615
1.034566
1.034307
1.033856
1.033215
1.032405
1.031443
1.030351
1.029150
1.027865
1.026519
1.025131
1.023725
1.022316
1.020922
1.019554
1.018226
1.016945
1.015719
1.014552
1.013448
1.012407
1.011432
1.010521
1.009672
1.008885
1.008156
1.007483
1.006862
1.006292
1.005767
1.005286
1.004845
1.004441
1.004072
1.003734
1.003425
1.003144
1.002886
1.002651
1.002435
1.002240
1.002058
1.001898
1.001743
1.001612
1.001479
1.001375
1.001256
1.001177
1.001066
1.001014
1.000903
1.000880
1.000761
1.000772
1.000635
1.000687
1.000520
1.000625
1.000412
1.000583
1.000307
1.000563
1.000200
1.000564
1.000088
1.009357
1.001955
1.008930
1.003812
1.008981
1.005572
1.009435
1.007315
1.010256
1.009107
1.011419
1.011003
1.012906
1.013039
1.014693
1.015236
1.016752
1.017592
1.019037
1.020081
1.021483
1.022645
1.023997
1.025192
1.026460
1.027600
1.028727
1.029725
1.030644
1.031414
1.032057
1.032531
1.032844
1.032975
1.032931
1.032705
1.032309
1.031746
1.031034
1.030184
1.029217
1.028149
1.027002
1.025794
1.024544
1.023270
1.021987
1.020711
1.019452
1.018222
1.017029
1.015880
1.014780
1.013733
1.012740
1.011804
1.010924
1.010100
1.009330
1.008613
1.007946
1.007328
1.006757
1.006228
1.005740
1.005290
1.004876
1.004494
1.004144
1.003821
1.003525
1.003252
1.003003
1.002771
1.002563
1.002365
1.002191
1.002021
1.001878
1.001729
1.001615
1.001480
1.001394
1.001266
1.001210
1.001080
1.001057
1.000916
1.000934
1.000768
1.000837
1.000632
1.000765
1.000503
1.000718
1.000376
1.000695
1.000246
1.000698
1.000108
1.010367
1.002089
1.009815
1.004048
1.009763
1.005879
1.010128
1.007662
1.010864
1.009463
1.011939
1.011333
1.013324
1.013308
1.014991
1.015406
1.016903
1.017623
1.019012
1.019935
1.021250
1.022286
1.023531
1.024596
1.025746
1.026759
1.027769
1.028650
1.029465
1.030142
1.030708
1.031122
1.031396
1.031508
1.031467
1.031266
1.030916
1.030418
1.029788
1.029034
1.028174
1.027221
1.026194
1.025108
1.023979
1.022823
1.021653
1.020483
1.019323
1.018183
1.017072
1.015995
1.014958
1.013966
1.013020
1.012122
1.011273
1.010474
1.009723
1.009019
1.008362
1.007749
1.007178
1.006648
1.006155
1.005699
1.005277
1.004885
1.004524
1.004189
1.003881
1.003595
1.003333
1.003088
1.002866
1.002655
1.002468
1.002285
1.002131
1.001967
1.001844
1.001694
1.001601
1.001457
1.001397
1.001249
1.001228
1.001064
1.001090
1.000896
1.000981
1.000740
1.000900
1.000590
1.000847
1.000442
1.000823
1.000290
1.000828
1.000128
1.011321
1.002212
1.010647
1.004265
1.010493
1.006157
1.010768
1.007972
1.011418
1.009776
1.012404
1.011617
1.013689
1.013530
1.015239
1.015531
1.017011
1.017618
1.018955
1.019765
1.021004
1.021925
1.023076
1.024026
1.025073
1.025975
1.026884
1.027666
1.028393
1.028992
1.029494
1.029858
1.030099
1.030197
1.030160
1.029982
1.029670
1.029228
1.028667
1.027995
1.027225
1.026371
1.025447
1.024466
1.023442
1.022389
1.021319
1.020244
1.019172
1.018114
1.017078
1.016068
1.015091
1.014151
1.013249
1.012390
1.011573
1.010799
1.010068
1.009380
1.008733
1.008127
1.007560
1.007030
1.006536
1.006075
1.005647
1.005248
1.004878
1.004533
1.004215
1.003917
1.003644
1.003387
1.003154
1.002930
1.002733
1.002536
1.002372
1.002196
1.002064
1.001900
1.001801
1.001642
1.001579
1.001413
1.001393
1.001208
1.001241
1.001021
1.001121
1.000845
1.001032
1.000676
1.000974
1.000507
1.000947
1.000333
1.000955
1.000147
1.012208
1.002323
1.011418
1.004458
1.011165
1.006404
1.011353
1.008246
1.011919
1.010049
1.012818
1.011861
1.014008
1.013714
1.015447
1.015626
1.017090
1.017593
1.018884
1.019593
1.020763
1.021583
1.022651
1.023499
1.024457
1.025262
1.026084
1.026779
1.027431
1.027961
1.028408
1.028729
1.028942
1.029027
1.028993
1.028832
1.028553
1.028157
1.027655
1.027053
1.026362
1.025593
1.024758
1.023869
1.022938
1.021976
1.020994
1.020003
1.019012
1.018029
1.017060
1.016112
1.015190
1.014299
1.013440
1.012617
1.011830
1.011081
1.010371
1.009699
1.009064
1.008466
1.007904
1.007376
1.006881
1.006418
1.005985
1.005580
1.005203
1.004851
1.004523
1.004216
1.003933
1.003665
1.003422
1.003187
1.002980
1.002772
1.002599
1.002410
1.002270
1.002094
1.001989
1.001816
1.001750
1.001568
1.001550
1.001344
1.001385
1.001139
1.001254
1.000945
1.001158
1.000757
1.001095
1.000568
1.001067
1.000374
1.001076
1.000166
1.013046
1.002427
1.012142
1.004636
1.011793
1.006630
1.011894
1.008493
1.012377
1.010290
1.013191
1.012070
1.014287
1.013865
1.015620
1.015691
1.017141
1.017546
1.018796
1.019412
1.020521
1.021248
1.022243
1.023001
1.023880
1.024599
1.025346
1.025967
1.026554
1.027026
1.027426
1.027710
1.027900
1.027973
1.027941
1.027796
1.027545
1.027190
1.026738
1.026195
1.025572
1.024876
1.024118
1.023309
1.022459
1.021578
1.020675
1.019760
1.018840
1.017924
1.017018
1.016128
1.015257
1.014412
1.013594
1.012805
1.012049
1.011326
1.010636
1.009981
1.009359
1.008770
1.008214
1.007690
1.007197
1.006733
1.006298
1.005889
1.005507
1.005147
1.004813
1.004497
1.004206
1.003929
1.003677
1.003432
1.003216
1.002997
1.002816
1.002616
1.002469
1.002281
1.002171
1.001983
1.001916
1.001718
1.001701
1.001476
1.001524
1.001253
1.001384
1.001042
1.001280
1.000836
1.001212
1.000629
1.001183
1.000414
1.001194
1.000184
1.013812
1.002517
1.012804
1.004792
1.012364
1.006826
1.012382
1.008706
1.012787
1.010497
1.013520
1.012247
1.014529
1.013988
1.015764
1.015736
1.017174
1.017490
1.018704
1.019235
1.020291
1.020937
1.021867
1.022546
1.023358
1.024003
1.024685
1.025240
1.025772
1.026193
1.026553
1.026806
1.026975
1.027038
1.027008
1.026876
1.026649
1.026327
1.025918
1.025427
1.024861
1.024229
1.023538
1.022799
1.022019
1.021208
1.020375
1.019527
1.018671
1.017816
1.016966
1.016127
1.015304
1.014500
1.013720
1.012964
1.012236
1.011537
1.010867
1.010228
1.009619
1.009040
1.008491
1.007971
1.007480
1.007017
1.006580
1.006168
1.005781
1.005417
1.005076
1.004754
1.004455
1.004170
1.003910
1.003656
1.003432
1.003204
1.003015
1.002805
1.002652
1.002453
1.002338
1.002139
1.002069
1.001856
1.001842
1.001599
1.001654
1.001360
1.001505
1.001132
1.001394
1.000909
1.001322
1.000684
1.001292
1.000451
1.001305
1.000200
1.014540
1.002604
1.013428
1.004938
1.012899
1.007009
1.012837
1.008902
1.013164
1.010683
1.013818
1.012401
1.014742
1.014088
1.015883
1.015762
1.017189
1.017422
1.018602
1.019057
1.020064
1.020635
1.021509
1.022116
1.022868
1.023447
1.024072
1.024571
1.025055
1.025432
1.025757
1.025982
1.026134
1.026189
1.026160
1.026038
1.025832
1.025539
1.025168
1.024721
1.024205
1.023628
1.022996
1.022317
1.021600
1.020852
1.020081
1.019293
1.018495
1.017695
1.016897
1.016106
1.015327
1.014563
1.013818
1.013094
1.012394
1.011719
1.011069
1.010446
1.009851
1.009283
1.008742
1.008228
1.007740
1.007278
1.006841
1.006427
1.006038
1.005669
1.005324
1.004996
1.004691
1.004399
1.004132
1.003870
1.003640
1.003403
1.003207
1.002988
1.002829
1.002619
1.002501
1.002289
1.002218
1.001991
1.001979
1.001718
1.001780
1.001464
1.001623
1.001220
1.001505
1.000981
1.001430
1.000739
1.001398
1.000487
1.001413
1.000217
1.015190
1.002677
1.013985
1.005062
1.013375
1.007163
1.013239
1.009066
1.013495
1.010838
1.014076
1.012528
1.014923
1.014167
1.015980
1.015774
1.017193
1.017352
1.018504
1.018890
1.019856
1.020362
1.021186
1.021732
1.022432
1.022955
1.023531
1.023982
1.024424
1.024764
1.025059
1.025261
1.025398
1.025445
1.025418
1.025306
1.025116
1.024849
1.024509
1.024099
1.023626
1.023096
1.022515
1.021889
1.021226
1.020532
1.019814
1.019079
1.018333
1.017581
1.016828
1.016080
1.015340
1.014612
1.013899
1.013203
1.012528
1.011874
1.011243
1.010636
1.010053
1.009495
1.008962
1.008453
1.007969
1.007509
1.007072
1.006657
1.006266
1.005894
1.005545
1.005211
1.004902
1.004603
1.004331
1.004062
1.003825
1.003581
1.003379
1.003152
1.002988
1.002769
1.002647
1.002425
1.002353
1.002113
1.002102
1.001826
1.001895
1.001557
1.001729
1.001299
1.001606
1.001046
1.001527
1.000789
1.001495
1.000520
1.001512
1.000232
1.015816
1.002749
1.014518
1.005182
1.013827
1.007310
1.013618
1.009221
1.013803
1.010981
1.014313
1.012641
1.015086
1.014233
1.016062
1.015776
1.017186
1.017276
1.018401
1.018723
1.019651
1.020097
1.020877
1.021367
1.022021
1.022493
1.023026
1.023432
1.023838
1.024145
1.024414
1.024595
1.024718
1.024760
1.024733
1.024629
1.024454
1.024208
1.023896
1.023519
1.023084
1.022596
1.022059
1.021480
1.020865
1.020220
1.019551
1.018864
1.018164
1.017457
1.016746
1.016038
1.015334
1.014640
1.013958
1.013291
1.012640
1.012008
1.011395
1.010804
1.010234
1.009687
1.009163
1.008660
1.008181
1.007723
1.007288
1.006873
1.006481
1.006107
1.005754
1.005417
1.005103
1.004800
1.004522
1.004247
1.004005
1.003754
1.003547
1.003312
1.003144
1.002916
1.002791
1.002558
1.002485
1.002233
1.002224
1.001932
1.002008
1.001650
1.001835
1.001379
1.001706
1.001111
1.001624
1.000838
1.001590
1.000553
1.001610
1.000246
1.016350
1.002805
1.014975
1.005277
1.014215
1.007428
1.013942
1.009344
1.014066
1.011095
1.014514
1.012729
1.015220
1.014281
1.016126
1.015770
1.017174
1.017203
1.018308
1.018575
1.019471
1.019867
1.020609
1.021052
1.021667
1.022096
1.022592
1.022963
1.023338
1.023617
1.023864
1.024029
1.024141
1.024177
1.024151
1.024053
1.023892
1.023663
1.023374
1.023025
1.022622
1.022169
1.021670
1.021130
1.020556
1.019953
1.019325
1.018678
1.018018
1.017348
1.016674
1.016000
1.015328
1.014663
1.014007
1.013364
1.012734
1.012121
1.011524
1.010947
1.010389
1.009851
1.009334
1.008837
1.008362
1.007907
1.007473
1.007059
1.006665
1.006289
1.005934
1.005594
1.005276
1.004968
1.004686
1.004406
1.004160
1.003902
1.003691
1.003449
1.003277
1.003041
1.002914
1.002672
1.002598
1.002335
1.002329
1.002024
1.002105
1.001730
1.001926
1.001446
1.001793
1.001166
1.001708
1.000881
1.001674
1.000582
1.001695
1.000259
1.016883
1.002867
1.015426
1.005377
1.014594
1.007548
1.014255
1.009467
1.014316
1.011205
1.014702
1.012812
1.015344
1.014323
1.016181
1.015758
1.017155
1.017127
1.018210
1.018425
1.019291
1.019639
1.020347
1.020745
1.021325
1.021714
1.022177
1.022515
1.022862
1.023116
1.023343
1.023491
1.023593
1.023624
1.023599
1.023507
1.023356
1.023144
1.022875
1.022551
1.022177
1.021754
1.021290
1.020786
1.020250
1.019684
1.019095
1.018486
1.017863
1.017229
1.016589
1.015947
1.015306
1.014669
1.014040
1.013420
1.012812
1.012217
1.011638
1.011075
1.010529
1.010002
1.009493
1.009003
1.008533
1.008082
1.007650
1.007237
1.006843
1.006467
1.006110
1.005767
1.005447
1.005135
1.004850
1.004565
1.004314
1.004051
1.003836
1.003588
1.003412
1.003169
1.003039
1.002789
1.002714
1.002441
1.002436
1.002117
1.002204
1.001812
1.002019
1.001516
1.001881
1.001223
1.001794
1.000924
1.001759
1.000611
1.001782
1.000272
1.017304
1.002907
1.015785
1.005447
1.014897
1.007633
1.014506
1.009556
1.014517
1.011286
1.014852
1.012872
1.015441
1.014350
1.016223
1.015743
1.017137
1.017061
1.018129
1.018301
1.019144
1.019453
1.020133
1.020496
1.021047
1.021405
1.021842
1.022153
1.022478
1.022712
1.022923
1.023059
1.023153
1.023180
1.023155
1.023068
1.022927
1.022727
1.022476
1.022172
1.021820
1.021424
1.020986
1.020512
1.020005
1.019471
1.018912
1.018334
1.017741
1.017136
1.016524
1.015908
1.015291
1.014678
1.014069
1.013468
1.012877
1.012297
1.011731
1.011180
1.010644
1.010125
1.009623
1.009138
1.008672
1.008223
1.007793
1.007381
1.006987
1.006609
1.006251
1.005906
1.005583
1.005268
1.004980
1.004691
1.004437
1.004169
1.003951
1.003697
1.003519
1.003270
1.003138
1.002881
1.002806
1.002523
1.002521
1.002191
1.002284
1.001876
1.002094
1.001571
1.001952
1.001268
1.001862
1.000959
1.001827
1.000634
1.001851
1.000283
1.017753
1.002960
1.016162
1.005530
1.015211
1.007732
1.014763
1.009655
1.014720
1.011372
1.015002
1.012934
1.015536
1.014377
1.016259
1.015725
1.017112
1.016990
1.018040
1.018171
1.018990
1.019261
1.019914
1.020242
1.020766
1.021093
1.021504
1.021789
1.022093
1.022307
1.022503
1.022627
1.022713
1.022736
1.022711
1.022628
1.022495
1.022308
1.022071
1.021786
1.021456
1.021083
1.020672
1.020226
1.019748
1.019243
1.018714
1.018166
1.017602
1.017026
1.016441
1.015852
1.015261
1.014670
1.014083
1.013502
1.012929
1.012366
1.011815
1.011276
1.010751
1.010242
1.009748
1.009270
1.008809
1.008364
1.007937
1.007526
1.007133
1.006756
1.006397
1.006051
1.005726
1.005408
1.005117
1.004825
1.004568
1.004295
1.004074
1.003815
1.003634
1.003379
1.003245
1.002981
1.002905
1.002614
1.002614
1.002272
1.002370
1.001947
1.002174
1.001632
1.002029
1.001318
1.001937
1.000997
1.001901
1.000659
1.001927
1.000294
1.018060
1.002986
1.016425
1.005576
1.015433
1.007788
1.014946
1.009714
1.014865
1.011424
1.015108
1.012971
1.015603
1.014391
1.016285
1.015708
1.017094
1.016936
1.017976
1.018076
1.018879
1.019122
1.019756
1.020059
1.020562
1.020867
1.021260
1.021527
1.021815
1.022015
1.022201
1.022316
1.022397
1.022417
1.022393
1.022313
1.022186
1.022008
1.021783
1.021512
1.021198
1.020843
1.020451
1.020025
1.019569
1.019085
1.018578
1.018052
1.017509
1.016954
1.016390
1.015819
1.015246
1.014672
1.014100
1.013533
1.012973
1.012421
1.011880
1.011350
1.010833
1.010329
1.009840
1.009366
1.008909
1.008466
1.008041
1.007631
1.007238
1.006860
1.006500
1.006152
1.005826
1.005506
1.005213
1.004918
1.004658
1.004383
1.004160
1.003897
1.003714
1.003454
1.003319
1.003049
1.002974
1.002676
1.002677
1.002327
1.002429
1.001995
1.002230
1.001673
1.002082
1.001351
1.001989
1.001022
1.001953
1.000676
1.001980
1.000302
1.018437
1.003031
1.016738
1.005647
1.015691
1.007870
1.015155
1.009795
1.015028
1.011493
1.015226
1.013018
1.015675
1.014408
1.016309
1.015688
1.017069
1.016873
1.017899
1.017966
1.018750
1.018962
1.019575
1.019850
1.020332
1.020614
1.020986
1.021233
1.021505
1.021690
1.021864
1.021970
1.022045
1.022061
1.022037
1.021960
1.021839
1.021670
1.021457
1.021200
1.020902
1.020565
1.020193
1.019789
1.019354
1.018894
1.018410
1.017907
1.017388
1.016856
1.016313
1.015764
1.015211
1.014656
1.014103
1.013553
1.013008
1.012470
1.011941
1.011422
1.010915
1.010420
1.009938
1.009470
1.009017
1.008579
1.008156
1.007748
1.007357
1.006979
1.006620
1.006271
1.005944
1.005622
1.005327
1.005029
1.004768
1.004489
1.004263
1.003996
1.003811
1.003547
1.003410
1.003134
1.003059
1.002753
1.002756
1.002396
1.002502
1.002056
1.002299
1.001725
1.002148
1.001395
1.002052
1.001056
1.002016
1.000698
1.002044
1.000311
1.018626
1.003043
1.016903
1.005670
1.015831
1.007900
1.015271
1.009827
1.015120
1.011521
1.015292
1.013037
1.015716
1.014413
1.016323
1.015674
1.017055
1.016835
1.017856
1.017902
1.018677
1.018872
1.019473
1.019732
1.020202
1.020470
1.020831
1.021066
1.021329
1.021506
1.021673
1.021774
1.021845
1.021860
1.021837
1.021762
1.021645
1.021481
1.021275
1.021027
1.020739
1.020414
1.020054
1.019662
1.019241
1.018794
1.018325
1.017835
1.017329
1.016810
1.016281
1.015743
1.015202
1.014658
1.014114
1.013572
1.013035
1.012505
1.011982
1.011469
1.010966
1.010475
1.009997
1.009532
1.009081
1.008644
1.008222
1.007815
1.007424
1.007046
1.006686
1.006336
1.006008
1.005684
1.005388
1.005088
1.004825
1.004544
1.004317
1.004048
1.003862
1.003594
1.003457
1.003178
1.003102
1.002792
1.002796
1.002431
1.002540
1.002086
1.002335
1.001751
1.002182
1.001415
1.002086
1.001071
1.002049
1.000709
1.002078
1.000317
1.018944
1.003084
1.017163
1.005732
1.016044
1.007970
1.015441
1.009894
1.015251
1.011578
1.015386
1.013075
1.015771
1.014425
1.016339
1.015655
1.017031
1.016781
1.017790
1.017810
1.018570
1.018741
1.019324
1.019563
1.020016
1.020264
1.020610
1.020830
1.021080
1.021245
1.021403
1.021496
1.021563
1.021575
1.021551
1.021479
1.021366
1.021209
1.021012
1.020774
1.020499
1.020188
1.019843
1.019468
1.019064
1.018635
1.018184
1.017713
1.017225
1.016724
1.016212
1.015692
1.015167
1.014638
1.014109
1.013582
1.013057
1.012539
1.012026
1.011523
1.011028
1.010545
1.010073
1.009613
1.009167
1.008734
1.008315
1.007910
1.007520
1.007143
1.006783
1.006433
1.006104
1.005780
1.005483
1.005181
1.004916
1.004633
1.004404
1.004131
1.003943
1.003672
1.003533
1.003249
1.003173
1.002858
1.002863
1.002490
1.002602
1.002138
1.002393
1.001795
1.002238
1.001452
1.002139
1.001100
1.002103
1.000728
1.002134
1.000324
1.019007
1.003081
1.017225
1.005732
1.016099
1.007974
1.015488
1.009901
1.015289
1.011584
1.015414
1.013079
1.015789
1.014424
1.016346
1.015647
1.017025
1.016765
1.017773
1.017783
1.018539
1.018702
1.019282
1.019513
1.019961
1.020203
1.020545
1.020759
1.021005
1.021167
1.021322
1.021413
1.021479
1.021491
1.021467
1.021396
1.021285
1.021131
1.020937
1.020703
1.020433
1.020126
1.019787
1.019417
1.019020
1.018597
1.018151
1.017686
1.017205
1.016709
1.016203
1.015688
1.015167
1.014643
1.014118
1.013594
1.013073
1.012557
1.012047
1.011545
1.011053
1.010570
1.010100
1.009641
1.009195
1.008762
1.008343
1.007938
1.007548
1.007170
1.006810
1.006460
1.006130
1.005805
1.005507
1.005204
1.004939
1.004654
1.004425
1.004151
1.003962
1.003690
1.003551
1.003265
1.003190
1.002872
1.002878
1.002502
1.002617
1.002149
1.002407
1.001804
1.002251
1.001459
1.002153
1.001105
1.002116
1.000732
1.002146
1.000327
1.019281
1.003119
1.017444
1.005787
1.016275
1.008034
1.015628
1.009957
1.015395
1.011631
1.015489
1.013109
1.015832
1.014433
1.016356
1.015630
1.017003
1.016719
1.017717
1.017707
1.018450
1.018594
1.019160
1.019374
1.019808
1.020036
1.020365
1.020568
1.020804
1.020956
1.021104
1.021189
1.021251
1.021260
1.021237
1.021167
1.021059
1.020910
1.020723
1.020497
1.020236
1.019941
1.019614
1.019257
1.018873
1.018464
1.018033
1.017582
1.017115
1.016635
1.016142
1.015641
1.015134
1.014623
1.014110
1.013597
1.013086
1.012580
1.012079
1.011586
1.011100
1.010625
1.010159
1.009705
1.009264
1.008834
1.008418
1.008015
1.007627
1.007250
1.006890
1.006540
1.006210
1.005884
1.005585
1.005281
1.005015
1.004728
1.004497
1.004221
1.004031
1.003755
1.003616
1.003326
1.003250
1.002927
1.002934
1.002552
1.002669
1.002193
1.002456
1.001842
1.002298
1.001491
1.002198
1.001130
1.002161
1.000747
1.002194
1.000333
1.019209
1.003103
1.017397
1.005768
1.016243
1.008016
1.015605
1.009942
1.015380
1.011619
1.015479
1.013102
1.015827
1.014430
1.016357
1.015633
1.017009
1.016727
1.017728
1.017719
1.018465
1.018611
1.019179
1.019395
1.019832
1.020061
1.020392
1.020596
1.020833
1.020986
1.021135
1.021221
1.021284
1.021294
1.021270
1.021200
1.021093
1.020943
1.020756
1.020530
1.020268
1.019972
1.019644
1.019285
1.018900
1.018489
1.018057
1.017605
1.017136
1.016653
1.016159
1.015656
1.015147
1.014633
1.014118
1.013603
1.013091
1.012583
1.012080
1.011585
1.011098
1.010620
1.010154
1.009698
1.009255
1.008825
1.008408
1.008004
1.007615
1.007237
1.006877
1.006526
1.006196
1.005870
1.005571
1.005267
1.005000
1.004714
1.004483
1.004207
1.004017
1.003742
1.003602
1.003313
1.003238
1.002915
1.002923
1.002541
1.002658
1.002183
1.002446
1.001833
1.002288
1.001483
1.002189
1.001124
1.002151
1.000744
1.002183
1.000333
1.019479
1.003145
1.017609
1.005825
1.016411
1.008077
1.015737
1.009999
1.015480
1.011665
1.015549
1.013132
1.015867
1.014439
1.016367
1.015617
1.016987
1.016683
1.017674
1.017647
1.018381
1.018509
1.019064
1.019265
1.019688
1.019904
1.020223
1.020416
1.020644
1.020788
1.020930
1.021011
1.021069
1.021077
1.021054
1.020985
1.020880
1.020735
1.020554
1.020335
1.020082
1.019796
1.019478
1.019132
1.018759
1.018361
1.017942
1.017504
1.017048
1.016579
1.016098
1.015608
1.015112
1.014610
1.014107
1.013603
1.013101
1.012602
1.012108
1.011621
1.011141
1.010670
1.010209
1.009758
1.009319
1.008892
1.008478
1.008076
1.007689
1.007313
1.006953
1.006603
1.006272
1.005946
1.005646
1.005341
1.005073
1.004785
1.004553
1.004274
1.004083
1.003805
1.003665
1.003372
1.003296
1.002969
1.002977
1.002590
1.002709
1.002226
1.002494
1.001871
1.002334
1.001515
1.002233
1.001148
1.002195
1.000759
1.002229
1.000338
