# v - 200 ites
-0.000065
-0.000043
-0.000080
-0.000065
-0.000090
-0.000083
-0.000100
-0.000097
-0.000109
-0.000109
-0.000117
-0.000118
-0.000123
-0.000123
-0.000126
-0.000126
-0.000127
-0.000125
-0.000124
-0.000121
-0.000117
-0.000113
-0.000107
-0.000101
-0.000094
-0.000086
-0.000077
-0.000067
-0.000057
-0.000046
-0.000035
-0.000023
-0.000011
0.000001
0.000014
0.000026
0.000038
0.000051
0.000062
0.000074
0.000085
0.000095
0.000105
0.000114
0.000123
0.000130
0.000137
0.000143
0.000148
0.000153
0.000156
0.000159
0.000161
0.000162
0.000163
0.000163
0.000162
0.000161
0.000160
0.000157
0.000155
0.000152
0.000149
0.000145
0.000141
0.000138
0.000133
0.000129
0.000125
0.000121
0.000116
0.000112
0.000108
0.000104
0.000099
0.000095
0.000091
0.000087
0.000083
0.000080
0.000076
0.000072
0.000069
0.000066
0.000063
0.000060
0.000057
0.000054
0.000052
0.000049
0.000047
0.000044
0.000043
0.000040
0.000040
0.000036
0.000038
0.000032
0.000036
0.000026
-0.000667
-0.000324
-0.000732
-0.000476
-0.000760
-0.000593
-0.000792
-0.000686
-0.000822
-0.000757
-0.000848
-0.000808
-0.000864
-0.000837
-0.000867
-0.000844
-0.000853
-0.000829
-0.000821
-0.000792
-0.000769
-0.000732
-0.000696
-0.000649
-0.000601
-0.000546
-0.000488
-0.000425
-0.000358
-0.000288
-0.000216
-0.000141
-0.000064
0.000014
0.000091
0.000169
0.000245
0.000320
0.000393
0.000463
0.000530
0.000593
0.000652
0.000707
0.000757
0.000803
0.000843
0.000878
0.000909
0.000934
0.000954
0.000970
0.000981
0.000987
0.000990
0.000989
0.000984
0.000975
0.000964
0.000950
0.000934
0.000916
0.000895
0.000873
0.000850
0.000826
0.000801
0.000775
0.000749
0.000723
0.000696
0.000669
0.000643
0.000617
0.000591
0.000566
0.000541
0.000516
0.000493
0.000470
0.000448
0.000426
0.000407
0.000384
0.000368
0.000346
0.000333
0.000310
0.000301
0.000276
0.000274
0.000244
0.000250
0.000214
0.000230
0.000184
0.000215
0.000154
0.000207
0.000114
-0.000807
-0.000400
-0.000894
-0.000586
-0.000931
-0.000728
-0.000972
-0.000844
-0.001012
-0.000933
-0.001046
-0.000997
-0.001068
-0.001035
-0.001074
-0.001047
-0.001059
-0.001030
-0.001021
-0.000986
-0.000958
-0.000912
-0.000868
-0.000811
-0.000752
-0.000684
-0.000612
-0.000533
-0.000450
-0.000363
-0.000272
-0.000178
-0.000082
0.000015
0.000112
0.000209
0.000305
0.000399
0.000490
0.000577
0.000661
0.000740
0.000813
0.000881
0.000944
0.001000
0.001049
0.001093
0.001130
0.001161
0.001185
0.001204
0.001216
0.001224
0.001226
0.001223
0.001216
0.001205
0.001190
0.001172
0.001151
0.001128
0.001102
0.001074
0.001045
0.001014
0.000983
0.000951
0.000918
0.000885
0.000852
0.000819
0.000786
0.000753
0.000722
0.000690
0.000660
0.000630
0.000601
0.000572
0.000546
0.000518
0.000495
0.000467
0.000448
0.000420
0.000405
0.000376
0.000366
0.000335
0.000333
0.000297
0.000304
0.000260
0.000280
0.000224
0.000262
0.000188
0.000251
0.000139
-0.001324
-0.000652
-0.001461
-0.000957
-0.001521
-0.001189
-0.001585
-0.001376
-0.001649
-0.001520
-0.001702
-0.001623
-0.001737
-0.001684
-0.001745
-0.001701
-0.001720
-0.001673
-0.001658
-0.001600
-0.001554
-0.001480
-0.001408
-0.001315
-0.001219
-0.001108
-0.000991
-0.000863
-0.000729
-0.000587
-0.000440
-0.000287
-0.000133
0.000025
0.000182
0.000339
0.000495
0.000646
0.000794
0.000935
0.001071
0.001198
0.001317
0.001427
0.001528
0.001619
0.001699
0.001770
0.001830
0.001879
0.001919
0.001949
0.001970
0.001982
0.001986
0.001982
0.001970
0.001953
0.001929
0.001900
0.001866
0.001828
0.001786
0.001741
0.001694
0.001645
0.001594
0.001542
0.001489
0.001436
0.001382
0.001329
0.001276
0.001223
0.001172
0.001120
0.001071
0.001022
0.000976
0.000929
0.000887
0.000841
0.000803
0.000759
0.000727
0.000682
0.000657
0.000611
0.000595
0.000544
0.000540
0.000481
0.000493
0.000421
0.000454
0.000362
0.000424
0.000304
0.000407
0.000224
-0.001541
-0.000760
-0.001704
-0.001112
-0.001772
-0.001381
-0.001847
-0.001598
-0.001921
-0.001768
-0.001984
-0.001890
-0.002025
-0.001963
-0.002037
-0.001985
-0.002010
-0.001956
-0.001940
-0.001872
-0.001820
-0.001734
-0.001651
-0.001543
-0.001431
-0.001302
-0.001165
-0.001015
-0.000858
-0.000691
-0.000519
-0.000340
-0.000158
0.000026
0.000211
0.000396
0.000578
0.000756
0.000928
0.001094
0.001252
0.001401
0.001540
0.001668
0.001784
0.001889
0.001982
0.002063
0.002131
0.002187
0.002232
0.002265
0.002288
0.002300
0.002302
0.002296
0.002281
0.002258
0.002229
0.002193
0.002153
0.002107
0.002057
0.002004
0.001948
0.001890
0.001830
0.001769
0.001707
0.001645
0.001583
0.001520
0.001459
0.001398
0.001338
0.001279
0.001222
0.001166
0.001113
0.001058
0.001010
0.000957
0.000914
0.000863
0.000826
0.000775
0.000746
0.000694
0.000675
0.000617
0.000613
0.000545
0.000559
0.000476
0.000515
0.000409
0.000481
0.000343
0.000462
0.000251
-0.002009
-0.000992
-0.002220
-0.001455
-0.002312
-0.001808
-0.002412
-0.002094
-0.002511
-0.002317
-0.002596
-0.002477
-0.002652
-0.002573
-0.002669
-0.002603
-0.002636
-0.002565
-0.002544
-0.002457
-0.002389
-0.002277
-0.002168
-0.002027
-0.001880
-0.001710
-0.001531
-0.001334
-0.001128
-0.000909
-0.000683
-0.000448
-0.000209
0.000034
0.000277
0.000519
0.000759
0.000992
0.001219
0.001437
0.001644
0.001840
0.002022
0.002190
0.002343
0.002480
0.002602
0.002707
0.002796
0.002870
0.002928
0.002971
0.003000
0.003015
0.003018
0.003009
0.002989
0.002959
0.002920
0.002874
0.002820
0.002760
0.002694
0.002625
0.002551
0.002475
0.002396
0.002316
0.002235
0.002153
0.002072
0.001990
0.001909
0.001829
0.001752
0.001674
0.001600
0.001526
0.001456
0.001385
0.001321
0.001253
0.001196
0.001130
0.001081
0.001015
0.000977
0.000908
0.000883
0.000808
0.000801
0.000714
0.000731
0.000624
0.000673
0.000537
0.000629
0.000450
0.000604
0.000330
-0.002284
-0.001127
-0.002525
-0.001649
-0.002628
-0.002049
-0.002740
-0.002374
-0.002853
-0.002629
-0.002950
-0.002813
-0.003017
-0.002926
-0.003039
-0.002965
-0.003004
-0.002925
-0.002904
-0.002806
-0.002730
-0.002604
-0.002480
-0.002321
-0.002154
-0.001961
-0.001756
-0.001532
-0.001296
-0.001046
-0.000787
-0.000518
-0.000244
0.000034
0.000313
0.000591
0.000864
0.001132
0.001391
0.001640
0.001876
0.002098
0.002305
0.002496
0.002668
0.002823
0.002959
0.003077
0.003176
0.003256
0.003319
0.003365
0.003395
0.003409
0.003409
0.003396
0.003370
0.003334
0.003287
0.003231
0.003168
0.003098
0.003022
0.002941
0.002856
0.002769
0.002679
0.002587
0.002495
0.002401
0.002309
0.002216
0.002125
0.002035
0.001947
0.001860
0.001776
0.001693
0.001615
0.001535
0.001464
0.001387
0.001324
0.001250
0.001196
0.001121
0.001079
0.001002
0.000976
0.000891
0.000884
0.000786
0.000806
0.000686
0.000743
0.000589
0.000694
0.000492
0.000666
0.000359
-0.002725
-0.001348
-0.003014
-0.001976
-0.003141
-0.002459
-0.003281
-0.002851
-0.003421
-0.003159
-0.003542
-0.003384
-0.003626
-0.003523
-0.003657
-0.003572
-0.003620
-0.003528
-0.003503
-0.003387
-0.003298
-0.003147
-0.002999
-0.002807
-0.002607
-0.002374
-0.002128
-0.001857
-0.001572
-0.001269
-0.000955
-0.000630
-0.000298
0.000039
0.000377
0.000713
0.001045
0.001369
0.001682
0.001983
0.002269
0.002537
0.002787
0.003016
0.003224
0.003409
0.003572
0.003713
0.003831
0.003927
0.004001
0.004055
0.004089
0.004104
0.004102
0.004084
0.004052
0.004006
0.003948
0.003880
0.003803
0.003717
0.003625
0.003527
0.003424
0.003318
0.003209
0.003099
0.002987
0.002875
0.002763
0.002652
0.002542
0.002434
0.002328
0.002224
0.002123
0.002023
0.001930
0.001835
0.001749
0.001658
0.001582
0.001493
0.001428
0.001340
0.001289
0.001197
0.001165
0.001065
0.001056
0.000940
0.000963
0.000821
0.000886
0.000705
0.000827
0.000590
0.000794
0.000432
-0.003044
-0.001505
-0.003369
-0.002204
-0.003510
-0.002742
-0.003666
-0.003182
-0.003824
-0.003530
-0.003963
-0.003786
-0.004062
-0.003947
-0.004102
-0.004009
-0.004067
-0.003966
-0.003941
-0.003814
-0.003716
-0.003548
-0.003385
-0.003171
-0.002947
-0.002686
-0.002409
-0.002104
-0.001783
-0.001441
-0.001086
-0.000719
-0.000343
0.000038
0.000420
0.000800
0.001174
0.001540
0.001894
0.002233
0.002554
0.002855
0.003134
0.003390
0.003621
0.003827
0.004007
0.004160
0.004289
0.004392
0.004471
0.004526
0.004559
0.004572
0.004565
0.004541
0.004500
0.004444
0.004376
0.004296
0.004206
0.004107
0.004001
0.003889
0.003773
0.003653
0.003530
0.003405
0.003280
0.003154
0.003029
0.002905
0.002783
0.002662
0.002545
0.002429
0.002319
0.002208
0.002105
0.001999
0.001905
0.001805
0.001721
0.001624
0.001553
0.001456
0.001400
0.001300
0.001264
0.001154
0.001145
0.001018
0.001044
0.000888
0.000960
0.000761
0.000896
0.000635
0.000860
0.000462
-0.003475
-0.001723
-0.003848
-0.002527
-0.004015
-0.003147
-0.004199
-0.003656
-0.004388
-0.004060
-0.004554
-0.004359
-0.004676
-0.004551
-0.004730
-0.004629
-0.004697
-0.004586
-0.004560
-0.004417
-0.004306
-0.004115
-0.003928
-0.003683
-0.003425
-0.003124
-0.002803
-0.002450
-0.002078
-0.001681
-0.001269
-0.000841
-0.000404
0.000039
0.000484
0.000926
0.001362
0.001787
0.002198
0.002591
0.002964
0.003312
0.003635
0.003930
0.004195
0.004431
0.004637
0.004812
0.004957
0.005073
0.005160
0.005221
0.005255
0.005266
0.005255
0.005223
0.005172
0.005105
0.005023
0.004928
0.004822
0.004706
0.004582
0.004451
0.004315
0.004175
0.004033
0.003889
0.003744
0.003599
0.003455
0.003312
0.003172
0.003033
0.002899
0.002766
0.002639
0.002512
0.002394
0.002274
0.002166
0.002051
0.001956
0.001845
0.001764
0.001653
0.001590
0.001476
0.001435
0.001311
0.001300
0.001156
0.001184
0.001008
0.001089
0.000865
0.001017
0.000723
0.000975
0.000527
-0.003831
-0.001901
-0.004245
-0.002785
-0.004429
-0.003470
-0.004635
-0.004035
-0.004848
-0.004487
-0.005039
-0.004826
-0.005181
-0.005047
-0.005251
-0.005143
-0.005224
-0.005106
-0.005081
-0.004927
-0.004808
-0.004600
-0.004394
-0.004124
-0.003839
-0.003505
-0.003148
-0.002754
-0.002338
-0.001894
-0.001432
-0.000953
-0.000463
0.000035
0.000534
0.001030
0.001519
0.001995
0.002455
0.002894
0.003309
0.003696
0.004054
0.004380
0.004672
0.004930
0.005154
0.005343
0.005499
0.005621
0.005711
0.005771
0.005803
0.005808
0.005788
0.005746
0.005684
0.005604
0.005507
0.005397
0.005275
0.005142
0.005001
0.004853
0.004701
0.004544
0.004385
0.004224
0.004063
0.003902
0.003743
0.003585
0.003430
0.003278
0.003130
0.002985
0.002846
0.002707
0.002579
0.002448
0.002330
0.002206
0.002102
0.001981
0.001894
0.001774
0.001706
0.001582
0.001538
0.001404
0.001392
0.001236
0.001267
0.001077
0.001165
0.000923
0.001087
0.000769
0.001043
0.000558
-0.004263
-0.002120
-0.004726
-0.003110
-0.004937
-0.003880
-0.005176
-0.004517
-0.005423
-0.005030
-0.005647
-0.005419
-0.005819
-0.005677
-0.005909
-0.005797
-0.005892
-0.005766
-0.005743
-0.005575
-0.005445
-0.005215
-0.004987
-0.004685
-0.004365
-0.003989
-0.003586
-0.003141
-0.002668
-0.002164
-0.001639
-0.001093
-0.000535
0.000032
0.000600
0.001166
0.001722
0.002264
0.002787
0.003285
0.003754
0.004192
0.004596
0.004962
0.005289
0.005577
0.005826
0.006034
0.006204
0.006335
0.006431
0.006492
0.006522
0.006521
0.006492
0.006439
0.006363
0.006267
0.006153
0.006025
0.005883
0.005730
0.005568
0.005400
0.005225
0.005047
0.004867
0.004685
0.004503
0.004322
0.004144
0.003967
0.003794
0.003623
0.003458
0.003296
0.003141
0.002987
0.002844
0.002698
0.002568
0.002430
0.002315
0.002182
0.002084
0.001953
0.001876
0.001741
0.001692
0.001544
0.001530
0.001360
0.001393
0.001185
0.001280
0.001015
0.001194
0.000846
0.001145
0.000615
-0.004650
-0.002315
-0.005159
-0.003397
-0.005393
-0.004240
-0.005659
-0.004943
-0.005937
-0.005514
-0.006194
-0.005951
-0.006396
-0.006248
-0.006510
-0.006394
-0.006505
-0.006375
-0.006357
-0.006179
-0.006042
-0.005794
-0.005546
-0.005217
-0.004866
-0.004452
-0.004007
-0.003513
-0.002988
-0.002427
-0.001841
-0.001232
-0.000609
0.000024
0.000660
0.001291
0.001912
0.002516
0.003097
0.003650
0.004171
0.004655
0.005098
0.005500
0.005857
0.006170
0.006437
0.006659
0.006838
0.006974
0.007070
0.007127
0.007150
0.007139
0.007098
0.007030
0.006938
0.006824
0.006692
0.006543
0.006381
0.006207
0.006025
0.005835
0.005641
0.005442
0.005242
0.005041
0.004841
0.004642
0.004446
0.004252
0.004063
0.003877
0.003698
0.003521
0.003353
0.003187
0.003032
0.002875
0.002735
0.002586
0.002462
0.002319
0.002215
0.002073
0.001992
0.001846
0.001794
0.001636
0.001622
0.001439
0.001475
0.001253
0.001355
0.001072
0.001263
0.000892
0.001211
0.000645
-0.005088
-0.002540
-0.005649
-0.003730
-0.005914
-0.004662
-0.006216
-0.005444
-0.006536
-0.006083
-0.006834
-0.006579
-0.007073
-0.006923
-0.007218
-0.007102
-0.007232
-0.007099
-0.007085
-0.006897
-0.006752
-0.006484
-0.006214
-0.005853
-0.005465
-0.005006
-0.004511
-0.003959
-0.003372
-0.002743
-0.002085
-0.001400
-0.000698
0.000015
0.000731
0.001442
0.002141
0.002820
0.003472
0.004092
0.004674
0.005213
0.005706
0.006150
0.006543
0.006885
0.007175
0.007414
0.007603
0.007745
0.007842
0.007896
0.007910
0.007888
0.007833
0.007748
0.007637
0.007503
0.007348
0.007176
0.006991
0.006793
0.006586
0.006373
0.006154
0.005932
0.005708
0.005485
0.005262
0.005042
0.004825
0.004611
0.004403
0.004199
0.004002
0.003809
0.003625
0.003443
0.003274
0.003103
0.002951
0.002789
0.002654
0.002499
0.002385
0.002233
0.002144
0.001987
0.001930
0.001760
0.001744
0.001548
0.001585
0.001347
0.001456
0.001152
0.001357
0.000959
0.001301
0.000694
-0.005502
-0.002751
-0.006114
-0.004042
-0.006406
-0.005058
-0.006743
-0.005915
-0.007103
-0.006623
-0.007444
-0.007179
-0.007725
-0.007574
-0.007904
-0.007791
-0.007943
-0.007810
-0.007805
-0.007610
-0.007460
-0.007175
-0.006885
-0.006494
-0.006071
-0.005569
-0.005024
-0.004416
-0.003765
-0.003067
-0.002336
-0.001574
-0.000791
0.000004
0.000802
0.001594
0.002372
0.003126
0.003850
0.004536
0.005178
0.005771
0.006310
0.006794
0.007220
0.007587
0.007896
0.008147
0.008343
0.008485
0.008578
0.008623
0.008625
0.008587
0.008514
0.008408
0.008275
0.008117
0.007937
0.007741
0.007529
0.007306
0.007074
0.006836
0.006593
0.006347
0.006100
0.005855
0.005611
0.005370
0.005134
0.004902
0.004676
0.004455
0.004243
0.004035
0.003837
0.003642
0.003460
0.003278
0.003114
0.002942
0.002798
0.002633
0.002512
0.002350
0.002255
0.002089
0.002028
0.001848
0.001831
0.001624
0.001663
0.001411
0.001526
0.001206
0.001422
0.001002
0.001363
0.000722
-0.005950
-0.002983
-0.006618
-0.004388
-0.006944
-0.005498
-0.007324
-0.006441
-0.007733
-0.007228
-0.008126
-0.007855
-0.008457
-0.008310
-0.008680
-0.008573
-0.008751
-0.008620
-0.008626
-0.008426
-0.008271
-0.007969
-0.007658
-0.007235
-0.006774
-0.006223
-0.005622
-0.004949
-0.004226
-0.003449
-0.002632
-0.001780
-0.000904
-0.000014
0.000880
0.001768
0.002638
0.003481
0.004288
0.005051
0.005763
0.006418
0.007012
0.007541
0.008003
0.008399
0.008729
0.008994
0.009196
0.009338
0.009425
0.009460
0.009447
0.009390
0.009295
0.009166
0.009006
0.008821
0.008614
0.008388
0.008148
0.007896
0.007635
0.007368
0.007097
0.006825
0.006553
0.006282
0.006014
0.005751
0.005492
0.005239
0.004994
0.004754
0.004524
0.004299
0.004086
0.003875
0.003680
0.003483
0.003308
0.003123
0.002969
0.002793
0.002663
0.002490
0.002389
0.002213
0.002147
0.001956
0.001937
0.001718
0.001759
0.001492
0.001613
0.001275
0.001502
0.001059
0.001440
0.000763
-0.006385
-0.003209
-0.007110
-0.004723
-0.007469
-0.005926
-0.007892
-0.006956
-0.008353
-0.007825
-0.008802
-0.008526
-0.009188
-0.009047
-0.009462
-0.009364
-0.009571
-0.009447
-0.009469
-0.009267
-0.009111
-0.008794
-0.008465
-0.008011
-0.007511
-0.006911
-0.006252
-0.005511
-0.004713
-0.003852
-0.002945
-0.001997
-0.001022
-0.000029
0.000967
0.001955
0.002923
0.003859
0.004753
0.005596
0.006379
0.007097
0.007744
0.008317
0.008814
0.009235
0.009582
0.009855
0.010058
0.010196
0.010271
0.010290
0.010257
0.010177
0.010055
0.009897
0.009708
0.009491
0.009252
0.008995
0.008723
0.008440
0.008148
0.007852
0.007553
0.007253
0.006954
0.006658
0.006367
0.006080
0.005801
0.005528
0.005263
0.005006
0.004759
0.004518
0.004290
0.004066
0.003858
0.003649
0.003463
0.003267
0.003104
0.002918
0.002781
0.002599
0.002492
0.002307
0.002238
0.002038
0.002017
0.001787
0.001830
0.001551
0.001678
0.001324
0.001562
0.001097
0.001496
0.000788
-0.006843
-0.003449
-0.007628
-0.005082
-0.008026
-0.006387
-0.008500
-0.007514
-0.009020
-0.008473
-0.009535
-0.009260
-0.009988
-0.009858
-0.010323
-0.010240
-0.010482
-0.010370
-0.010411
-0.010211
-0.010057
-0.009728
-0.009380
-0.008895
-0.008355
-0.007702
-0.006980
-0.006164
-0.005281
-0.004325
-0.003315
-0.002257
-0.001167
-0.000058
0.001056
0.002161
0.003242
0.004286
0.005280
0.006215
0.007080
0.007868
0.008575
0.009197
0.009732
0.010180
0.010543
0.010824
0.011027
0.011156
0.011218
0.011216
0.011158
0.011050
0.010897
0.010706
0.010481
0.010229
0.009954
0.009661
0.009353
0.009035
0.008710
0.008381
0.008050
0.007720
0.007393
0.007069
0.006752
0.006441
0.006138
0.005843
0.005558
0.005281
0.005016
0.004758
0.004515
0.004276
0.004054
0.003832
0.003634
0.003427
0.003254
0.003057
0.002912
0.002720
0.002607
0.002412
0.002339
0.002129
0.002107
0.001867
0.001910
0.001619
0.001750
0.001381
0.001629
0.001144
0.001560
0.000821
-0.007293
-0.003687
-0.008139
-0.005437
-0.008578
-0.006845
-0.009104
-0.008070
-0.009689
-0.009126
-0.010275
-0.010006
-0.010803
-0.010690
-0.011209
-0.011146
-0.011429
-0.011333
-0.011398
-0.011205
-0.011057
-0.010718
-0.010354
-0.009838
-0.009257
-0.008549
-0.007760
-0.006864
-0.005889
-0.004831
-0.003708
-0.002531
-0.001315
-0.000078
0.001165
0.002397
0.003600
0.004760
0.005861
0.006892
0.007842
0.008704
0.009471
0.010140
0.010710
0.011182
0.011557
0.011840
0.012037
0.012151
0.012191
0.012163
0.012074
0.011931
0.011741
0.011511
0.011246
0.010954
0.010639
0.010305
0.009959
0.009604
0.009242
0.008878
0.008514
0.008152
0.007795
0.007444
0.007100
0.006764
0.006438
0.006121
0.005816
0.005521
0.005239
0.004965
0.004706
0.004453
0.004219
0.003985
0.003776
0.003558
0.003376
0.003170
0.003017
0.002817
0.002699
0.002496
0.002419
0.002200
0.002176
0.001927
0.001972
0.001670
0.001806
0.001422
0.001679
0.001177
0.001608
0.000842
-0.007757
-0.003934
-0.008667
-0.005808
-0.009150
-0.007326
-0.009737
-0.008659
-0.010395
-0.009822
-0.011064
-0.010806
-0.011679
-0.011590
-0.012171
-0.012135
-0.012466
-0.012395
-0.012492
-0.012312
-0.012176
-0.011833
-0.011456
-0.010912
-0.010290
-0.009525
-0.008664
-0.007682
-0.006605
-0.005432
-0.004182
-0.002868
-0.001509
-0.000123
0.001269
0.002647
0.003992
0.005286
0.006510
0.007653
0.008700
0.009644
0.010478
0.011199
0.011806
0.012301
0.012687
0.012969
0.013154
0.013248
0.013261
0.013200
0.013073
0.012889
0.012655
0.012379
0.012069
0.011731
0.011370
0.010992
0.010603
0.010206
0.009804
0.009402
0.009002
0.008606
0.008217
0.007835
0.007463
0.007101
0.006751
0.006412
0.006085
0.005770
0.005470
0.005179
0.004905
0.004637
0.004389
0.004143
0.003923
0.003694
0.003503
0.003287
0.003127
0.002918
0.002794
0.002583
0.002502
0.002275
0.002249
0.001991
0.002036
0.001724
0.001864
0.001468
0.001732
0.001213
0.001658
0.000867
-0.008214
-0.004179
-0.009190
-0.006178
-0.009721
-0.007808
-0.010371
-0.009253
-0.011109
-0.010529
-0.011869
-0.011627
-0.012581
-0.012522
-0.013171
-0.013170
-0.013556
-0.013515
-0.013650
-0.013490
-0.013370
-0.013027
-0.012640
-0.012068
-0.011404
-0.010579
-0.009640
-0.008563
-0.007373
-0.006073
-0.004681
-0.003215
-0.001695
-0.000146
0.001412
0.002952
0.004453
0.005892
0.007249
0.008510
0.009658
0.010687
0.011587
0.012358
0.012998
0.013510
0.013900
0.014173
0.014338
0.014404
0.014381
0.014278
0.014105
0.013872
0.013587
0.013259
0.012897
0.012507
0.012096
0.011669
0.011232
0.010790
0.010346
0.009903
0.009465
0.009034
0.008611
0.008199
0.007798
0.007409
0.007034
0.006672
0.006325
0.005991
0.005672
0.005365
0.005076
0.004795
0.004535
0.004277
0.004046
0.003808
0.003608
0.003383
0.003217
0.003000
0.002871
0.002652
0.002568
0.002334
0.002306
0.002040
0.002086
0.001765
0.001908
0.001501
0.001773
0.001239
0.001696
0.000883
-0.008676
-0.004429
-0.009720
-0.006557
-0.010302
-0.008305
-0.011024
-0.009871
-0.011851
-0.011272
-0.012715
-0.012498
-0.013541
-0.013521
-0.014248
-0.014292
-0.014744
-0.014745
-0.014931
-0.014801
-0.014709
-0.014375
-0.013987
-0.013393
-0.012691
-0.011807
-0.010787
-0.009609
-0.008296
-0.006854
-0.005302
-0.003664
-0.001958
-0.000218
0.001533
0.003263
0.004946
0.006555
0.008068
0.009465
0.010730
0.011855
0.012829
0.013654
0.014327
0.014856
0.015244
0.015502
0.015641
0.015669
0.015601
0.015447
0.015219
0.014926
0.014582
0.014194
0.013772
0.013323
0.012855
0.012374
0.011885
0.011393
0.010903
0.010417
0.009938
0.009469
0.009011
0.008566
0.008135
0.007718
0.007318
0.006932
0.006564
0.006210
0.005873
0.005550
0.005246
0.004950
0.004678
0.004408
0.004167
0.003919
0.003710
0.003477
0.003304
0.003080
0.002945
0.002719
0.002632
0.002391
0.002362
0.002088
0.002135
0.001805
0.001951
0.001534
0.001812
0.001265
0.001733
0.000900
-0.009129
-0.004677
-0.010243
-0.006934
-0.010879
-0.008803
-0.011677
-0.010495
-0.012600
-0.012028
-0.013578
-0.013393
-0.014531
-0.014558
-0.015370
-0.015469
-0.015994
-0.016047
-0.016290
-0.016198
-0.016141
-0.015821
-0.015434
-0.014821
-0.014078
-0.013130
-0.012021
-0.010730
-0.009278
-0.007677
-0.005943
-0.004108
-0.002193
-0.000238
0.001730
0.003670
0.005554
0.007349
0.009028
0.010570
0.011956
0.013177
0.014222
0.015095
0.015794
0.016328
0.016705
0.016937
0.017035
0.017015
0.016890
0.016672
0.016378
0.016017
0.015604
0.015147
0.014658
0.014144
0.013613
0.013072
0.012527
0.011982
0.011443
0.010910
0.010389
0.009880
0.009386
0.008907
0.008446
0.008001
0.007575
0.007166
0.006777
0.006403
0.006049
0.005710
0.005391
0.005083
0.004799
0.004518
0.004267
0.004010
0.003794
0.003553
0.003374
0.003143
0.003004
0.002772
0.002681
0.002435
0.002404
0.002124
0.002171
0.001834
0.001983
0.001557
0.001840
0.001283
0.001760
0.000910
-0.009577
-0.004926
-0.010762
-0.007315
-0.011457
-0.009309
-0.012338
-0.011134
-0.013369
-0.012812
-0.014476
-0.014333
-0.015576
-0.015663
-0.016573
-0.016740
-0.017355
-0.017476
-0.017795
-0.017760
-0.017756
-0.017468
-0.017099
-0.016480
-0.015706
-0.014701
-0.013505
-0.012097
-0.010496
-0.008718
-0.006779
-0.004719
-0.002560
-0.000353
0.001871
0.004063
0.006187
0.008203
0.010080
0.011795
0.013321
0.014654
0.015780
0.016705
0.017429
0.017965
0.018321
0.018516
0.018564
0.018481
0.018286
0.017992
0.017619
0.017177
0.016684
0.016148
0.015583
0.014994
0.014395
0.013787
0.013181
0.012578
0.011985
0.011403
0.010837
0.010286
0.009754
0.009241
0.008748
0.008275
0.007823
0.007391
0.006980
0.006587
0.006216
0.005860
0.005527
0.005206
0.004910
0.004619
0.004360
0.004093
0.003870
0.003622
0.003437
0.003200
0.003056
0.002819
0.002725
0.002473
0.002441
0.002156
0.002203
0.001860
0.002011
0.001578
0.001865
0.001299
0.001783
0.000919
-0.010011
-0.005169
-0.011267
-0.007689
-0.012024
-0.009811
-0.012993
-0.011774
-0.014139
-0.013604
-0.015387
-0.015293
-0.016648
-0.016804
-0.017821
-0.018067
-0.018782
-0.018983
-0.019388
-0.019420
-0.019476
-0.019228
-0.018880
-0.018257
-0.017450
-0.016381
-0.015084
-0.013543
-0.011769
-0.009789
-0.007613
-0.005295
-0.002856
-0.000363
0.002152
0.004623
0.007012
0.009269
0.011357
0.013250
0.014918
0.016358
0.017555
0.018520
0.019252
0.019773
0.020091
0.020230
0.020208
0.020046
0.019763
0.019379
0.018912
0.018377
0.017793
0.017167
0.016517
0.015848
0.015172
0.014493
0.013821
0.013157
0.012508
0.011874
0.011261
0.010667
0.010096
0.009548
0.009023
0.008522
0.008044
0.007588
0.007157
0.006745
0.006357
0.005987
0.005641
0.005307
0.005001
0.004700
0.004432
0.004158
0.003928
0.003674
0.003484
0.003241
0.003094
0.002852
0.002756
0.002500
0.002466
0.002177
0.002224
0.001876
0.002028
0.001590
0.001880
0.001307
0.001797
0.000922
-0.010429
-0.005407
-0.011757
-0.008058
-0.012580
-0.010311
-0.013645
-0.012421
-0.014918
-0.014417
-0.016323
-0.016293
-0.017771
-0.018012
-0.019153
-0.019499
-0.020336
-0.020641
-0.021159
-0.021286
-0.021434
-0.021255
-0.020958
-0.020357
-0.019540
-0.018426
-0.017038
-0.015367
-0.013412
-0.011211
-0.008767
-0.006152
-0.003383
-0.000548
0.002316
0.005129
0.007841
0.010394
0.012740
0.014850
0.016690
0.018258
0.019537
0.020546
0.021284
0.021781
0.022048
0.022116
0.022007
0.021746
0.021359
0.020864
0.020288
0.019644
0.018954
0.018226
0.017480
0.016720
0.015960
0.015203
0.014460
0.013730
0.013021
0.012333
0.011670
0.011032
0.010422
0.009838
0.009281
0.008750
0.008247
0.007768
0.007316
0.006887
0.006483
0.006098
0.005739
0.005394
0.005078
0.004768
0.004493
0.004211
0.003975
0.003716
0.003520
0.003274
0.003123
0.002877
0.002778
0.002519
0.002484
0.002192
0.002238
0.001887
0.002040
0.001598
0.001890
0.001312
0.001806
0.000924
-0.010823
-0.005636
-0.012223
-0.008414
-0.013114
-0.010798
-0.014279
-0.013058
-0.015687
-0.015227
-0.017261
-0.017303
-0.018910
-0.019247
-0.020522
-0.020979
-0.021951
-0.022373
-0.023017
-0.023252
-0.023502
-0.023401
-0.023161
-0.022585
-0.021754
-0.020585
-0.019088
-0.017263
-0.015091
-0.012631
-0.009871
-0.006908
-0.003757
-0.000529
0.002734
0.005927
0.008995
0.011865
0.014480
0.016809
0.018811
0.020492
0.021830
0.022857
0.023571
0.024014
0.024199
0.024168
0.023944
0.023559
0.023043
0.022419
0.021715
0.020946
0.020137
0.019296
0.018444
0.017586
0.016736
0.015895
0.015076
0.014277
0.013506
0.012762
0.012049
0.011367
0.010716
0.010096
0.009507
0.008949
0.008420
0.007920
0.007448
0.007002
0.006583
0.006184
0.005814
0.005459
0.005134
0.004816
0.004534
0.004246
0.004005
0.003741
0.003542
0.003291
0.003138
0.002889
0.002789
0.002527
0.002491
0.002197
0.002242
0.001890
0.002042
0.001598
0.001891
0.001311
0.001806
0.000921
-0.011191
-0.005853
-0.012661
-0.008757
-0.013624
-0.011274
-0.014897
-0.013689
-0.016451
-0.016044
-0.018212
-0.018342
-0.020092
-0.020546
-0.021975
-0.022572
-0.023709
-0.024283
-0.025093
-0.025480
-0.025879
-0.025906
-0.025773
-0.025271
-0.024470
-0.023286
-0.021710
-0.019747
-0.017359
-0.014622
-0.011509
-0.008145
-0.004537
-0.000832
0.002922
0.006592
0.010108
0.013380
0.016336
0.018945
0.021152
0.022976
0.024388
0.025436
0.026119
0.026493
0.026577
0.026421
0.026057
0.025522
0.024853
0.024075
0.023222
0.022308
0.021363
0.020394
0.019424
0.018457
0.017508
0.016577
0.015677
0.014805
0.013969
0.013166
0.012402
0.011673
0.010982
0.010327
0.009707
0.009121
0.008568
0.008046
0.007556
0.007093
0.006661
0.006250
0.005869
0.005505
0.005172
0.004847
0.004559
0.004267
0.004021
0.003753
0.003551
0.003298
0.003142
0.002892
0.002789
0.002526
0.002489
0.002194
0.002239
0.001885
0.002037
0.001593
0.001886
0.001305
0.001801
0.000915
-0.011524
-0.006053
-0.013062
-0.009077
-0.014097
-0.011723
-0.015480
-0.014294
-0.017185
-0.016840
-0.019144
-0.019370
-0.021270
-0.021850
-0.023444
-0.024193
-0.025508
-0.026249
-0.027241
-0.027794
-0.028357
-0.028525
-0.028506
-0.028082
-0.027306
-0.026095
-0.024411
-0.022276
-0.019619
-0.016546
-0.013004
-0.009161
-0.005012
-0.000754
0.003564
0.007768
0.011773
0.015468
0.018769
0.021643
0.024027
0.025954
0.027392
0.028411
0.029008
0.029263
0.029194
0.028870
0.028324
0.027605
0.026751
0.025792
0.024767
0.023690
0.022594
0.021485
0.020388
0.019304
0.018250
0.017225
0.016241
0.015294
0.014391
0.013530
0.012715
0.011941
0.011210
0.010520
0.009870
0.009257
0.008682
0.008141
0.007634
0.007156
0.006711
0.006289
0.005899
0.005527
0.005188
0.004858
0.004564
0.004268
0.004019
0.003749
0.003544
0.003289
0.003132
0.002881
0.002777
0.002514
0.002476
0.002181
0.002225
0.001873
0.002024
0.001581
0.001872
0.001294
0.001787
0.000904
-0.011816
-0.006236
-0.013419
-0.009372
-0.014529
-0.012146
-0.016027
-0.014877
-0.017896
-0.017626
-0.020072
-0.020411
-0.022475
-0.023206
-0.024993
-0.025928
-0.027463
-0.028420
-0.029651
-0.030434
-0.031235
-0.031621
-0.031802
-0.031541
-0.030876
-0.029715
-0.027989
-0.025731
-0.022825
-0.019410
-0.015395
-0.010998
-0.006200
-0.001254
0.003777
0.008669
0.013312
0.017568
0.021327
0.024557
0.027181
0.029252
0.030732
0.031722
0.032220
0.032330
0.032078
0.031550
0.030787
0.029847
0.028775
0.027606
0.026382
0.025118
0.023852
0.022586
0.021348
0.020136
0.018970
0.017844
0.016771
0.015746
0.014776
0.013855
0.012987
0.012168
0.011399
0.010675
0.009996
0.009359
0.008763
0.008203
0.007681
0.007191
0.006734
0.006304
0.005906
0.005528
0.005183
0.004848
0.004552
0.004253
0.004002
0.003730
0.003524
0.003268
0.003110
0.002859
0.002755
0.002493
0.002453
0.002160
0.002203
0.001853
0.002002
0.001563
0.001851
0.001278
0.001767
0.000891
-0.012059
-0.006394
-0.013722
-0.009632
-0.014906
-0.012526
-0.016519
-0.015414
-0.018552
-0.018365
-0.020950
-0.021410
-0.023641
-0.024533
-0.026520
-0.027653
-0.029421
-0.030609
-0.032095
-0.033126
-0.034182
-0.034802
-0.035195
-0.035104
-0.034541
-0.033417
-0.031610
-0.029177
-0.025942
-0.022091
-0.017483
-0.012406
-0.006820
-0.001064
0.004795
0.010456
0.015791
0.020622
0.024821
0.028361
0.031153
0.033285
0.034713
0.035580
0.035883
0.035764
0.035250
0.034451
0.033410
0.032200
0.030870
0.029457
0.028008
0.026537
0.025085
0.023650
0.022263
0.020918
0.019635
0.018406
0.017245
0.016141
0.015104
0.014125
0.013208
0.012345
0.011539
0.010784
0.010079
0.009419
0.008804
0.008229
0.007694
0.007192
0.006727
0.006289
0.005886
0.005503
0.005154
0.004817
0.004518
0.004218
0.003966
0.003694
0.003487
0.003232
0.003074
0.002824
0.002720
0.002460
0.002420
0.002130
0.002171
0.001825
0.001972
0.001538
0.001822
0.001256
0.001738
0.000874
-0.012247
-0.006524
-0.013965
-0.009854
-0.015222
-0.012862
-0.016953
-0.015905
-0.019158
-0.019068
-0.021796
-0.022395
-0.024810
-0.025888
-0.028107
-0.029480
-0.031535
-0.033016
-0.034839
-0.036208
-0.037630
-0.038604
-0.039346
-0.039570
-0.039264
-0.038325
-0.036573
-0.034080
-0.030585
-0.026325
-0.021081
-0.015222
-0.008680
-0.001895
0.005040
0.011732
0.018004
0.023634
0.028451
0.032441
0.035490
0.037734
0.039125
0.039859
0.039938
0.039548
0.038722
0.037601
0.036234
0.034707
0.033076
0.031382
0.029678
0.027974
0.026315
0.024694
0.023146
0.021658
0.020253
0.018916
0.017663
0.016480
0.015376
0.014339
0.013374
0.012470
0.011630
0.010846
0.010117
0.009437
0.008806
0.008217
0.007671
0.007161
0.006689
0.006246
0.005839
0.005453
0.005102
0.004764
0.004465
0.004165
0.003913
0.003642
0.003435
0.003183
0.003025
0.002778
0.002673
0.002417
0.002376
0.002090
0.002130
0.001790
0.001933
0.001506
0.001786
0.001229
0.001703
0.000853
-0.012371
-0.006622
-0.014135
-0.010026
-0.015461
-0.013136
-0.017304
-0.016323
-0.019678
-0.019689
-0.022552
-0.023294
-0.025889
-0.027159
-0.029615
-0.031236
-0.033586
-0.035375
-0.037550
-0.039275
-0.041083
-0.042431
-0.043540
-0.044089
-0.044035
-0.043265
-0.041516
-0.038893
-0.035015
-0.030199
-0.024118
-0.017266
-0.009530
-0.001508
0.006695
0.014541
0.021819
0.028238
0.033606
0.037926
0.041077
0.043267
0.044440
0.044876
0.044571
0.043774
0.042516
0.040974
0.039199
0.037292
0.035311
0.033298
0.031311
0.029353
0.027474
0.025659
0.023945
0.022311
0.020784
0.019341
0.017999
0.016740
0.015572
0.014482
0.013472
0.012532
0.011661
0.010852
0.010103
0.009407
0.008763
0.008164
0.007610
0.007094
0.006618
0.006172
0.005763
0.005377
0.005026
0.004689
0.004390
0.004092
0.003841
0.003572
0.003368
0.003118
0.002961
0.002718
0.002615
0.002362
0.002322
0.002042
0.002080
0.001747
0.001886
0.001469
0.001742
0.001197
0.001660
0.000829
-0.012424
-0.006683
-0.014226
-0.010145
-0.015618
-0.013344
-0.017572
-0.016669
-0.020115
-0.020239
-0.023238
-0.024138
-0.026928
-0.028416
-0.031141
-0.033056
-0.035767
-0.037937
-0.040571
-0.042771
-0.045125
-0.047022
-0.048716
-0.049827
-0.050290
-0.049963
-0.048487
-0.045982
-0.041904
-0.036643
-0.029712
-0.021732
-0.012532
-0.002897
0.007005
0.016463
0.025165
0.032747
0.038942
0.043801
0.047169
0.049360
0.050315
0.050417
0.049669
0.048393
0.046629
0.044593
0.042343
0.039996
0.037615
0.035242
0.032938
0.030702
0.028583
0.026560
0.024670
0.022886
0.021232
0.019683
0.018253
0.016920
0.015692
0.014551
0.013501
0.012528
0.011631
0.010801
0.010035
0.009327
0.008673
0.008068
0.007509
0.006990
0.006513
0.006067
0.005658
0.005273
0.004925
0.004590
0.004294
0.003999
0.003751
0.003486
0.003284
0.003039
0.002885
0.002646
0.002544
0.002298
0.002257
0.001984
0.002020
0.001696
0.001831
0.001425
0.001690
0.001160
0.001611
0.000802
-0.012398
-0.006700
-0.014226
-0.010198
-0.015675
-0.013467
-0.017727
-0.016910
-0.020426
-0.020663
-0.023783
-0.024839
-0.027813
-0.029516
-0.032506
-0.034713
-0.037786
-0.040345
-0.043448
-0.046139
-0.049059
-0.051530
-0.053833
-0.055528
-0.056514
-0.056624
-0.055361
-0.052886
-0.048428
-0.042491
-0.034374
-0.024890
-0.013798
-0.002176
0.009772
0.021039
0.031250
0.039918
0.046757
0.051882
0.055146
0.057012
0.057424
0.056907
0.055458
0.053497
0.051052
0.048391
0.045563
0.042701
0.039864
0.037095
0.034450
0.031920
0.029555
0.027322
0.025259
0.023327
0.021555
0.019905
0.018395
0.016995
0.015715
0.014531
0.013447
0.012447
0.011530
0.010685
0.009908
0.009192
0.008534
0.007925
0.007366
0.006848
0.006372
0.005929
0.005523
0.005142
0.004797
0.004467
0.004176
0.003886
0.003642
0.003383
0.003185
0.002946
0.002794
0.002562
0.002462
0.002222
0.002182
0.001917
0.001952
0.001638
0.001768
0.001375
0.001631
0.001118
0.001554
0.000771
-0.012288
-0.006672
-0.014129
-0.010183
-0.015627
-0.013502
-0.017769
-0.017045
-0.020616
-0.020973
-0.024207
-0.025428
-0.028593
-0.030530
-0.033814
-0.036356
-0.039858
-0.042885
-0.046586
-0.049911
-0.053611
-0.056895
-0.060134
-0.062775
-0.064731
-0.065760
-0.065226
-0.063299
-0.058892
-0.052612
-0.043400
-0.032257
-0.018818
-0.004521
0.010266
0.024184
0.036638
0.047019
0.054926
0.060604
0.063884
0.065454
0.065266
0.064037
0.061771
0.059003
0.055766
0.052377
0.048887
0.045440
0.042096
0.038888
0.035875
0.033031
0.030408
0.027957
0.025719
0.023642
0.021754
0.020009
0.018425
0.016965
0.015639
0.014419
0.013309
0.012288
0.011358
0.010502
0.009720
0.009001
0.008343
0.007736
0.007180
0.006666
0.006195
0.005757
0.005358
0.004983
0.004645
0.004321
0.004036
0.003753
0.003515
0.003263
0.003070
0.002838
0.002690
0.002466
0.002368
0.002137
0.002097
0.001842
0.001874
0.001572
0.001697
0.001318
0.001564
0.001071
0.001490
0.000737
-0.012083
-0.006592
-0.013924
-0.010087
-0.015457
-0.013428
-0.017669
-0.017042
-0.020638
-0.021109
-0.024431
-0.025805
-0.029137
-0.031294
-0.034852
-0.037713
-0.041630
-0.045116
-0.049410
-0.053374
-0.057871
-0.061992
-0.066203
-0.069832
-0.072794
-0.074770
-0.074931
-0.073476
-0.068881
-0.061914
-0.051050
-0.037539
-0.020941
-0.003246
0.015058
0.031969
0.046753
0.058590
0.067100
0.072730
0.075374
0.076033
0.074680
0.072274
0.068802
0.064936
0.060679
0.056404
0.052138
0.048034
0.044134
0.040463
0.037070
0.033912
0.031037
0.028380
0.025980
0.023772
0.021782
0.019956
0.018311
0.016805
0.015444
0.014199
0.013072
0.012041
0.011105
0.010248
0.009467
0.008751
0.008098
0.007498
0.006949
0.006443
0.005980
0.005552
0.005161
0.004796
0.004466
0.004152
0.003874
0.003600
0.003370
0.003126
0.002939
0.002715
0.002573
0.002357
0.002263
0.002041
0.002002
0.001758
0.001788
0.001499
0.001618
0.001256
0.001491
0.001020
0.001420
0.000700
-0.011782
-0.006456
-0.013605
-0.009908
-0.015160
-0.013243
-0.017424
-0.016899
-0.020495
-0.021079
-0.024470
-0.025995
-0.029488
-0.031868
-0.035715
-0.038918
-0.043306
-0.047317
-0.052335
-0.057084
-0.062634
-0.067880
-0.073515
-0.078645
-0.083320
-0.087050
-0.088857
-0.088924
-0.085115
-0.078358
-0.066277
-0.050296
-0.029721
-0.007256
0.016122
0.037644
0.056094
0.070439
0.080158
0.086075
0.088117
0.087774
0.085055
0.081252
0.076356
0.071193
0.065758
0.060467
0.055332
0.050499
0.046003
0.041839
0.038053
0.034576
0.031453
0.028597
0.026045
0.023717
0.021639
0.019746
0.018053
0.016512
0.015130
0.013871
0.012737
0.011704
0.010771
0.009919
0.009146
0.008440
0.007798
0.007209
0.006672
0.006179
0.005729
0.005312
0.004934
0.004580
0.004261
0.003958
0.003691
0.003428
0.003206
0.002972
0.002793
0.002579
0.002443
0.002237
0.002146
0.001935
0.001898
0.001665
0.001694
0.001419
0.001532
0.001188
0.001411
0.000964
0.001343
0.000661
-0.011377
-0.006262
-0.013165
-0.009635
-0.014723
-0.012928
-0.017011
-0.016584
-0.020144
-0.020827
-0.024250
-0.025901
-0.029515
-0.032085
-0.036177
-0.039684
-0.044500
-0.048998
-0.054706
-0.060215
-0.066813
-0.073194
-0.080300
-0.086997
-0.093488
-0.099090
-0.102619
-0.104256
-0.101010
-0.094054
-0.079859
-0.059977
-0.033798
-0.005089
0.024833
0.051634
0.073756
0.089849
0.099612
0.104487
0.104624
0.102164
0.097150
0.091253
0.084407
0.077592
0.070731
0.064272
0.058177
0.052575
0.047466
0.042817
0.038656
0.034887
0.031542
0.028517
0.025842
0.023422
0.021281
0.019344
0.017624
0.016067
0.014679
0.013420
0.012293
0.011271
0.010350
0.009513
0.008756
0.008067
0.007442
0.006870
0.006351
0.005874
0.005440
0.005039
0.004676
0.004337
0.004032
0.003742
0.003487
0.003236
0.003025
0.002803
0.002632
0.002429
0.002300
0.002105
0.002019
0.001819
0.001784
0.001565
0.001591
0.001332
0.001438
0.001115
0.001324
0.000904
0.001260
0.000619
-0.010867
-0.006006
-0.012600
-0.009266
-0.014142
-0.012482
-0.016426
-0.016096
-0.019584
-0.020353
-0.023775
-0.025533
-0.029240
-0.031977
-0.036299
-0.040096
-0.045357
-0.050358
-0.056849
-0.063216
-0.071109
-0.078897
-0.088012
-0.096898
-0.106228
-0.114929
-0.121844
-0.127088
-0.126540
-0.121754
-0.106999
-0.083498
-0.050073
-0.012065
0.027678
0.062998
0.091301
0.110876
0.121395
0.125405
0.123308
0.118273
0.110439
0.101981
0.092807
0.084044
0.075560
0.067796
0.060668
0.054252
0.048522
0.043394
0.038878
0.034840
0.031304
0.028138
0.025368
0.022884
0.020705
0.018746
0.017021
0.015467
0.014090
0.012847
0.011740
0.010739
0.009842
0.009029
0.008297
0.007632
0.007030
0.006481
0.005984
0.005528
0.005114
0.004733
0.004387
0.004066
0.003777
0.003503
0.003262
0.003026
0.002826
0.002618
0.002457
0.002267
0.002145
0.001962
0.001881
0.001695
0.001661
0.001457
0.001481
0.001240
0.001338
0.001037
0.001231
0.000840
0.001172
0.000574
-0.010249
-0.005687
-0.011906
-0.008796
-0.013410
-0.011893
-0.015654
-0.015414
-0.018784
-0.019618
-0.022989
-0.024817
-0.028555
-0.031407
-0.035884
-0.039901
-0.045518
-0.050939
-0.058122
-0.065262
-0.074386
-0.083534
-0.094687
-0.105823
-0.118201
-0.130272
-0.140964
-0.150297
-0.152551
-0.149953
-0.133398
-0.103063
-0.058965
-0.008535
0.044632
0.090049
0.124073
0.144833
0.153067
0.153268
0.146406
0.136925
0.124914
0.113018
0.100956
0.089932
0.079661
0.070535
0.062374
0.055187
0.048892
0.043351
0.038545
0.034303
0.030634
0.027381
0.024564
0.022057
0.019877
0.017929
0.016225
0.014698
0.013353
0.012145
0.011073
0.010107
0.009245
0.008467
0.007768
0.007134
0.006563
0.006043
0.005572
0.005143
0.004753
0.004395
0.004070
0.003769
0.003499
0.003243
0.003018
0.002797
0.002612
0.002418
0.002268
0.002092
0.001978
0.001809
0.001734
0.001562
0.001530
0.001341
0.001363
0.001141
0.001231
0.000953
0.001133
0.000772
0.001078
0.000526
-0.009524
-0.005305
-0.011084
-0.008224
-0.012526
-0.011159
-0.014692
-0.014534
-0.017741
-0.018616
-0.021885
-0.023742
-0.027453
-0.030363
-0.034930
-0.039095
-0.045009
-0.050773
-0.058630
-0.066501
-0.076976
-0.087583
-0.101239
-0.115133
-0.131789
-0.148743
-0.165850
-0.182863
-0.192381
-0.198302
-0.185213
-0.150064
-0.091476
-0.020832
0.053111
0.115146
0.159769
0.184483
0.190717
0.186339
0.173233
0.157901
0.140543
0.124340
0.108841
0.095204
0.082987
0.072426
0.063244
0.055325
0.048533
0.042650
0.037629
0.033252
0.029514
0.026232
0.023419
0.020935
0.018791
0.016888
0.015234
0.013760
0.012468
0.011312
0.010292
0.009376
0.008561
0.007827
0.007170
0.006576
0.006041
0.005556
0.005118
0.004719
0.004357
0.004025
0.003725
0.003447
0.003198
0.002962
0.002755
0.002552
0.002382
0.002204
0.002067
0.001905
0.001801
0.001647
0.001577
0.001420
0.001391
0.001219
0.001239
0.001036
0.001118
0.000866
0.001028
0.000700
0.000978
0.000477
-0.008695
-0.004860
-0.010137
-0.007551
-0.011491
-0.010281
-0.013540
-0.013451
-0.016447
-0.017333
-0.020441
-0.022279
-0.025885
-0.028779
-0.033329
-0.037534
-0.043600
-0.049562
-0.057908
-0.066323
-0.077950
-0.089820
-0.105876
-0.122443
-0.143636
-0.165816
-0.190379
-0.216527
-0.234706
-0.252283
-0.241987
-0.193605
-0.112918
-0.015687
0.089160
0.172789
0.225333
0.246343
0.242141
0.226776
0.203014
0.179272
0.155162
0.134000
0.114842
0.098606
0.084575
0.072764
0.062757
0.054295
0.047177
0.041104
0.035996
0.031595
0.027880
0.024649
0.021904
0.019497
0.017437
0.015618
0.014046
0.012652
0.011436
0.010352
0.009400
0.008547
0.007791
0.007112
0.006506
0.005959
0.005469
0.005024
0.004623
0.004259
0.003929
0.003627
0.003354
0.003102
0.002876
0.002662
0.002475
0.002292
0.002138
0.001977
0.001853
0.001708
0.001614
0.001475
0.001413
0.001272
0.001245
0.001091
0.001108
0.000927
0.001000
0.000774
0.000920
0.000626
0.000875
0.000426
-0.007766
-0.004354
-0.009068
-0.006778
-0.010308
-0.009257
-0.012196
-0.012161
-0.014894
-0.015756
-0.018638
-0.020397
-0.023807
-0.026593
-0.031000
-0.035107
-0.041151
-0.047104
-0.055720
-0.064393
-0.076963
-0.089757
-0.108220
-0.127284
-0.153871
-0.182120
-0.217452
-0.257462
-0.292559
-0.339109
-0.349245
-0.296160
-0.183364
-0.037365
0.115275
0.232250
0.302992
0.325536
0.308616
0.277634
0.238355
0.202606
0.169612
0.142274
0.119000
0.100024
0.084286
0.071394
0.060779
0.051981
0.044729
0.038636
0.033588
0.029288
0.025700
0.022607
0.020002
0.017734
0.015806
0.014112
0.012658
0.011372
0.010257
0.009266
0.008399
0.007624
0.006939
0.006326
0.005780
0.005288
0.004848
0.004449
0.004091
0.003765
0.003471
0.003202
0.002959
0.002735
0.002534
0.002345
0.002179
0.002017
0.001880
0.001738
0.001629
0.001501
0.001418
0.001295
0.001240
0.001116
0.001093
0.000957
0.000972
0.000813
0.000877
0.000679
0.000806
0.000548
0.000767
0.000373
-0.006746
-0.003793
-0.007887
-0.005915
-0.008990
-0.008101
-0.010677
-0.010684
-0.013105
-0.013914
-0.016507
-0.018135
-0.021262
-0.023856
-0.027987
-0.031864
-0.037683
-0.043422
-0.052001
-0.060612
-0.073689
-0.086934
-0.107302
-0.128268
-0.160106
-0.194067
-0.241929
-0.297460
-0.354760
-0.448333
-0.480038
-0.390523
-0.229552
-0.037439
0.187578
0.363872
0.444844
0.440049
0.385879
0.327640
0.268327
0.219449
0.177910
0.145148
0.118653
0.097750
0.081017
0.067634
0.056886
0.048135
0.041052
0.035178
0.030377
0.026329
0.022985
0.020124
0.017735
0.015667
0.013919
0.012392
0.011087
0.009938
0.008946
0.008067
0.007299
0.006616
0.006014
0.005475
0.004997
0.004567
0.004183
0.003836
0.003524
0.003241
0.002986
0.002753
0.002543
0.002349
0.002175
0.002012
0.001869
0.001729
0.001612
0.001489
0.001395
0.001285
0.001214
0.001109
0.001061
0.000955
0.000935
0.000819
0.000831
0.000695
0.000750
0.000580
0.000689
0.000468
0.000655
0.000318
-0.005641
-0.003179
-0.006603
-0.004965
-0.007542
-0.006815
-0.008984
-0.009015
-0.011072
-0.011788
-0.014018
-0.015447
-0.018178
-0.020465
-0.024142
-0.027598
-0.032901
-0.038100
-0.046166
-0.054149
-0.066978
-0.079667
-0.100867
-0.121973
-0.158034
-0.195060
-0.256840
-0.326477
-0.418795
-0.599260
-0.675604
-0.547232
-0.318481
-0.079973
0.178763
0.422163
0.587878
0.605235
0.504274
0.395690
0.301475
0.232345
0.180451
0.142174
0.113254
0.091274
0.074371
0.061175
0.050849
0.042584
0.036012
0.030632
0.026290
0.022662
0.019695
0.017173
0.015083
0.013283
0.011770
0.010454
0.009334
0.008351
0.007505
0.006757
0.006106
0.005527
0.005019
0.004565
0.004162
0.003801
0.003479
0.003188
0.002927
0.002690
0.002477
0.002283
0.002107
0.001946
0.001801
0.001666
0.001546
0.001430
0.001333
0.001231
0.001153
0.001062
0.001003
0.000916
0.000876
0.000788
0.000772
0.000676
0.000686
0.000573
0.000618
0.000478
0.000568
0.000386
0.000540
0.000262
-0.004466
-0.002522
-0.005234
-0.003945
-0.005990
-0.005426
-0.007156
-0.007199
-0.008854
-0.009452
-0.011268
-0.012453
-0.014710
-0.016616
-0.019709
-0.022619
-0.027183
-0.031627
-0.038779
-0.045741
-0.057589
-0.068975
-0.089724
-0.109485
-0.147913
-0.184928
-0.260522
-0.336557
-0.484630
-0.761106
-0.722192
-0.317647
-0.015806
0.042054
0.097164
0.260923
0.518724
0.645965
0.553593
0.421777
0.307463
0.226073
0.169432
0.129408
0.100757
0.079617
0.063911
0.051891
0.042696
0.035438
0.029755
0.025148
0.021470
0.018420
0.015945
0.013854
0.012131
0.010653
0.009418
0.008346
0.007438
0.006643
0.005961
0.005360
0.004837
0.004374
0.003968
0.003606
0.003285
0.002998
0.002742
0.002511
0.002304
0.002117
0.001948
0.001795
0.001656
0.001529
0.001415
0.001308
0.001214
0.001122
0.001045
0.000966
0.000904
0.000832
0.000786
0.000718
0.000687
0.000618
0.000604
0.000529
0.000537
0.000449
0.000484
0.000374
0.000445
0.000302
0.000423
0.000205
-0.003232
-0.001827
-0.003790
-0.002860
-0.004342
-0.003939
-0.005196
-0.005235
-0.006443
-0.006888
-0.008222
-0.009101
-0.010773
-0.012190
-0.014509
-0.016685
-0.020160
-0.023507
-0.029083
-0.034372
-0.043946
-0.052646
-0.070353
-0.085419
-0.120978
-0.148709
-0.226994
-0.282247
-0.464140
-0.667600
-0.276807
0.241123
0.228526
-0.067293
-0.245157
-0.192773
0.177610
0.498398
0.471248
0.354166
0.256760
0.185203
0.137211
0.103095
0.079269
0.061819
0.049106
0.039485
0.032232
0.026567
0.022179
0.018653
0.015860
0.013560
0.011704
0.010144
0.008863
0.007769
0.006858
0.006069
0.005402
0.004820
0.004321
0.003882
0.003501
0.003163
0.002868
0.002605
0.002372
0.002163
0.001978
0.001810
0.001661
0.001525
0.001403
0.001292
0.001192
0.001100
0.001018
0.000941
0.000873
0.000807
0.000752
0.000694
0.000650
0.000598
0.000565
0.000516
0.000493
0.000444
0.000434
0.000380
0.000386
0.000322
0.000348
0.000269
0.000319
0.000217
0.000304
0.000147
-0.001958
-0.001108
-0.002297
-0.001736
-0.002635
-0.002395
-0.003160
-0.003190
-0.003930
-0.004210
-0.005034
-0.005584
-0.006629
-0.007518
-0.008987
-0.010359
-0.012596
-0.014719
-0.018384
-0.021746
-0.028237
-0.033717
-0.046292
-0.055457
-0.082391
-0.098116
-0.161380
-0.191751
-0.344306
-0.368388
0.117548
0.362630
0.178724
-0.052323
-0.176581
-0.249338
-0.083891
0.257522
0.319539
0.232407
0.169199
0.120826
0.089418
0.066654
0.050964
0.039433
0.031140
0.024879
0.020212
0.016579
0.013790
0.011555
0.009797
0.008353
0.007193
0.006220
0.005425
0.004747
0.004184
0.003697
0.003287
0.002929
0.002623
0.002355
0.002122
0.001916
0.001736
0.001576
0.001434
0.001307
0.001195
0.001093
0.001003
0.000921
0.000847
0.000780
0.000719
0.000663
0.000614
0.000567
0.000526
0.000486
0.000453
0.000418
0.000392
0.000360
0.000340
0.000311
0.000297
0.000267
0.000261
0.000229
0.000232
0.000194
0.000209
0.000162
0.000192
0.000131
0.000183
0.000088
-0.000655
-0.000370
-0.000768
-0.000580
-0.000880
-0.000800
-0.001055
-0.001063
-0.001309
-0.001401
-0.001673
-0.001854
-0.002197
-0.002488
-0.002969
-0.003418
-0.004149
-0.004844
-0.006052
-0.007152
-0.009334
-0.011122
-0.015509
-0.018458
-0.028352
-0.033328
-0.057606
-0.068203
-0.126589
-0.088220
0.115964
0.103659
-0.024881
-0.067701
-0.050286
-0.082212
-0.080987
0.062597
0.118463
0.083177
0.059916
0.042345
0.031071
0.023023
0.017466
0.013446
0.010552
0.008399
0.006794
0.005559
0.004612
0.003859
0.003267
0.002784
0.002396
0.002072
0.001807
0.001582
0.001395
0.001233
0.001097
0.000978
0.000876
0.000786
0.000709
0.000640
0.000580
0.000527
0.000479
0.000437
0.000399
0.000365
0.000335
0.000308
0.000283
0.000260
0.000240
0.000222
0.000205
0.000189
0.000176
0.000162
0.000151
0.000140
0.000131
0.000120
0.000114
0.000104
0.000099
0.000089
0.000087
0.000076
0.000078
0.000065
0.000070
0.000054
0.000064
0.000044
0.000061
0.000030
0.000655
0.000370
0.000768
0.000580
0.000880
0.000800
0.001055
0.001063
0.001309
0.001401
0.001673
0.001854
0.002197
0.002488
0.002969
0.003418
0.004149
0.004844
0.006052
0.007152
0.009334
0.011122
0.015509
0.018458
0.028352
0.033328
0.057606
0.068203
0.126589
0.088220
-0.115964
-0.103659
0.024881
0.067701
0.050286
0.082212
0.080987
-0.062597
-0.118463
-0.083177
-0.059916
-0.042345
-0.031071
-0.023023
-0.017466
-0.013446
-0.010552
-0.008399
-0.006794
-0.005559
-0.004612
-0.003859
-0.003267
-0.002784
-0.002396
-0.002072
-0.001807
-0.001582
-0.001395
-0.001233
-0.001097
-0.000978
-0.000876
-0.000786
-0.000709
-0.000640
-0.000580
-0.000527
-0.000479
-0.000437
-0.000399
-0.000365
-0.000335
-0.000308
-0.000283
-0.000260
-0.000240
-0.000222
-0.000205
-0.000189
-0.000176
-0.000162
-0.000151
-0.000140
-0.000131
-0.000120
-0.000114
-0.000104
-0.000099
-0.000089
-0.000087
-0.000076
-0.000078
-0.000065
-0.000070
-0.000054
-0.000064
-0.000044
-0.000061
-0.000030
0.001958
0.001108
0.002297
0.001736
0.002635
0.002395
0.003160
0.003190
0.003930
0.004210
0.005034
0.005584
0.006629
0.007518
0.008987
0.010359
0.012596
0.014719
0.018384
0.021746
0.028237
0.033717
0.046292
0.055457
0.082391
0.098116
0.161380
0.191751
0.344306
0.368388
-0.117548
-0.362630
-0.178724
0.052323
0.176581
0.249338
0.083891
-0.257522
-0.319539
-0.232407
-0.169199
-0.120826
-0.089418
-0.066654
-0.050964
-0.039433
-0.031140
-0.024879
-0.020212
-0.016579
-0.013790
-0.011555
-0.009797
-0.008353
-0.007193
-0.006220
-0.005425
-0.004747
-0.004184
-0.003697
-0.003287
-0.002929
-0.002623
-0.002355
-0.002122
-0.001916
-0.001736
-0.001576
-0.001434
-0.001307
-0.001195
-0.001093
-0.001003
-0.000921
-0.000847
-0.000780
-0.000719
-0.000663
-0.000614
-0.000567
-0.000526
-0.000486
-0.000453
-0.000418
-0.000392
-0.000360
-0.000340
-0.000311
-0.000297
-0.000267
-0.000261
-0.000229
-0.000232
-0.000194
-0.000209
-0.000162
-0.000192
-0.000131
-0.000183
-0.000088
0.003232
0.001827
0.003790
0.002860
0.004342
0.003939
0.005196
0.005235
0.006443
0.006888
0.008222
0.009101
0.010773
0.012190
0.014509
0.016685
0.020160
0.023507
0.029083
0.034372
0.043946
0.052646
0.070353
0.085419
0.120978
0.148709
0.226994
0.282247
0.464140
0.667600
0.276807
-0.241123
-0.228526
0.067293
0.245157
0.192773
-0.177610
-0.498398
-0.471248
-0.354166
-0.256760
-0.185203
-0.137211
-0.103095
-0.079269
-0.061819
-0.049106
-0.039485
-0.032232
-0.026567
-0.022179
-0.018653
-0.015860
-0.013560
-0.011704
-0.010144
-0.008863
-0.007769
-0.006858
-0.006069
-0.005402
-0.004820
-0.004321
-0.003882
-0.003501
-0.003163
-0.002868
-0.002605
-0.002372
-0.002163
-0.001978
-0.001810
-0.001661
-0.001525
-0.001403
-0.001292
-0.001192
-0.001100
-0.001018
-0.000941
-0.000873
-0.000807
-0.000752
-0.000694
-0.000650
-0.000598
-0.000565
-0.000516
-0.000493
-0.000444
-0.000434
-0.000380
-0.000386
-0.000322
-0.000348
-0.000269
-0.000319
-0.000217
-0.000304
-0.000147
0.004466
0.002522
0.005234
0.003945
0.005990
0.005426
0.007156
0.007199
0.008854
0.009452
0.011268
0.012453
0.014710
0.016616
0.019709
0.022619
0.027183
0.031627
0.038779
0.045741
0.057589
0.068975
0.089724
0.109485
0.147913
0.184928
0.260522
0.336557
0.484630
0.761106
0.722192
0.317647
0.015806
-0.042054
-0.097164
-0.260923
-0.518724
-0.645965
-0.553593
-0.421777
-0.307463
-0.226073
-0.169432
-0.129408
-0.100757
-0.079617
-0.063911
-0.051891
-0.042696
-0.035438
-0.029755
-0.025148
-0.021470
-0.018420
-0.015945
-0.013854
-0.012131
-0.010653
-0.009418
-0.008346
-0.007438
-0.006643
-0.005961
-0.005360
-0.004837
-0.004374
-0.003968
-0.003606
-0.003285
-0.002998
-0.002742
-0.002511
-0.002304
-0.002117
-0.001948
-0.001795
-0.001656
-0.001529
-0.001415
-0.001308
-0.001214
-0.001122
-0.001045
-0.000966
-0.000904
-0.000832
-0.000786
-0.000718
-0.000687
-0.000618
-0.000604
-0.000529
-0.000537
-0.000449
-0.000484
-0.000374
-0.000445
-0.000302
-0.000423
-0.000205
0.005641
0.003179
0.006603
0.004965
0.007542
0.006815
0.008984
0.009015
0.011072
0.011788
0.014018
0.015447
0.018178
0.020465
0.024142
0.027598
0.032901
0.038100
0.046166
0.054149
0.066978
0.079667
0.100867
0.121973
0.158034
0.195060
0.256840
0.326477
0.418795
0.599260
0.675604
0.547232
0.318481
0.079973
-0.178763
-0.422163
-0.587878
-0.605235
-0.504274
-0.395690
-0.301475
-0.232345
-0.180451
-0.142174
-0.113254
-0.091274
-0.074371
-0.061175
-0.050849
-0.042584
-0.036012
-0.030632
-0.026290
-0.022662
-0.019695
-0.017173
-0.015083
-0.013283
-0.011770
-0.010454
-0.009334
-0.008351
-0.007505
-0.006757
-0.006106
-0.005527
-0.005019
-0.004565
-0.004162
-0.003801
-0.003479
-0.003188
-0.002927
-0.002690
-0.002477
-0.002283
-0.002107
-0.001946
-0.001801
-0.001666
-0.001546
-0.001430
-0.001333
-0.001231
-0.001153
-0.001062
-0.001003
-0.000916
-0.000876
-0.000788
-0.000772
-0.000676
-0.000686
-0.000573
-0.000618
-0.000478
-0.000568
-0.000386
-0.000540
-0.000262
0.006746
0.003793
0.007887
0.005915
0.008990
0.008101
0.010677
0.010684
0.013105
0.013914
0.016507
0.018135
0.021262
0.023856
0.027987
0.031864
0.037683
0.043422
0.052001
0.060612
0.073689
0.086934
0.107302
0.128268
0.160106
0.194067
0.241929
0.297460
0.354760
0.448333
0.480038
0.390523
0.229552
0.037439
-0.187578
-0.363872
-0.444844
-0.440049
-0.385879
-0.327640
-0.268327
-0.219449
-0.177910
-0.145148
-0.118653
-0.097750
-0.081017
-0.067634
-0.056886
-0.048135
-0.041052
-0.035178
-0.030377
-0.026329
-0.022985
-0.020124
-0.017735
-0.015667
-0.013919
-0.012392
-0.011087
-0.009938
-0.008946
-0.008067
-0.007299
-0.006616
-0.006014
-0.005475
-0.004997
-0.004567
-0.004183
-0.003836
-0.003524
-0.003241
-0.002986
-0.002753
-0.002543
-0.002349
-0.002175
-0.002012
-0.001869
-0.001729
-0.001612
-0.001489
-0.001395
-0.001285
-0.001214
-0.001109
-0.001061
-0.000955
-0.000935
-0.000819
-0.000831
-0.000695
-0.000750
-0.000580
-0.000689
-0.000468
-0.000655
-0.000318
0.007766
0.004354
0.009068
0.006778
0.010308
0.009257
0.012196
0.012161
0.014894
0.015756
0.018638
0.020397
0.023807
0.026593
0.031000
0.035107
0.041151
0.047104
0.055720
0.064393
0.076963
0.089757
0.108220
0.127284
0.153871
0.182120
0.217452
0.257462
0.292559
0.339109
0.349245
0.296160
0.183364
0.037365
-0.115275
-0.232250
-0.302992
-0.325536
-0.308616
-0.277634
-0.238355
-0.202606
-0.169612
-0.142274
-0.119000
-0.100024
-0.084286
-0.071394
-0.060779
-0.051981
-0.044729
-0.038636
-0.033588
-0.029288
-0.025700
-0.022607
-0.020002
-0.017734
-0.015806
-0.014112
-0.012658
-0.011372
-0.010257
-0.009266
-0.008399
-0.007624
-0.006939
-0.006326
-0.005780
-0.005288
-0.004848
-0.004449
-0.004091
-0.003765
-0.003471
-0.003202
-0.002959
-0.002735
-0.002534
-0.002345
-0.002179
-0.002017
-0.001880
-0.001738
-0.001629
-0.001501
-0.001418
-0.001295
-0.001240
-0.001116
-0.001093
-0.000957
-0.000972
-0.000813
-0.000877
-0.000679
-0.000806
-0.000548
-0.000767
-0.000373
0.008695
0.004860
0.010137
0.007551
0.011491
0.010281
0.013540
0.013451
0.016447
0.017333
0.020441
0.022279
0.025885
0.028779
0.033329
0.037534
0.043600
0.049562
0.057908
0.066323
0.077950
0.089820
0.105876
0.122443
0.143636
0.165816
0.190379
0.216527
0.234706
0.252283
0.241987
0.193605
0.112918
0.015687
-0.089160
-0.172789
-0.225333
-0.246343
-0.242141
-0.226776
-0.203014
-0.179272
-0.155162
-0.134000
-0.114842
-0.098606
-0.084575
-0.072764
-0.062757
-0.054295
-0.047177
-0.041104
-0.035996
-0.031595
-0.027880
-0.024649
-0.021904
-0.019497
-0.017437
-0.015618
-0.014046
-0.012652
-0.011436
-0.010352
-0.009400
-0.008547
-0.007791
-0.007112
-0.006506
-0.005959
-0.005469
-0.005024
-0.004623
-0.004259
-0.003929
-0.003627
-0.003354
-0.003102
-0.002876
-0.002662
-0.002475
-0.002292
-0.002138
-0.001977
-0.001853
-0.001708
-0.001614
-0.001475
-0.001413
-0.001272
-0.001245
-0.001091
-0.001108
-0.000927
-0.001000
-0.000774
-0.000920
-0.000626
-0.000875
-0.000426
0.009524
0.005305
0.011084
0.008224
0.012526
0.011159
0.014692
0.014534
0.017741
0.018616
0.021885
0.023742
0.027453
0.030363
0.034930
0.039095
0.045009
0.050773
0.058630
0.066501
0.076976
0.087583
0.101239
0.115133
0.131789
0.148743
0.165850
0.182863
0.192381
0.198302
0.185213
0.150064
0.091476
0.020832
-0.053111
-0.115146
-0.159769
-0.184483
-0.190717
-0.186339
-0.173233
-0.157901
-0.140543
-0.124340
-0.108841
-0.095204
-0.082987
-0.072426
-0.063244
-0.055325
-0.048533
-0.042650
-0.037629
-0.033252
-0.029514
-0.026232
-0.023419
-0.020935
-0.018791
-0.016888
-0.015234
-0.013760
-0.012468
-0.011312
-0.010292
-0.009376
-0.008561
-0.007827
-0.007170
-0.006576
-0.006041
-0.005556
-0.005118
-0.004719
-0.004357
-0.004025
-0.003725
-0.003447
-0.003198
-0.002962
-0.002755
-0.002552
-0.002382
-0.002204
-0.002067
-0.001905
-0.001801
-0.001647
-0.001577
-0.001420
-0.001391
-0.001219
-0.001239
-0.001036
-0.001118
-0.000866
-0.001028
-0.000700
-0.000978
-0.000477
0.010249
0.005687
0.011906
0.008796
0.013410
0.011893
0.015654
0.015414
0.018784
0.019618
0.022989
0.024817
0.028555
0.031407
0.035884
0.039901
0.045518
0.050939
0.058122
0.065262
0.074386
0.083534
0.094687
0.105823
0.118201
0.130272
0.140964
0.150297
0.152551
0.149953
0.133398
0.103063
0.058965
0.008535
-0.044632
-0.090049
-0.124073
-0.144833
-0.153067
-0.153268
-0.146406
-0.136925
-0.124914
-0.113018
-0.100956
-0.089932
-0.079661
-0.070535
-0.062374
-0.055187
-0.048892
-0.043351
-0.038545
-0.034303
-0.030634
-0.027381
-0.024564
-0.022057
-0.019877
-0.017929
-0.016225
-0.014698
-0.013353
-0.012145
-0.011073
-0.010107
-0.009245
-0.008467
-0.007768
-0.007134
-0.006563
-0.006043
-0.005572
-0.005143
-0.004753
-0.004395
-0.004070
-0.003769
-0.003499
-0.003243
-0.003018
-0.002797
-0.002612
-0.002418
-0.002268
-0.002092
-0.001978
-0.001809
-0.001734
-0.001562
-0.001530
-0.001341
-0.001363
-0.001141
-0.001231
-0.000953
-0.001133
-0.000772
-0.001078
-0.000526
0.010867
0.006006
0.012600
0.009266
0.014142
0.012482
0.016426
0.016096
0.019584
0.020353
0.023775
0.025533
0.029240
0.031977
0.036299
0.040096
0.045357
0.050358
0.056849
0.063216
0.071109
0.078897
0.088012
0.096898
0.106228
0.114929
0.121844
0.127088
0.126540
0.121754
0.106999
0.083498
0.050073
0.012065
-0.027678
-0.062998
-0.091301
-0.110876
-0.121395
-0.125405
-0.123308
-0.118273
-0.110439
-0.101981
-0.092807
-0.084044
-0.075560
-0.067796
-0.060668
-0.054252
-0.048522
-0.043394
-0.038878
-0.034840
-0.031304
-0.028138
-0.025368
-0.022884
-0.020705
-0.018746
-0.017021
-0.015467
-0.014090
-0.012847
-0.011740
-0.010739
-0.009842
-0.009029
-0.008297
-0.007632
-0.007030
-0.006481
-0.005984
-0.005528
-0.005114
-0.004733
-0.004387
-0.004066
-0.003777
-0.003503
-0.003262
-0.003026
-0.002826
-0.002618
-0.002457
-0.002267
-0.002145
-0.001962
-0.001881
-0.001695
-0.001661
-0.001457
-0.001481
-0.001240
-0.001338
-0.001037
-0.001231
-0.000840
-0.001172
-0.000574
0.011377
0.006262
0.013165
0.009635
0.014723
0.012928
0.017011
0.016584
0.020144
0.020827
0.024250
0.025901
0.029515
0.032085
0.036177
0.039684
0.044500
0.048998
0.054706
0.060215
0.066813
0.073194
0.080300
0.086997
0.093488
0.099090
0.102619
0.104256
0.101010
0.094054
0.079859
0.059977
0.033798
0.005089
-0.024833
-0.051634
-0.073756
-0.089849
-0.099612
-0.104487
-0.104624
-0.102164
-0.097150
-0.091253
-0.084407
-0.077592
-0.070731
-0.064272
-0.058177
-0.052575
-0.047466
-0.042817
-0.038656
-0.034887
-0.031542
-0.028517
-0.025842
-0.023422
-0.021281
-0.019344
-0.017624
-0.016067
-0.014679
-0.013420
-0.012293
-0.011271
-0.010350
-0.009513
-0.008756
-0.008067
-0.007442
-0.006870
-0.006351
-0.005874
-0.005440
-0.005039
-0.004676
-0.004337
-0.004032
-0.003742
-0.003487
-0.003236
-0.003025
-0.002803
-0.002632
-0.002429
-0.002300
-0.002105
-0.002019
-0.001819
-0.001784
-0.001565
-0.001591
-0.001332
-0.001438
-0.001115
-0.001324
-0.000904
-0.001260
-0.000619
0.011782
0.006456
0.013605
0.009908
0.015160
0.013243
0.017424
0.016899
0.020495
0.021079
0.024470
0.025995
0.029488
0.031868
0.035715
0.038918
0.043306
0.047317
0.052335
0.057084
0.062634
0.067880
0.073515
0.078645
0.083320
0.087050
0.088857
0.088924
0.085115
0.078358
0.066277
0.050296
0.029721
0.007256
-0.016122
-0.037644
-0.056094
-0.070439
-0.080158
-0.086075
-0.088117
-0.087774
-0.085055
-0.081252
-0.076356
-0.071193
-0.065758
-0.060467
-0.055332
-0.050499
-0.046003
-0.041839
-0.038053
-0.034576
-0.031453
-0.028597
-0.026045
-0.023717
-0.021639
-0.019746
-0.018053
-0.016512
-0.015130
-0.013871
-0.012737
-0.011704
-0.010771
-0.009919
-0.009146
-0.008440
-0.007798
-0.007209
-0.006672
-0.006179
-0.005729
-0.005312
-0.004934
-0.004580
-0.004261
-0.003958
-0.003691
-0.003428
-0.003206
-0.002972
-0.002793
-0.002579
-0.002443
-0.002237
-0.002146
-0.001935
-0.001898
-0.001665
-0.001694
-0.001419
-0.001532
-0.001188
-0.001411
-0.000964
-0.001343
-0.000661
0.012083
0.006592
0.013924
0.010087
0.015457
0.013428
0.017669
0.017042
0.020638
0.021109
0.024431
0.025805
0.029137
0.031294
0.034852
0.037713
0.041630
0.045116
0.049410
0.053374
0.057871
0.061992
0.066203
0.069832
0.072794
0.074770
0.074931
0.073476
0.068881
0.061914
0.051050
0.037539
0.020941
0.003246
-0.015058
-0.031969
-0.046753
-0.058590
-0.067100
-0.072730
-0.075374
-0.076033
-0.074680
-0.072274
-0.068802
-0.064936
-0.060679
-0.056404
-0.052138
-0.048034
-0.044134
-0.040463
-0.037070
-0.033912
-0.031037
-0.028380
-0.025980
-0.023772
-0.021782
-0.019956
-0.018311
-0.016805
-0.015444
-0.014199
-0.013072
-0.012041
-0.011105
-0.010248
-0.009467
-0.008751
-0.008098
-0.007498
-0.006949
-0.006443
-0.005980
-0.005552
-0.005161
-0.004796
-0.004466
-0.004152
-0.003874
-0.003600
-0.003370
-0.003126
-0.002939
-0.002715
-0.002573
-0.002357
-0.002263
-0.002041
-0.002002
-0.001758
-0.001788
-0.001499
-0.001618
-0.001256
-0.001491
-0.001020
-0.001420
-0.000700
0.012288
0.006672
0.014129
0.010183
0.015627
0.013502
0.017769
0.017045
0.020616
0.020973
0.024207
0.025428
0.028593
0.030530
0.033814
0.036356
0.039858
0.042885
0.046586
0.049911
0.053611
0.056895
0.060134
0.062775
0.064731
0.065760
0.065226
0.063299
0.058892
0.052612
0.043400
0.032257
0.018818
0.004521
-0.010266
-0.024184
-0.036638
-0.047019
-0.054926
-0.060604
-0.063884
-0.065454
-0.065266
-0.064037
-0.061771
-0.059003
-0.055766
-0.052377
-0.048887
-0.045440
-0.042096
-0.038888
-0.035875
-0.033031
-0.030408
-0.027957
-0.025719
-0.023642
-0.021754
-0.020009
-0.018425
-0.016965
-0.015639
-0.014419
-0.013309
-0.012288
-0.011358
-0.010502
-0.009720
-0.009001
-0.008343
-0.007736
-0.007180
-0.006666
-0.006195
-0.005757
-0.005358
-0.004983
-0.004645
-0.004321
-0.004036
-0.003753
-0.003515
-0.003263
-0.003070
-0.002838
-0.002690
-0.002466
-0.002368
-0.002137
-0.002097
-0.001842
-0.001874
-0.001572
-0.001697
-0.001318
-0.001564
-0.001071
-0.001490
-0.000737
0.012398
0.006700
0.014226
0.010198
0.015675
0.013467
0.017727
0.016910
0.020426
0.020663
0.023783
0.024839
0.027813
0.029516
0.032506
0.034713
0.037786
0.040345
0.043448
0.046139
0.049059
0.051530
0.053833
0.055528
0.056514
0.056624
0.055361
0.052886
0.048428
0.042491
0.034374
0.024890
0.013798
0.002176
-0.009772
-0.021039
-0.031250
-0.039918
-0.046757
-0.051882
-0.055146
-0.057012
-0.057424
-0.056907
-0.055458
-0.053497
-0.051052
-0.048391
-0.045563
-0.042701
-0.039864
-0.037095
-0.034450
-0.031920
-0.029555
-0.027322
-0.025259
-0.023327
-0.021555
-0.019905
-0.018395
-0.016995
-0.015715
-0.014531
-0.013447
-0.012447
-0.011530
-0.010685
-0.009908
-0.009192
-0.008534
-0.007925
-0.007366
-0.006848
-0.006372
-0.005929
-0.005523
-0.005142
-0.004797
-0.004467
-0.004176
-0.003886
-0.003642
-0.003383
-0.003185
-0.002946
-0.002794
-0.002562
-0.002462
-0.002222
-0.002182
-0.001917
-0.001952
-0.001638
-0.001768
-0.001375
-0.001631
-0.001118
-0.001554
-0.000771
0.012424
0.006683
0.014226
0.010145
0.015618
0.013344
0.017572
0.016669
0.020115
0.020239
0.023238
0.024138
0.026928
0.028416
0.031141
0.033056
0.035767
0.037937
0.040571
0.042771
0.045125
0.047022
0.048716
0.049827
0.050290
0.049963
0.048487
0.045982
0.041904
0.036643
0.029712
0.021732
0.012532
0.002897
-0.007005
-0.016463
-0.025165
-0.032747
-0.038942
-0.043801
-0.047169
-0.049360
-0.050315
-0.050417
-0.049669
-0.048393
-0.046629
-0.044593
-0.042343
-0.039996
-0.037615
-0.035242
-0.032938
-0.030702
-0.028583
-0.026560
-0.024670
-0.022886
-0.021232
-0.019683
-0.018253
-0.016920
-0.015692
-0.014551
-0.013501
-0.012528
-0.011631
-0.010801
-0.010035
-0.009327
-0.008673
-0.008068
-0.007509
-0.006990
-0.006513
-0.006067
-0.005658
-0.005273
-0.004925
-0.004590
-0.004294
-0.003999
-0.003751
-0.003486
-0.003284
-0.003039
-0.002885
-0.002646
-0.002544
-0.002298
-0.002257
-0.001984
-0.002020
-0.001696
-0.001831
-0.001425
-0.001690
-0.001160
-0.001611
-0.000802
0.012371
0.006622
0.014135
0.010026
0.015461
0.013136
0.017304
0.016323
0.019678
0.019689
0.022552
0.023294
0.025889
0.027159
0.029615
0.031236
0.033586
0.035375
0.037550
0.039275
0.041083
0.042431
0.043540
0.044089
0.044035
0.043265
0.041516
0.038893
0.035015
0.030199
0.024118
0.017266
0.009530
0.001508
-0.006695
-0.014541
-0.021819
-0.028238
-0.033606
-0.037926
-0.041077
-0.043267
-0.044440
-0.044876
-0.044571
-0.043774
-0.042516
-0.040974
-0.039199
-0.037292
-0.035311
-0.033298
-0.031311
-0.029353
-0.027474
-0.025659
-0.023945
-0.022311
-0.020784
-0.019341
-0.017999
-0.016740
-0.015572
-0.014482
-0.013472
-0.012532
-0.011661
-0.010852
-0.010103
-0.009407
-0.008763
-0.008164
-0.007610
-0.007094
-0.006618
-0.006172
-0.005763
-0.005377
-0.005026
-0.004689
-0.004390
-0.004092
-0.003841
-0.003572
-0.003368
-0.003118
-0.002961
-0.002718
-0.002615
-0.002362
-0.002322
-0.002042
-0.002080
-0.001747
-0.001886
-0.001469
-0.001742
-0.001197
-0.001660
-0.000829
0.012247
0.006524
0.013965
0.009854
0.015222
0.012862
0.016953
0.015905
0.019158
0.019068
0.021796
0.022395
0.024810
0.025888
0.028107
0.029480
0.031535
0.033016
0.034839
0.036208
0.037630
0.038604
0.039346
0.039570
0.039264
0.038325
0.036573
0.034080
0.030585
0.026325
0.021081
0.015222
0.008680
0.001895
-0.005040
-0.011732
-0.018004
-0.023634
-0.028451
-0.032441
-0.035490
-0.037734
-0.039125
-0.039859
-0.039938
-0.039548
-0.038722
-0.037601
-0.036234
-0.034707
-0.033076
-0.031382
-0.029678
-0.027974
-0.026315
-0.024694
-0.023146
-0.021658
-0.020253
-0.018916
-0.017663
-0.016480
-0.015376
-0.014339
-0.013374
-0.012470
-0.011630
-0.010846
-0.010117
-0.009437
-0.008806
-0.008217
-0.007671
-0.007161
-0.006689
-0.006246
-0.005839
-0.005453
-0.005102
-0.004764
-0.004465
-0.004165
-0.003913
-0.003642
-0.003435
-0.003183
-0.003025
-0.002778
-0.002673
-0.002417
-0.002376
-0.002090
-0.002130
-0.001790
-0.001933
-0.001506
-0.001786
-0.001229
-0.001703
-0.000853
0.012059
0.006394
0.013722
0.009632
0.014906
0.012526
0.016519
0.015414
0.018552
0.018365
0.020950
0.021410
0.023641
0.024533
0.026520
0.027653
0.029421
0.030609
0.032095
0.033126
0.034182
0.034802
0.035195
0.035104
0.034541
0.033417
0.031610
0.029177
0.025942
0.022091
0.017483
0.012406
0.006820
0.001064
-0.004795
-0.010456
-0.015791
-0.020622
-0.024821
-0.028361
-0.031153
-0.033285
-0.034713
-0.035580
-0.035883
-0.035764
-0.035250
-0.034451
-0.033410
-0.032200
-0.030870
-0.029457
-0.028008
-0.026537
-0.025085
-0.023650
-0.022263
-0.020918
-0.019635
-0.018406
-0.017245
-0.016141
-0.015104
-0.014125
-0.013208
-0.012345
-0.011539
-0.010784
-0.010079
-0.009419
-0.008804
-0.008229
-0.007694
-0.007192
-0.006727
-0.006289
-0.005886
-0.005503
-0.005154
-0.004817
-0.004518
-0.004218
-0.003966
-0.003694
-0.003487
-0.003232
-0.003074
-0.002824
-0.002720
-0.002460
-0.002420
-0.002130
-0.002171
-0.001825
-0.001972
-0.001538
-0.001822
-0.001256
-0.001738
-0.000874
0.011816
0.006236
0.013419
0.009372
0.014529
0.012146
0.016027
0.014877
0.017896
0.017626
0.020072
0.020411
0.022475
0.023206
0.024993
0.025928
0.027463
0.028420
0.029651
0.030434
0.031235
0.031621
0.031802
0.031541
0.030876
0.029715
0.027989
0.025731
0.022825
0.019410
0.015395
0.010998
0.006200
0.001254
-0.003777
-0.008669
-0.013312
-0.017568
-0.021327
-0.024557
-0.027181
-0.029252
-0.030732
-0.031722
-0.032220
-0.032330
-0.032078
-0.031550
-0.030787
-0.029847
-0.028775
-0.027606
-0.026382
-0.025118
-0.023852
-0.022586
-0.021348
-0.020136
-0.018970
-0.017844
-0.016771
-0.015746
-0.014776
-0.013855
-0.012987
-0.012168
-0.011399
-0.010675
-0.009996
-0.009359
-0.008763
-0.008203
-0.007681
-0.007191
-0.006734
-0.006304
-0.005906
-0.005528
-0.005183
-0.004848
-0.004552
-0.004253
-0.004002
-0.003730
-0.003524
-0.003268
-0.003110
-0.002859
-0.002755
-0.002493
-0.002453
-0.002160
-0.002203
-0.001853
-0.002002
-0.001563
-0.001851
-0.001278
-0.001767
-0.000891
0.011524
0.006053
0.013062
0.009077
0.014097
0.011723
0.015480
0.014294
0.017185
0.016840
0.019144
0.019370
0.021270
0.021850
0.023444
0.024193
0.025508
0.026249
0.027241
0.027794
0.028357
0.028525
0.028506
0.028082
0.027306
0.026095
0.024411
0.022276
0.019619
0.016546
0.013004
0.009161
0.005012
0.000754
-0.003564
-0.007768
-0.011773
-0.015468
-0.018769
-0.021643
-0.024027
-0.025954
-0.027392
-0.028411
-0.029008
-0.029263
-0.029194
-0.028870
-0.028324
-0.027605
-0.026751
-0.025792
-0.024767
-0.023690
-0.022594
-0.021485
-0.020388
-0.019304
-0.018250
-0.017225
-0.016241
-0.015294
-0.014391
-0.013530
-0.012715
-0.011941
-0.011210
-0.010520
-0.009870
-0.009257
-0.008682
-0.008141
-0.007634
-0.007156
-0.006711
-0.006289
-0.005899
-0.005527
-0.005188
-0.004858
-0.004564
-0.004268
-0.004019
-0.003749
-0.003544
-0.003289
-0.003132
-0.002881
-0.002777
-0.002514
-0.002476
-0.002181
-0.002225
-0.001873
-0.002024
-0.001581
-0.001872
-0.001294
-0.001787
-0.000904
0.011191
0.005853
0.012661
0.008757
0.013624
0.011274
0.014897
0.013689
0.016451
0.016044
0.018212
0.018342
0.020092
0.020546
0.021975
0.022572
0.023709
0.024283
0.025093
0.025480
0.025879
0.025906
0.025773
0.025271
0.024470
0.023286
0.021710
0.019747
0.017359
0.014622
0.011509
0.008145
0.004537
0.000832
-0.002922
-0.006592
-0.010108
-0.013380
-0.016336
-0.018945
-0.021152
-0.022976
-0.024388
-0.025436
-0.026119
-0.026493
-0.026577
-0.026421
-0.026057
-0.025522
-0.024853
-0.024075
-0.023222
-0.022308
-0.021363
-0.020394
-0.019424
-0.018457
-0.017508
-0.016577
-0.015677
-0.014805
-0.013969
-0.013166
-0.012402
-0.011673
-0.010982
-0.010327
-0.009707
-0.009121
-0.008568
-0.008046
-0.007556
-0.007093
-0.006661
-0.006250
-0.005869
-0.005505
-0.005172
-0.004847
-0.004559
-0.004267
-0.004021
-0.003753
-0.003551
-0.003298
-0.003142
-0.002892
-0.002789
-0.002526
-0.002489
-0.002194
-0.002239
-0.001885
-0.002037
-0.001593
-0.001886
-0.001305
-0.001801
-0.000915
0.010823
0.005636
0.012223
0.008414
0.013114
0.010798
0.014279
0.013058
0.015687
0.015227
0.017261
0.017303
0.018910
0.019247
0.020522
0.020979
0.021951
0.022373
0.023017
0.023252
0.023502
0.023401
0.023161
0.022585
0.021754
0.020585
0.019088
0.017263
0.015091
0.012631
0.009871
0.006908
0.003757
0.000529
-0.002734
-0.005927
-0.008995
-0.011865
-0.014480
-0.016809
-0.018811
-0.020492
-0.021830
-0.022857
-0.023571
-0.024014
-0.024199
-0.024168
-0.023944
-0.023559
-0.023043
-0.022419
-0.021715
-0.020946
-0.020137
-0.019296
-0.018444
-0.017586
-0.016736
-0.015895
-0.015076
-0.014277
-0.013506
-0.012762
-0.012049
-0.011367
-0.010716
-0.010096
-0.009507
-0.008949
-0.008420
-0.007920
-0.007448
-0.007002
-0.006583
-0.006184
-0.005814
-0.005459
-0.005134
-0.004816
-0.004534
-0.004246
-0.004005
-0.003741
-0.003542
-0.003291
-0.003138
-0.002889
-0.002789
-0.002527
-0.002491
-0.002197
-0.002242
-0.001890
-0.002042
-0.001598
-0.001891
-0.001311
-0.001806
-0.000921
0.010429
0.005407
0.011757
0.008058
0.012580
0.010311
0.013645
0.012421
0.014918
0.014417
0.016323
0.016293
0.017771
0.018012
0.019153
0.019499
0.020336
0.020641
0.021159
0.021286
0.021434
0.021255
0.020958
0.020357
0.019540
0.018426
0.017038
0.015367
0.013412
0.011211
0.008767
0.006152
0.003383
0.000548
-0.002316
-0.005129
-0.007841
-0.010394
-0.012740
-0.014850
-0.016690
-0.018258
-0.019537
-0.020546
-0.021284
-0.021781
-0.022048
-0.022116
-0.022007
-0.021746
-0.021359
-0.020864
-0.020288
-0.019644
-0.018954
-0.018226
-0.017480
-0.016720
-0.015960
-0.015203
-0.014460
-0.013730
-0.013021
-0.012333
-0.011670
-0.011032
-0.010422
-0.009838
-0.009281
-0.008750
-0.008247
-0.007768
-0.007316
-0.006887
-0.006483
-0.006098
-0.005739
-0.005394
-0.005078
-0.004768
-0.004493
-0.004211
-0.003975
-0.003716
-0.003520
-0.003274
-0.003123
-0.002877
-0.002778
-0.002519
-0.002484
-0.002192
-0.002238
-0.001887
-0.002040
-0.001598
-0.001890
-0.001312
-0.001806
-0.000924
0.010011
0.005169
0.011267
0.007689
0.012024
0.009811
0.012993
0.011774
0.014139
0.013604
0.015387
0.015293
0.016648
0.016804
0.017821
0.018067
0.018782
0.018983
0.019388
0.019420
0.019476
0.019228
0.018880
0.018257
0.017450
0.016381
0.015084
0.013543
0.011769
0.009789
0.007613
0.005295
0.002856
0.000363
-0.002152
-0.004623
-0.007012
-0.009269
-0.011357
-0.013250
-0.014918
-0.016358
-0.017555
-0.018520
-0.019252
-0.019773
-0.020091
-0.020230
-0.020208
-0.020046
-0.019763
-0.019379
-0.018912
-0.018377
-0.017793
-0.017167
-0.016517
-0.015848
-0.015172
-0.014493
-0.013821
-0.013157
-0.012508
-0.011874
-0.011261
-0.010667
-0.010096
-0.009548
-0.009023
-0.008522
-0.008044
-0.007588
-0.007157
-0.006745
-0.006357
-0.005987
-0.005641
-0.005307
-0.005001
-0.004700
-0.004432
-0.004158
-0.003928
-0.003674
-0.003484
-0.003241
-0.003094
-0.002852
-0.002756
-0.002500
-0.002466
-0.002177
-0.002224
-0.001876
-0.002028
-0.001590
-0.001880
-0.001307
-0.001797
-0.000922
0.009577
0.004926
0.010762
0.007315
0.011457
0.009309
0.012338
0.011134
0.013369
0.012812
0.014476
0.014333
0.015576
0.015663
0.016573
0.016740
0.017355
0.017476
0.017795
0.017760
0.017756
0.017468
0.017099
0.016480
0.015706
0.014701
0.013505
0.012097
0.010496
0.008718
0.006779
0.004719
0.002560
0.000353
-0.001871
-0.004063
-0.006187
-0.008203
-0.010080
-0.011795
-0.013321
-0.014654
-0.015780
-0.016705
-0.017429
-0.017965
-0.018321
-0.018516
-0.018564
-0.018481
-0.018286
-0.017992
-0.017619
-0.017177
-0.016684
-0.016148
-0.015583
-0.014994
-0.014395
-0.013787
-0.013181
-0.012578
-0.011985
-0.011403
-0.010837
-0.010286
-0.009754
-0.009241
-0.008748
-0.008275
-0.007823
-0.007391
-0.006980
-0.006587
-0.006216
-0.005860
-0.005527
-0.005206
-0.004910
-0.004619
-0.004360
-0.004093
-0.003870
-0.003622
-0.003437
-0.003200
-0.003056
-0.002819
-0.002725
-0.002473
-0.002441
-0.002156
-0.002203
-0.001860
-0.002011
-0.001578
-0.001865
-0.001299
-0.001783
-0.000919
0.009129
0.004677
0.010243
0.006934
0.010879
0.008803
0.011677
0.010495
0.012600
0.012028
0.013578
0.013393
0.014531
0.014558
0.015370
0.015469
0.015994
0.016047
0.016290
0.016198
0.016141
0.015821
0.015434
0.014821
0.014078
0.013130
0.012021
0.010730
0.009278
0.007677
0.005943
0.004108
0.002193
0.000238
-0.001730
-0.003670
-0.005554
-0.007349
-0.009028
-0.010570
-0.011956
-0.013177
-0.014222
-0.015095
-0.015794
-0.016328
-0.016705
-0.016937
-0.017035
-0.017015
-0.016890
-0.016672
-0.016378
-0.016017
-0.015604
-0.015147
-0.014658
-0.014144
-0.013613
-0.013072
-0.012527
-0.011982
-0.011443
-0.010910
-0.010389
-0.009880
-0.009386
-0.008907
-0.008446
-0.008001
-0.007575
-0.007166
-0.006777
-0.006403
-0.006049
-0.005710
-0.005391
-0.005083
-0.004799
-0.004518
-0.004267
-0.004010
-0.003794
-0.003553
-0.003374
-0.003143
-0.003004
-0.002772
-0.002681
-0.002435
-0.002404
-0.002124
-0.002171
-0.001834
-0.001983
-0.001557
-0.001840
-0.001283
-0.001760
-0.000910
0.008676
0.004429
0.009720
0.006557
0.010302
0.008305
0.011024
0.009871
0.011851
0.011272
0.012715
0.012498
0.013541
0.013521
0.014248
0.014292
0.014744
0.014745
0.014931
0.014801
0.014709
0.014375
0.013987
0.013393
0.012691
0.011807
0.010787
0.009609
0.008296
0.006854
0.005302
0.003664
0.001958
0.000218
-0.001533
-0.003263
-0.004946
-0.006555
-0.008068
-0.009465
-0.010730
-0.011855
-0.012829
-0.013654
-0.014327
-0.014856
-0.015244
-0.015502
-0.015641
-0.015669
-0.015601
-0.015447
-0.015219
-0.014926
-0.014582
-0.014194
-0.013772
-0.013323
-0.012855
-0.012374
-0.011885
-0.011393
-0.010903
-0.010417
-0.009938
-0.009469
-0.009011
-0.008566
-0.008135
-0.007718
-0.007318
-0.006932
-0.006564
-0.006210
-0.005873
-0.005550
-0.005246
-0.004950
-0.004678
-0.004408
-0.004167
-0.003919
-0.003710
-0.003477
-0.003304
-0.003080
-0.002945
-0.002719
-0.002632
-0.002391
-0.002362
-0.002088
-0.002135
-0.001805
-0.001951
-0.001534
-0.001812
-0.001265
-0.001733
-0.000900
0.008214
0.004179
0.009190
0.006178
0.009721
0.007808
0.010371
0.009253
0.011109
0.010529
0.011869
0.011627
0.012581
0.012522
0.013171
0.013170
0.013556
0.013515
0.013650
0.013490
0.013370
0.013027
0.012640
0.012068
0.011404
0.010579
0.009640
0.008563
0.007373
0.006073
0.004681
0.003215
0.001695
0.000146
-0.001412
-0.002952
-0.004453
-0.005892
-0.007249
-0.008510
-0.009658
-0.010687
-0.011587
-0.012358
-0.012998
-0.013510
-0.013900
-0.014173
-0.014338
-0.014404
-0.014381
-0.014278
-0.014105
-0.013872
-0.013587
-0.013259
-0.012897
-0.012507
-0.012096
-0.011669
-0.011232
-0.010790
-0.010346
-0.009903
-0.009465
-0.009034
-0.008611
-0.008199
-0.007798
-0.007409
-0.007034
-0.006672
-0.006325
-0.005991
-0.005672
-0.005365
-0.005076
-0.004795
-0.004535
-0.004277
-0.004046
-0.003808
-0.003608
-0.003383
-0.003217
-0.003000
-0.002871
-0.002652
-0.002568
-0.002334
-0.002306
-0.002040
-0.002086
-0.001765
-0.001908
-0.001501
-0.001773
-0.001239
-0.001696
-0.000883
0.007757
0.003934
0.008667
0.005808
0.009150
0.007326
0.009737
0.008659
0.010395
0.009822
0.011064
0.010806
0.011679
0.011590
0.012171
0.012135
0.012466
0.012395
0.012492
0.012312
0.012176
0.011833
0.011456
0.010912
0.010290
0.009525
0.008664
0.007682
0.006605
0.005432
0.004182
0.002868
0.001509
0.000123
-0.001269
-0.002647
-0.003992
-0.005286
-0.006510
-0.007653
-0.008700
-0.009644
-0.010478
-0.011199
-0.011806
-0.012301
-0.012687
-0.012969
-0.013154
-0.013248
-0.013261
-0.013200
-0.013073
-0.012889
-0.012655
-0.012379
-0.012069
-0.011731
-0.011370
-0.010992
-0.010603
-0.010206
-0.009804
-0.009402
-0.009002
-0.008606
-0.008217
-0.007835
-0.007463
-0.007101
-0.006751
-0.006412
-0.006085
-0.005770
-0.005470
-0.005179
-0.004905
-0.004637
-0.004389
-0.004143
-0.003923
-0.003694
-0.003503
-0.003287
-0.003127
-0.002918
-0.002794
-0.002583
-0.002502
-0.002275
-0.002249
-0.001991
-0.002036
-0.001724
-0.001864
-0.001468
-0.001732
-0.001213
-0.001658
-0.000867
0.007293
0.003687
0.008139
0.005437
0.008578
0.006845
0.009104
0.008070
0.009689
0.009126
0.010275
0.010006
0.010803
0.010690
0.011209
0.011146
0.011429
0.011333
0.011398
0.011205
0.011057
0.010718
0.010354
0.009838
0.009257
0.008549
0.007760
0.006864
0.005889
0.004831
0.003708
0.002531
0.001315
0.000078
-0.001165
-0.002397
-0.003600
-0.004760
-0.005861
-0.006892
-0.007842
-0.008704
-0.009471
-0.010140
-0.010710
-0.011182
-0.011557
-0.011840
-0.012037
-0.012151
-0.012191
-0.012163
-0.012074
-0.011931
-0.011741
-0.011511
-0.011246
-0.010954
-0.010639
-0.010305
-0.009959
-0.009604
-0.009242
-0.008878
-0.008514
-0.008152
-0.007795
-0.007444
-0.007100
-0.006764
-0.006438
-0.006121
-0.005816
-0.005521
-0.005239
-0.004965
-0.004706
-0.004453
-0.004219
-0.003985
-0.003776
-0.003558
-0.003376
-0.003170
-0.003017
-0.002817
-0.002699
-0.002496
-0.002419
-0.002200
-0.002176
-0.001927
-0.001972
-0.001670
-0.001806
-0.001422
-0.001679
-0.001177
-0.001608
-0.000842
0.006843
0.003449
0.007628
0.005082
0.008026
0.006387
0.008500
0.007514
0.009020
0.008473
0.009535
0.009260
0.009988
0.009858
0.010323
0.010240
0.010482
0.010370
0.010411
0.010211
0.010057
0.009728
0.009380
0.008895
0.008355
0.007702
0.006980
0.006164
0.005281
0.004325
0.003315
0.002257
0.001167
0.000058
-0.001056
-0.002161
-0.003242
-0.004286
-0.005280
-0.006215
-0.007080
-0.007868
-0.008575
-0.009197
-0.009732
-0.010180
-0.010543
-0.010824
-0.011027
-0.011156
-0.011218
-0.011216
-0.011158
-0.011050
-0.010897
-0.010706
-0.010481
-0.010229
-0.009954
-0.009661
-0.009353
-0.009035
-0.008710
-0.008381
-0.008050
-0.007720
-0.007393
-0.007069
-0.006752
-0.006441
-0.006138
-0.005843
-0.005558
-0.005281
-0.005016
-0.004758
-0.004515
-0.004276
-0.004054
-0.003832
-0.003634
-0.003427
-0.003254
-0.003057
-0.002912
-0.002720
-0.002607
-0.002412
-0.002339
-0.002129
-0.002107
-0.001867
-0.001910
-0.001619
-0.001750
-0.001381
-0.001629
-0.001144
-0.001560
-0.000821
0.006385
0.003209
0.007110
0.004723
0.007469
0.005926
0.007892
0.006956
0.008353
0.007825
0.008802
0.008526
0.009188
0.009047
0.009462
0.009364
0.009571
0.009447
0.009469
0.009267
0.009111
0.008794
0.008465
0.008011
0.007511
0.006911
0.006252
0.005511
0.004713
0.003852
0.002945
0.001997
0.001022
0.000029
-0.000967
-0.001955
-0.002923
-0.003859
-0.004753
-0.005596
-0.006379
-0.007097
-0.007744
-0.008317
-0.008814
-0.009235
-0.009582
-0.009855
-0.010058
-0.010196
-0.010271
-0.010290
-0.010257
-0.010177
-0.010055
-0.009897
-0.009708
-0.009491
-0.009252
-0.008995
-0.008723
-0.008440
-0.008148
-0.007852
-0.007553
-0.007253
-0.006954
-0.006658
-0.006367
-0.006080
-0.005801
-0.005528
-0.005263
-0.005006
-0.004759
-0.004518
-0.004290
-0.004066
-0.003858
-0.003649
-0.003463
-0.003267
-0.003104
-0.002918
-0.002781
-0.002599
-0.002492
-0.002307
-0.002238
-0.002038
-0.002017
-0.001787
-0.001830
-0.001551
-0.001678
-0.001324
-0.001562
-0.001097
-0.001496
-0.000788
0.005950
0.002983
0.006618
0.004388
0.006944
0.005498
0.007324
0.006441
0.007733
0.007228
0.008126
0.007855
0.008457
0.008310
0.008680
0.008573
0.008751
0.008620
0.008626
0.008426
0.008271
0.007969
0.007658
0.007235
0.006774
0.006223
0.005622
0.004949
0.004226
0.003449
0.002632
0.001780
0.000904
0.000014
-0.000880
-0.001768
-0.002638
-0.003481
-0.004288
-0.005051
-0.005763
-0.006418
-0.007012
-0.007541
-0.008003
-0.008399
-0.008729
-0.008994
-0.009196
-0.009338
-0.009425
-0.009460
-0.009447
-0.009390
-0.009295
-0.009166
-0.009006
-0.008821
-0.008614
-0.008388
-0.008148
-0.007896
-0.007635
-0.007368
-0.007097
-0.006825
-0.006553
-0.006282
-0.006014
-0.005751
-0.005492
-0.005239
-0.004994
-0.004754
-0.004524
-0.004299
-0.004086
-0.003875
-0.003680
-0.003483
-0.003308
-0.003123
-0.002969
-0.002793
-0.002663
-0.002490
-0.002389
-0.002213
-0.002147
-0.001956
-0.001937
-0.001718
-0.001759
-0.001492
-0.001613
-0.001275
-0.001502
-0.001059
-0.001440
-0.000763
0.005502
0.002751
0.006114
0.004042
0.006406
0.005058
0.006743
0.005915
0.007103
0.006623
0.007444
0.007179
0.007725
0.007574
0.007904
0.007791
0.007943
0.007810
0.007805
0.007610
0.007460
0.007175
0.006885
0.006494
0.006071
0.005569
0.005024
0.004416
0.003765
0.003067
0.002336
0.001574
0.000791
-0.000004
-0.000802
-0.001594
-0.002372
-0.003126
-0.003850
-0.004536
-0.005178
-0.005771
-0.006310
-0.006794
-0.007220
-0.007587
-0.007896
-0.008147
-0.008343
-0.008485
-0.008578
-0.008623
-0.008625
-0.008587
-0.008514
-0.008408
-0.008275
-0.008117
-0.007937
-0.007741
-0.007529
-0.007306
-0.007074
-0.006836
-0.006593
-0.006347
-0.006100
-0.005855
-0.005611
-0.005370
-0.005134
-0.004902
-0.004676
-0.004455
-0.004243
-0.004035
-0.003837
-0.003642
-0.003460
-0.003278
-0.003114
-0.002942
-0.002798
-0.002633
-0.002512
-0.002350
-0.002255
-0.002089
-0.002028
-0.001848
-0.001831
-0.001624
-0.001663
-0.001411
-0.001526
-0.001206
-0.001422
-0.001002
-0.001363
-0.000722
0.005088
0.002540
0.005649
0.003730
0.005914
0.004662
0.006216
0.005444
0.006536
0.006083
0.006834
0.006579
0.007073
0.006923
0.007218
0.007102
0.007232
0.007099
0.007085
0.006897
0.006752
0.006484
0.006214
0.005853
0.005465
0.005006
0.004511
0.003959
0.003372
0.002743
0.002085
0.001400
0.000698
-0.000015
-0.000731
-0.001442
-0.002141
-0.002820
-0.003472
-0.004092
-0.004674
-0.005213
-0.005706
-0.006150
-0.006543
-0.006885
-0.007175
-0.007414
-0.007603
-0.007745
-0.007842
-0.007896
-0.007910
-0.007888
-0.007833
-0.007748
-0.007637
-0.007503
-0.007348
-0.007176
-0.006991
-0.006793
-0.006586
-0.006373
-0.006154
-0.005932
-0.005708
-0.005485
-0.005262
-0.005042
-0.004825
-0.004611
-0.004403
-0.004199
-0.004002
-0.003809
-0.003625
-0.003443
-0.003274
-0.003103
-0.002951
-0.002789
-0.002654
-0.002499
-0.002385
-0.002233
-0.002144
-0.001987
-0.001930
-0.001760
-0.001744
-0.001548
-0.001585
-0.001347
-0.001456
-0.001152
-0.001357
-0.000959
-0.001301
-0.000694
0.004650
0.002315
0.005159
0.003397
0.005393
0.004240
0.005659
0.004943
0.005937
0.005514
0.006194
0.005951
0.006396
0.006248
0.006510
0.006394
0.006505
0.006375
0.006357
0.006179
0.006042
0.005794
0.005546
0.005217
0.004866
0.004452
0.004007
0.003513
0.002988
0.002427
0.001841
0.001232
0.000609
-0.000024
-0.000660
-0.001291
-0.001912
-0.002516
-0.003097
-0.003650
-0.004171
-0.004655
-0.005098
-0.005500
-0.005857
-0.006170
-0.006437
-0.006659
-0.006838
-0.006974
-0.007070
-0.007127
-0.007150
-0.007139
-0.007098
-0.007030
-0.006938
-0.006824
-0.006692
-0.006543
-0.006381
-0.006207
-0.006025
-0.005835
-0.005641
-0.005442
-0.005242
-0.005041
-0.004841
-0.004642
-0.004446
-0.004252
-0.004063
-0.003877
-0.003698
-0.003521
-0.003353
-0.003187
-0.003032
-0.002875
-0.002735
-0.002586
-0.002462
-0.002319
-0.002215
-0.002073
-0.001992
-0.001846
-0.001794
-0.001636
-0.001622
-0.001439
-0.001475
-0.001253
-0.001355
-0.001072
-0.001263
-0.000892
-0.001211
-0.000645
0.004263
0.002120
0.004726
0.003110
0.004937
0.003880
0.005176
0.004517
0.005423
0.005030
0.005647
0.005419
0.005819
0.005677
0.005909
0.005797
0.005892
0.005766
0.005743
0.005575
0.005445
0.005215
0.004987
0.004685
0.004365
0.003989
0.003586
0.003141
0.002668
0.002164
0.001639
0.001093
0.000535
-0.000032
-0.000600
-0.001166
-0.001722
-0.002264
-0.002787
-0.003285
-0.003754
-0.004192
-0.004596
-0.004962
-0.005289
-0.005577
-0.005826
-0.006034
-0.006204
-0.006335
-0.006431
-0.006492
-0.006522
-0.006521
-0.006492
-0.006439
-0.006363
-0.006267
-0.006153
-0.006025
-0.005883
-0.005730
-0.005568
-0.005400
-0.005225
-0.005047
-0.004867
-0.004685
-0.004503
-0.004322
-0.004144
-0.003967
-0.003794
-0.003623
-0.003458
-0.003296
-0.003141
-0.002987
-0.002844
-0.002698
-0.002568
-0.002430
-0.002315
-0.002182
-0.002084
-0.001953
-0.001876
-0.001741
-0.001692
-0.001544
-0.001530
-0.001360
-0.001393
-0.001185
-0.001280
-0.001015
-0.001194
-0.000846
-0.001145
-0.000615
0.003831
0.001901
0.004245
0.002785
0.004429
0.003470
0.004635
0.004035
0.004848
0.004487
0.005039
0.004826
0.005181
0.005047
0.005251
0.005143
0.005224
0.005106
0.005081
0.004927
0.004808
0.004600
0.004394
0.004124
0.003839
0.003505
0.003148
0.002754
0.002338
0.001894
0.001432
0.000953
0.000463
-0.000035
-0.000534
-0.001030
-0.001519
-0.001995
-0.002455
-0.002894
-0.003309
-0.003696
-0.004054
-0.004380
-0.004672
-0.004930
-0.005154
-0.005343
-0.005499
-0.005621
-0.005711
-0.005771
-0.005803
-0.005808
-0.005788
-0.005746
-0.005684
-0.005604
-0.005507
-0.005397
-0.005275
-0.005142
-0.005001
-0.004853
-0.004701
-0.004544
-0.004385
-0.004224
-0.004063
-0.003902
-0.003743
-0.003585
-0.003430
-0.003278
-0.003130
-0.002985
-0.002846
-0.002707
-0.002579
-0.002448
-0.002330
-0.002206
-0.002102
-0.001981
-0.001894
-0.001774
-0.001706
-0.001582
-0.001538
-0.001404
-0.001392
-0.001236
-0.001267
-0.001077
-0.001165
-0.000923
-0.001087
-0.000769
-0.001043
-0.000558
0.003475
0.001723
0.003848
0.002527
0.004015
0.003147
0.004199
0.003656
0.004388
0.004060
0.004554
0.004359
0.004676
0.004551
0.004730
0.004629
0.004697
0.004586
0.004560
0.004417
0.004306
0.004115
0.003928
0.003683
0.003425
0.003124
0.002803
0.002450
0.002078
0.001681
0.001269
0.000841
0.000404
-0.000039
-0.000484
-0.000926
-0.001362
-0.001787
-0.002198
-0.002591
-0.002964
-0.003312
-0.003635
-0.003930
-0.004195
-0.004431
-0.004637
-0.004812
-0.004957
-0.005073
-0.005160
-0.005221
-0.005255
-0.005266
-0.005255
-0.005223
-0.005172
-0.005105
-0.005023
-0.004928
-0.004822
-0.004706
-0.004582
-0.004451
-0.004315
-0.004175
-0.004033
-0.003889
-0.003744
-0.003599
-0.003455
-0.003312
-0.003172
-0.003033
-0.002899
-0.002766
-0.002639
-0.002512
-0.002394
-0.002274
-0.002166
-0.002051
-0.001956
-0.001845
-0.001764
-0.001653
-0.001590
-0.001476
-0.001435
-0.001311
-0.001300
-0.001156
-0.001184
-0.001008
-0.001089
-0.000865
-0.001017
-0.000723
-0.000975
-0.000527
0.003044
0.001505
0.003369
0.002204
0.003510
0.002742
0.003666
0.003182
0.003824
0.003530
0.003963
0.003786
0.004062
0.003947
0.004102
0.004009
0.004067
0.003966
0.003941
0.003814
0.003716
0.003548
0.003385
0.003171
0.002947
0.002686
0.002409
0.002104
0.001783
0.001441
0.001086
0.000719
0.000343
-0.000038
-0.000420
-0.000800
-0.001174
-0.001540
-0.001894
-0.002233
-0.002554
-0.002855
-0.003134
-0.003390
-0.003621
-0.003827
-0.004007
-0.004160
-0.004289
-0.004392
-0.004471
-0.004526
-0.004559
-0.004572
-0.004565
-0.004541
-0.004500
-0.004444
-0.004376
-0.004296
-0.004206
-0.004107
-0.004001
-0.003889
-0.003773
-0.003653
-0.003530
-0.003405
-0.003280
-0.003154
-0.003029
-0.002905
-0.002783
-0.002662
-0.002545
-0.002429
-0.002319
-0.002208
-0.002105
-0.001999
-0.001905
-0.001805
-0.001721
-0.001624
-0.001553
-0.001456
-0.001400
-0.001300
-0.001264
-0.001154
-0.001145
-0.001018
-0.001044
-0.000888
-0.000960
-0.000761
-0.000896
-0.000635
-0.000860
-0.000462
0.002725
0.001348
0.003014
0.001976
0.003141
0.002459
0.003281
0.002851
0.003421
0.003159
0.003542
0.003384
0.003626
0.003523
0.003657
0.003572
0.003620
0.003528
0.003503
0.003387
0.003298
0.003147
0.002999
0.002807
0.002607
0.002374
0.002128
0.001857
0.001572
0.001269
0.000955
0.000630
0.000298
-0.000039
-0.000377
-0.000713
-0.001045
-0.001369
-0.001682
-0.001983
-0.002269
-0.002537
-0.002787
-0.003016
-0.003224
-0.003409
-0.003572
-0.003713
-0.003831
-0.003927
-0.004001
-0.004055
-0.004089
-0.004104
-0.004102
-0.004084
-0.004052
-0.004006
-0.003948
-0.003880
-0.003803
-0.003717
-0.003625
-0.003527
-0.003424
-0.003318
-0.003209
-0.003099
-0.002987
-0.002875
-0.002763
-0.002652
-0.002542
-0.002434
-0.002328
-0.002224
-0.002123
-0.002023
-0.001930
-0.001835
-0.001749
-0.001658
-0.001582
-0.001493
-0.001428
-0.001340
-0.001289
-0.001197
-0.001165
-0.001065
-0.001056
-0.000940
-0.000963
-0.000821
-0.000886
-0.000705
-0.000827
-0.000590
-0.000794
-0.000432
0.002284
0.001127
0.002525
0.001649
0.002628
0.002049
0.002740
0.002374
0.002853
0.002629
0.002950
0.002813
0.003017
0.002926
0.003039
0.002965
0.003004
0.002925
0.002904
0.002806
0.002730
0.002604
0.002480
0.002321
0.002154
0.001961
0.001756
0.001532
0.001296
0.001046
0.000787
0.000518
0.000244
-0.000034
-0.000313
-0.000591
-0.000864
-0.001132
-0.001391
-0.001640
-0.001876
-0.002098
-0.002305
-0.002496
-0.002668
-0.002823
-0.002959
-0.003077
-0.003176
-0.003256
-0.003319
-0.003365
-0.003395
-0.003409
-0.003409
-0.003396
-0.003370
-0.003334
-0.003287
-0.003231
-0.003168
-0.003098
-0.003022
-0.002941
-0.002856
-0.002769
-0.002679
-0.002587
-0.002495
-0.002401
-0.002309
-0.002216
-0.002125
-0.002035
-0.001947
-0.001860
-0.001776
-0.001693
-0.001615
-0.001535
-0.001464
-0.001387
-0.001324
-0.001250
-0.001196
-0.001121
-0.001079
-0.001002
-0.000976
-0.000891
-0.000884
-0.000786
-0.000806
-0.000686
-0.000743
-0.000589
-0.000694
-0.000492
-0.000666
-0.000359
0.002009
0.000992
0.002220
0.001455
0.002312
0.001808
0.002412
0.002094
0.002511
0.002317
0.002596
0.002477
0.002652
0.002573
0.002669
0.002603
0.002636
0.002565
0.002544
0.002457
0.002389
0.002277
0.002168
0.002027
0.001880
0.001710
0.001531
0.001334
0.001128
0.000909
0.000683
0.000448
0.000209
-0.000034
-0.000277
-0.000519
-0.000759
-0.000992
-0.001219
-0.001437
-0.001644
-0.001840
-0.002022
-0.002190
-0.002343
-0.002480
-0.002602
-0.002707
-0.002796
-0.002870
-0.002928
-0.002971
-0.003000
-0.003015
-0.003018
-0.003009
-0.002989
-0.002959
-0.002920
-0.002874
-0.002820
-0.002760
-0.002694
-0.002625
-0.002551
-0.002475
-0.002396
-0.002316
-0.002235
-0.002153
-0.002072
-0.001990
-0.001909
-0.001829
-0.001752
-0.001674
-0.001600
-0.001526
-0.001456
-0.001385
-0.001321
-0.001253
-0.001196
-0.001130
-0.001081
-0.001015
-0.000977
-0.000908
-0.000883
-0.000808
-0.000801
-0.000714
-0.000731
-0.000624
-0.000673
-0.000537
-0.000629
-0.000450
-0.000604
-0.000330
0.001541
0.000760
0.001704
0.001112
0.001772
0.001381
0.001847
0.001598
0.001921
0.001768
0.001984
0.001890
0.002025
0.001963
0.002037
0.001985
0.002010
0.001956
0.001940
0.001872
0.001820
0.001734
0.001651
0.001543
0.001431
0.001302
0.001165
0.001015
0.000858
0.000691
0.000519
0.000340
0.000158
-0.000026
-0.000211
-0.000396
-0.000578
-0.000756
-0.000928
-0.001094
-0.001252
-0.001401
-0.001540
-0.001668
-0.001784
-0.001889
-0.001982
-0.002063
-0.002131
-0.002187
-0.002232
-0.002265
-0.002288
-0.002300
-0.002302
-0.002296
-0.002281
-0.002258
-0.002229
-0.002193
-0.002153
-0.002107
-0.002057
-0.002004
-0.001948
-0.001890
-0.001830
-0.001769
-0.001707
-0.001645
-0.001583
-0.001520
-0.001459
-0.001398
-0.001338
-0.001279
-0.001222
-0.001166
-0.001113
-0.001058
-0.001010
-0.000957
-0.000914
-0.000863
-0.000826
-0.000775
-0.000746
-0.000694
-0.000675
-0.000617
-0.000613
-0.000545
-0.000559
-0.000476
-0.000515
-0.000409
-0.000481
-0.000343
-0.000462
-0.000251
0.001324
0.000652
0.001461
0.000957
0.001521
0.001189
0.001585
0.001376
0.001649
0.001520
0.001702
0.001623
0.001737
0.001684
0.001745
0.001701
0.001720
0.001673
0.001658
0.001600
0.001554
0.001480
0.001408
0.001315
0.001219
0.001108
0.000991
0.000863
0.000729
0.000587
0.000440
0.000287
0.000133
-0.000025
-0.000182
-0.000339
-0.000495
-0.000646
-0.000794
-0.000935
-0.001071
-0.001198
-0.001317
-0.001427
-0.001528
-0.001619
-0.001699
-0.001770
-0.001830
-0.001879
-0.001919
-0.001949
-0.001970
-0.001982
-0.001986
-0.001982
-0.001970
-0.001953
-0.001929
-0.001900
-0.001866
-0.001828
-0.001786
-0.001741
-0.001694
-0.001645
-0.001594
-0.001542
-0.001489
-0.001436
-0.001382
-0.001329
-0.001276
-0.001223
-0.001172
-0.001120
-0.001071
-0.001022
-0.000976
-0.000929
-0.000887
-0.000841
-0.000803
-0.000759
-0.000727
-0.000682
-0.000657
-0.000611
-0.000595
-0.000544
-0.000540
-0.000481
-0.000493
-0.000421
-0.000454
-0.000362
-0.000424
-0.000304
-0.000407
-0.000224
0.000807
0.000400
0.000894
0.000586
0.000931
0.000728
0.000972
0.000844
0.001012
0.000933
0.001046
0.000997
0.001068
0.001035
0.001074
0.001047
0.001059
0.001030
0.001021
0.000986
0.000958
0.000912
0.000868
0.000811
0.000752
0.000684
0.000612
0.000533
0.000450
0.000363
0.000272
0.000178
0.000082
-0.000015
-0.000112
-0.000209
-0.000305
-0.000399
-0.000490
-0.000577
-0.000661
-0.000740
-0.000813
-0.000881
-0.000944
-0.001000
-0.001049
-0.001093
-0.001130
-0.001161
-0.001185
-0.001204
-0.001216
-0.001224
-0.001226
-0.001223
-0.001216
-0.001205
-0.001190
-0.001172
-0.001151
-0.001128
-0.001102
-0.001074
-0.001045
-0.001014
-0.000983
-0.000951
-0.000918
-0.000885
-0.000852
-0.000819
-0.000786
-0.000753
-0.000722
-0.000690
-0.000660
-0.000630
-0.000601
-0.000572
-0.000546
-0.000518
-0.000495
-0.000467
-0.000448
-0.000420
-0.000405
-0.000376
-0.000366
-0.000335
-0.000333
-0.000297
-0.000304
-0.000260
-0.000280
-0.000224
-0.000262
-0.000188
-0.000251
-0.000139
0.000667
0.000324
0.000732
0.000476
0.000760
0.000593
0.000792
0.000686
0.000822
0.000757
0.000848
0.000808
0.000864
0.000837
0.000867
0.000844
0.000853
0.000829
0.000821
0.000792
0.000769
0.000732
0.000696
0.000649
0.000601
0.000546
0.000488
0.000425
0.000358
0.000288
0.000216
0.000141
0.000064
-0.000014
-0.000091
-0.000169
-0.000245
-0.000320
-0.000393
-0.000463
-0.000530
-0.000593
-0.000652
-0.000707
-0.000757
-0.000803
-0.000843
-0.000878
-0.000909
-0.000934
-0.000954
-0.000970
-0.000981
-0.000987
-0.000990
-0.000989
-0.000984
-0.000975
-0.000964
-0.000950
-0.000934
-0.000916
-0.000895
-0.000873
-0.000850
-0.000826
-0.000801
-0.000775
-0.000749
-0.000723
-0.000696
-0.000669
-0.000643
-0.000617
-0.000591
-0.000566
-0.000541
-0.000516
-0.000493
-0.000470
-0.000448
-0.000426
-0.000407
-0.000384
-0.000368
-0.000346
-0.000333
-0.000310
-0.000301
-0.000276
-0.000274
-0.000244
-0.000250
-0.000214
-0.000230
-0.000184
-0.000215
-0.000154
-0.000207
-0.000114
0.000065
0.000043
0.000080
0.000065
0.000090
0.000083
0.000100
0.000097
0.000109
0.000109
0.000117
0.000118
0.000123
0.000123
0.000126
0.000126
0.000127
0.000125
0.000124
0.000121
0.000117
0.000113
0.000107
0.000101
0.000094
0.000086
0.000077
0.000067
0.000057
0.000046
0.000035
0.000023
0.000011
-0.000001
-0.000014
-0.000026
-0.000038
-0.000051
-0.000062
-0.000074
-0.000085
-0.000095
-0.000105
-0.000114
-0.000123
-0.000130
-0.000137
-0.000143
-0.000148
-0.000153
-0.000156
-0.000159
-0.000161
-0.000162
-0.000163
-0.000163
-0.000162
-0.000161
-0.000160
-0.000157
-0.000155
-0.000152
-0.000149
-0.000145
-0.000141
-0.000138
-0.000133
-0.000129
-0.000125
-0.000121
-0.000116
-0.000112
-0.000108
-0.000104
-0.000099
-0.000095
-0.000091
-0.000087
-0.000083
-0.000080
-0.000076
-0.000072
-0.000069
-0.000066
-0.000063
-0.000060
-0.000057
-0.000054
-0.000052
-0.000049
-0.000047
-0.000044
-0.000043
-0.000040
-0.000040
-0.000036
-0.000038
-0.000032
-0.000036
-0.000026
