# p - 600 ites
-0.070741
-0.008985
-0.061639
-0.015833
-0.055075
-0.021133
-0.050461
-0.025362
-0.047364
-0.028867
-0.045453
-0.031896
-0.044477
-0.034622
-0.044243
-0.037166
-0.044596
-0.039606
-0.045414
-0.041991
-0.046594
-0.044345
-0.048049
-0.046676
-0.049706
-0.048981
-0.051500
-0.051248
-0.053374
-0.053459
-0.055277
-0.055596
-0.057168
-0.057640
-0.059009
-0.059574
-0.060772
-0.061382
-0.062433
-0.063055
-0.063977
-0.064586
-0.065394
-0.065974
-0.066679
-0.067219
-0.067832
-0.068327
-0.068858
-0.069305
-0.069762
-0.070163
-0.070554
-0.070912
-0.071243
-0.071563
-0.071841
-0.072127
-0.072357
-0.072617
-0.072801
-0.073042
-0.073184
-0.073412
-0.073513
-0.073738
-0.073797
-0.074026
-0.074041
-0.074286
-0.074252
-0.074524
-0.074434
-0.074745
-0.074591
-0.074958
-0.074725
-0.075167
-0.074839
-0.075379
-0.074933
-0.075600
-0.075007
-0.075836
-0.075060
-0.076097
-0.075088
-0.076390
-0.075087
-0.076727
-0.075050
-0.077122
-0.074967
-0.077592
-0.074823
-0.078158
-0.074601
-0.078847
-0.074274
-0.079697
-0.068974
-0.008583
-0.060010
-0.015164
-0.053543
-0.020295
-0.049011
-0.024424
-0.045989
-0.027880
-0.044157
-0.030899
-0.043266
-0.033647
-0.043124
-0.036239
-0.043580
-0.038750
-0.044510
-0.041225
-0.045812
-0.043686
-0.047399
-0.046137
-0.049195
-0.048572
-0.051132
-0.050975
-0.053151
-0.053325
-0.055198
-0.055599
-0.057227
-0.057775
-0.059199
-0.059831
-0.061082
-0.061751
-0.062850
-0.063522
-0.064485
-0.065136
-0.065978
-0.066590
-0.067322
-0.067886
-0.068519
-0.069030
-0.069573
-0.070030
-0.070493
-0.070896
-0.071287
-0.071642
-0.071969
-0.072281
-0.072551
-0.072826
-0.073044
-0.073289
-0.073460
-0.073683
-0.073810
-0.074020
-0.074104
-0.074309
-0.074351
-0.074559
-0.074558
-0.074780
-0.074731
-0.074979
-0.074876
-0.075163
-0.074996
-0.075338
-0.075096
-0.075511
-0.075176
-0.075687
-0.075239
-0.075872
-0.075284
-0.076075
-0.075309
-0.076302
-0.075312
-0.076562
-0.075288
-0.076865
-0.075231
-0.077225
-0.075132
-0.077658
-0.074976
-0.078183
-0.074748
-0.078827
-0.074423
-0.079621
-0.069843
-0.008851
-0.060842
-0.015606
-0.054356
-0.020847
-0.049811
-0.025042
-0.046773
-0.028531
-0.044917
-0.031557
-0.043993
-0.034293
-0.043810
-0.036856
-0.044215
-0.039324
-0.045085
-0.041744
-0.046320
-0.044140
-0.047831
-0.046517
-0.049545
-0.048871
-0.051396
-0.051189
-0.053326
-0.053451
-0.055283
-0.055637
-0.057224
-0.057726
-0.059110
-0.059700
-0.060912
-0.061542
-0.062605
-0.063243
-0.064175
-0.064795
-0.065610
-0.066197
-0.066906
-0.067450
-0.068065
-0.068560
-0.069091
-0.069536
-0.069991
-0.070388
-0.070775
-0.071128
-0.071454
-0.071767
-0.072039
-0.072318
-0.072541
-0.072794
-0.072972
-0.073205
-0.073340
-0.073561
-0.073656
-0.073872
-0.073926
-0.074147
-0.074157
-0.074394
-0.074356
-0.074619
-0.074527
-0.074830
-0.074674
-0.075031
-0.074799
-0.075230
-0.074904
-0.075432
-0.074991
-0.075643
-0.075058
-0.075870
-0.075105
-0.076121
-0.075128
-0.076405
-0.075123
-0.076732
-0.075083
-0.077117
-0.074997
-0.077574
-0.074854
-0.078127
-0.074633
-0.078801
-0.074312
-0.079631
-0.068150
-0.008503
-0.059302
-0.015024
-0.052926
-0.020114
-0.048470
-0.024219
-0.045513
-0.027663
-0.043738
-0.030681
-0.042900
-0.033438
-0.042808
-0.036047
-0.043312
-0.038582
-0.044290
-0.041086
-0.045640
-0.043580
-0.047275
-0.046069
-0.049118
-0.048542
-0.051101
-0.050983
-0.053163
-0.053370
-0.055249
-0.055678
-0.057313
-0.057883
-0.059315
-0.059963
-0.061220
-0.061902
-0.063004
-0.063685
-0.064650
-0.065305
-0.066147
-0.066761
-0.067491
-0.068053
-0.068682
-0.069189
-0.069728
-0.070179
-0.070636
-0.071034
-0.071418
-0.071767
-0.072087
-0.072392
-0.072655
-0.072923
-0.073135
-0.073374
-0.073539
-0.073756
-0.073878
-0.074081
-0.074161
-0.074360
-0.074399
-0.074602
-0.074598
-0.074815
-0.074764
-0.075006
-0.074903
-0.075184
-0.075018
-0.075353
-0.075114
-0.075520
-0.075191
-0.075691
-0.075250
-0.075872
-0.075292
-0.076070
-0.075316
-0.076291
-0.075318
-0.076546
-0.075294
-0.076844
-0.075237
-0.077197
-0.075139
-0.077622
-0.074986
-0.078138
-0.074761
-0.078770
-0.074443
-0.079551
-0.068279
-0.008653
-0.059471
-0.015269
-0.053141
-0.020419
-0.048725
-0.024559
-0.045800
-0.028022
-0.044045
-0.031046
-0.043217
-0.033799
-0.043126
-0.036396
-0.043622
-0.038912
-0.044585
-0.041391
-0.045913
-0.043855
-0.047519
-0.046308
-0.049328
-0.048743
-0.051273
-0.051141
-0.053293
-0.053483
-0.055335
-0.055743
-0.057352
-0.057900
-0.059305
-0.059932
-0.061162
-0.061822
-0.062899
-0.063558
-0.064500
-0.065135
-0.065955
-0.066550
-0.067261
-0.067806
-0.068419
-0.068912
-0.069436
-0.069876
-0.070322
-0.070711
-0.071088
-0.071430
-0.071745
-0.072047
-0.072307
-0.072574
-0.072786
-0.073026
-0.073193
-0.073413
-0.073539
-0.073747
-0.073833
-0.074037
-0.074083
-0.074292
-0.074296
-0.074520
-0.074478
-0.074728
-0.074633
-0.074922
-0.074766
-0.075108
-0.074879
-0.075293
-0.074974
-0.075482
-0.075051
-0.075680
-0.075110
-0.075894
-0.075150
-0.076132
-0.075168
-0.076403
-0.075159
-0.076716
-0.075116
-0.077084
-0.075030
-0.077525
-0.074889
-0.078057
-0.074673
-0.078706
-0.074361
-0.079507
-0.066529
-0.008338
-0.057900
-0.014739
-0.051703
-0.019748
-0.047395
-0.023803
-0.044566
-0.027224
-0.042904
-0.030242
-0.042169
-0.033017
-0.042176
-0.035660
-0.042777
-0.038243
-0.043851
-0.040806
-0.045297
-0.043369
-0.047028
-0.045931
-0.048966
-0.048482
-0.051041
-0.051001
-0.053190
-0.053462
-0.055356
-0.055838
-0.057490
-0.058103
-0.059550
-0.060233
-0.061502
-0.062208
-0.063319
-0.064016
-0.064985
-0.065648
-0.066490
-0.067105
-0.067831
-0.068390
-0.069011
-0.069510
-0.070038
-0.070479
-0.070924
-0.071309
-0.071680
-0.072015
-0.072322
-0.072613
-0.072862
-0.073117
-0.073316
-0.073542
-0.073695
-0.073900
-0.074012
-0.074203
-0.074275
-0.074462
-0.074495
-0.074686
-0.074677
-0.074883
-0.074830
-0.075060
-0.074957
-0.075225
-0.075062
-0.075382
-0.075149
-0.075539
-0.075219
-0.075700
-0.075273
-0.075871
-0.075310
-0.076059
-0.075330
-0.076271
-0.075330
-0.076515
-0.075305
-0.076801
-0.075249
-0.077141
-0.075153
-0.077551
-0.075004
-0.078049
-0.074787
-0.078659
-0.074479
-0.079414
-0.066026
-0.008386
-0.057505
-0.014815
-0.051407
-0.019839
-0.047185
-0.023904
-0.044427
-0.027331
-0.042822
-0.030352
-0.042133
-0.033129
-0.042176
-0.035774
-0.042805
-0.038358
-0.043901
-0.040923
-0.045364
-0.043485
-0.047106
-0.046047
-0.049052
-0.048594
-0.051130
-0.051108
-0.053277
-0.053561
-0.055438
-0.055925
-0.057561
-0.058174
-0.059605
-0.060283
-0.061537
-0.062234
-0.063330
-0.064015
-0.064968
-0.065619
-0.066444
-0.067045
-0.067754
-0.068299
-0.068905
-0.069391
-0.069904
-0.070332
-0.070765
-0.071139
-0.071499
-0.071825
-0.072123
-0.072406
-0.072650
-0.072898
-0.073093
-0.073315
-0.073467
-0.073669
-0.073781
-0.073971
-0.074045
-0.074232
-0.074268
-0.074460
-0.074456
-0.074663
-0.074617
-0.074849
-0.074753
-0.075022
-0.074869
-0.075190
-0.074967
-0.075357
-0.075048
-0.075529
-0.075114
-0.075711
-0.075164
-0.075909
-0.075197
-0.076131
-0.075208
-0.076384
-0.075195
-0.076678
-0.075151
-0.077026
-0.075066
-0.077442
-0.074928
-0.077947
-0.074720
-0.078564
-0.074421
-0.079325
-0.064127
-0.008086
-0.055818
-0.014307
-0.049883
-0.019194
-0.045794
-0.023175
-0.043153
-0.026562
-0.041658
-0.029578
-0.041077
-0.032380
-0.041230
-0.035075
-0.041975
-0.037730
-0.043192
-0.040384
-0.044783
-0.043050
-0.046659
-0.045726
-0.048741
-0.048396
-0.050957
-0.051034
-0.053239
-0.053610
-0.055527
-0.056091
-0.057768
-0.058447
-0.059918
-0.060650
-0.061939
-0.062681
-0.063805
-0.064524
-0.065499
-0.066174
-0.067014
-0.067631
-0.068349
-0.068901
-0.069509
-0.069996
-0.070507
-0.070931
-0.071356
-0.071722
-0.072072
-0.072386
-0.072672
-0.072941
-0.073171
-0.073404
-0.073584
-0.073789
-0.073926
-0.074111
-0.074208
-0.074381
-0.074441
-0.074610
-0.074634
-0.074808
-0.074793
-0.074981
-0.074925
-0.075138
-0.075035
-0.075284
-0.075125
-0.075425
-0.075199
-0.075566
-0.075259
-0.075712
-0.075304
-0.075870
-0.075335
-0.076044
-0.075351
-0.076241
-0.075347
-0.076470
-0.075321
-0.076739
-0.075266
-0.077060
-0.075173
-0.077447
-0.075031
-0.077918
-0.074823
-0.078497
-0.074530
-0.079214
-0.063062
-0.008047
-0.054924
-0.014234
-0.049137
-0.019098
-0.045173
-0.023064
-0.042638
-0.026444
-0.041231
-0.029461
-0.040726
-0.032270
-0.040946
-0.034978
-0.041750
-0.037652
-0.043022
-0.040329
-0.044663
-0.043022
-0.046587
-0.045728
-0.048714
-0.048427
-0.050970
-0.051093
-0.053287
-0.053694
-0.055605
-0.056195
-0.057867
-0.058564
-0.060030
-0.060773
-0.062055
-0.062800
-0.063916
-0.064633
-0.065598
-0.066265
-0.067093
-0.067699
-0.068403
-0.068943
-0.069536
-0.070009
-0.070505
-0.070915
-0.071326
-0.071678
-0.072015
-0.072316
-0.072590
-0.072849
-0.073068
-0.073292
-0.073465
-0.073662
-0.073793
-0.073971
-0.074065
-0.074233
-0.074291
-0.074456
-0.074480
-0.074651
-0.074638
-0.074824
-0.074772
-0.074982
-0.074885
-0.075130
-0.074980
-0.075275
-0.075060
-0.075421
-0.075127
-0.075573
-0.075180
-0.075735
-0.075220
-0.075914
-0.075244
-0.076116
-0.075249
-0.076348
-0.075232
-0.076619
-0.075187
-0.076941
-0.075104
-0.077329
-0.074972
-0.077799
-0.074775
-0.078374
-0.074492
-0.079086
-0.060947
-0.007747
-0.053060
-0.013725
-0.047470
-0.018449
-0.043668
-0.022331
-0.041274
-0.025671
-0.039997
-0.028684
-0.039618
-0.031522
-0.039965
-0.034285
-0.040901
-0.037038
-0.042311
-0.039814
-0.044096
-0.042622
-0.046169
-0.045455
-0.048448
-0.048289
-0.050856
-0.051092
-0.053321
-0.053826
-0.055777
-0.056452
-0.058166
-0.058932
-0.060437
-0.061236
-0.062551
-0.063340
-0.064481
-0.065229
-0.066211
-0.066898
-0.067735
-0.068351
-0.069057
-0.069597
-0.070186
-0.070653
-0.071140
-0.071538
-0.071936
-0.072273
-0.072594
-0.072878
-0.073135
-0.073375
-0.073576
-0.073781
-0.073935
-0.074113
-0.074226
-0.074385
-0.074463
-0.074611
-0.074655
-0.074801
-0.074812
-0.074964
-0.074940
-0.075107
-0.075046
-0.075236
-0.075133
-0.075358
-0.075205
-0.075478
-0.075263
-0.075599
-0.075309
-0.075727
-0.075344
-0.075866
-0.075367
-0.076023
-0.075376
-0.076201
-0.075368
-0.076410
-0.075340
-0.076657
-0.075286
-0.076953
-0.075198
-0.077311
-0.075064
-0.077749
-0.074869
-0.078287
-0.074595
-0.078953
-0.059368
-0.007629
-0.051711
-0.013520
-0.046314
-0.018184
-0.042674
-0.022027
-0.040415
-0.025347
-0.039255
-0.028357
-0.038978
-0.031205
-0.039418
-0.033991
-0.040440
-0.036777
-0.041933
-0.039597
-0.043801
-0.042457
-0.045955
-0.045347
-0.048313
-0.048241
-0.050797
-0.051104
-0.053332
-0.053895
-0.055851
-0.056571
-0.058291
-0.059092
-0.060601
-0.061425
-0.062742
-0.063545
-0.064684
-0.065437
-0.066413
-0.067099
-0.067925
-0.068533
-0.069226
-0.069755
-0.070328
-0.070781
-0.071250
-0.071633
-0.072014
-0.072334
-0.072640
-0.072908
-0.073150
-0.073375
-0.073564
-0.073755
-0.073899
-0.074065
-0.074170
-0.074319
-0.074390
-0.074530
-0.074570
-0.074708
-0.074717
-0.074862
-0.074839
-0.074999
-0.074941
-0.075125
-0.075027
-0.075244
-0.075099
-0.075363
-0.075159
-0.075484
-0.075209
-0.075612
-0.075248
-0.075752
-0.075276
-0.075909
-0.075291
-0.076088
-0.075290
-0.076295
-0.075269
-0.076540
-0.075223
-0.076832
-0.075144
-0.077184
-0.075020
-0.077613
-0.074836
-0.078140
-0.074575
-0.078792
-0.056988
-0.007319
-0.049626
-0.012991
-0.044462
-0.017508
-0.041015
-0.021263
-0.038924
-0.024542
-0.037916
-0.027550
-0.037786
-0.030430
-0.038373
-0.033279
-0.039546
-0.036156
-0.041197
-0.039088
-0.043231
-0.042080
-0.045557
-0.045116
-0.048090
-0.048165
-0.050749
-0.051185
-0.053453
-0.054127
-0.056128
-0.056942
-0.058708
-0.059586
-0.061135
-0.062019
-0.063368
-0.064215
-0.065377
-0.066158
-0.067146
-0.067846
-0.068675
-0.069286
-0.069972
-0.070494
-0.071055
-0.071493
-0.071945
-0.072308
-0.072667
-0.072966
-0.073247
-0.073492
-0.073710
-0.073910
-0.074075
-0.074242
-0.074363
-0.074506
-0.074590
-0.074717
-0.074769
-0.074888
-0.074911
-0.075029
-0.075024
-0.075149
-0.075115
-0.075254
-0.075188
-0.075351
-0.075248
-0.075444
-0.075297
-0.075538
-0.075336
-0.075636
-0.075367
-0.075742
-0.075389
-0.075860
-0.075402
-0.075994
-0.075404
-0.076151
-0.075392
-0.076336
-0.075362
-0.076557
-0.075310
-0.076822
-0.075226
-0.077146
-0.075102
-0.077542
-0.074924
-0.078030
-0.074673
-0.078636
-0.054927
-0.007129
-0.047851
-0.012664
-0.042923
-0.017085
-0.039671
-0.020779
-0.037743
-0.024024
-0.036876
-0.027022
-0.036871
-0.029913
-0.037573
-0.032792
-0.038857
-0.035716
-0.040618
-0.038710
-0.042763
-0.041778
-0.045201
-0.044899
-0.047848
-0.048039
-0.050617
-0.051151
-0.053427
-0.054182
-0.056198
-0.057078
-0.058860
-0.059789
-0.061354
-0.062273
-0.063633
-0.064503
-0.065669
-0.066461
-0.067447
-0.068147
-0.068968
-0.069572
-0.070245
-0.070754
-0.071297
-0.071719
-0.072151
-0.072496
-0.072836
-0.073114
-0.073377
-0.073602
-0.073802
-0.073985
-0.074134
-0.074285
-0.074393
-0.074521
-0.074594
-0.074707
-0.074752
-0.074858
-0.074876
-0.074983
-0.074975
-0.075090
-0.075055
-0.075185
-0.075121
-0.075275
-0.075176
-0.075362
-0.075222
-0.075450
-0.075261
-0.075545
-0.075292
-0.075647
-0.075316
-0.075762
-0.075331
-0.075894
-0.075337
-0.076047
-0.075330
-0.076227
-0.075306
-0.076441
-0.075260
-0.076698
-0.075185
-0.077010
-0.075071
-0.077392
-0.074904
-0.077862
-0.074667
-0.078446
-0.052246
-0.006799
-0.045512
-0.012099
-0.040857
-0.016363
-0.037829
-0.019961
-0.036095
-0.023161
-0.035404
-0.026159
-0.035567
-0.029088
-0.036437
-0.032039
-0.037895
-0.035066
-0.039839
-0.038193
-0.042176
-0.041415
-0.044816
-0.044708
-0.047669
-0.048031
-0.050645
-0.051328
-0.053653
-0.054537
-0.056607
-0.057595
-0.059429
-0.060445
-0.062054
-0.063039
-0.064432
-0.065345
-0.066531
-0.067348
-0.068341
-0.069049
-0.069865
-0.070461
-0.071119
-0.071610
-0.072131
-0.072527
-0.072932
-0.073246
-0.073555
-0.073801
-0.074032
-0.074224
-0.074393
-0.074543
-0.074663
-0.074783
-0.074863
-0.074962
-0.075011
-0.075098
-0.075121
-0.075203
-0.075202
-0.075286
-0.075263
-0.075356
-0.075310
-0.075419
-0.075347
-0.075478
-0.075376
-0.075538
-0.075399
-0.075602
-0.075417
-0.075674
-0.075430
-0.075754
-0.075438
-0.075848
-0.075440
-0.075959
-0.075434
-0.076090
-0.075417
-0.076248
-0.075386
-0.076438
-0.075335
-0.076670
-0.075258
-0.076953
-0.075145
-0.077301
-0.074985
-0.077731
-0.074761
-0.078267
-0.049723
-0.006542
-0.043331
-0.011656
-0.038952
-0.015790
-0.036151
-0.019302
-0.034604
-0.022453
-0.034074
-0.025432
-0.034381
-0.028371
-0.035386
-0.031357
-0.036976
-0.034442
-0.039054
-0.037647
-0.041530
-0.040967
-0.044314
-0.044374
-0.047315
-0.047820
-0.050438
-0.051245
-0.053589
-0.054577
-0.056675
-0.057749
-0.059612
-0.060694
-0.062329
-0.063362
-0.064774
-0.065718
-0.066914
-0.067746
-0.068739
-0.069449
-0.070256
-0.070845
-0.071487
-0.071963
-0.072464
-0.072840
-0.073221
-0.073513
-0.073798
-0.074022
-0.074229
-0.074399
-0.074546
-0.074676
-0.074776
-0.074877
-0.074941
-0.075024
-0.075059
-0.075131
-0.075143
-0.075212
-0.075204
-0.075276
-0.075248
-0.075330
-0.075282
-0.075379
-0.075308
-0.075428
-0.075330
-0.075479
-0.075348
-0.075536
-0.075362
-0.075601
-0.075374
-0.075676
-0.075382
-0.075764
-0.075385
-0.075869
-0.075381
-0.075993
-0.075368
-0.076143
-0.075341
-0.076323
-0.075297
-0.076542
-0.075227
-0.076810
-0.075125
-0.077139
-0.074977
-0.077546
-0.074769
-0.078052
-0.046718
-0.006184
-0.040716
-0.011043
-0.036649
-0.015005
-0.034103
-0.018411
-0.032777
-0.021513
-0.032446
-0.024490
-0.032942
-0.027472
-0.034137
-0.030541
-0.035926
-0.033746
-0.038215
-0.037107
-0.040916
-0.040611
-0.043938
-0.044225
-0.047186
-0.047892
-0.050558
-0.051540
-0.053948
-0.055088
-0.057253
-0.058452
-0.060379
-0.061560
-0.063246
-0.064350
-0.065797
-0.066786
-0.067999
-0.068850
-0.069843
-0.070551
-0.071343
-0.071912
-0.072527
-0.072972
-0.073436
-0.073773
-0.074113
-0.074362
-0.074603
-0.074782
-0.074947
-0.075073
-0.075179
-0.075268
-0.075331
-0.075394
-0.075425
-0.075473
-0.075479
-0.075520
-0.075507
-0.075548
-0.075519
-0.075566
-0.075522
-0.075580
-0.075520
-0.075594
-0.075515
-0.075612
-0.075510
-0.075636
-0.075505
-0.075668
-0.075500
-0.075710
-0.075495
-0.075764
-0.075488
-0.075831
-0.075479
-0.075915
-0.075464
-0.076019
-0.075442
-0.076147
-0.075410
-0.076303
-0.075362
-0.076496
-0.075292
-0.076734
-0.075192
-0.077029
-0.075053
-0.077394
-0.074860
-0.077851
-0.043748
-0.005864
-0.038143
-0.010488
-0.034391
-0.014284
-0.032100
-0.017579
-0.030982
-0.020613
-0.030828
-0.023561
-0.031483
-0.026546
-0.032828
-0.029651
-0.034766
-0.032923
-0.037210
-0.036378
-0.040077
-0.040003
-0.043275
-0.043760
-0.046707
-0.047586
-0.050268
-0.051400
-0.053843
-0.055111
-0.057321
-0.058627
-0.060597
-0.061862
-0.063586
-0.064751
-0.066225
-0.067251
-0.068479
-0.069348
-0.070342
-0.071051
-0.071832
-0.072390
-0.072986
-0.073409
-0.073849
-0.074160
-0.074472
-0.074693
-0.074906
-0.075057
-0.075195
-0.075295
-0.075376
-0.075441
-0.075482
-0.075524
-0.075536
-0.075565
-0.075557
-0.075581
-0.075557
-0.075583
-0.075546
-0.075579
-0.075530
-0.075575
-0.075513
-0.075574
-0.075497
-0.075580
-0.075483
-0.075594
-0.075471
-0.075617
-0.075462
-0.075651
-0.075454
-0.075697
-0.075446
-0.075757
-0.075436
-0.075833
-0.075423
-0.075927
-0.075403
-0.076044
-0.075375
-0.076189
-0.075332
-0.076366
-0.075270
-0.076585
-0.075180
-0.076856
-0.075054
-0.077193
-0.074878
-0.077614
-0.040401
-0.005472
-0.035236
-0.009817
-0.031835
-0.013421
-0.029830
-0.016597
-0.028956
-0.019574
-0.029022
-0.022518
-0.029888
-0.025550
-0.031445
-0.028749
-0.033607
-0.032161
-0.036294
-0.035799
-0.039424
-0.039646
-0.042906
-0.043654
-0.046638
-0.047751
-0.050501
-0.051842
-0.054369
-0.055818
-0.058115
-0.059570
-0.061620
-0.062999
-0.064784
-0.066027
-0.067539
-0.068609
-0.069850
-0.070730
-0.071714
-0.072407
-0.073159
-0.073681
-0.074233
-0.074607
-0.074993
-0.075246
-0.075501
-0.075661
-0.075815
-0.075907
-0.075988
-0.076032
-0.076061
-0.076075
-0.076069
-0.076065
-0.076037
-0.076025
-0.075982
-0.075971
-0.075918
-0.075913
-0.075853
-0.075858
-0.075791
-0.075810
-0.075735
-0.075772
-0.075687
-0.075746
-0.075646
-0.075732
-0.075612
-0.075731
-0.075583
-0.075742
-0.075558
-0.075767
-0.075537
-0.075807
-0.075515
-0.075863
-0.075493
-0.075937
-0.075467
-0.076033
-0.075433
-0.076153
-0.075388
-0.076304
-0.075327
-0.076493
-0.075242
-0.076729
-0.075126
-0.077024
-0.074967
-0.077394
-0.036997
-0.005088
-0.032282
-0.009150
-0.029233
-0.012552
-0.027507
-0.015588
-0.026858
-0.018475
-0.027113
-0.021374
-0.028146
-0.024400
-0.029862
-0.027631
-0.032186
-0.031114
-0.035047
-0.034860
-0.038367
-0.038851
-0.042058
-0.043036
-0.046015
-0.047332
-0.050113
-0.051635
-0.054217
-0.055823
-0.058185
-0.059770
-0.061884
-0.063365
-0.065204
-0.066519
-0.068068
-0.069181
-0.070440
-0.071337
-0.072322
-0.073011
-0.073748
-0.074251
-0.074777
-0.075121
-0.075476
-0.075695
-0.075915
-0.076040
-0.076161
-0.076218
-0.076268
-0.076281
-0.076282
-0.076269
-0.076239
-0.076212
-0.076164
-0.076132
-0.076073
-0.076045
-0.075980
-0.075959
-0.075891
-0.075882
-0.075811
-0.075817
-0.075740
-0.075764
-0.075680
-0.075725
-0.075630
-0.075700
-0.075589
-0.075689
-0.075556
-0.075692
-0.075528
-0.075709
-0.075504
-0.075740
-0.075482
-0.075786
-0.075460
-0.075849
-0.075435
-0.075932
-0.075405
-0.076038
-0.075365
-0.076172
-0.075312
-0.076339
-0.075237
-0.076548
-0.075135
-0.076810
-0.074994
-0.077139
-0.033301
-0.004658
-0.029076
-0.008410
-0.026414
-0.011599
-0.025002
-0.014500
-0.024619
-0.017318
-0.025111
-0.020208
-0.026371
-0.023283
-0.028321
-0.026620
-0.030895
-0.030263
-0.034033
-0.034225
-0.037662
-0.038483
-0.041693
-0.042976
-0.046014
-0.047610
-0.050488
-0.052260
-0.054958
-0.056781
-0.059260
-0.061024
-0.063239
-0.064854
-0.066768
-0.068169
-0.069760
-0.070912
-0.072179
-0.073074
-0.074034
-0.074688
-0.075376
-0.075818
-0.076278
-0.076548
-0.076825
-0.076963
-0.077104
-0.077147
-0.077189
-0.077170
-0.077146
-0.077089
-0.077025
-0.076948
-0.076861
-0.076779
-0.076682
-0.076604
-0.076505
-0.076436
-0.076339
-0.076283
-0.076189
-0.076150
-0.076059
-0.076038
-0.075948
-0.075946
-0.075855
-0.075875
-0.075777
-0.075822
-0.075713
-0.075787
-0.075661
-0.075767
-0.075618
-0.075763
-0.075581
-0.075775
-0.075549
-0.075802
-0.075519
-0.075845
-0.075488
-0.075907
-0.075454
-0.075989
-0.075414
-0.076096
-0.075362
-0.076233
-0.075294
-0.076406
-0.075203
-0.076625
-0.075080
-0.076901
-0.029476
-0.004210
-0.025753
-0.007631
-0.023477
-0.010577
-0.022364
-0.013305
-0.022216
-0.016008
-0.022901
-0.018830
-0.024330
-0.021883
-0.026441
-0.025244
-0.029183
-0.028957
-0.032506
-0.033038
-0.036348
-0.037463
-0.040623
-0.042168
-0.045216
-0.047050
-0.049982
-0.051970
-0.054749
-0.056763
-0.059335
-0.061259
-0.063563
-0.065301
-0.067288
-0.068774
-0.070413
-0.071612
-0.072900
-0.073808
-0.074765
-0.075404
-0.076070
-0.076480
-0.076904
-0.077131
-0.077367
-0.077459
-0.077557
-0.077555
-0.077557
-0.077496
-0.077436
-0.077343
-0.077248
-0.077142
-0.077030
-0.076923
-0.076806
-0.076707
-0.076593
-0.076507
-0.076399
-0.076329
-0.076228
-0.076175
-0.076080
-0.076046
-0.075956
-0.075941
-0.075852
-0.075858
-0.075767
-0.075795
-0.075697
-0.075750
-0.075640
-0.075722
-0.075593
-0.075709
-0.075555
-0.075711
-0.075522
-0.075728
-0.075492
-0.075760
-0.075463
-0.075808
-0.075432
-0.075874
-0.075397
-0.075961
-0.075352
-0.076074
-0.075295
-0.076218
-0.075218
-0.076401
-0.075115
-0.076633
-0.025432
-0.003739
-0.022248
-0.006816
-0.020394
-0.009523
-0.019618
-0.012095
-0.019751
-0.014714
-0.020686
-0.017519
-0.022355
-0.020618
-0.024715
-0.024092
-0.027731
-0.027988
-0.031368
-0.032322
-0.035571
-0.037068
-0.040254
-0.042154
-0.045296
-0.047461
-0.050532
-0.052824
-0.055764
-0.058044
-0.060775
-0.062916
-0.065355
-0.067252
-0.069333
-0.070913
-0.072598
-0.073827
-0.075112
-0.075996
-0.076907
-0.077480
-0.078068
-0.078384
-0.078711
-0.078829
-0.078958
-0.078937
-0.078927
-0.078816
-0.078717
-0.078556
-0.078405
-0.078223
-0.078048
-0.077865
-0.077686
-0.077514
-0.077341
-0.077188
-0.077028
-0.076897
-0.076752
-0.076644
-0.076515
-0.076430
-0.076315
-0.076252
-0.076148
-0.076107
-0.076010
-0.075991
-0.075897
-0.075900
-0.075805
-0.075832
-0.075731
-0.075782
-0.075670
-0.075750
-0.075619
-0.075733
-0.075577
-0.075731
-0.075540
-0.075743
-0.075506
-0.075771
-0.075473
-0.075814
-0.075437
-0.075875
-0.075396
-0.075957
-0.075346
-0.076064
-0.075282
-0.076203
-0.075198
-0.076381
-0.021205
-0.003227
-0.018572
-0.005922
-0.017132
-0.008345
-0.016668
-0.010707
-0.017039
-0.013176
-0.018162
-0.015884
-0.019991
-0.018937
-0.022504
-0.022415
-0.025684
-0.026374
-0.029513
-0.030831
-0.033946
-0.035766
-0.038909
-0.041105
-0.044276
-0.046719
-0.049875
-0.052425
-0.055485
-0.057998
-0.060861
-0.063200
-0.065763
-0.067810
-0.069989
-0.071667
-0.073413
-0.074689
-0.075996
-0.076882
-0.077781
-0.078322
-0.078874
-0.079137
-0.079413
-0.079469
-0.079543
-0.079459
-0.079395
-0.079227
-0.079080
-0.078870
-0.078678
-0.078456
-0.078249
-0.078034
-0.077829
-0.077633
-0.077441
-0.077269
-0.077095
-0.076949
-0.076795
-0.076674
-0.076540
-0.076444
-0.076326
-0.076253
-0.076150
-0.076097
-0.076004
-0.075972
-0.075886
-0.075873
-0.075790
-0.075796
-0.075712
-0.075739
-0.075648
-0.075698
-0.075597
-0.075672
-0.075554
-0.075659
-0.075517
-0.075660
-0.075485
-0.075672
-0.075455
-0.075698
-0.075425
-0.075739
-0.075391
-0.075795
-0.075352
-0.075872
-0.075303
-0.075972
-0.075239
-0.076103
-0.016824
-0.002712
-0.014776
-0.005027
-0.013788
-0.007180
-0.013679
-0.009361
-0.014341
-0.011725
-0.015718
-0.014399
-0.017792
-0.017491
-0.020562
-0.021087
-0.024037
-0.025247
-0.028214
-0.029997
-0.033065
-0.035319
-0.038519
-0.041131
-0.044443
-0.047286
-0.050640
-0.053565
-0.056851
-0.059697
-0.062780
-0.065388
-0.068134
-0.070371
-0.072671
-0.074449
-0.076244
-0.077534
-0.078819
-0.079646
-0.080465
-0.080895
-0.081327
-0.081446
-0.081581
-0.081481
-0.081407
-0.081169
-0.080964
-0.080653
-0.080376
-0.080039
-0.079734
-0.079404
-0.079100
-0.078795
-0.078511
-0.078240
-0.077984
-0.077751
-0.077526
-0.077330
-0.077137
-0.076976
-0.076812
-0.076682
-0.076544
-0.076441
-0.076324
-0.076245
-0.076145
-0.076087
-0.076000
-0.075961
-0.075883
-0.075862
-0.075788
-0.075784
-0.075711
-0.075725
-0.075649
-0.075681
-0.075598
-0.075651
-0.075556
-0.075633
-0.075520
-0.075625
-0.075488
-0.075628
-0.075459
-0.075642
-0.075430
-0.075668
-0.075398
-0.075708
-0.075363
-0.075764
-0.075319
-0.075840
-0.012220
-0.002137
-0.010769
-0.004018
-0.010218
-0.005840
-0.010426
-0.007769
-0.011318
-0.009941
-0.012866
-0.012479
-0.015078
-0.015487
-0.017978
-0.019057
-0.021598
-0.023258
-0.025959
-0.028128
-0.031052
-0.033657
-0.036820
-0.039766
-0.043133
-0.046301
-0.049782
-0.053022
-0.056481
-0.059617
-0.062890
-0.065745
-0.068664
-0.071087
-0.073518
-0.075411
-0.077280
-0.078612
-0.079914
-0.080722
-0.081513
-0.081881
-0.082253
-0.082289
-0.082350
-0.082161
-0.082012
-0.081690
-0.081416
-0.081034
-0.080700
-0.080307
-0.079957
-0.079583
-0.079247
-0.078910
-0.078602
-0.078309
-0.078037
-0.077788
-0.077554
-0.077346
-0.077148
-0.076978
-0.076812
-0.076674
-0.076536
-0.076425
-0.076312
-0.076223
-0.076129
-0.076060
-0.075982
-0.075929
-0.075863
-0.075823
-0.075767
-0.075740
-0.075690
-0.075673
-0.075628
-0.075621
-0.075577
-0.075580
-0.075536
-0.075550
-0.075502
-0.075528
-0.075473
-0.075513
-0.075449
-0.075506
-0.075428
-0.075506
-0.075407
-0.075513
-0.075387
-0.075529
-0.075365
-0.075556
-0.007526
-0.001575
-0.006701
-0.003038
-0.006626
-0.004557
-0.007199
-0.006273
-0.008381
-0.008312
-0.010177
-0.010792
-0.012626
-0.013822
-0.015781
-0.017503
-0.019706
-0.021920
-0.024447
-0.027124
-0.030019
-0.033114
-0.036376
-0.039812
-0.043384
-0.047041
-0.050805
-0.054516
-0.058297
-0.061858
-0.065441
-0.068640
-0.071810
-0.074465
-0.077053
-0.079050
-0.080967
-0.082281
-0.083529
-0.084221
-0.084879
-0.085065
-0.085257
-0.085077
-0.084937
-0.084527
-0.084178
-0.083648
-0.083189
-0.082622
-0.082126
-0.081575
-0.081088
-0.080584
-0.080135
-0.079693
-0.079295
-0.078918
-0.078575
-0.078260
-0.077971
-0.077712
-0.077472
-0.077260
-0.077064
-0.076891
-0.076732
-0.076593
-0.076465
-0.076351
-0.076251
-0.076157
-0.076078
-0.076000
-0.075940
-0.075874
-0.075829
-0.075771
-0.075740
-0.075688
-0.075669
-0.075619
-0.075612
-0.075562
-0.075566
-0.075514
-0.075529
-0.075472
-0.075500
-0.075436
-0.075477
-0.075403
-0.075461
-0.075372
-0.075450
-0.075343
-0.075443
-0.075315
-0.075442
-0.075286
-0.002585
-0.000938
-0.002394
-0.001913
-0.002770
-0.003052
-0.003655
-0.004466
-0.005047
-0.006264
-0.006983
-0.008554
-0.009529
-0.011447
-0.012772
-0.015053
-0.016802
-0.019472
-0.021700
-0.024774
-0.027510
-0.030979
-0.034211
-0.038022
-0.041681
-0.045724
-0.049673
-0.053773
-0.057804
-0.061737
-0.065593
-0.069113
-0.072530
-0.075421
-0.078188
-0.080315
-0.082322
-0.083662
-0.084915
-0.085548
-0.086146
-0.086221
-0.086315
-0.086004
-0.085755
-0.085216
-0.084766
-0.084125
-0.083581
-0.082927
-0.082365
-0.081750
-0.081217
-0.080670
-0.080190
-0.079720
-0.079303
-0.078909
-0.078556
-0.078232
-0.077939
-0.077673
-0.077434
-0.077218
-0.077025
-0.076849
-0.076696
-0.076552
-0.076432
-0.076311
-0.076220
-0.076117
-0.076050
-0.075959
-0.075914
-0.075830
-0.075804
-0.075723
-0.075717
-0.075634
-0.075646
-0.075558
-0.075590
-0.075492
-0.075546
-0.075432
-0.075512
-0.075376
-0.075487
-0.075322
-0.075470
-0.075268
-0.075461
-0.075211
-0.075461
-0.075149
-0.075470
-0.075080
-0.075491
-0.075000
0.002384
-0.000330
0.001913
-0.000848
0.001047
-0.001646
-0.000202
-0.002810
-0.001872
-0.004437
-0.004035
-0.006633
-0.006795
-0.009517
-0.010274
-0.013214
-0.014601
-0.017849
-0.019898
-0.023520
-0.026246
-0.030268
-0.033649
-0.038040
-0.041992
-0.046640
-0.050993
-0.055701
-0.060193
-0.064687
-0.068988
-0.072962
-0.076732
-0.079914
-0.082885
-0.085115
-0.087158
-0.088423
-0.089563
-0.089987
-0.090367
-0.090153
-0.089975
-0.089346
-0.088812
-0.087965
-0.087245
-0.086328
-0.085547
-0.084658
-0.083898
-0.083092
-0.082397
-0.081698
-0.081090
-0.080502
-0.079986
-0.079502
-0.079073
-0.078679
-0.078329
-0.078011
-0.077729
-0.077472
-0.077249
-0.077040
-0.076866
-0.076694
-0.076562
-0.076417
-0.076320
-0.076194
-0.076128
-0.076013
-0.075974
-0.075865
-0.075852
-0.075742
-0.075755
-0.075638
-0.075677
-0.075547
-0.075615
-0.075465
-0.075568
-0.075389
-0.075532
-0.075314
-0.075507
-0.075239
-0.075493
-0.075160
-0.075489
-0.075073
-0.075499
-0.074976
-0.075523
-0.074862
-0.075564
-0.074729
0.007611
0.000366
0.006476
0.000389
0.005155
0.000023
0.003610
-0.000784
0.001765
-0.002108
-0.000488
-0.004045
-0.003283
-0.006718
-0.006779
-0.010265
-0.011142
-0.014834
-0.016538
-0.020555
-0.023094
-0.027507
-0.030859
-0.035668
-0.039745
-0.044854
-0.049471
-0.054673
-0.059531
-0.064516
-0.069220
-0.073624
-0.077755
-0.081246
-0.084467
-0.086845
-0.088992
-0.090248
-0.091359
-0.091655
-0.091916
-0.091511
-0.091173
-0.090340
-0.089646
-0.088616
-0.087761
-0.086699
-0.085816
-0.084822
-0.083992
-0.083117
-0.082380
-0.081640
-0.081010
-0.080401
-0.079876
-0.079384
-0.078956
-0.078561
-0.078217
-0.077902
-0.077629
-0.077375
-0.077162
-0.076956
-0.076793
-0.076622
-0.076501
-0.076354
-0.076269
-0.076137
-0.076085
-0.075960
-0.075938
-0.075813
-0.075821
-0.075689
-0.075727
-0.075581
-0.075652
-0.075484
-0.075593
-0.075394
-0.075548
-0.075307
-0.075515
-0.075220
-0.075494
-0.075127
-0.075486
-0.075027
-0.075491
-0.074914
-0.075512
-0.074783
-0.075551
-0.074630
-0.075614
-0.074445
0.012799
0.001017
0.010976
0.001537
0.009160
0.001553
0.007264
0.001038
0.005169
-0.000067
0.002728
-0.001859
-0.000236
-0.004471
-0.003922
-0.008067
-0.008549
-0.012829
-0.014338
-0.018934
-0.021477
-0.026509
-0.030068
-0.035566
-0.040048
-0.045922
-0.051112
-0.057118
-0.062646
-0.068399
-0.073757
-0.078784
-0.083425
-0.087294
-0.090784
-0.093248
-0.095398
-0.096474
-0.097367
-0.097298
-0.097203
-0.096343
-0.095596
-0.094298
-0.093203
-0.091749
-0.090537
-0.089115
-0.087935
-0.086652
-0.085584
-0.084484
-0.083563
-0.082653
-0.081883
-0.081148
-0.080519
-0.079932
-0.079427
-0.078963
-0.078563
-0.078196
-0.077883
-0.077591
-0.077350
-0.077114
-0.076932
-0.076736
-0.076604
-0.076435
-0.076347
-0.076194
-0.076143
-0.075997
-0.075982
-0.075834
-0.075854
-0.075696
-0.075753
-0.075574
-0.075672
-0.075465
-0.075610
-0.075361
-0.075562
-0.075259
-0.075529
-0.075154
-0.075509
-0.075041
-0.075504
-0.074917
-0.075515
-0.074776
-0.075545
-0.074610
-0.075600
-0.074414
-0.075684
-0.074176
0.018240
0.001766
0.015734
0.002877
0.013471
0.003378
0.011309
0.003282
0.009090
0.002554
0.006631
0.001107
0.003721
-0.001194
0.000123
-0.004529
-0.004429
-0.009115
-0.010212
-0.015177
-0.017483
-0.022906
-0.026420
-0.032379
-0.037026
-0.043454
-0.049019
-0.055668
-0.061737
-0.068165
-0.074135
-0.079770
-0.084956
-0.089250
-0.093093
-0.095724
-0.097982
-0.098975
-0.099765
-0.099440
-0.099120
-0.097935
-0.096928
-0.095317
-0.093991
-0.092281
-0.090892
-0.089286
-0.087988
-0.086587
-0.085451
-0.084286
-0.083333
-0.082394
-0.081617
-0.080876
-0.080255
-0.079676
-0.079186
-0.078735
-0.078354
-0.078002
-0.077708
-0.077429
-0.077206
-0.076980
-0.076817
-0.076627
-0.076512
-0.076345
-0.076273
-0.076118
-0.076084
-0.075931
-0.075934
-0.075773
-0.075815
-0.075637
-0.075720
-0.075515
-0.075644
-0.075401
-0.075586
-0.075291
-0.075542
-0.075179
-0.075512
-0.075061
-0.075497
-0.074933
-0.075498
-0.074788
-0.075517
-0.074621
-0.075559
-0.074424
-0.075629
-0.074187
-0.075734
-0.073900
0.023570
0.002454
0.020364
0.004100
0.017614
0.005024
0.015129
0.005270
0.012704
0.004819
0.010115
0.003586
0.007111
0.001422
0.003402
-0.001884
-0.001338
-0.006600
-0.007465
-0.013025
-0.015330
-0.021433
-0.025207
-0.031984
-0.037175
-0.044581
-0.050957
-0.058703
-0.065762
-0.073285
-0.080245
-0.086780
-0.092728
-0.097534
-0.101735
-0.104403
-0.106582
-0.107200
-0.107578
-0.106627
-0.105722
-0.103826
-0.102204
-0.099918
-0.098034
-0.095749
-0.093898
-0.091836
-0.090176
-0.088430
-0.087023
-0.085605
-0.084453
-0.083332
-0.082412
-0.081541
-0.080818
-0.080148
-0.079585
-0.079070
-0.078637
-0.078239
-0.077910
-0.077597
-0.077351
-0.077098
-0.076920
-0.076709
-0.076586
-0.076401
-0.076326
-0.076153
-0.076123
-0.075951
-0.075963
-0.075780
-0.075836
-0.075632
-0.075735
-0.075499
-0.075656
-0.075374
-0.075595
-0.075252
-0.075550
-0.075126
-0.075521
-0.074993
-0.075507
-0.074846
-0.075512
-0.074679
-0.075537
-0.074484
-0.075589
-0.074254
-0.075673
-0.073977
-0.075799
-0.073638
0.029134
0.003246
0.025239
0.005527
0.022062
0.006988
0.019355
0.007719
0.016873
0.007727
0.014360
0.006945
0.011529
0.005224
0.008056
0.002334
0.003562
-0.002036
-0.002383
-0.008253
-0.010227
-0.016693
-0.020371
-0.027638
-0.033022
-0.041098
-0.047993
-0.056598
-0.064468
-0.072963
-0.080882
-0.088329
-0.095137
-0.100565
-0.105283
-0.108130
-0.110386
-0.110765
-0.110880
-0.109440
-0.108115
-0.105673
-0.103632
-0.100873
-0.098656
-0.096025
-0.093952
-0.091669
-0.089886
-0.088020
-0.086560
-0.085092
-0.083934
-0.082808
-0.081908
-0.081056
-0.080364
-0.079724
-0.079197
-0.078714
-0.078317
-0.077948
-0.077651
-0.077363
-0.077145
-0.076913
-0.076759
-0.076562
-0.076461
-0.076283
-0.076229
-0.076058
-0.076047
-0.075871
-0.075903
-0.075710
-0.075788
-0.075568
-0.075697
-0.075437
-0.075625
-0.075310
-0.075569
-0.075182
-0.075529
-0.075049
-0.075504
-0.074904
-0.075495
-0.074742
-0.075506
-0.074555
-0.075540
-0.074336
-0.075602
-0.074075
-0.075702
-0.073760
-0.075848
-0.073373
0.034509
0.003962
0.029915
0.006809
0.026274
0.008733
0.023286
0.009858
0.020660
0.010213
0.018099
0.009734
0.015279
0.008258
0.011820
0.005521
0.007271
0.001146
0.001105
-0.005340
-0.007268
-0.014454
-0.018418
-0.026643
-0.032725
-0.042060
-0.050097
-0.060235
-0.069602
-0.079729
-0.089209
-0.098038
-0.106037
-0.112199
-0.117395
-0.120159
-0.122142
-0.121777
-0.121111
-0.118594
-0.116302
-0.112749
-0.109787
-0.106061
-0.103082
-0.099692
-0.097039
-0.094199
-0.091998
-0.089741
-0.087990
-0.086255
-0.084899
-0.083593
-0.082558
-0.081586
-0.080804
-0.080082
-0.079495
-0.078957
-0.078519
-0.078113
-0.077789
-0.077474
-0.077239
-0.076987
-0.076823
-0.076609
-0.076504
-0.076312
-0.076259
-0.076073
-0.076067
-0.075874
-0.075916
-0.075705
-0.075797
-0.075554
-0.075702
-0.075413
-0.075628
-0.075278
-0.075571
-0.075140
-0.075531
-0.074994
-0.075507
-0.074835
-0.075501
-0.074656
-0.075516
-0.074449
-0.075556
-0.074205
-0.075629
-0.073913
-0.075742
-0.073558
-0.075908
-0.073123
0.040077
0.004783
0.034806
0.008299
0.030772
0.010806
0.027618
0.012479
0.025017
0.013384
0.022646
0.013479
0.020152
0.012611
0.017126
0.010498
0.013066
0.006720
0.007359
0.000716
-0.000715
-0.008182
-0.011921
-0.020630
-0.026886
-0.037020
-0.045751
-0.057062
-0.067662
-0.079257
-0.090304
-0.100599
-0.110032
-0.117179
-0.123155
-0.126081
-0.128017
-0.127075
-0.125797
-0.122352
-0.119281
-0.114816
-0.111185
-0.106760
-0.103322
-0.099483
-0.096575
-0.093495
-0.091188
-0.088834
-0.087072
-0.085327
-0.084009
-0.082739
-0.081765
-0.080849
-0.080133
-0.079471
-0.078946
-0.078464
-0.078081
-0.077722
-0.077445
-0.077169
-0.076973
-0.076750
-0.076619
-0.076426
-0.076349
-0.076169
-0.076140
-0.075960
-0.075976
-0.075783
-0.075846
-0.075627
-0.075742
-0.075485
-0.075659
-0.075349
-0.075594
-0.075213
-0.075544
-0.075072
-0.075509
-0.074920
-0.075490
-0.074751
-0.075490
-0.074558
-0.075511
-0.074333
-0.075559
-0.074066
-0.075641
-0.073745
-0.075769
-0.073354
-0.075955
-0.072874
0.045377
0.005512
0.039427
0.009615
0.034965
0.012619
0.031584
0.014739
0.028915
0.016066
0.026601
0.016570
0.024255
0.016091
0.021419
0.014314
0.017520
0.010744
0.011825
0.004684
0.003424
-0.004748
-0.008724
-0.018510
-0.025595
-0.037337
-0.047650
-0.061150
-0.074057
-0.088207
-0.101839
-0.114419
-0.125830
-0.134109
-0.140723
-0.143277
-0.144483
-0.142060
-0.139291
-0.133971
-0.129289
-0.123093
-0.118096
-0.112314
-0.107867
-0.103066
-0.099469
-0.095750
-0.092997
-0.090236
-0.088193
-0.086195
-0.084704
-0.083278
-0.082197
-0.081185
-0.080403
-0.079682
-0.079116
-0.078596
-0.078187
-0.077804
-0.077511
-0.077218
-0.077014
-0.076778
-0.076642
-0.076439
-0.076362
-0.076172
-0.076146
-0.075955
-0.075978
-0.075772
-0.075845
-0.075611
-0.075740
-0.075463
-0.075656
-0.075321
-0.075590
-0.075178
-0.075541
-0.075028
-0.075507
-0.074866
-0.075490
-0.074684
-0.075492
-0.074476
-0.075517
-0.074232
-0.075572
-0.073942
-0.075664
-0.073592
-0.075805
-0.073166
-0.076010
-0.072640
0.050810
0.006341
0.044213
0.011130
0.039403
0.014751
0.035922
0.017476
0.033370
0.019442
0.031373
0.020654
0.029532
0.020973
0.027373
0.020087
0.024289
0.017466
0.019467
0.012317
0.011838
0.003561
0.000083
-0.010092
-0.017207
-0.029849
-0.041023
-0.056133
-0.070934
-0.087403
-0.103726
-0.118863
-0.132840
-0.142830
-0.150676
-0.153273
-0.154027
-0.150268
-0.146115
-0.139016
-0.132897
-0.125193
-0.119154
-0.112378
-0.107342
-0.102010
-0.098168
-0.094236
-0.091446
-0.088657
-0.086683
-0.084749
-0.083370
-0.082044
-0.081082
-0.080175
-0.079503
-0.078878
-0.078406
-0.077969
-0.077637
-0.077321
-0.077090
-0.076849
-0.076694
-0.076497
-0.076401
-0.076226
-0.076180
-0.076009
-0.076010
-0.075829
-0.075876
-0.075672
-0.075768
-0.075529
-0.075681
-0.075392
-0.075610
-0.075256
-0.075554
-0.075115
-0.075512
-0.074963
-0.075484
-0.074795
-0.075473
-0.074605
-0.075480
-0.074385
-0.075512
-0.074125
-0.075574
-0.073814
-0.075676
-0.073438
-0.075830
-0.072978
-0.076053
-0.072411
0.055894
0.007063
0.048655
0.012446
0.043469
0.016586
0.039823
0.019802
0.037289
0.022265
0.035467
0.024003
0.033938
0.024885
0.032199
0.024580
0.029583
0.022493
0.025161
0.017683
0.017635
0.008782
0.005282
-0.005994
-0.013941
-0.028559
-0.041831
-0.060087
-0.078515
-0.099177
-0.120050
-0.139328
-0.156850
-0.168753
-0.177439
-0.178943
-0.177866
-0.171089
-0.164011
-0.153597
-0.144777
-0.134395
-0.126382
-0.117772
-0.111473
-0.105006
-0.100423
-0.095835
-0.092635
-0.089483
-0.087292
-0.085164
-0.083673
-0.082245
-0.081227
-0.080267
-0.079566
-0.078915
-0.078429
-0.077978
-0.077640
-0.077316
-0.077083
-0.076837
-0.076682
-0.076481
-0.076387
-0.076207
-0.076166
-0.075989
-0.075996
-0.075807
-0.075862
-0.075649
-0.075756
-0.075504
-0.075670
-0.075364
-0.075601
-0.075224
-0.075546
-0.075078
-0.075505
-0.074919
-0.075479
-0.074743
-0.075470
-0.074542
-0.075480
-0.074308
-0.075516
-0.074032
-0.075584
-0.073700
-0.075695
-0.073299
-0.075862
-0.072806
-0.076102
-0.072198
0.061032
0.007873
0.053194
0.013938
0.047715
0.018709
0.044038
0.022569
0.041711
0.025747
0.040334
0.028320
0.039498
0.030204
0.038715
0.031101
0.037320
0.030420
0.034342
0.027150
0.028339
0.019712
0.017238
0.005858
-0.001681
-0.017165
-0.031309
-0.051722
-0.073039
-0.097500
-0.123275
-0.147447
-0.170002
-0.185224
-0.195952
-0.197026
-0.194260
-0.184327
-0.174108
-0.160236
-0.148788
-0.135965
-0.126413
-0.116496
-0.109544
-0.102560
-0.097847
-0.093175
-0.090094
-0.087057
-0.085073
-0.083127
-0.081853
-0.080612
-0.079787
-0.078994
-0.078453
-0.077939
-0.077581
-0.077238
-0.076999
-0.076760
-0.076603
-0.076421
-0.076324
-0.076170
-0.076122
-0.075975
-0.075969
-0.075814
-0.075850
-0.075674
-0.075754
-0.075545
-0.075674
-0.075420
-0.075608
-0.075294
-0.075554
-0.075161
-0.075510
-0.075018
-0.075477
-0.074859
-0.075457
-0.074679
-0.075453
-0.074471
-0.075469
-0.074227
-0.075511
-0.073936
-0.075586
-0.073586
-0.075706
-0.073161
-0.075884
-0.072639
-0.076141
-0.071993
0.065740
0.008564
0.057320
0.015206
0.051523
0.020499
0.047749
0.024878
0.045524
0.028614
0.044440
0.031825
0.044091
0.034457
0.043991
0.036229
0.043459
0.036528
0.041451
0.034228
0.036313
0.027439
0.025478
0.013226
0.005217
-0.012455
-0.029089
-0.053913
-0.080951
-0.112574
-0.146994
-0.179571
-0.209101
-0.227930
-0.239737
-0.237832
-0.230406
-0.214013
-0.197869
-0.178011
-0.162046
-0.145173
-0.132905
-0.120685
-0.112326
-0.104178
-0.098822
-0.093617
-0.090281
-0.087025
-0.084963
-0.082943
-0.081662
-0.080408
-0.079600
-0.078815
-0.078296
-0.077796
-0.077456
-0.077127
-0.076903
-0.076674
-0.076529
-0.076354
-0.076267
-0.076116
-0.076076
-0.075931
-0.075933
-0.075776
-0.075820
-0.075641
-0.075729
-0.075514
-0.075654
-0.075390
-0.075592
-0.075263
-0.075539
-0.075129
-0.075498
-0.074982
-0.075467
-0.074818
-0.075450
-0.074631
-0.075448
-0.074414
-0.075467
-0.074158
-0.075513
-0.073853
-0.075594
-0.073485
-0.075722
-0.073037
-0.075911
-0.072487
-0.076183
-0.071805
0.070408
0.009321
0.061455
0.016612
0.055426
0.022523
0.051682
0.027558
0.049740
0.032052
0.049208
0.036195
0.049721
0.040010
0.050852
0.043301
0.051988
0.045533
0.052137
0.045607
0.049601
0.041509
0.041510
0.029798
0.023248
0.005155
-0.011777
-0.039218
-0.070448
-0.108376
-0.152360
-0.195440
-0.236047
-0.262165
-0.277541
-0.273427
-0.260427
-0.236199
-0.212803
-0.186110
-0.165459
-0.144829
-0.130539
-0.116871
-0.108039
-0.099632
-0.094471
-0.089486
-0.086550
-0.083648
-0.081993
-0.080319
-0.079384
-0.078421
-0.077888
-0.077333
-0.077023
-0.076699
-0.076516
-0.076319
-0.076211
-0.076080
-0.076021
-0.075917
-0.075894
-0.075795
-0.075803
-0.075694
-0.075732
-0.075600
-0.075673
-0.075508
-0.075621
-0.075412
-0.075574
-0.075309
-0.075531
-0.075197
-0.075494
-0.075071
-0.075463
-0.074928
-0.075441
-0.074764
-0.075429
-0.074574
-0.075433
-0.074352
-0.075457
-0.074087
-0.075508
-0.073770
-0.075595
-0.073386
-0.075731
-0.072918
-0.075931
-0.072342
-0.076217
-0.071628
0.074574
0.009951
0.065116
0.017777
0.058834
0.024187
0.055054
0.029738
0.053282
0.034822
0.053140
0.039681
0.054291
0.044404
0.056359
0.048867
0.058791
0.052598
0.060633
0.054511
0.060117
0.052405
0.053966
0.042131
0.036307
0.016443
-0.002547
-0.035638
-0.075524
-0.125839
-0.187992
-0.250674
-0.306527
-0.340308
-0.357141
-0.344727
-0.319089
-0.279996
-0.244057
-0.206320
-0.178254
-0.151819
-0.134180
-0.118053
-0.108042
-0.098805
-0.093394
-0.088244
-0.085381
-0.082538
-0.081031
-0.079466
-0.078668
-0.077806
-0.077378
-0.076902
-0.076667
-0.076399
-0.076268
-0.076110
-0.076037
-0.075932
-0.075897
-0.075810
-0.075804
-0.075716
-0.075737
-0.075633
-0.075682
-0.075552
-0.075634
-0.075468
-0.075591
-0.075378
-0.075550
-0.075278
-0.075512
-0.075166
-0.075478
-0.075039
-0.075450
-0.074895
-0.075430
-0.074727
-0.075421
-0.074532
-0.075427
-0.074302
-0.075454
-0.074028
-0.075509
-0.073699
-0.075601
-0.073300
-0.075743
-0.072813
-0.075953
-0.072214
-0.076252
-0.071469
0.078590
0.010620
0.068685
0.019028
0.062231
0.026007
0.058527
0.032181
0.057081
0.038015
0.057550
0.043838
0.059666
0.049851
0.063166
0.056075
0.067660
0.062232
0.072401
0.067454
0.075829
0.069701
0.074692
0.064614
0.062414
0.043543
0.026522
-0.008834
-0.053610
-0.113936
-0.196621
-0.285329
-0.368959
-0.420838
-0.444140
-0.422669
-0.378507
-0.318534
-0.265452
-0.214100
-0.178196
-0.146657
-0.127049
-0.109989
-0.100251
-0.091485
-0.086907
-0.082509
-0.080459
-0.078295
-0.077435
-0.076399
-0.076080
-0.075608
-0.075524
-0.075329
-0.075338
-0.075272
-0.075314
-0.075300
-0.075351
-0.075348
-0.075402
-0.075389
-0.075447
-0.075410
-0.075478
-0.075410
-0.075494
-0.075388
-0.075497
-0.075346
-0.075490
-0.075285
-0.075476
-0.075205
-0.075457
-0.075107
-0.075437
-0.074988
-0.075419
-0.074848
-0.075406
-0.074682
-0.075403
-0.074485
-0.075414
-0.074250
-0.075445
-0.073969
-0.075505
-0.073630
-0.075602
-0.073219
-0.075751
-0.072715
-0.075969
-0.072095
-0.076280
-0.071323
0.082046
0.011156
0.071730
0.020026
0.065088
0.027447
0.061394
0.034099
0.060157
0.040501
0.061061
0.047054
0.063898
0.054053
0.068505
0.061656
0.074650
0.069774
0.081810
0.077782
0.088679
0.083858
0.092101
0.083464
0.084718
0.066105
0.050126
0.009415
-0.045865
-0.126796
-0.253913
-0.395808
-0.514872
-0.583401
-0.609440
-0.563901
-0.482707
-0.385756
-0.305109
-0.233109
-0.185675
-0.146870
-0.124198
-0.105587
-0.095750
-0.087179
-0.083187
-0.079306
-0.077832
-0.076117
-0.075684
-0.074969
-0.074937
-0.074680
-0.074781
-0.074726
-0.074853
-0.074877
-0.074994
-0.075037
-0.075136
-0.075170
-0.075254
-0.075264
-0.075343
-0.075321
-0.075404
-0.075344
-0.075440
-0.075338
-0.075457
-0.075306
-0.075459
-0.075251
-0.075451
-0.075175
-0.075438
-0.075079
-0.075421
-0.074961
-0.075406
-0.074819
-0.075396
-0.074651
-0.075395
-0.074450
-0.075409
-0.074210
-0.075442
-0.073922
-0.075505
-0.073573
-0.075606
-0.073150
-0.075761
-0.072631
-0.075986
-0.071991
-0.076307
-0.071196
0.085240
0.011700
0.074574
0.021050
0.067817
0.028949
0.064219
0.036139
0.063303
0.043212
0.064798
0.050661
0.068587
0.058912
0.074661
0.068325
0.083041
0.079120
0.093606
0.091155
0.105658
0.103294
0.116834
0.111766
0.120333
0.105946
0.098012
0.058415
0.003202
-0.092042
-0.270059
-0.482021
-0.669465
-0.777920
-0.812740
-0.736504
-0.599597
-0.449536
-0.331211
-0.233857
-0.175601
-0.132110
-0.109295
-0.091748
-0.083819
-0.077046
-0.074807
-0.072369
-0.072156
-0.071443
-0.071858
-0.071811
-0.072340
-0.072527
-0.073000
-0.073242
-0.073618
-0.073843
-0.074129
-0.074311
-0.074526
-0.074655
-0.074821
-0.074898
-0.075034
-0.075058
-0.075182
-0.075154
-0.075280
-0.075199
-0.075341
-0.075203
-0.075375
-0.075174
-0.075390
-0.075116
-0.075392
-0.075031
-0.075388
-0.074920
-0.075381
-0.074782
-0.075377
-0.074615
-0.075381
-0.074413
-0.075398
-0.074169
-0.075435
-0.073876
-0.075501
-0.073521
-0.075607
-0.073087
-0.075766
-0.072556
-0.075999
-0.071900
-0.076329
-0.071084
0.087834
0.012111
0.076866
0.021819
0.069981
0.030069
0.066417
0.037649
0.065704
0.045204
0.067605
0.053298
0.072077
0.062468
0.079247
0.073251
0.089373
0.086168
0.102750
0.101595
0.119395
0.119269
0.138085
0.136704
0.153385
0.144144
0.146385
0.108430
0.052795
-0.075898
-0.374808
-0.712179
-0.929526
-1.029499
-1.064024
-0.942512
-0.734518
-0.525072
-0.366476
-0.238131
-0.166122
-0.117674
-0.095275
-0.079595
-0.074022
-0.069280
-0.068793
-0.067694
-0.068565
-0.068655
-0.069711
-0.070137
-0.071042
-0.071507
-0.072203
-0.072610
-0.073119
-0.073444
-0.073811
-0.074053
-0.074318
-0.074485
-0.074682
-0.074782
-0.074939
-0.074977
-0.075115
-0.075096
-0.075232
-0.075155
-0.075305
-0.075169
-0.075348
-0.075146
-0.075369
-0.075092
-0.075376
-0.075009
-0.075375
-0.074899
-0.075371
-0.074761
-0.075369
-0.074591
-0.075374
-0.074387
-0.075393
-0.074140
-0.075432
-0.073841
-0.075501
-0.073479
-0.075609
-0.073037
-0.075773
-0.072495
-0.076011
-0.071825
-0.076349
-0.070991
0.090056
0.012496
0.078849
0.022546
0.071895
0.031143
0.068418
0.039123
0.067964
0.047188
0.070340
0.055984
0.075592
0.066171
0.084002
0.078492
0.096117
0.093827
0.112748
0.113203
0.134879
0.137577
0.163083
0.166741
0.195133
0.194789
0.216630
0.191519
0.160764
0.023047
-0.323956
-0.651749
-0.825612
-0.898695
-0.986088
-0.919587
-0.701173
-0.488206
-0.341379
-0.208791
-0.136073
-0.090053
-0.072049
-0.061085
-0.059530
-0.058059
-0.060080
-0.060903
-0.063240
-0.064444
-0.066365
-0.067453
-0.068882
-0.069752
-0.070773
-0.071437
-0.072155
-0.072646
-0.073149
-0.073502
-0.073858
-0.074100
-0.074359
-0.074510
-0.074710
-0.074784
-0.074952
-0.074957
-0.075115
-0.075055
-0.075221
-0.075095
-0.075287
-0.075091
-0.075325
-0.075049
-0.075343
-0.074975
-0.075351
-0.074870
-0.075352
-0.074735
-0.075355
-0.074567
-0.075364
-0.074361
-0.075386
-0.074112
-0.075427
-0.073810
-0.075498
-0.073443
-0.075610
-0.072995
-0.075777
-0.072444
-0.076019
-0.071763
-0.076363
-0.070915
0.091666
0.012755
0.080273
0.023032
0.073247
0.031856
0.069803
0.040092
0.069496
0.048483
0.072164
0.057728
0.077915
0.068580
0.087152
0.081939
0.100655
0.098988
0.119700
0.121359
0.146244
0.151306
0.182996
0.191559
0.232631
0.243215
0.292255
0.292725
0.321376
0.233105
-0.070126
-0.383319
-0.621362
-0.669010
-0.720711
-0.692705
-0.528848
-0.368499
-0.268335
-0.161283
-0.100417
-0.063437
-0.051795
-0.046154
-0.048494
-0.049990
-0.054150
-0.056533
-0.060005
-0.062027
-0.064553
-0.066078
-0.067838
-0.068949
-0.070155
-0.070955
-0.071778
-0.072349
-0.072914
-0.073314
-0.073707
-0.073977
-0.074260
-0.074428
-0.074643
-0.074727
-0.074905
-0.074917
-0.075082
-0.075025
-0.075197
-0.075072
-0.075269
-0.075072
-0.075311
-0.075033
-0.075333
-0.074961
-0.075342
-0.074857
-0.075346
-0.074721
-0.075350
-0.074552
-0.075360
-0.074345
-0.075383
-0.074094
-0.075426
-0.073789
-0.075498
-0.073417
-0.075611
-0.072964
-0.075781
-0.072406
-0.076027
-0.071717
-0.076375
-0.070859
0.092806
0.012954
0.081292
0.023411
0.074234
0.032417
0.070842
0.040867
0.070680
0.049534
0.073615
0.059168
0.079808
0.070595
0.089768
0.084851
0.104471
0.103368
0.125590
0.128273
0.155914
0.162872
0.200032
0.212291
0.265090
0.283476
0.359173
0.378121
0.468633
0.418579
0.049764
-0.331087
-0.612558
-0.625361
-0.592837
-0.517527
-0.385795
-0.257548
-0.186809
-0.111869
-0.064015
-0.038621
-0.033190
-0.032738
-0.038401
-0.042523
-0.048496
-0.052259
-0.056722
-0.059491
-0.062572
-0.064517
-0.066597
-0.067954
-0.069353
-0.070303
-0.071246
-0.071911
-0.072554
-0.073015
-0.073459
-0.073771
-0.074087
-0.074284
-0.074522
-0.074625
-0.074819
-0.074843
-0.075021
-0.074972
-0.075153
-0.075034
-0.075237
-0.075044
-0.075288
-0.075011
-0.075316
-0.074943
-0.075329
-0.074842
-0.075336
-0.074708
-0.075343
-0.074540
-0.075355
-0.074332
-0.075379
-0.074080
-0.075423
-0.073773
-0.075497
-0.073399
-0.075611
-0.072942
-0.075783
-0.072381
-0.076031
-0.071686
-0.076383
-0.070821
0.093352
0.013043
0.081776
0.023577
0.074694
0.032661
0.071315
0.041201
0.071208
0.049984
0.074249
0.059780
0.080626
0.071451
0.090897
0.086097
0.106137
0.105279
0.128231
0.131398
0.160452
0.168379
0.208555
0.222862
0.282644
0.305720
0.398280
0.429128
0.559043
0.524152
0.103148
-0.260952
-0.498458
-0.521320
-0.512770
-0.458589
-0.342194
-0.207841
-0.143336
-0.083448
-0.043591
-0.025016
-0.023574
-0.026064
-0.033615
-0.039116
-0.046031
-0.050474
-0.055418
-0.058531
-0.061861
-0.063984
-0.066196
-0.067648
-0.069120
-0.070122
-0.071106
-0.071801
-0.072467
-0.072946
-0.073404
-0.073726
-0.074051
-0.074254
-0.074497
-0.074605
-0.074803
-0.074829
-0.075009
-0.074962
-0.075145
-0.075026
-0.075231
-0.075037
-0.075283
-0.075006
-0.075312
-0.074938
-0.075326
-0.074837
-0.075334
-0.074703
-0.075341
-0.074535
-0.075353
-0.074327
-0.075378
-0.074074
-0.075422
-0.073766
-0.075496
-0.073391
-0.075612
-0.072932
-0.075784
-0.072368
-0.076034
-0.071670
-0.076387
-0.070802
0.093352
0.013043
0.081776
0.023577
0.074694
0.032661
0.071315
0.041201
0.071208
0.049984
0.074249
0.059780
0.080626
0.071451
0.090897
0.086097
0.106137
0.105279
0.128231
0.131398
0.160452
0.168379
0.208555
0.222862
0.282644
0.305720
0.398280
0.429128
0.559043
0.524152
0.103148
-0.260952
-0.498458
-0.521320
-0.512770
-0.458589
-0.342194
-0.207841
-0.143336
-0.083448
-0.043591
-0.025016
-0.023574
-0.026064
-0.033615
-0.039116
-0.046031
-0.050474
-0.055418
-0.058531
-0.061861
-0.063984
-0.066196
-0.067648
-0.069120
-0.070122
-0.071106
-0.071801
-0.072467
-0.072946
-0.073404
-0.073726
-0.074051
-0.074254
-0.074497
-0.074605
-0.074803
-0.074829
-0.075009
-0.074962
-0.075145
-0.075026
-0.075231
-0.075037
-0.075283
-0.075006
-0.075312
-0.074938
-0.075326
-0.074837
-0.075334
-0.074703
-0.075341
-0.074535
-0.075353
-0.074327
-0.075378
-0.074074
-0.075422
-0.073766
-0.075496
-0.073391
-0.075612
-0.072932
-0.075784
-0.072368
-0.076034
-0.071670
-0.076387
-0.070802
0.092806
0.012954
0.081292
0.023411
0.074234
0.032417
0.070842
0.040867
0.070680
0.049534
0.073615
0.059168
0.079808
0.070595
0.089768
0.084851
0.104471
0.103368
0.125590
0.128273
0.155914
0.162872
0.200032
0.212291
0.265090
0.283476
0.359173
0.378121
0.468633
0.418579
0.049764
-0.331087
-0.612558
-0.625361
-0.592837
-0.517527
-0.385795
-0.257548
-0.186809
-0.111869
-0.064015
-0.038621
-0.033190
-0.032738
-0.038401
-0.042523
-0.048496
-0.052259
-0.056722
-0.059491
-0.062572
-0.064517
-0.066597
-0.067954
-0.069353
-0.070303
-0.071246
-0.071911
-0.072554
-0.073015
-0.073459
-0.073771
-0.074087
-0.074284
-0.074522
-0.074625
-0.074819
-0.074843
-0.075021
-0.074972
-0.075153
-0.075034
-0.075237
-0.075044
-0.075288
-0.075011
-0.075316
-0.074943
-0.075329
-0.074842
-0.075336
-0.074708
-0.075343
-0.074540
-0.075355
-0.074332
-0.075379
-0.074080
-0.075423
-0.073773
-0.075497
-0.073399
-0.075611
-0.072942
-0.075783
-0.072381
-0.076031
-0.071686
-0.076383
-0.070821
0.091666
0.012755
0.080273
0.023032
0.073247
0.031856
0.069803
0.040092
0.069496
0.048483
0.072164
0.057728
0.077915
0.068580
0.087152
0.081939
0.100655
0.098988
0.119700
0.121359
0.146244
0.151306
0.182996
0.191559
0.232631
0.243215
0.292255
0.292725
0.321376
0.233105
-0.070126
-0.383319
-0.621362
-0.669010
-0.720711
-0.692705
-0.528848
-0.368499
-0.268335
-0.161283
-0.100417
-0.063437
-0.051795
-0.046154
-0.048494
-0.049990
-0.054150
-0.056533
-0.060005
-0.062027
-0.064553
-0.066078
-0.067838
-0.068949
-0.070155
-0.070955
-0.071778
-0.072349
-0.072914
-0.073314
-0.073707
-0.073977
-0.074260
-0.074428
-0.074643
-0.074727
-0.074905
-0.074917
-0.075082
-0.075025
-0.075197
-0.075072
-0.075269
-0.075072
-0.075311
-0.075033
-0.075333
-0.074961
-0.075342
-0.074857
-0.075346
-0.074721
-0.075350
-0.074552
-0.075360
-0.074345
-0.075383
-0.074094
-0.075426
-0.073789
-0.075498
-0.073417
-0.075611
-0.072964
-0.075781
-0.072406
-0.076027
-0.071717
-0.076375
-0.070859
0.090056
0.012496
0.078849
0.022546
0.071895
0.031143
0.068418
0.039123
0.067964
0.047188
0.070340
0.055984
0.075592
0.066171
0.084002
0.078492
0.096117
0.093827
0.112748
0.113203
0.134879
0.137577
0.163083
0.166741
0.195133
0.194789
0.216630
0.191519
0.160764
0.023047
-0.323956
-0.651749
-0.825612
-0.898695
-0.986088
-0.919587
-0.701173
-0.488206
-0.341379
-0.208791
-0.136073
-0.090053
-0.072049
-0.061085
-0.059530
-0.058059
-0.060080
-0.060903
-0.063240
-0.064444
-0.066365
-0.067453
-0.068882
-0.069752
-0.070773
-0.071437
-0.072155
-0.072646
-0.073149
-0.073502
-0.073858
-0.074100
-0.074359
-0.074510
-0.074710
-0.074784
-0.074952
-0.074957
-0.075115
-0.075055
-0.075221
-0.075095
-0.075287
-0.075091
-0.075325
-0.075049
-0.075343
-0.074975
-0.075351
-0.074870
-0.075352
-0.074735
-0.075355
-0.074567
-0.075364
-0.074361
-0.075386
-0.074112
-0.075427
-0.073810
-0.075498
-0.073443
-0.075610
-0.072995
-0.075777
-0.072444
-0.076019
-0.071763
-0.076363
-0.070915
0.087834
0.012111
0.076866
0.021819
0.069981
0.030069
0.066417
0.037649
0.065704
0.045204
0.067605
0.053298
0.072077
0.062468
0.079247
0.073251
0.089373
0.086168
0.102750
0.101595
0.119395
0.119269
0.138085
0.136704
0.153385
0.144144
0.146385
0.108430
0.052795
-0.075898
-0.374808
-0.712179
-0.929526
-1.029499
-1.064024
-0.942512
-0.734518
-0.525072
-0.366476
-0.238131
-0.166122
-0.117674
-0.095275
-0.079595
-0.074022
-0.069280
-0.068793
-0.067694
-0.068565
-0.068655
-0.069711
-0.070137
-0.071042
-0.071507
-0.072203
-0.072610
-0.073119
-0.073444
-0.073811
-0.074053
-0.074318
-0.074485
-0.074682
-0.074782
-0.074939
-0.074977
-0.075115
-0.075096
-0.075232
-0.075155
-0.075305
-0.075169
-0.075348
-0.075146
-0.075369
-0.075092
-0.075376
-0.075009
-0.075375
-0.074899
-0.075371
-0.074761
-0.075369
-0.074591
-0.075374
-0.074387
-0.075393
-0.074140
-0.075432
-0.073841
-0.075501
-0.073479
-0.075609
-0.073037
-0.075773
-0.072495
-0.076011
-0.071825
-0.076349
-0.070991
0.085240
0.011700
0.074574
0.021050
0.067817
0.028949
0.064219
0.036139
0.063303
0.043212
0.064798
0.050661
0.068587
0.058912
0.074661
0.068325
0.083041
0.079120
0.093606
0.091155
0.105658
0.103294
0.116834
0.111766
0.120333
0.105946
0.098012
0.058415
0.003202
-0.092042
-0.270059
-0.482021
-0.669465
-0.777920
-0.812740
-0.736504
-0.599597
-0.449536
-0.331211
-0.233857
-0.175601
-0.132110
-0.109295
-0.091748
-0.083819
-0.077046
-0.074807
-0.072369
-0.072156
-0.071443
-0.071858
-0.071811
-0.072340
-0.072527
-0.073000
-0.073242
-0.073618
-0.073843
-0.074129
-0.074311
-0.074526
-0.074655
-0.074821
-0.074898
-0.075034
-0.075058
-0.075182
-0.075154
-0.075280
-0.075199
-0.075341
-0.075203
-0.075375
-0.075174
-0.075390
-0.075116
-0.075392
-0.075031
-0.075388
-0.074920
-0.075381
-0.074782
-0.075377
-0.074615
-0.075381
-0.074413
-0.075398
-0.074169
-0.075435
-0.073876
-0.075501
-0.073521
-0.075607
-0.073087
-0.075766
-0.072556
-0.075999
-0.071900
-0.076329
-0.071084
0.082046
0.011156
0.071730
0.020026
0.065088
0.027447
0.061394
0.034099
0.060157
0.040501
0.061061
0.047054
0.063898
0.054053
0.068505
0.061656
0.074650
0.069774
0.081810
0.077782
0.088679
0.083858
0.092101
0.083464
0.084718
0.066105
0.050126
0.009415
-0.045865
-0.126796
-0.253913
-0.395808
-0.514872
-0.583401
-0.609440
-0.563901
-0.482707
-0.385756
-0.305109
-0.233109
-0.185675
-0.146870
-0.124198
-0.105587
-0.095750
-0.087179
-0.083187
-0.079306
-0.077832
-0.076117
-0.075684
-0.074969
-0.074937
-0.074680
-0.074781
-0.074726
-0.074853
-0.074877
-0.074994
-0.075037
-0.075136
-0.075170
-0.075254
-0.075264
-0.075343
-0.075321
-0.075404
-0.075344
-0.075440
-0.075338
-0.075457
-0.075306
-0.075459
-0.075251
-0.075451
-0.075175
-0.075438
-0.075079
-0.075421
-0.074961
-0.075406
-0.074819
-0.075396
-0.074651
-0.075395
-0.074450
-0.075409
-0.074210
-0.075442
-0.073922
-0.075505
-0.073573
-0.075606
-0.073150
-0.075761
-0.072631
-0.075986
-0.071991
-0.076307
-0.071196
0.078590
0.010620
0.068685
0.019028
0.062231
0.026007
0.058527
0.032181
0.057081
0.038015
0.057550
0.043838
0.059666
0.049851
0.063166
0.056075
0.067660
0.062232
0.072401
0.067454
0.075829
0.069701
0.074692
0.064614
0.062414
0.043543
0.026522
-0.008834
-0.053610
-0.113936
-0.196621
-0.285329
-0.368959
-0.420838
-0.444140
-0.422669
-0.378507
-0.318534
-0.265452
-0.214100
-0.178196
-0.146657
-0.127049
-0.109989
-0.100251
-0.091485
-0.086907
-0.082509
-0.080459
-0.078295
-0.077435
-0.076399
-0.076080
-0.075608
-0.075524
-0.075329
-0.075338
-0.075272
-0.075314
-0.075300
-0.075351
-0.075348
-0.075402
-0.075389
-0.075447
-0.075410
-0.075478
-0.075410
-0.075494
-0.075388
-0.075497
-0.075346
-0.075490
-0.075285
-0.075476
-0.075205
-0.075457
-0.075107
-0.075437
-0.074988
-0.075419
-0.074848
-0.075406
-0.074682
-0.075403
-0.074485
-0.075414
-0.074250
-0.075445
-0.073969
-0.075505
-0.073630
-0.075602
-0.073219
-0.075751
-0.072715
-0.075969
-0.072095
-0.076280
-0.071323
0.074574
0.009951
0.065116
0.017777
0.058834
0.024187
0.055054
0.029738
0.053282
0.034822
0.053140
0.039681
0.054291
0.044404
0.056359
0.048867
0.058791
0.052598
0.060633
0.054511
0.060117
0.052405
0.053966
0.042131
0.036307
0.016443
-0.002547
-0.035638
-0.075524
-0.125839
-0.187992
-0.250674
-0.306527
-0.340308
-0.357141
-0.344727
-0.319089
-0.279996
-0.244057
-0.206320
-0.178254
-0.151819
-0.134180
-0.118053
-0.108042
-0.098805
-0.093394
-0.088244
-0.085381
-0.082538
-0.081031
-0.079466
-0.078668
-0.077806
-0.077378
-0.076902
-0.076667
-0.076399
-0.076268
-0.076110
-0.076037
-0.075932
-0.075897
-0.075810
-0.075804
-0.075716
-0.075737
-0.075633
-0.075682
-0.075552
-0.075634
-0.075468
-0.075591
-0.075378
-0.075550
-0.075278
-0.075512
-0.075166
-0.075478
-0.075039
-0.075450
-0.074895
-0.075430
-0.074727
-0.075421
-0.074532
-0.075427
-0.074302
-0.075454
-0.074028
-0.075509
-0.073699
-0.075601
-0.073300
-0.075743
-0.072813
-0.075953
-0.072214
-0.076252
-0.071469
0.070408
0.009321
0.061455
0.016612
0.055426
0.022523
0.051682
0.027558
0.049740
0.032052
0.049208
0.036195
0.049721
0.040010
0.050852
0.043301
0.051988
0.045533
0.052137
0.045607
0.049601
0.041509
0.041510
0.029798
0.023248
0.005155
-0.011777
-0.039218
-0.070448
-0.108376
-0.152360
-0.195440
-0.236047
-0.262165
-0.277541
-0.273427
-0.260427
-0.236199
-0.212803
-0.186110
-0.165459
-0.144829
-0.130539
-0.116871
-0.108039
-0.099632
-0.094471
-0.089486
-0.086550
-0.083648
-0.081993
-0.080319
-0.079384
-0.078421
-0.077888
-0.077333
-0.077023
-0.076699
-0.076516
-0.076319
-0.076211
-0.076080
-0.076021
-0.075917
-0.075894
-0.075795
-0.075803
-0.075694
-0.075732
-0.075600
-0.075673
-0.075508
-0.075621
-0.075412
-0.075574
-0.075309
-0.075531
-0.075197
-0.075494
-0.075071
-0.075463
-0.074928
-0.075441
-0.074764
-0.075429
-0.074574
-0.075433
-0.074352
-0.075457
-0.074087
-0.075508
-0.073770
-0.075595
-0.073386
-0.075731
-0.072918
-0.075931
-0.072342
-0.076217
-0.071628
0.065740
0.008564
0.057320
0.015206
0.051523
0.020499
0.047749
0.024878
0.045524
0.028614
0.044440
0.031825
0.044091
0.034457
0.043991
0.036229
0.043459
0.036528
0.041451
0.034228
0.036313
0.027439
0.025478
0.013226
0.005217
-0.012455
-0.029089
-0.053913
-0.080951
-0.112574
-0.146994
-0.179571
-0.209101
-0.227930
-0.239737
-0.237832
-0.230406
-0.214013
-0.197869
-0.178011
-0.162046
-0.145173
-0.132905
-0.120685
-0.112326
-0.104178
-0.098822
-0.093617
-0.090281
-0.087025
-0.084963
-0.082943
-0.081662
-0.080408
-0.079600
-0.078815
-0.078296
-0.077796
-0.077456
-0.077127
-0.076903
-0.076674
-0.076529
-0.076354
-0.076267
-0.076116
-0.076076
-0.075931
-0.075933
-0.075776
-0.075820
-0.075641
-0.075729
-0.075514
-0.075654
-0.075390
-0.075592
-0.075263
-0.075539
-0.075129
-0.075498
-0.074982
-0.075467
-0.074818
-0.075450
-0.074631
-0.075448
-0.074414
-0.075467
-0.074158
-0.075513
-0.073853
-0.075594
-0.073485
-0.075722
-0.073037
-0.075911
-0.072487
-0.076183
-0.071805
0.061032
0.007873
0.053194
0.013938
0.047715
0.018709
0.044038
0.022569
0.041711
0.025747
0.040334
0.028320
0.039498
0.030204
0.038715
0.031101
0.037320
0.030420
0.034342
0.027150
0.028339
0.019712
0.017238
0.005858
-0.001681
-0.017165
-0.031309
-0.051722
-0.073039
-0.097500
-0.123275
-0.147447
-0.170002
-0.185224
-0.195952
-0.197026
-0.194260
-0.184327
-0.174108
-0.160236
-0.148788
-0.135965
-0.126413
-0.116496
-0.109544
-0.102560
-0.097847
-0.093175
-0.090094
-0.087057
-0.085073
-0.083127
-0.081853
-0.080612
-0.079787
-0.078994
-0.078453
-0.077939
-0.077581
-0.077238
-0.076999
-0.076760
-0.076603
-0.076421
-0.076324
-0.076170
-0.076122
-0.075975
-0.075969
-0.075814
-0.075850
-0.075674
-0.075754
-0.075545
-0.075674
-0.075420
-0.075608
-0.075294
-0.075554
-0.075161
-0.075510
-0.075018
-0.075477
-0.074859
-0.075457
-0.074679
-0.075453
-0.074471
-0.075469
-0.074227
-0.075511
-0.073936
-0.075586
-0.073586
-0.075706
-0.073161
-0.075884
-0.072639
-0.076141
-0.071993
0.055894
0.007063
0.048655
0.012446
0.043469
0.016586
0.039823
0.019802
0.037289
0.022265
0.035467
0.024003
0.033938
0.024885
0.032199
0.024580
0.029583
0.022493
0.025161
0.017683
0.017635
0.008782
0.005282
-0.005994
-0.013941
-0.028559
-0.041831
-0.060087
-0.078515
-0.099177
-0.120050
-0.139328
-0.156850
-0.168753
-0.177439
-0.178943
-0.177866
-0.171089
-0.164011
-0.153597
-0.144777
-0.134395
-0.126382
-0.117772
-0.111473
-0.105006
-0.100423
-0.095835
-0.092635
-0.089483
-0.087292
-0.085164
-0.083673
-0.082245
-0.081227
-0.080267
-0.079566
-0.078915
-0.078429
-0.077978
-0.077640
-0.077316
-0.077083
-0.076837
-0.076682
-0.076481
-0.076387
-0.076207
-0.076166
-0.075989
-0.075996
-0.075807
-0.075862
-0.075649
-0.075756
-0.075504
-0.075670
-0.075364
-0.075601
-0.075224
-0.075546
-0.075078
-0.075505
-0.074919
-0.075479
-0.074743
-0.075470
-0.074542
-0.075480
-0.074308
-0.075516
-0.074032
-0.075584
-0.073700
-0.075695
-0.073299
-0.075862
-0.072806
-0.076102
-0.072198
0.050810
0.006341
0.044213
0.011130
0.039403
0.014751
0.035922
0.017476
0.033370
0.019442
0.031373
0.020654
0.029532
0.020973
0.027373
0.020087
0.024289
0.017466
0.019467
0.012317
0.011838
0.003561
0.000083
-0.010092
-0.017207
-0.029849
-0.041023
-0.056133
-0.070934
-0.087403
-0.103726
-0.118863
-0.132840
-0.142830
-0.150676
-0.153273
-0.154027
-0.150268
-0.146115
-0.139016
-0.132897
-0.125193
-0.119154
-0.112378
-0.107342
-0.102010
-0.098168
-0.094236
-0.091446
-0.088657
-0.086683
-0.084749
-0.083370
-0.082044
-0.081082
-0.080175
-0.079503
-0.078878
-0.078406
-0.077969
-0.077637
-0.077321
-0.077090
-0.076849
-0.076694
-0.076497
-0.076401
-0.076226
-0.076180
-0.076009
-0.076010
-0.075829
-0.075876
-0.075672
-0.075768
-0.075529
-0.075681
-0.075392
-0.075610
-0.075256
-0.075554
-0.075115
-0.075512
-0.074963
-0.075484
-0.074795
-0.075473
-0.074605
-0.075480
-0.074385
-0.075512
-0.074125
-0.075574
-0.073814
-0.075676
-0.073438
-0.075830
-0.072978
-0.076053
-0.072411
0.045377
0.005512
0.039427
0.009615
0.034965
0.012619
0.031584
0.014739
0.028915
0.016066
0.026601
0.016570
0.024255
0.016091
0.021419
0.014314
0.017520
0.010744
0.011825
0.004684
0.003424
-0.004748
-0.008724
-0.018510
-0.025595
-0.037337
-0.047650
-0.061150
-0.074057
-0.088207
-0.101839
-0.114419
-0.125830
-0.134109
-0.140723
-0.143277
-0.144483
-0.142060
-0.139291
-0.133971
-0.129289
-0.123093
-0.118096
-0.112314
-0.107867
-0.103066
-0.099469
-0.095750
-0.092997
-0.090236
-0.088193
-0.086195
-0.084704
-0.083278
-0.082197
-0.081185
-0.080403
-0.079682
-0.079116
-0.078596
-0.078187
-0.077804
-0.077511
-0.077218
-0.077014
-0.076778
-0.076642
-0.076439
-0.076362
-0.076172
-0.076146
-0.075955
-0.075978
-0.075772
-0.075845
-0.075611
-0.075740
-0.075463
-0.075656
-0.075321
-0.075590
-0.075178
-0.075541
-0.075028
-0.075507
-0.074866
-0.075490
-0.074684
-0.075492
-0.074476
-0.075517
-0.074232
-0.075572
-0.073942
-0.075664
-0.073592
-0.075805
-0.073166
-0.076010
-0.072640
0.040077
0.004783
0.034806
0.008299
0.030772
0.010806
0.027618
0.012479
0.025017
0.013384
0.022646
0.013479
0.020152
0.012611
0.017126
0.010498
0.013066
0.006720
0.007359
0.000716
-0.000715
-0.008182
-0.011921
-0.020630
-0.026886
-0.037020
-0.045751
-0.057062
-0.067662
-0.079257
-0.090304
-0.100599
-0.110032
-0.117179
-0.123155
-0.126081
-0.128017
-0.127075
-0.125797
-0.122352
-0.119281
-0.114816
-0.111185
-0.106760
-0.103322
-0.099483
-0.096575
-0.093495
-0.091188
-0.088834
-0.087072
-0.085327
-0.084009
-0.082739
-0.081765
-0.080849
-0.080133
-0.079471
-0.078946
-0.078464
-0.078081
-0.077722
-0.077445
-0.077169
-0.076973
-0.076750
-0.076619
-0.076426
-0.076349
-0.076169
-0.076140
-0.075960
-0.075976
-0.075783
-0.075846
-0.075627
-0.075742
-0.075485
-0.075659
-0.075349
-0.075594
-0.075213
-0.075544
-0.075072
-0.075509
-0.074920
-0.075490
-0.074751
-0.075490
-0.074558
-0.075511
-0.074333
-0.075559
-0.074066
-0.075641
-0.073745
-0.075769
-0.073354
-0.075955
-0.072874
0.034509
0.003962
0.029915
0.006809
0.026274
0.008733
0.023286
0.009858
0.020660
0.010213
0.018099
0.009734
0.015279
0.008258
0.011820
0.005521
0.007271
0.001146
0.001105
-0.005340
-0.007268
-0.014454
-0.018418
-0.026643
-0.032725
-0.042060
-0.050097
-0.060235
-0.069602
-0.079729
-0.089209
-0.098038
-0.106037
-0.112199
-0.117395
-0.120159
-0.122142
-0.121777
-0.121111
-0.118594
-0.116302
-0.112749
-0.109787
-0.106061
-0.103082
-0.099692
-0.097039
-0.094199
-0.091998
-0.089741
-0.087990
-0.086255
-0.084899
-0.083593
-0.082558
-0.081586
-0.080804
-0.080082
-0.079495
-0.078957
-0.078519
-0.078113
-0.077789
-0.077474
-0.077239
-0.076987
-0.076823
-0.076609
-0.076504
-0.076312
-0.076259
-0.076073
-0.076067
-0.075874
-0.075916
-0.075705
-0.075797
-0.075554
-0.075702
-0.075413
-0.075628
-0.075278
-0.075571
-0.075140
-0.075531
-0.074994
-0.075507
-0.074835
-0.075501
-0.074656
-0.075516
-0.074449
-0.075556
-0.074205
-0.075629
-0.073913
-0.075742
-0.073558
-0.075908
-0.073123
0.029134
0.003246
0.025239
0.005527
0.022062
0.006988
0.019355
0.007719
0.016873
0.007727
0.014360
0.006945
0.011529
0.005224
0.008056
0.002334
0.003562
-0.002036
-0.002383
-0.008253
-0.010227
-0.016693
-0.020371
-0.027638
-0.033022
-0.041098
-0.047993
-0.056598
-0.064468
-0.072963
-0.080882
-0.088329
-0.095137
-0.100565
-0.105283
-0.108130
-0.110386
-0.110765
-0.110880
-0.109440
-0.108115
-0.105673
-0.103632
-0.100873
-0.098656
-0.096025
-0.093952
-0.091669
-0.089886
-0.088020
-0.086560
-0.085092
-0.083934
-0.082808
-0.081908
-0.081056
-0.080364
-0.079724
-0.079197
-0.078714
-0.078317
-0.077948
-0.077651
-0.077363
-0.077145
-0.076913
-0.076759
-0.076562
-0.076461
-0.076283
-0.076229
-0.076058
-0.076047
-0.075871
-0.075903
-0.075710
-0.075788
-0.075568
-0.075697
-0.075437
-0.075625
-0.075310
-0.075569
-0.075182
-0.075529
-0.075049
-0.075504
-0.074904
-0.075495
-0.074742
-0.075506
-0.074555
-0.075540
-0.074336
-0.075602
-0.074075
-0.075702
-0.073760
-0.075848
-0.073373
0.023570
0.002454
0.020364
0.004100
0.017614
0.005024
0.015129
0.005270
0.012704
0.004819
0.010115
0.003586
0.007111
0.001422
0.003402
-0.001884
-0.001338
-0.006600
-0.007465
-0.013025
-0.015330
-0.021433
-0.025207
-0.031984
-0.037175
-0.044581
-0.050957
-0.058703
-0.065762
-0.073285
-0.080245
-0.086780
-0.092728
-0.097534
-0.101735
-0.104403
-0.106582
-0.107200
-0.107578
-0.106627
-0.105722
-0.103826
-0.102204
-0.099918
-0.098034
-0.095749
-0.093898
-0.091836
-0.090176
-0.088430
-0.087023
-0.085605
-0.084453
-0.083332
-0.082412
-0.081541
-0.080818
-0.080148
-0.079585
-0.079070
-0.078637
-0.078239
-0.077910
-0.077597
-0.077351
-0.077098
-0.076920
-0.076709
-0.076586
-0.076401
-0.076326
-0.076153
-0.076123
-0.075951
-0.075963
-0.075780
-0.075836
-0.075632
-0.075735
-0.075499
-0.075656
-0.075374
-0.075595
-0.075252
-0.075550
-0.075126
-0.075521
-0.074993
-0.075507
-0.074846
-0.075512
-0.074679
-0.075537
-0.074484
-0.075589
-0.074254
-0.075673
-0.073977
-0.075799
-0.073638
0.018240
0.001766
0.015734
0.002877
0.013471
0.003378
0.011309
0.003282
0.009090
0.002554
0.006631
0.001107
0.003721
-0.001194
0.000123
-0.004529
-0.004429
-0.009115
-0.010212
-0.015177
-0.017483
-0.022906
-0.026420
-0.032379
-0.037026
-0.043454
-0.049019
-0.055668
-0.061737
-0.068165
-0.074135
-0.079770
-0.084956
-0.089250
-0.093093
-0.095724
-0.097982
-0.098975
-0.099765
-0.099440
-0.099120
-0.097935
-0.096928
-0.095317
-0.093991
-0.092281
-0.090892
-0.089286
-0.087988
-0.086587
-0.085451
-0.084286
-0.083333
-0.082394
-0.081617
-0.080876
-0.080255
-0.079676
-0.079186
-0.078735
-0.078354
-0.078002
-0.077708
-0.077429
-0.077206
-0.076980
-0.076817
-0.076627
-0.076512
-0.076345
-0.076273
-0.076118
-0.076084
-0.075931
-0.075934
-0.075773
-0.075815
-0.075637
-0.075720
-0.075515
-0.075644
-0.075401
-0.075586
-0.075291
-0.075542
-0.075179
-0.075512
-0.075061
-0.075497
-0.074933
-0.075498
-0.074788
-0.075517
-0.074621
-0.075559
-0.074424
-0.075629
-0.074187
-0.075734
-0.073900
0.012799
0.001017
0.010976
0.001537
0.009160
0.001553
0.007264
0.001038
0.005169
-0.000067
0.002728
-0.001859
-0.000236
-0.004471
-0.003922
-0.008067
-0.008549
-0.012829
-0.014338
-0.018934
-0.021477
-0.026509
-0.030068
-0.035566
-0.040048
-0.045922
-0.051112
-0.057118
-0.062646
-0.068399
-0.073757
-0.078784
-0.083425
-0.087294
-0.090784
-0.093248
-0.095398
-0.096474
-0.097367
-0.097298
-0.097203
-0.096343
-0.095596
-0.094298
-0.093203
-0.091749
-0.090537
-0.089115
-0.087935
-0.086652
-0.085584
-0.084484
-0.083563
-0.082653
-0.081883
-0.081148
-0.080519
-0.079932
-0.079427
-0.078963
-0.078563
-0.078196
-0.077883
-0.077591
-0.077350
-0.077114
-0.076932
-0.076736
-0.076604
-0.076435
-0.076347
-0.076194
-0.076143
-0.075997
-0.075982
-0.075834
-0.075854
-0.075696
-0.075753
-0.075574
-0.075672
-0.075465
-0.075610
-0.075361
-0.075562
-0.075259
-0.075529
-0.075154
-0.075509
-0.075041
-0.075504
-0.074917
-0.075515
-0.074776
-0.075545
-0.074610
-0.075600
-0.074414
-0.075684
-0.074176
0.007611
0.000366
0.006476
0.000389
0.005155
0.000023
0.003610
-0.000784
0.001765
-0.002108
-0.000488
-0.004045
-0.003283
-0.006718
-0.006779
-0.010265
-0.011142
-0.014834
-0.016538
-0.020555
-0.023094
-0.027507
-0.030859
-0.035668
-0.039745
-0.044854
-0.049471
-0.054673
-0.059531
-0.064516
-0.069220
-0.073624
-0.077755
-0.081246
-0.084467
-0.086845
-0.088992
-0.090248
-0.091359
-0.091655
-0.091916
-0.091511
-0.091173
-0.090340
-0.089646
-0.088616
-0.087761
-0.086699
-0.085816
-0.084822
-0.083992
-0.083117
-0.082380
-0.081640
-0.081010
-0.080401
-0.079876
-0.079384
-0.078956
-0.078561
-0.078217
-0.077902
-0.077629
-0.077375
-0.077162
-0.076956
-0.076793
-0.076622
-0.076501
-0.076354
-0.076269
-0.076137
-0.076085
-0.075960
-0.075938
-0.075813
-0.075821
-0.075689
-0.075727
-0.075581
-0.075652
-0.075484
-0.075593
-0.075394
-0.075548
-0.075307
-0.075515
-0.075220
-0.075494
-0.075127
-0.075486
-0.075027
-0.075491
-0.074914
-0.075512
-0.074783
-0.075551
-0.074630
-0.075614
-0.074445
0.002384
-0.000330
0.001913
-0.000848
0.001047
-0.001646
-0.000202
-0.002810
-0.001872
-0.004437
-0.004035
-0.006633
-0.006795
-0.009517
-0.010274
-0.013214
-0.014601
-0.017849
-0.019898
-0.023520
-0.026246
-0.030268
-0.033649
-0.038040
-0.041992
-0.046640
-0.050993
-0.055701
-0.060193
-0.064687
-0.068988
-0.072962
-0.076732
-0.079914
-0.082885
-0.085115
-0.087158
-0.088423
-0.089563
-0.089987
-0.090367
-0.090153
-0.089975
-0.089346
-0.088812
-0.087965
-0.087245
-0.086328
-0.085547
-0.084658
-0.083898
-0.083092
-0.082397
-0.081698
-0.081090
-0.080502
-0.079986
-0.079502
-0.079073
-0.078679
-0.078329
-0.078011
-0.077729
-0.077472
-0.077249
-0.077040
-0.076866
-0.076694
-0.076562
-0.076417
-0.076320
-0.076194
-0.076128
-0.076013
-0.075974
-0.075865
-0.075852
-0.075742
-0.075755
-0.075638
-0.075677
-0.075547
-0.075615
-0.075465
-0.075568
-0.075389
-0.075532
-0.075314
-0.075507
-0.075239
-0.075493
-0.075160
-0.075489
-0.075073
-0.075499
-0.074976
-0.075523
-0.074862
-0.075564
-0.074729
-0.002585
-0.000938
-0.002394
-0.001913
-0.002770
-0.003052
-0.003655
-0.004466
-0.005047
-0.006264
-0.006983
-0.008554
-0.009529
-0.011447
-0.012772
-0.015053
-0.016802
-0.019472
-0.021700
-0.024774
-0.027510
-0.030979
-0.034211
-0.038022
-0.041681
-0.045724
-0.049673
-0.053773
-0.057804
-0.061737
-0.065593
-0.069113
-0.072530
-0.075421
-0.078188
-0.080315
-0.082322
-0.083662
-0.084915
-0.085548
-0.086146
-0.086221
-0.086315
-0.086004
-0.085755
-0.085216
-0.084766
-0.084125
-0.083581
-0.082927
-0.082365
-0.081750
-0.081217
-0.080670
-0.080190
-0.079720
-0.079303
-0.078909
-0.078556
-0.078232
-0.077939
-0.077673
-0.077434
-0.077218
-0.077025
-0.076849
-0.076696
-0.076552
-0.076432
-0.076311
-0.076220
-0.076117
-0.076050
-0.075959
-0.075914
-0.075830
-0.075804
-0.075723
-0.075717
-0.075634
-0.075646
-0.075558
-0.075590
-0.075492
-0.075546
-0.075432
-0.075512
-0.075376
-0.075487
-0.075322
-0.075470
-0.075268
-0.075461
-0.075211
-0.075461
-0.075149
-0.075470
-0.075080
-0.075491
-0.075000
-0.007526
-0.001575
-0.006701
-0.003038
-0.006626
-0.004557
-0.007199
-0.006273
-0.008381
-0.008312
-0.010177
-0.010792
-0.012626
-0.013822
-0.015781
-0.017503
-0.019706
-0.021920
-0.024447
-0.027124
-0.030019
-0.033114
-0.036376
-0.039812
-0.043384
-0.047041
-0.050805
-0.054516
-0.058297
-0.061858
-0.065441
-0.068640
-0.071810
-0.074465
-0.077053
-0.079050
-0.080967
-0.082281
-0.083529
-0.084221
-0.084879
-0.085065
-0.085257
-0.085077
-0.084937
-0.084527
-0.084178
-0.083648
-0.083189
-0.082622
-0.082126
-0.081575
-0.081088
-0.080584
-0.080135
-0.079693
-0.079295
-0.078918
-0.078575
-0.078260
-0.077971
-0.077712
-0.077472
-0.077260
-0.077064
-0.076891
-0.076732
-0.076593
-0.076465
-0.076351
-0.076251
-0.076157
-0.076078
-0.076000
-0.075940
-0.075874
-0.075829
-0.075771
-0.075740
-0.075688
-0.075669
-0.075619
-0.075612
-0.075562
-0.075566
-0.075514
-0.075529
-0.075472
-0.075500
-0.075436
-0.075477
-0.075403
-0.075461
-0.075372
-0.075450
-0.075343
-0.075443
-0.075315
-0.075442
-0.075286
-0.012220
-0.002137
-0.010769
-0.004018
-0.010218
-0.005840
-0.010426
-0.007769
-0.011318
-0.009941
-0.012866
-0.012479
-0.015078
-0.015487
-0.017978
-0.019057
-0.021598
-0.023258
-0.025959
-0.028128
-0.031052
-0.033657
-0.036820
-0.039766
-0.043133
-0.046301
-0.049782
-0.053022
-0.056481
-0.059617
-0.062890
-0.065745
-0.068664
-0.071087
-0.073518
-0.075411
-0.077280
-0.078612
-0.079914
-0.080722
-0.081513
-0.081881
-0.082253
-0.082289
-0.082350
-0.082161
-0.082012
-0.081690
-0.081416
-0.081034
-0.080700
-0.080307
-0.079957
-0.079583
-0.079247
-0.078910
-0.078602
-0.078309
-0.078037
-0.077788
-0.077554
-0.077346
-0.077148
-0.076978
-0.076812
-0.076674
-0.076536
-0.076425
-0.076312
-0.076223
-0.076129
-0.076060
-0.075982
-0.075929
-0.075863
-0.075823
-0.075767
-0.075740
-0.075690
-0.075673
-0.075628
-0.075621
-0.075577
-0.075580
-0.075536
-0.075550
-0.075502
-0.075528
-0.075473
-0.075513
-0.075449
-0.075506
-0.075428
-0.075506
-0.075407
-0.075513
-0.075387
-0.075529
-0.075365
-0.075556
-0.016824
-0.002712
-0.014776
-0.005027
-0.013788
-0.007180
-0.013679
-0.009361
-0.014341
-0.011725
-0.015718
-0.014399
-0.017792
-0.017491
-0.020562
-0.021087
-0.024037
-0.025247
-0.028214
-0.029997
-0.033065
-0.035319
-0.038519
-0.041131
-0.044443
-0.047286
-0.050640
-0.053565
-0.056851
-0.059697
-0.062780
-0.065388
-0.068134
-0.070371
-0.072671
-0.074449
-0.076244
-0.077534
-0.078819
-0.079646
-0.080465
-0.080895
-0.081327
-0.081446
-0.081581
-0.081481
-0.081407
-0.081169
-0.080964
-0.080653
-0.080376
-0.080039
-0.079734
-0.079404
-0.079100
-0.078795
-0.078511
-0.078240
-0.077984
-0.077751
-0.077526
-0.077330
-0.077137
-0.076976
-0.076812
-0.076682
-0.076544
-0.076441
-0.076324
-0.076245
-0.076145
-0.076087
-0.076000
-0.075961
-0.075883
-0.075862
-0.075788
-0.075784
-0.075711
-0.075725
-0.075649
-0.075681
-0.075598
-0.075651
-0.075556
-0.075633
-0.075520
-0.075625
-0.075488
-0.075628
-0.075459
-0.075642
-0.075430
-0.075668
-0.075398
-0.075708
-0.075363
-0.075764
-0.075319
-0.075840
-0.021205
-0.003227
-0.018572
-0.005922
-0.017132
-0.008345
-0.016668
-0.010707
-0.017039
-0.013176
-0.018162
-0.015884
-0.019991
-0.018937
-0.022504
-0.022415
-0.025684
-0.026374
-0.029513
-0.030831
-0.033946
-0.035766
-0.038909
-0.041105
-0.044276
-0.046719
-0.049875
-0.052425
-0.055485
-0.057998
-0.060861
-0.063200
-0.065763
-0.067810
-0.069989
-0.071667
-0.073413
-0.074689
-0.075996
-0.076882
-0.077781
-0.078322
-0.078874
-0.079137
-0.079413
-0.079469
-0.079543
-0.079459
-0.079395
-0.079227
-0.079080
-0.078870
-0.078678
-0.078456
-0.078249
-0.078034
-0.077829
-0.077633
-0.077441
-0.077269
-0.077095
-0.076949
-0.076795
-0.076674
-0.076540
-0.076444
-0.076326
-0.076253
-0.076150
-0.076097
-0.076004
-0.075972
-0.075886
-0.075873
-0.075790
-0.075796
-0.075712
-0.075739
-0.075648
-0.075698
-0.075597
-0.075672
-0.075554
-0.075659
-0.075517
-0.075660
-0.075485
-0.075672
-0.075455
-0.075698
-0.075425
-0.075739
-0.075391
-0.075795
-0.075352
-0.075872
-0.075303
-0.075972
-0.075239
-0.076103
-0.025432
-0.003739
-0.022248
-0.006816
-0.020394
-0.009523
-0.019618
-0.012095
-0.019751
-0.014714
-0.020686
-0.017519
-0.022355
-0.020618
-0.024715
-0.024092
-0.027731
-0.027988
-0.031368
-0.032322
-0.035571
-0.037068
-0.040254
-0.042154
-0.045296
-0.047461
-0.050532
-0.052824
-0.055764
-0.058044
-0.060775
-0.062916
-0.065355
-0.067252
-0.069333
-0.070913
-0.072598
-0.073827
-0.075112
-0.075996
-0.076907
-0.077480
-0.078068
-0.078384
-0.078711
-0.078829
-0.078958
-0.078937
-0.078927
-0.078816
-0.078717
-0.078556
-0.078405
-0.078223
-0.078048
-0.077865
-0.077686
-0.077514
-0.077341
-0.077188
-0.077028
-0.076897
-0.076752
-0.076644
-0.076515
-0.076430
-0.076315
-0.076252
-0.076148
-0.076107
-0.076010
-0.075991
-0.075897
-0.075900
-0.075805
-0.075832
-0.075731
-0.075782
-0.075670
-0.075750
-0.075619
-0.075733
-0.075577
-0.075731
-0.075540
-0.075743
-0.075506
-0.075771
-0.075473
-0.075814
-0.075437
-0.075875
-0.075396
-0.075957
-0.075346
-0.076064
-0.075282
-0.076203
-0.075198
-0.076381
-0.029476
-0.004210
-0.025753
-0.007631
-0.023477
-0.010577
-0.022364
-0.013305
-0.022216
-0.016008
-0.022901
-0.018830
-0.024330
-0.021883
-0.026441
-0.025244
-0.029183
-0.028957
-0.032506
-0.033038
-0.036348
-0.037463
-0.040623
-0.042168
-0.045216
-0.047050
-0.049982
-0.051970
-0.054749
-0.056763
-0.059335
-0.061259
-0.063563
-0.065301
-0.067288
-0.068774
-0.070413
-0.071612
-0.072900
-0.073808
-0.074765
-0.075404
-0.076070
-0.076480
-0.076904
-0.077131
-0.077367
-0.077459
-0.077557
-0.077555
-0.077557
-0.077496
-0.077436
-0.077343
-0.077248
-0.077142
-0.077030
-0.076923
-0.076806
-0.076707
-0.076593
-0.076507
-0.076399
-0.076329
-0.076228
-0.076175
-0.076080
-0.076046
-0.075956
-0.075941
-0.075852
-0.075858
-0.075767
-0.075795
-0.075697
-0.075750
-0.075640
-0.075722
-0.075593
-0.075709
-0.075555
-0.075711
-0.075522
-0.075728
-0.075492
-0.075760
-0.075463
-0.075808
-0.075432
-0.075874
-0.075397
-0.075961
-0.075352
-0.076074
-0.075295
-0.076218
-0.075218
-0.076401
-0.075115
-0.076633
-0.033301
-0.004658
-0.029076
-0.008410
-0.026414
-0.011599
-0.025002
-0.014500
-0.024619
-0.017318
-0.025111
-0.020208
-0.026371
-0.023283
-0.028321
-0.026620
-0.030895
-0.030263
-0.034033
-0.034225
-0.037662
-0.038483
-0.041693
-0.042976
-0.046014
-0.047610
-0.050488
-0.052260
-0.054958
-0.056781
-0.059260
-0.061024
-0.063239
-0.064854
-0.066768
-0.068169
-0.069760
-0.070912
-0.072179
-0.073074
-0.074034
-0.074688
-0.075376
-0.075818
-0.076278
-0.076548
-0.076825
-0.076963
-0.077104
-0.077147
-0.077189
-0.077170
-0.077146
-0.077089
-0.077025
-0.076948
-0.076861
-0.076779
-0.076682
-0.076604
-0.076505
-0.076436
-0.076339
-0.076283
-0.076189
-0.076150
-0.076059
-0.076038
-0.075948
-0.075946
-0.075855
-0.075875
-0.075777
-0.075822
-0.075713
-0.075787
-0.075661
-0.075767
-0.075618
-0.075763
-0.075581
-0.075775
-0.075549
-0.075802
-0.075519
-0.075845
-0.075488
-0.075907
-0.075454
-0.075989
-0.075414
-0.076096
-0.075362
-0.076233
-0.075294
-0.076406
-0.075203
-0.076625
-0.075080
-0.076901
-0.036997
-0.005088
-0.032282
-0.009150
-0.029233
-0.012552
-0.027507
-0.015588
-0.026858
-0.018475
-0.027113
-0.021374
-0.028146
-0.024400
-0.029862
-0.027631
-0.032186
-0.031114
-0.035047
-0.034860
-0.038367
-0.038851
-0.042058
-0.043036
-0.046015
-0.047332
-0.050113
-0.051635
-0.054217
-0.055823
-0.058185
-0.059770
-0.061884
-0.063365
-0.065204
-0.066519
-0.068068
-0.069181
-0.070440
-0.071337
-0.072322
-0.073011
-0.073748
-0.074251
-0.074777
-0.075121
-0.075476
-0.075695
-0.075915
-0.076040
-0.076161
-0.076218
-0.076268
-0.076281
-0.076282
-0.076269
-0.076239
-0.076212
-0.076164
-0.076132
-0.076073
-0.076045
-0.075980
-0.075959
-0.075891
-0.075882
-0.075811
-0.075817
-0.075740
-0.075764
-0.075680
-0.075725
-0.075630
-0.075700
-0.075589
-0.075689
-0.075556
-0.075692
-0.075528
-0.075709
-0.075504
-0.075740
-0.075482
-0.075786
-0.075460
-0.075849
-0.075435
-0.075932
-0.075405
-0.076038
-0.075365
-0.076172
-0.075312
-0.076339
-0.075237
-0.076548
-0.075135
-0.076810
-0.074994
-0.077139
-0.040401
-0.005472
-0.035236
-0.009817
-0.031835
-0.013421
-0.029830
-0.016597
-0.028956
-0.019574
-0.029022
-0.022518
-0.029888
-0.025550
-0.031445
-0.028749
-0.033607
-0.032161
-0.036294
-0.035799
-0.039424
-0.039646
-0.042906
-0.043654
-0.046638
-0.047751
-0.050501
-0.051842
-0.054369
-0.055818
-0.058115
-0.059570
-0.061620
-0.062999
-0.064784
-0.066027
-0.067539
-0.068609
-0.069850
-0.070730
-0.071714
-0.072407
-0.073159
-0.073681
-0.074233
-0.074607
-0.074993
-0.075246
-0.075501
-0.075661
-0.075815
-0.075907
-0.075988
-0.076032
-0.076061
-0.076075
-0.076069
-0.076065
-0.076037
-0.076025
-0.075982
-0.075971
-0.075918
-0.075913
-0.075853
-0.075858
-0.075791
-0.075810
-0.075735
-0.075772
-0.075687
-0.075746
-0.075646
-0.075732
-0.075612
-0.075731
-0.075583
-0.075742
-0.075558
-0.075767
-0.075537
-0.075807
-0.075515
-0.075863
-0.075493
-0.075937
-0.075467
-0.076033
-0.075433
-0.076153
-0.075388
-0.076304
-0.075327
-0.076493
-0.075242
-0.076729
-0.075126
-0.077024
-0.074967
-0.077394
-0.043748
-0.005864
-0.038143
-0.010488
-0.034391
-0.014284
-0.032100
-0.017579
-0.030982
-0.020613
-0.030828
-0.023561
-0.031483
-0.026546
-0.032828
-0.029651
-0.034766
-0.032923
-0.037210
-0.036378
-0.040077
-0.040003
-0.043275
-0.043760
-0.046707
-0.047586
-0.050268
-0.051400
-0.053843
-0.055111
-0.057321
-0.058627
-0.060597
-0.061862
-0.063586
-0.064751
-0.066225
-0.067251
-0.068479
-0.069348
-0.070342
-0.071051
-0.071832
-0.072390
-0.072986
-0.073409
-0.073849
-0.074160
-0.074472
-0.074693
-0.074906
-0.075057
-0.075195
-0.075295
-0.075376
-0.075441
-0.075482
-0.075524
-0.075536
-0.075565
-0.075557
-0.075581
-0.075557
-0.075583
-0.075546
-0.075579
-0.075530
-0.075575
-0.075513
-0.075574
-0.075497
-0.075580
-0.075483
-0.075594
-0.075471
-0.075617
-0.075462
-0.075651
-0.075454
-0.075697
-0.075446
-0.075757
-0.075436
-0.075833
-0.075423
-0.075927
-0.075403
-0.076044
-0.075375
-0.076189
-0.075332
-0.076366
-0.075270
-0.076585
-0.075180
-0.076856
-0.075054
-0.077193
-0.074878
-0.077614
-0.046718
-0.006184
-0.040716
-0.011043
-0.036649
-0.015005
-0.034103
-0.018411
-0.032777
-0.021513
-0.032446
-0.024490
-0.032942
-0.027472
-0.034137
-0.030541
-0.035926
-0.033746
-0.038215
-0.037107
-0.040916
-0.040611
-0.043938
-0.044225
-0.047186
-0.047892
-0.050558
-0.051540
-0.053948
-0.055088
-0.057253
-0.058452
-0.060379
-0.061560
-0.063246
-0.064350
-0.065797
-0.066786
-0.067999
-0.068850
-0.069843
-0.070551
-0.071343
-0.071912
-0.072527
-0.072972
-0.073436
-0.073773
-0.074113
-0.074362
-0.074603
-0.074782
-0.074947
-0.075073
-0.075179
-0.075268
-0.075331
-0.075394
-0.075425
-0.075473
-0.075479
-0.075520
-0.075507
-0.075548
-0.075519
-0.075566
-0.075522
-0.075580
-0.075520
-0.075594
-0.075515
-0.075612
-0.075510
-0.075636
-0.075505
-0.075668
-0.075500
-0.075710
-0.075495
-0.075764
-0.075488
-0.075831
-0.075479
-0.075915
-0.075464
-0.076019
-0.075442
-0.076147
-0.075410
-0.076303
-0.075362
-0.076496
-0.075292
-0.076734
-0.075192
-0.077029
-0.075053
-0.077394
-0.074860
-0.077851
-0.049723
-0.006542
-0.043331
-0.011656
-0.038952
-0.015790
-0.036151
-0.019302
-0.034604
-0.022453
-0.034074
-0.025432
-0.034381
-0.028371
-0.035386
-0.031357
-0.036976
-0.034442
-0.039054
-0.037647
-0.041530
-0.040967
-0.044314
-0.044374
-0.047315
-0.047820
-0.050438
-0.051245
-0.053589
-0.054577
-0.056675
-0.057749
-0.059612
-0.060694
-0.062329
-0.063362
-0.064774
-0.065718
-0.066914
-0.067746
-0.068739
-0.069449
-0.070256
-0.070845
-0.071487
-0.071963
-0.072464
-0.072840
-0.073221
-0.073513
-0.073798
-0.074022
-0.074229
-0.074399
-0.074546
-0.074676
-0.074776
-0.074877
-0.074941
-0.075024
-0.075059
-0.075131
-0.075143
-0.075212
-0.075204
-0.075276
-0.075248
-0.075330
-0.075282
-0.075379
-0.075308
-0.075428
-0.075330
-0.075479
-0.075348
-0.075536
-0.075362
-0.075601
-0.075374
-0.075676
-0.075382
-0.075764
-0.075385
-0.075869
-0.075381
-0.075993
-0.075368
-0.076143
-0.075341
-0.076323
-0.075297
-0.076542
-0.075227
-0.076810
-0.075125
-0.077139
-0.074977
-0.077546
-0.074769
-0.078052
-0.052246
-0.006799
-0.045512
-0.012099
-0.040857
-0.016363
-0.037829
-0.019961
-0.036095
-0.023161
-0.035404
-0.026159
-0.035567
-0.029088
-0.036437
-0.032039
-0.037895
-0.035066
-0.039839
-0.038193
-0.042176
-0.041415
-0.044816
-0.044708
-0.047669
-0.048031
-0.050645
-0.051328
-0.053653
-0.054537
-0.056607
-0.057595
-0.059429
-0.060445
-0.062054
-0.063039
-0.064432
-0.065345
-0.066531
-0.067348
-0.068341
-0.069049
-0.069865
-0.070461
-0.071119
-0.071610
-0.072131
-0.072527
-0.072932
-0.073246
-0.073555
-0.073801
-0.074032
-0.074224
-0.074393
-0.074543
-0.074663
-0.074783
-0.074863
-0.074962
-0.075011
-0.075098
-0.075121
-0.075203
-0.075202
-0.075286
-0.075263
-0.075356
-0.075310
-0.075419
-0.075347
-0.075478
-0.075376
-0.075538
-0.075399
-0.075602
-0.075417
-0.075674
-0.075430
-0.075754
-0.075438
-0.075848
-0.075440
-0.075959
-0.075434
-0.076090
-0.075417
-0.076248
-0.075386
-0.076438
-0.075335
-0.076670
-0.075258
-0.076953
-0.075145
-0.077301
-0.074985
-0.077731
-0.074761
-0.078267
-0.054927
-0.007129
-0.047851
-0.012664
-0.042923
-0.017085
-0.039671
-0.020779
-0.037743
-0.024024
-0.036876
-0.027022
-0.036871
-0.029913
-0.037573
-0.032792
-0.038857
-0.035716
-0.040618
-0.038710
-0.042763
-0.041778
-0.045201
-0.044899
-0.047848
-0.048039
-0.050617
-0.051151
-0.053427
-0.054182
-0.056198
-0.057078
-0.058860
-0.059789
-0.061354
-0.062273
-0.063633
-0.064503
-0.065669
-0.066461
-0.067447
-0.068147
-0.068968
-0.069572
-0.070245
-0.070754
-0.071297
-0.071719
-0.072151
-0.072496
-0.072836
-0.073114
-0.073377
-0.073602
-0.073802
-0.073985
-0.074134
-0.074285
-0.074393
-0.074521
-0.074594
-0.074707
-0.074752
-0.074858
-0.074876
-0.074983
-0.074975
-0.075090
-0.075055
-0.075185
-0.075121
-0.075275
-0.075176
-0.075362
-0.075222
-0.075450
-0.075261
-0.075545
-0.075292
-0.075647
-0.075316
-0.075762
-0.075331
-0.075894
-0.075337
-0.076047
-0.075330
-0.076227
-0.075306
-0.076441
-0.075260
-0.076698
-0.075185
-0.077010
-0.075071
-0.077392
-0.074904
-0.077862
-0.074667
-0.078446
-0.056988
-0.007319
-0.049626
-0.012991
-0.044462
-0.017508
-0.041015
-0.021263
-0.038924
-0.024542
-0.037916
-0.027550
-0.037786
-0.030430
-0.038373
-0.033279
-0.039546
-0.036156
-0.041197
-0.039088
-0.043231
-0.042080
-0.045557
-0.045116
-0.048090
-0.048165
-0.050749
-0.051185
-0.053453
-0.054127
-0.056128
-0.056942
-0.058708
-0.059586
-0.061135
-0.062019
-0.063368
-0.064215
-0.065377
-0.066158
-0.067146
-0.067846
-0.068675
-0.069286
-0.069972
-0.070494
-0.071055
-0.071493
-0.071945
-0.072308
-0.072667
-0.072966
-0.073247
-0.073492
-0.073710
-0.073910
-0.074075
-0.074242
-0.074363
-0.074506
-0.074590
-0.074717
-0.074769
-0.074888
-0.074911
-0.075029
-0.075024
-0.075149
-0.075115
-0.075254
-0.075188
-0.075351
-0.075248
-0.075444
-0.075297
-0.075538
-0.075336
-0.075636
-0.075367
-0.075742
-0.075389
-0.075860
-0.075402
-0.075994
-0.075404
-0.076151
-0.075392
-0.076336
-0.075362
-0.076557
-0.075310
-0.076822
-0.075226
-0.077146
-0.075102
-0.077542
-0.074924
-0.078030
-0.074673
-0.078636
-0.059368
-0.007629
-0.051711
-0.013520
-0.046314
-0.018184
-0.042674
-0.022027
-0.040415
-0.025347
-0.039255
-0.028357
-0.038978
-0.031205
-0.039418
-0.033991
-0.040440
-0.036777
-0.041933
-0.039597
-0.043801
-0.042457
-0.045955
-0.045347
-0.048313
-0.048241
-0.050797
-0.051104
-0.053332
-0.053895
-0.055851
-0.056571
-0.058291
-0.059092
-0.060601
-0.061425
-0.062742
-0.063545
-0.064684
-0.065437
-0.066413
-0.067099
-0.067925
-0.068533
-0.069226
-0.069755
-0.070328
-0.070781
-0.071250
-0.071633
-0.072014
-0.072334
-0.072640
-0.072908
-0.073150
-0.073375
-0.073564
-0.073755
-0.073899
-0.074065
-0.074170
-0.074319
-0.074390
-0.074530
-0.074570
-0.074708
-0.074717
-0.074862
-0.074839
-0.074999
-0.074941
-0.075125
-0.075027
-0.075244
-0.075099
-0.075363
-0.075159
-0.075484
-0.075209
-0.075612
-0.075248
-0.075752
-0.075276
-0.075909
-0.075291
-0.076088
-0.075290
-0.076295
-0.075269
-0.076540
-0.075223
-0.076832
-0.075144
-0.077184
-0.075020
-0.077613
-0.074836
-0.078140
-0.074575
-0.078792
-0.060947
-0.007747
-0.053060
-0.013725
-0.047470
-0.018449
-0.043668
-0.022331
-0.041274
-0.025671
-0.039997
-0.028684
-0.039618
-0.031522
-0.039965
-0.034285
-0.040901
-0.037038
-0.042311
-0.039814
-0.044096
-0.042622
-0.046169
-0.045455
-0.048448
-0.048289
-0.050856
-0.051092
-0.053321
-0.053826
-0.055777
-0.056452
-0.058166
-0.058932
-0.060437
-0.061236
-0.062551
-0.063340
-0.064481
-0.065229
-0.066211
-0.066898
-0.067735
-0.068351
-0.069057
-0.069597
-0.070186
-0.070653
-0.071140
-0.071538
-0.071936
-0.072273
-0.072594
-0.072878
-0.073135
-0.073375
-0.073576
-0.073781
-0.073935
-0.074113
-0.074226
-0.074385
-0.074463
-0.074611
-0.074655
-0.074801
-0.074812
-0.074964
-0.074940
-0.075107
-0.075046
-0.075236
-0.075133
-0.075358
-0.075205
-0.075478
-0.075263
-0.075599
-0.075309
-0.075727
-0.075344
-0.075866
-0.075367
-0.076023
-0.075376
-0.076201
-0.075368
-0.076410
-0.075340
-0.076657
-0.075286
-0.076953
-0.075198
-0.077311
-0.075064
-0.077749
-0.074869
-0.078287
-0.074595
-0.078953
-0.063062
-0.008047
-0.054924
-0.014234
-0.049137
-0.019098
-0.045173
-0.023064
-0.042638
-0.026444
-0.041231
-0.029461
-0.040726
-0.032270
-0.040946
-0.034978
-0.041750
-0.037652
-0.043022
-0.040329
-0.044663
-0.043022
-0.046587
-0.045728
-0.048714
-0.048427
-0.050970
-0.051093
-0.053287
-0.053694
-0.055605
-0.056195
-0.057867
-0.058564
-0.060030
-0.060773
-0.062055
-0.062800
-0.063916
-0.064633
-0.065598
-0.066265
-0.067093
-0.067699
-0.068403
-0.068943
-0.069536
-0.070009
-0.070505
-0.070915
-0.071326
-0.071678
-0.072015
-0.072316
-0.072590
-0.072849
-0.073068
-0.073292
-0.073465
-0.073662
-0.073793
-0.073971
-0.074065
-0.074233
-0.074291
-0.074456
-0.074480
-0.074651
-0.074638
-0.074824
-0.074772
-0.074982
-0.074885
-0.075130
-0.074980
-0.075275
-0.075060
-0.075421
-0.075127
-0.075573
-0.075180
-0.075735
-0.075220
-0.075914
-0.075244
-0.076116
-0.075249
-0.076348
-0.075232
-0.076619
-0.075187
-0.076941
-0.075104
-0.077329
-0.074972
-0.077799
-0.074775
-0.078374
-0.074492
-0.079086
-0.064127
-0.008086
-0.055818
-0.014307
-0.049883
-0.019194
-0.045794
-0.023175
-0.043153
-0.026562
-0.041658
-0.029578
-0.041077
-0.032380
-0.041230
-0.035075
-0.041975
-0.037730
-0.043192
-0.040384
-0.044783
-0.043050
-0.046659
-0.045726
-0.048741
-0.048396
-0.050957
-0.051034
-0.053239
-0.053610
-0.055527
-0.056091
-0.057768
-0.058447
-0.059918
-0.060650
-0.061939
-0.062681
-0.063805
-0.064524
-0.065499
-0.066174
-0.067014
-0.067631
-0.068349
-0.068901
-0.069509
-0.069996
-0.070507
-0.070931
-0.071356
-0.071722
-0.072072
-0.072386
-0.072672
-0.072941
-0.073171
-0.073404
-0.073584
-0.073789
-0.073926
-0.074111
-0.074208
-0.074381
-0.074441
-0.074610
-0.074634
-0.074808
-0.074793
-0.074981
-0.074925
-0.075138
-0.075035
-0.075284
-0.075125
-0.075425
-0.075199
-0.075566
-0.075259
-0.075712
-0.075304
-0.075870
-0.075335
-0.076044
-0.075351
-0.076241
-0.075347
-0.076470
-0.075321
-0.076739
-0.075266
-0.077060
-0.075173
-0.077447
-0.075031
-0.077918
-0.074823
-0.078497
-0.074530
-0.079214
-0.066026
-0.008386
-0.057505
-0.014815
-0.051407
-0.019839
-0.047185
-0.023904
-0.044427
-0.027331
-0.042822
-0.030352
-0.042133
-0.033129
-0.042176
-0.035774
-0.042805
-0.038358
-0.043901
-0.040923
-0.045364
-0.043485
-0.047106
-0.046047
-0.049052
-0.048594
-0.051130
-0.051108
-0.053277
-0.053561
-0.055438
-0.055925
-0.057561
-0.058174
-0.059605
-0.060283
-0.061537
-0.062234
-0.063330
-0.064015
-0.064968
-0.065619
-0.066444
-0.067045
-0.067754
-0.068299
-0.068905
-0.069391
-0.069904
-0.070332
-0.070765
-0.071139
-0.071499
-0.071825
-0.072123
-0.072406
-0.072650
-0.072898
-0.073093
-0.073315
-0.073467
-0.073669
-0.073781
-0.073971
-0.074045
-0.074232
-0.074268
-0.074460
-0.074456
-0.074663
-0.074617
-0.074849
-0.074753
-0.075022
-0.074869
-0.075190
-0.074967
-0.075357
-0.075048
-0.075529
-0.075114
-0.075711
-0.075164
-0.075909
-0.075197
-0.076131
-0.075208
-0.076384
-0.075195
-0.076678
-0.075151
-0.077026
-0.075066
-0.077442
-0.074928
-0.077947
-0.074720
-0.078564
-0.074421
-0.079325
-0.066529
-0.008338
-0.057900
-0.014739
-0.051703
-0.019748
-0.047395
-0.023803
-0.044566
-0.027224
-0.042904
-0.030242
-0.042169
-0.033017
-0.042176
-0.035660
-0.042777
-0.038243
-0.043851
-0.040806
-0.045297
-0.043369
-0.047028
-0.045931
-0.048966
-0.048482
-0.051041
-0.051001
-0.053190
-0.053462
-0.055356
-0.055838
-0.057490
-0.058103
-0.059550
-0.060233
-0.061502
-0.062208
-0.063319
-0.064016
-0.064985
-0.065648
-0.066490
-0.067105
-0.067831
-0.068390
-0.069011
-0.069510
-0.070038
-0.070479
-0.070924
-0.071309
-0.071680
-0.072015
-0.072322
-0.072613
-0.072862
-0.073117
-0.073316
-0.073542
-0.073695
-0.073900
-0.074012
-0.074203
-0.074275
-0.074462
-0.074495
-0.074686
-0.074677
-0.074883
-0.074830
-0.075060
-0.074957
-0.075225
-0.075062
-0.075382
-0.075149
-0.075539
-0.075219
-0.075700
-0.075273
-0.075871
-0.075310
-0.076059
-0.075330
-0.076271
-0.075330
-0.076515
-0.075305
-0.076801
-0.075249
-0.077141
-0.075153
-0.077551
-0.075004
-0.078049
-0.074787
-0.078659
-0.074479
-0.079414
-0.068279
-0.008653
-0.059471
-0.015269
-0.053141
-0.020419
-0.048725
-0.024559
-0.045800
-0.028022
-0.044045
-0.031046
-0.043217
-0.033799
-0.043126
-0.036396
-0.043622
-0.038912
-0.044585
-0.041391
-0.045913
-0.043855
-0.047519
-0.046308
-0.049328
-0.048743
-0.051273
-0.051141
-0.053293
-0.053483
-0.055335
-0.055743
-0.057352
-0.057900
-0.059305
-0.059932
-0.061162
-0.061822
-0.062899
-0.063558
-0.064500
-0.065135
-0.065955
-0.066550
-0.067261
-0.067806
-0.068419
-0.068912
-0.069436
-0.069876
-0.070322
-0.070711
-0.071088
-0.071430
-0.071745
-0.072047
-0.072307
-0.072574
-0.072786
-0.073026
-0.073193
-0.073413
-0.073539
-0.073747
-0.073833
-0.074037
-0.074083
-0.074292
-0.074296
-0.074520
-0.074478
-0.074728
-0.074633
-0.074922
-0.074766
-0.075108
-0.074879
-0.075293
-0.074974
-0.075482
-0.075051
-0.075680
-0.075110
-0.075894
-0.075150
-0.076132
-0.075168
-0.076403
-0.075159
-0.076716
-0.075116
-0.077084
-0.075030
-0.077525
-0.074889
-0.078057
-0.074673
-0.078706
-0.074361
-0.079507
-0.068150
-0.008503
-0.059302
-0.015024
-0.052926
-0.020114
-0.048470
-0.024219
-0.045513
-0.027663
-0.043738
-0.030681
-0.042900
-0.033438
-0.042808
-0.036047
-0.043312
-0.038582
-0.044290
-0.041086
-0.045640
-0.043580
-0.047275
-0.046069
-0.049118
-0.048542
-0.051101
-0.050983
-0.053163
-0.053370
-0.055249
-0.055678
-0.057313
-0.057883
-0.059315
-0.059963
-0.061220
-0.061902
-0.063004
-0.063685
-0.064650
-0.065305
-0.066147
-0.066761
-0.067491
-0.068053
-0.068682
-0.069189
-0.069728
-0.070179
-0.070636
-0.071034
-0.071418
-0.071767
-0.072087
-0.072392
-0.072655
-0.072923
-0.073135
-0.073374
-0.073539
-0.073756
-0.073878
-0.074081
-0.074161
-0.074360
-0.074399
-0.074602
-0.074598
-0.074815
-0.074764
-0.075006
-0.074903
-0.075184
-0.075018
-0.075353
-0.075114
-0.075520
-0.075191
-0.075691
-0.075250
-0.075872
-0.075292
-0.076070
-0.075316
-0.076291
-0.075318
-0.076546
-0.075294
-0.076844
-0.075237
-0.077197
-0.075139
-0.077622
-0.074986
-0.078138
-0.074761
-0.078770
-0.074443
-0.079551
-0.069843
-0.008851
-0.060842
-0.015606
-0.054356
-0.020847
-0.049811
-0.025042
-0.046773
-0.028531
-0.044917
-0.031557
-0.043993
-0.034293
-0.043810
-0.036856
-0.044215
-0.039324
-0.045085
-0.041744
-0.046320
-0.044140
-0.047831
-0.046517
-0.049545
-0.048871
-0.051396
-0.051189
-0.053326
-0.053451
-0.055283
-0.055637
-0.057224
-0.057726
-0.059110
-0.059700
-0.060912
-0.061542
-0.062605
-0.063243
-0.064175
-0.064795
-0.065610
-0.066197
-0.066906
-0.067450
-0.068065
-0.068560
-0.069091
-0.069536
-0.069991
-0.070388
-0.070775
-0.071128
-0.071454
-0.071767
-0.072039
-0.072318
-0.072541
-0.072794
-0.072972
-0.073205
-0.073340
-0.073561
-0.073656
-0.073872
-0.073926
-0.074147
-0.074157
-0.074394
-0.074356
-0.074619
-0.074527
-0.074830
-0.074674
-0.075031
-0.074799
-0.075230
-0.074904
-0.075432
-0.074991
-0.075643
-0.075058
-0.075870
-0.075105
-0.076121
-0.075128
-0.076405
-0.075123
-0.076732
-0.075083
-0.077117
-0.074997
-0.077574
-0.074854
-0.078127
-0.074633
-0.078801
-0.074312
-0.079631
-0.068974
-0.008583
-0.060010
-0.015164
-0.053543
-0.020295
-0.049011
-0.024424
-0.045989
-0.027880
-0.044157
-0.030899
-0.043266
-0.033647
-0.043124
-0.036239
-0.043580
-0.038750
-0.044510
-0.041225
-0.045812
-0.043686
-0.047399
-0.046137
-0.049195
-0.048572
-0.051132
-0.050975
-0.053151
-0.053325
-0.055198
-0.055599
-0.057227
-0.057775
-0.059199
-0.059831
-0.061082
-0.061751
-0.062850
-0.063522
-0.064485
-0.065136
-0.065978
-0.066590
-0.067322
-0.067886
-0.068519
-0.069030
-0.069573
-0.070030
-0.070493
-0.070896
-0.071287
-0.071642
-0.071969
-0.072281
-0.072551
-0.072826
-0.073044
-0.073289
-0.073460
-0.073683
-0.073810
-0.074020
-0.074104
-0.074309
-0.074351
-0.074559
-0.074558
-0.074780
-0.074731
-0.074979
-0.074876
-0.075163
-0.074996
-0.075338
-0.075096
-0.075511
-0.075176
-0.075687
-0.075239
-0.075872
-0.075284
-0.076075
-0.075309
-0.076302
-0.075312
-0.076562
-0.075288
-0.076865
-0.075231
-0.077225
-0.075132
-0.077658
-0.074976
-0.078183
-0.074748
-0.078827
-0.074423
-0.079621
-0.070741
-0.008985
-0.061639
-0.015833
-0.055075
-0.021133
-0.050461
-0.025362
-0.047364
-0.028867
-0.045453
-0.031896
-0.044477
-0.034622
-0.044243
-0.037166
-0.044596
-0.039606
-0.045414
-0.041991
-0.046594
-0.044345
-0.048049
-0.046676
-0.049706
-0.048981
-0.051500
-0.051248
-0.053374
-0.053459
-0.055277
-0.055596
-0.057168
-0.057640
-0.059009
-0.059574
-0.060772
-0.061382
-0.062433
-0.063055
-0.063977
-0.064586
-0.065394
-0.065974
-0.066679
-0.067219
-0.067832
-0.068327
-0.068858
-0.069305
-0.069762
-0.070163
-0.070554
-0.070912
-0.071243
-0.071563
-0.071841
-0.072127
-0.072357
-0.072617
-0.072801
-0.073042
-0.073184
-0.073412
-0.073513
-0.073738
-0.073797
-0.074026
-0.074041
-0.074286
-0.074252
-0.074524
-0.074434
-0.074745
-0.074591
-0.074958
-0.074725
-0.075167
-0.074839
-0.075379
-0.074933
-0.075600
-0.075007
-0.075836
-0.075060
-0.076097
-0.075088
-0.076390
-0.075087
-0.076727
-0.075050
-0.077122
-0.074967
-0.077592
-0.074823
-0.078158
-0.074601
-0.078847
-0.074274
-0.079697
