# u - 600 ites
1.014713
1.002480
1.013706
1.004859
1.013418
1.007040
1.013577
1.009015
1.014038
1.010825
1.014719
1.012507
1.015556
1.014084
1.016497
1.015568
1.017498
1.016960
1.018518
1.018256
1.019521
1.019444
1.020471
1.020510
1.021339
1.021437
1.022095
1.022211
1.022714
1.022814
1.023177
1.023236
1.023467
1.023468
1.023576
1.023507
1.023499
1.023355
1.023240
1.023019
1.022806
1.022511
1.022212
1.021848
1.021475
1.021051
1.020616
1.020142
1.019658
1.019145
1.018625
1.018084
1.017539
1.016980
1.016423
1.015856
1.015297
1.014731
1.014178
1.013621
1.013083
1.012539
1.012022
1.011497
1.011007
1.010503
1.010043
1.009562
1.009138
1.008679
1.008293
1.007856
1.007511
1.007092
1.006791
1.006387
1.006134
1.005739
1.005538
1.005144
1.005001
1.004600
1.004522
1.004102
1.004098
1.003646
1.003729
1.003226
1.003412
1.002836
1.003149
1.002472
1.002938
1.002125
1.002782
1.001788
1.002684
1.001451
1.002654
1.001091
1.014437
1.002425
1.013482
1.004799
1.013251
1.006992
1.013458
1.008984
1.013960
1.010813
1.014675
1.012515
1.015544
1.014114
1.016517
1.015622
1.017548
1.017040
1.018598
1.018361
1.019630
1.019575
1.020608
1.020665
1.021501
1.021615
1.022279
1.022408
1.022917
1.023026
1.023392
1.023457
1.023690
1.023693
1.023799
1.023730
1.023717
1.023569
1.023447
1.023219
1.022998
1.022692
1.022383
1.022008
1.021622
1.021186
1.020738
1.020251
1.019754
1.019227
1.018694
1.018140
1.017583
1.017012
1.016444
1.015866
1.015297
1.014722
1.014160
1.013595
1.013049
1.012499
1.011976
1.011446
1.010950
1.010443
1.009980
1.009496
1.009069
1.008610
1.008221
1.007784
1.007437
1.007020
1.006718
1.006315
1.006062
1.005669
1.005467
1.005077
1.004933
1.004536
1.004456
1.004042
1.004035
1.003589
1.003669
1.003173
1.003355
1.002789
1.003093
1.002429
1.002884
1.002088
1.002728
1.001758
1.002629
1.001428
1.002596
1.001076
1.014511
1.002433
1.013523
1.004800
1.013269
1.006987
1.013461
1.008973
1.013952
1.010798
1.014662
1.012498
1.015529
1.014097
1.016500
1.015605
1.017533
1.017026
1.018586
1.018351
1.019622
1.019570
1.020606
1.020666
1.021505
1.021622
1.022289
1.022421
1.022933
1.023045
1.023414
1.023482
1.023716
1.023722
1.023829
1.023761
1.023749
1.023601
1.023479
1.023250
1.023028
1.022722
1.022411
1.022034
1.021647
1.021208
1.020758
1.020268
1.019768
1.019240
1.018704
1.018147
1.017588
1.017015
1.016444
1.015865
1.015294
1.014717
1.014154
1.013587
1.013040
1.012490
1.011966
1.011435
1.010939
1.010432
1.009968
1.009485
1.009058
1.008598
1.008210
1.007773
1.007427
1.007010
1.006708
1.006306
1.006053
1.005661
1.005459
1.005070
1.004926
1.004530
1.004451
1.004036
1.004031
1.003585
1.003665
1.003170
1.003352
1.002786
1.003092
1.002427
1.002883
1.002085
1.002729
1.001755
1.002632
1.001424
1.002601
1.001072
1.014255
1.002397
1.013317
1.004756
1.013110
1.006947
1.013343
1.008946
1.013871
1.010786
1.014615
1.012505
1.015513
1.014126
1.016517
1.015659
1.017582
1.017106
1.018667
1.018460
1.019735
1.019707
1.020750
1.020831
1.021678
1.021813
1.022488
1.022634
1.023152
1.023275
1.023649
1.023723
1.023959
1.023968
1.024074
1.024004
1.023988
1.023835
1.023706
1.023469
1.023237
1.022919
1.022596
1.022206
1.021805
1.021352
1.020887
1.020383
1.019868
1.019325
1.018774
1.018204
1.017631
1.017045
1.016462
1.015870
1.015288
1.014701
1.014129
1.013554
1.012999
1.012441
1.011911
1.011376
1.010875
1.010364
1.009897
1.009411
1.008982
1.008521
1.008132
1.007695
1.007347
1.006931
1.006629
1.006229
1.005975
1.005586
1.005384
1.004998
1.004854
1.004462
1.004382
1.003973
1.003965
1.003526
1.003603
1.003116
1.003293
1.002737
1.003034
1.002383
1.002828
1.002047
1.002674
1.001723
1.002577
1.001399
1.002544
1.001054
1.014226
1.002400
1.013280
1.004753
1.013069
1.006940
1.013302
1.008935
1.013834
1.010775
1.014584
1.012498
1.015493
1.014125
1.016509
1.015669
1.017589
1.017130
1.018691
1.018499
1.019778
1.019764
1.020812
1.020906
1.021759
1.021906
1.022587
1.022743
1.023267
1.023398
1.023776
1.023856
1.024095
1.024107
1.024213
1.024144
1.024127
1.023971
1.023838
1.023596
1.023358
1.023034
1.022703
1.022305
1.021896
1.021434
1.020959
1.020445
1.019921
1.019368
1.018809
1.018229
1.017648
1.017054
1.016463
1.015865
1.015276
1.014684
1.014106
1.013526
1.012968
1.012407
1.011874
1.011335
1.010833
1.010320
1.009852
1.009366
1.008936
1.008475
1.008086
1.007649
1.007303
1.006888
1.006586
1.006188
1.005935
1.005547
1.005346
1.004962
1.004818
1.004429
1.004348
1.003943
1.003934
1.003498
1.003574
1.003091
1.003267
1.002715
1.003010
1.002363
1.002806
1.002030
1.002654
1.001708
1.002558
1.001386
1.002527
1.001043
1.013938
1.002363
1.013044
1.004704
1.012881
1.006892
1.013158
1.008898
1.013730
1.010755
1.014519
1.012500
1.015467
1.014155
1.016523
1.015730
1.017644
1.017225
1.018789
1.018632
1.019918
1.019936
1.020994
1.021116
1.021981
1.022152
1.022844
1.023020
1.023554
1.023700
1.024084
1.024175
1.024416
1.024432
1.024538
1.024467
1.024444
1.024282
1.024139
1.023886
1.023634
1.023296
1.022948
1.022532
1.022104
1.021622
1.021128
1.020594
1.020049
1.019477
1.018897
1.018299
1.017699
1.017088
1.016480
1.015867
1.015264
1.014658
1.014068
1.013477
1.012909
1.012339
1.011798
1.011254
1.010745
1.010228
1.009756
1.009267
1.008834
1.008373
1.007982
1.007546
1.007198
1.006785
1.006483
1.006087
1.005834
1.005450
1.005249
1.004870
1.004725
1.004342
1.004260
1.003862
1.003851
1.003424
1.003495
1.003022
1.003191
1.002653
1.002939
1.002308
1.002737
1.001982
1.002587
1.001667
1.002491
1.001353
1.002459
1.001019
1.013808
1.002355
1.012924
1.004687
1.012774
1.006871
1.013065
1.008876
1.013655
1.010738
1.014464
1.012493
1.015435
1.014164
1.016518
1.015761
1.017668
1.017282
1.018846
1.018719
1.020010
1.020054
1.021122
1.021268
1.022143
1.022336
1.023039
1.023233
1.023776
1.023937
1.024329
1.024429
1.024675
1.024695
1.024801
1.024731
1.024703
1.024537
1.024385
1.024123
1.023860
1.023509
1.023146
1.022715
1.022270
1.021772
1.021260
1.020709
1.020146
1.019556
1.018960
1.018346
1.017731
1.017105
1.016484
1.015858
1.015243
1.014626
1.014027
1.013428
1.012852
1.012276
1.011730
1.011181
1.010668
1.010149
1.009674
1.009184
1.008750
1.008289
1.007897
1.007462
1.007115
1.006704
1.006402
1.006010
1.005757
1.005377
1.005176
1.004802
1.004657
1.004279
1.004196
1.003803
1.003791
1.003371
1.003439
1.002975
1.003140
1.002610
1.002890
1.002270
1.002691
1.001949
1.002544
1.001638
1.002450
1.001329
1.002419
1.000999
1.013478
1.002314
1.012647
1.004630
1.012548
1.006813
1.012887
1.008828
1.013523
1.010708
1.014377
1.012489
1.015395
1.014193
1.016527
1.015829
1.017730
1.017395
1.018961
1.018880
1.020181
1.020267
1.021348
1.021531
1.022423
1.022647
1.023366
1.023587
1.024144
1.024325
1.024726
1.024840
1.025090
1.025117
1.025221
1.025149
1.025114
1.024939
1.024774
1.024498
1.024216
1.023845
1.023460
1.023005
1.022534
1.022010
1.021472
1.020894
1.020305
1.019688
1.019067
1.018427
1.017788
1.017140
1.016497
1.015852
1.015218
1.014586
1.013971
1.013358
1.012770
1.012184
1.011628
1.011071
1.010552
1.010028
1.009548
1.009055
1.008618
1.008156
1.007763
1.007330
1.006981
1.006573
1.006271
1.005883
1.005630
1.005255
1.005055
1.004686
1.004541
1.004171
1.004086
1.003703
1.003687
1.003278
1.003342
1.002890
1.003047
1.002533
1.002803
1.002202
1.002607
1.001889
1.002462
1.001588
1.002370
1.001288
1.002338
1.000970
1.013252
1.002295
1.012448
1.004597
1.012375
1.006774
1.012742
1.008790
1.013407
1.010679
1.014293
1.012477
1.015346
1.014205
1.016519
1.015874
1.017766
1.017479
1.019047
1.019009
1.020319
1.020444
1.021539
1.021758
1.022666
1.022922
1.023658
1.023905
1.024477
1.024679
1.025092
1.025220
1.025476
1.025510
1.025614
1.025542
1.025501
1.025318
1.025140
1.024850
1.024550
1.024159
1.023752
1.023274
1.022779
1.022229
1.021664
1.021060
1.020445
1.019803
1.019156
1.018493
1.017831
1.017161
1.016499
1.015834
1.015184
1.014536
1.013907
1.013283
1.012684
1.012089
1.011525
1.010963
1.010438
1.009910
1.009427
1.008933
1.008494
1.008032
1.007639
1.007207
1.006859
1.006454
1.006153
1.005769
1.005518
1.005148
1.004948
1.004586
1.004441
1.004078
1.003993
1.003618
1.003600
1.003200
1.003260
1.002820
1.002971
1.002471
1.002731
1.002146
1.002540
1.001841
1.002398
1.001546
1.002308
1.001253
1.002277
1.000942
1.012870
1.002250
1.012123
1.004531
1.012106
1.006703
1.012526
1.008728
1.013241
1.010636
1.014180
1.012463
1.015288
1.014231
1.016520
1.015947
1.017831
1.017608
1.019180
1.019200
1.020523
1.020701
1.021815
1.022081
1.023010
1.023308
1.024066
1.024348
1.024939
1.025167
1.025594
1.025739
1.026002
1.026044
1.026147
1.026072
1.026021
1.025827
1.025631
1.025321
1.024996
1.024579
1.024142
1.023633
1.023104
1.022521
1.021921
1.021282
1.020632
1.019956
1.019276
1.018582
1.017890
1.017192
1.016503
1.015815
1.015142
1.014474
1.013827
1.013186
1.012573
1.011966
1.011391
1.010820
1.010287
1.009754
1.009266
1.008770
1.008328
1.007866
1.007471
1.007042
1.006694
1.006292
1.005992
1.005613
1.005362
1.005000
1.004800
1.004446
1.004301
1.003947
1.003861
1.003497
1.003476
1.003089
1.003144
1.002719
1.002861
1.002380
1.002627
1.002066
1.002441
1.001770
1.002302
1.001486
1.002213
1.001205
1.002182
1.000906
1.012552
1.002219
1.011845
1.004479
1.011867
1.006643
1.012325
1.008669
1.013080
1.010589
1.014061
1.012439
1.015217
1.014239
1.016502
1.015999
1.017873
1.017713
1.019288
1.019366
1.020702
1.020933
1.022067
1.022382
1.023335
1.023677
1.024458
1.024777
1.025390
1.025647
1.026090
1.026255
1.026527
1.026578
1.026681
1.026606
1.026546
1.026340
1.026127
1.025797
1.025446
1.025002
1.024534
1.023992
1.023428
1.022809
1.022173
1.021498
1.020812
1.020102
1.019388
1.018661
1.017938
1.017212
1.016496
1.015783
1.015088
1.014400
1.013735
1.013080
1.012452
1.011834
1.011249
1.010671
1.010132
1.009594
1.009103
1.008605
1.008161
1.007701
1.007306
1.006879
1.006532
1.006135
1.005836
1.005463
1.005214
1.004858
1.004660
1.004314
1.004169
1.003825
1.003738
1.003385
1.003362
1.002987
1.003037
1.002627
1.002762
1.002298
1.002534
1.001993
1.002352
1.001707
1.002218
1.001432
1.002132
1.001160
1.002102
1.000871
1.012111
1.002166
1.011466
1.004400
1.011548
1.006556
1.012064
1.008588
1.012875
1.010528
1.013915
1.012410
1.015135
1.014255
1.016490
1.016072
1.017938
1.017854
1.019437
1.019585
1.020939
1.021235
1.022395
1.022770
1.023753
1.024147
1.024958
1.025322
1.025960
1.026252
1.026714
1.026902
1.027183
1.027244
1.027346
1.027267
1.027194
1.026973
1.026737
1.026380
1.025997
1.025517
1.025010
1.024427
1.023820
1.023157
1.022475
1.021756
1.021026
1.020273
1.019518
1.018752
1.017992
1.017231
1.016483
1.015741
1.015019
1.014307
1.013621
1.012947
1.012303
1.011672
1.011075
1.010488
1.009941
1.009398
1.008902
1.008402
1.007956
1.007496
1.007101
1.006677
1.006332
1.005939
1.005643
1.005276
1.005029
1.004681
1.004484
1.004148
1.004004
1.003671
1.003583
1.003243
1.003216
1.002858
1.002901
1.002509
1.002634
1.002192
1.002414
1.001899
1.002238
1.001625
1.002108
1.001363
1.002024
1.001103
1.001994
1.000828
1.011704
1.002123
1.011110
1.004328
1.011240
1.006471
1.011803
1.008503
1.012662
1.010456
1.013754
1.012364
1.015031
1.014250
1.016453
1.016121
1.017977
1.017971
1.019560
1.019781
1.021155
1.021519
1.022707
1.023145
1.024161
1.024613
1.025457
1.025871
1.026539
1.026870
1.027355
1.027570
1.027864
1.027938
1.028040
1.027960
1.027875
1.027638
1.027378
1.026993
1.026575
1.026059
1.025509
1.024882
1.024228
1.023518
1.022788
1.022021
1.021244
1.020445
1.019645
1.018838
1.018038
1.017241
1.016460
1.015687
1.014938
1.014202
1.013494
1.012801
1.012141
1.011496
1.010888
1.010293
1.009739
1.009192
1.008692
1.008191
1.007744
1.007286
1.006892
1.006472
1.006128
1.005742
1.005448
1.005089
1.004844
1.004506
1.004311
1.003985
1.003842
1.003521
1.003432
1.003105
1.003076
1.002733
1.002771
1.002397
1.002513
1.002091
1.002300
1.001811
1.002131
1.001548
1.002005
1.001297
1.001924
1.001049
1.001895
1.000786
1.011197
1.002063
1.010671
1.004233
1.010865
1.006362
1.011489
1.008397
1.012410
1.010368
1.013566
1.012311
1.014916
1.014248
1.016419
1.016187
1.018035
1.018120
1.019720
1.020025
1.021424
1.021869
1.023092
1.023604
1.024660
1.025179
1.026063
1.026534
1.027237
1.027614
1.028124
1.028368
1.028676
1.028763
1.028863
1.028778
1.028676
1.028418
1.028126
1.027706
1.027246
1.026682
1.026081
1.025401
1.024690
1.023923
1.023136
1.022312
1.021479
1.020627
1.019777
1.018921
1.018077
1.017238
1.016418
1.015611
1.014831
1.014067
1.013335
1.012622
1.011945
1.011285
1.010665
1.010061
1.009499
1.008947
1.008443
1.007942
1.007494
1.007039
1.006645
1.006231
1.005889
1.005510
1.005219
1.004869
1.004627
1.004299
1.004106
1.003793
1.003650
1.003343
1.003253
1.002942
1.002910
1.002584
1.002616
1.002262
1.002368
1.001971
1.002164
1.001704
1.002002
1.001455
1.001881
1.001218
1.001804
1.000985
1.001775
1.000738
1.010699
1.002006
1.010235
1.004138
1.010485
1.006246
1.011161
1.008277
1.012136
1.010260
1.013352
1.012232
1.014769
1.014217
1.016351
1.016222
1.018058
1.018238
1.019848
1.020243
1.021669
1.022198
1.023460
1.024054
1.025154
1.025748
1.026678
1.027214
1.027959
1.028388
1.028930
1.029211
1.029536
1.029640
1.029742
1.029655
1.029537
1.029258
1.028934
1.028476
1.027970
1.027356
1.026699
1.025960
1.025188
1.024358
1.023508
1.022622
1.021729
1.020818
1.019912
1.019004
1.018111
1.017227
1.016367
1.015524
1.014710
1.013918
1.013161
1.012427
1.011731
1.011058
1.010425
1.009812
1.009243
1.008689
1.008181
1.007681
1.007233
1.006781
1.006389
1.005981
1.005643
1.005272
1.004985
1.004644
1.004406
1.004089
1.003900
1.003599
1.003458
1.003165
1.003075
1.002780
1.002745
1.002437
1.002463
1.002130
1.002226
1.001854
1.002031
1.001601
1.001876
1.001365
1.001761
1.001142
1.001688
1.000922
1.001660
1.000690
1.010121
1.001935
1.009730
1.004023
1.010047
1.006108
1.010787
1.008136
1.011826
1.010135
1.013112
1.012144
1.014608
1.014186
1.016282
1.016269
1.018098
1.018384
1.020010
1.020507
1.021967
1.022594
1.023902
1.024589
1.025743
1.026422
1.027406
1.028016
1.028809
1.029296
1.029874
1.030193
1.030537
1.030657
1.030757
1.030663
1.030523
1.030215
1.029849
1.029343
1.028780
1.028104
1.027379
1.026570
1.025725
1.024823
1.023899
1.022942
1.021979
1.021002
1.020033
1.019067
1.018120
1.017187
1.016282
1.015399
1.014550
1.013728
1.012944
1.012189
1.011474
1.010787
1.010142
1.009521
1.008946
1.008388
1.007879
1.007380
1.006933
1.006486
1.006097
1.005696
1.005362
1.005001
1.004718
1.004389
1.004155
1.003851
1.003665
1.003378
1.003240
1.002962
1.002872
1.002595
1.002557
1.002270
1.002289
1.001980
1.002064
1.001719
1.001879
1.001482
1.001733
1.001262
1.001624
1.001054
1.001554
1.000851
1.001527
1.000636
1.009534
1.001863
1.009211
1.003900
1.009589
1.005955
1.010385
1.007971
1.011481
1.009979
1.012831
1.012017
1.014402
1.014112
1.016166
1.016271
1.018090
1.018487
1.020129
1.020732
1.022230
1.022961
1.024323
1.025111
1.026326
1.027101
1.028149
1.028844
1.029694
1.030250
1.030873
1.031241
1.031610
1.031754
1.031858
1.031760
1.031599
1.031262
1.030853
1.030296
1.029671
1.028928
1.028129
1.027243
1.026317
1.025333
1.024329
1.023292
1.022252
1.021202
1.020164
1.019134
1.018127
1.017141
1.016187
1.015262
1.014375
1.013521
1.012709
1.011931
1.011197
1.010495
1.009839
1.009210
1.008629
1.008069
1.007559
1.007062
1.006617
1.006176
1.005791
1.005399
1.005070
1.004720
1.004443
1.004126
1.003898
1.003607
1.003426
1.003154
1.003018
1.002757
1.002668
1.002409
1.002368
1.002102
1.002115
1.001829
1.001902
1.001586
1.001729
1.001364
1.001591
1.001161
1.001490
1.000968
1.001424
1.000780
1.001398
1.000582
1.008880
1.001781
1.008635
1.003760
1.009081
1.005782
1.009941
1.007786
1.011102
1.009805
1.012523
1.011879
1.014180
1.014034
1.016048
1.016283
1.018095
1.018616
1.020281
1.021004
1.022548
1.023398
1.024822
1.025725
1.027014
1.027896
1.029018
1.029809
1.030725
1.031357
1.032029
1.032448
1.032843
1.033008
1.033110
1.033002
1.032810
1.032433
1.031968
1.031347
1.030645
1.029820
1.028932
1.027953
1.026933
1.025854
1.024756
1.023629
1.022503
1.021371
1.020257
1.019157
1.018087
1.017043
1.016039
1.015069
1.014143
1.013257
1.012417
1.011617
1.010865
1.010150
1.009484
1.008850
1.008264
1.007705
1.007194
1.006702
1.006261
1.005827
1.005449
1.005067
1.004745
1.004406
1.004137
1.003834
1.003612
1.003337
1.003161
1.002906
1.002773
1.002530
1.002442
1.002203
1.002160
1.001916
1.001923
1.001663
1.001725
1.001438
1.001563
1.001235
1.001435
1.001048
1.001341
1.000873
1.001279
1.000703
1.001254
1.000524
1.008202
1.001693
1.008032
1.003605
1.008539
1.005582
1.009455
1.007565
1.010672
1.009584
1.012158
1.011684
1.013894
1.013895
1.015861
1.016230
1.018033
1.018681
1.020369
1.021219
1.022812
1.023790
1.025285
1.026315
1.027687
1.028692
1.029901
1.030803
1.031800
1.032525
1.033260
1.033743
1.034177
1.034373
1.034480
1.034368
1.034148
1.033732
1.033208
1.032518
1.031734
1.030818
1.029831
1.028750
1.027624
1.026440
1.025238
1.024010
1.022788
1.021565
1.020367
1.019188
1.018048
1.016941
1.015881
1.014862
1.013895
1.012973
1.012104
1.011281
1.010510
1.009781
1.009105
1.008465
1.007876
1.007317
1.006808
1.006321
1.005885
1.005461
1.005089
1.004719
1.004406
1.004081
1.003819
1.003531
1.003317
1.003058
1.002889
1.002651
1.002523
1.002299
1.002212
1.001994
1.001949
1.001728
1.001729
1.001496
1.001546
1.001289
1.001397
1.001105
1.001279
1.000936
1.001192
1.000778
1.001135
1.000625
1.001112
1.000464
1.007469
1.001595
1.007379
1.003434
1.007953
1.005363
1.008928
1.007321
1.010208
1.009343
1.011765
1.011475
1.013590
1.013750
1.015669
1.016183
1.017982
1.018770
1.020490
1.021481
1.023136
1.024258
1.025837
1.027011
1.028480
1.029624
1.030934
1.031961
1.033049
1.033875
1.034679
1.035230
1.035701
1.035924
1.036030
1.035902
1.035641
1.035168
1.034569
1.033789
1.032902
1.031875
1.030769
1.029566
1.028317
1.027011
1.025690
1.024348
1.023018
1.021696
1.020406
1.019145
1.017931
1.016759
1.015642
1.014575
1.013567
1.012612
1.011716
1.010872
1.010086
1.009347
1.008663
1.008022
1.007432
1.006878
1.006373
1.005895
1.005466
1.005054
1.004692
1.004336
1.004033
1.003724
1.003472
1.003201
1.002997
1.002756
1.002593
1.002375
1.002252
1.002049
1.001964
1.001768
1.001722
1.001526
1.001520
1.001315
1.001353
1.001129
1.001218
1.000964
1.001111
1.000815
1.001033
1.000675
1.000981
1.000542
1.000959
1.000402
1.006699
1.001489
1.006688
1.003241
1.007320
1.005108
1.008346
1.007028
1.009677
1.009038
1.011295
1.011188
1.013199
1.013517
1.015383
1.016043
1.017833
1.018766
1.020517
1.021656
1.023377
1.024652
1.026325
1.027659
1.029241
1.030543
1.031972
1.033147
1.034347
1.035297
1.036192
1.036832
1.037357
1.037624
1.037740
1.037604
1.037307
1.036779
1.036100
1.035225
1.034226
1.033076
1.031839
1.030499
1.029112
1.027669
1.026214
1.024745
1.023294
1.021860
1.020468
1.019115
1.017817
1.016573
1.015393
1.014274
1.013221
1.012229
1.011304
1.010438
1.009635
1.008885
1.008195
1.007551
1.006963
1.006413
1.005914
1.005446
1.005026
1.004627
1.004276
1.003936
1.003644
1.003352
1.003112
1.002860
1.002665
1.002443
1.002290
1.002091
1.001975
1.001793
1.001711
1.001538
1.001491
1.001320
1.001308
1.001132
1.001159
1.000968
1.001038
1.000823
1.000943
1.000693
1.000873
1.000573
1.000827
1.000458
1.000807
1.000338
1.005884
1.001375
1.005954
1.003035
1.006647
1.004833
1.007726
1.006711
1.009110
1.008710
1.010795
1.010883
1.012786
1.013273
1.015088
1.015906
1.017694
1.018785
1.020578
1.021882
1.023683
1.025132
1.026917
1.028430
1.030145
1.031626
1.033194
1.034534
1.035862
1.036948
1.037942
1.038674
1.039252
1.039555
1.039670
1.039511
1.039157
1.038549
1.037764
1.036765
1.035625
1.034323
1.032926
1.031424
1.029875
1.028273
1.026668
1.025056
1.023473
1.021918
1.020417
1.018968
1.017587
1.016271
1.015030
1.013860
1.012766
1.011744
1.010794
1.009911
1.009097
1.008343
1.007651
1.007011
1.006428
1.005889
1.005400
1.004946
1.004539
1.004158
1.003821
1.003499
1.003222
1.002950
1.002723
1.002491
1.002309
1.002109
1.001965
1.001788
1.001679
1.001520
1.001442
1.001293
1.001246
1.001101
1.001084
1.000938
1.000953
1.000797
1.000848
1.000674
1.000765
1.000564
1.000704
1.000465
1.000664
1.000370
1.000645
1.000272
1.005024
1.001247
1.005172
1.002797
1.005917
1.004509
1.007035
1.006327
1.008458
1.008296
1.010193
1.010474
1.012255
1.012910
1.014663
1.015638
1.017417
1.018666
1.020500
1.021974
1.023861
1.025495
1.027404
1.029116
1.030983
1.032669
1.034402
1.035939
1.037425
1.038683
1.039806
1.040661
1.041320
1.041684
1.041816
1.041646
1.041241
1.040555
1.039659
1.038527
1.037233
1.035762
1.034188
1.032502
1.030771
1.028991
1.027215
1.025441
1.023709
1.022018
1.020395
1.018837
1.017362
1.015965
1.014656
1.013431
1.012291
1.011234
1.010258
1.009357
1.008530
1.007771
1.007078
1.006443
1.005866
1.005337
1.004861
1.004422
1.004030
1.003667
1.003346
1.003044
1.002783
1.002532
1.002321
1.002111
1.001942
1.001764
1.001631
1.001478
1.001376
1.001241
1.001167
1.001044
1.000996
1.000880
1.000858
1.000742
1.000745
1.000624
1.000656
1.000524
1.000587
1.000435
1.000536
1.000356
1.000501
1.000282
1.000485
1.000206
1.004126
1.001114
1.004355
1.002547
1.005150
1.004166
1.006307
1.005920
1.007771
1.007856
1.009558
1.010041
1.011700
1.012531
1.014224
1.015368
1.017146
1.018570
1.020458
1.022121
1.024112
1.025955
1.028011
1.029950
1.031995
1.033915
1.035839
1.037599
1.039266
1.040711
1.041976
1.042961
1.043698
1.044112
1.044244
1.044038
1.043552
1.042750
1.041705
1.040397
1.038906
1.037226
1.035435
1.033531
1.031587
1.029601
1.027632
1.025680
1.023787
1.021952
1.020202
1.018536
1.016968
1.015495
1.014124
1.012849
1.011673
1.010589
1.009596
1.008686
1.007856
1.007101
1.006415
1.005792
1.005229
1.004719
1.004260
1.003843
1.003470
1.003130
1.002829
1.002553
1.002311
1.002084
1.001891
1.001706
1.001552
1.001399
1.001278
1.001150
1.001057
1.000947
1.000879
1.000783
1.000736
1.000648
1.000621
1.000537
1.000529
1.000444
1.000457
1.000367
1.000401
1.000301
1.000360
1.000243
1.000332
1.000190
1.000318
1.000137
1.003176
1.000963
1.003480
1.002258
1.004315
1.003761
1.005493
1.005426
1.006975
1.007305
1.008793
1.009471
1.010990
1.011990
1.013610
1.014915
1.016682
1.018277
1.020213
1.022068
1.024167
1.026231
1.028447
1.030636
1.032885
1.035073
1.037226
1.039254
1.041146
1.042830
1.044284
1.045445
1.046303
1.046803
1.046963
1.046740
1.046183
1.045267
1.044065
1.042567
1.040860
1.038945
1.036910
1.034759
1.032573
1.030354
1.028166
1.026011
1.023935
1.021936
1.020043
1.018253
1.016581
1.015021
1.013580
1.012251
1.011033
1.009919
1.008906
1.007985
1.007152
1.006400
1.005722
1.005112
1.004564
1.004073
1.003633
1.003239
1.002888
1.002573
1.002294
1.002043
1.001822
1.001622
1.001448
1.001288
1.001151
1.001024
1.000917
1.000814
1.000732
1.000648
1.000586
1.000517
1.000471
1.000413
1.000381
1.000329
1.000311
1.000263
1.000256
1.000209
1.000215
1.000166
1.000185
1.000129
1.000163
1.000098
1.000152
1.000068
1.002198
1.000808
1.002578
1.001958
1.003447
1.003337
1.004644
1.004906
1.006144
1.006725
1.007993
1.008873
1.010251
1.011428
1.012977
1.014456
1.016220
1.018002
1.020003
1.022073
1.024302
1.026617
1.029025
1.031499
1.033989
1.036486
1.038905
1.041239
1.043389
1.045339
1.047001
1.048347
1.049322
1.049894
1.050055
1.049778
1.049102
1.048015
1.046596
1.044844
1.042860
1.040650
1.038318
1.035871
1.033403
1.030916
1.028485
1.026109
1.023839
1.021671
1.019635
1.017725
1.015957
1.014321
1.012822
1.011452
1.010206
1.009077
1.008058
1.007141
1.006317
1.005581
1.004922
1.004336
1.003813
1.003350
1.002938
1.002575
1.002252
1.001968
1.001716
1.001496
1.001300
1.001130
1.000978
1.000847
1.000729
1.000630
1.000539
1.000464
1.000393
1.000337
1.000282
1.000241
1.000198
1.000169
1.000134
1.000115
1.000086
1.000076
1.000050
1.000047
1.000024
1.000027
1.000005
1.000013
0.999990
1.000004
0.999981
0.999998
1.001163
1.000632
1.001611
1.001611
1.002501
1.002837
1.003693
1.004281
1.005183
1.006006
1.007031
1.008099
1.009314
1.010652
1.012111
1.013747
1.015492
1.017449
1.019504
1.021785
1.024144
1.026719
1.029333
1.032118
1.034881
1.037731
1.040468
1.043170
1.045647
1.047936
1.049880
1.051484
1.052643
1.053343
1.053549
1.053246
1.052466
1.051208
1.049559
1.047530
1.045235
1.042693
1.040023
1.037239
1.034448
1.031656
1.028946
1.026317
1.023825
1.021463
1.019265
1.017219
1.015341
1.013618
1.012053
1.010634
1.009356
1.008209
1.007181
1.006267
1.005452
1.004732
1.004093
1.003532
1.003036
1.002603
1.002220
1.001888
1.001595
1.001344
1.001121
1.000933
1.000763
1.000625
1.000496
1.000396
1.000299
1.000228
1.000154
1.000107
1.000049
1.000022
0.999974
0.999963
0.999922
0.999924
0.999885
0.999900
0.999861
0.999888
0.999844
0.999885
0.999833
0.999888
0.999825
0.999897
0.999818
0.999910
0.999812
0.999927
1.000110
1.000454
1.000625
1.001254
1.001528
1.002320
1.002710
1.003629
1.004186
1.005255
1.006031
1.007293
1.008342
1.009848
1.011220
1.013024
1.014760
1.016909
1.019036
1.021555
1.024072
1.026943
1.029803
1.032949
1.036035
1.039296
1.042407
1.045535
1.048387
1.051061
1.053317
1.055196
1.056536
1.057343
1.057551
1.057162
1.056203
1.054688
1.052716
1.050313
1.047617
1.044655
1.041571
1.038384
1.035218
1.032080
1.029065
1.026166
1.023446
1.020893
1.018540
1.016371
1.014400
1.012611
1.011001
1.009557
1.008269
1.007125
1.006111
1.005219
1.004432
1.003745
1.003142
1.002620
1.002163
1.001771
1.001427
1.001138
1.000882
1.000671
1.000483
1.000333
1.000195
1.000091
0.999990
0.999923
0.999849
0.999810
0.999754
0.999738
0.999694
0.999696
0.999658
0.999676
0.999639
0.999673
0.999631
0.999680
0.999631
0.999697
0.999634
0.999720
0.999639
0.999747
0.999643
0.999779
0.999644
0.999815
0.999640
0.999856
0.998997
1.000250
0.999570
1.000844
1.000467
1.001713
1.001610
1.002851
1.003034
1.004333
1.004833
1.006266
1.007121
1.008769
1.010024
1.011970
1.013668
1.015986
1.018163
1.020903
1.023569
1.026738
1.029852
1.033385
1.036830
1.040560
1.044115
1.047758
1.051087
1.054258
1.056943
1.059211
1.060838
1.061841
1.062122
1.061691
1.060573
1.058793
1.056473
1.053653
1.050503
1.047061
1.043502
1.039850
1.036253
1.032717
1.029349
1.026140
1.023158
1.020385
1.017855
1.015545
1.013467
1.011599
1.009937
1.008461
1.007159
1.006016
1.005013
1.004143
1.003384
1.002732
1.002165
1.001684
1.001266
1.000918
1.000615
1.000369
1.000152
0.999983
0.999831
0.999720
0.999615
0.999548
0.999476
0.999443
0.999393
0.999387
0.999351
0.999365
0.999336
0.999368
0.999340
0.999389
0.999355
0.999421
0.999377
0.999461
0.999402
0.999506
0.999426
0.999555
0.999447
0.999607
0.999462
0.999662
0.999471
0.999721
0.999470
0.999786
0.997878
1.000047
0.998505
1.000426
0.999389
1.001091
1.000485
1.002048
1.001851
1.003379
1.003599
1.005203
1.005863
1.007656
1.008797
1.010892
1.012562
1.015064
1.017311
1.020301
1.023148
1.026661
1.030082
1.034065
1.037941
1.042222
1.046303
1.050552
1.054437
1.058179
1.061347
1.064037
1.065952
1.067120
1.067410
1.066840
1.065442
1.063259
1.060445
1.057059
1.053316
1.049268
1.045128
1.040924
1.036830
1.032850
1.029105
1.025576
1.022337
1.019359
1.016674
1.014253
1.012101
1.010190
1.008510
1.007038
1.005754
1.004644
1.003683
1.002862
1.002156
1.001560
1.001050
1.000628
1.000267
0.999976
0.999726
0.999533
0.999366
0.999246
0.999138
0.999072
0.999005
0.998979
0.998940
0.998945
0.998922
0.998950
0.998935
0.998983
0.998970
0.999034
0.999016
0.999096
0.999067
0.999165
0.999120
0.999238
0.999170
0.999313
0.999215
0.999389
0.999253
0.999466
0.999281
0.999545
0.999298
0.999626
0.999300
0.999715
0.996700
0.999816
0.997371
0.999947
0.998215
1.000369
0.999230
1.001099
1.000491
1.002224
1.002129
1.003872
1.004299
1.006198
1.007183
1.009383
1.010982
1.013624
1.015899
1.019104
1.022104
1.025944
1.029667
1.034121
1.038463
1.043364
1.048064
1.053044
1.057636
1.062125
1.065960
1.069260
1.071639
1.073120
1.073530
1.072886
1.071231
1.068622
1.065262
1.061232
1.056806
1.052054
1.047236
1.042390
1.037720
1.033225
1.029044
1.025146
1.021610
1.018395
1.015533
1.012980
1.010741
1.008776
1.007071
1.005598
1.004331
1.003252
1.002332
1.001560
1.000907
1.000369
0.999917
0.999554
0.999251
0.999019
0.998824
0.998686
0.998569
0.998500
0.998436
0.998417
0.998389
0.998405
0.998399
0.998442
0.998447
0.998511
0.998519
0.998600
0.998603
0.998699
0.998692
0.998804
0.998781
0.998911
0.998865
0.999017
0.998941
0.999122
0.999007
0.999225
0.999062
0.999327
0.999103
0.999428
0.999127
0.999533
0.999133
0.999646
0.995529
0.999587
0.996238
0.999466
0.997035
0.999636
0.997958
1.000130
0.999107
1.001041
1.000627
1.002506
1.002698
1.004701
1.005531
1.007840
1.009375
1.012169
1.014492
1.017938
1.021128
1.025347
1.029434
1.034443
1.039347
1.044986
1.050428
1.056281
1.061713
1.067078
1.071682
1.075658
1.078514
1.080266
1.080694
1.079819
1.077708
1.074444
1.070300
1.065392
1.060071
1.054428
1.048787
1.043185
1.037865
1.032812
1.028181
1.023923
1.020119
1.016707
1.013716
1.011087
1.008816
1.006854
1.005179
1.003756
1.002554
1.001550
1.000710
1.000024
0.999455
0.999004
0.998634
0.998354
0.998127
0.997970
0.997844
0.997773
0.997717
0.997708
0.997696
0.997730
0.997746
0.997810
0.997841
0.997926
0.997962
0.998063
0.998095
0.998210
0.998232
0.998361
0.998367
0.998510
0.998493
0.998656
0.998609
0.998796
0.998712
0.998931
0.998800
0.999061
0.998872
0.999188
0.998925
0.999313
0.998958
0.999440
0.998967
0.999577
0.994304
0.999329
0.995037
0.998919
0.995759
0.998795
0.996549
0.998999
0.997528
0.999628
0.998857
1.000826
1.000735
1.002785
1.003403
1.005753
1.007157
1.010031
1.012331
1.015949
1.019265
1.023814
1.028230
1.033791
1.039278
1.045730
1.052026
1.058928
1.065421
1.071936
1.077614
1.082584
1.086221
1.088495
1.089127
1.088115
1.085563
1.081582
1.076542
1.070607
1.064231
1.057538
1.050926
1.044437
1.038357
1.032656
1.027503
1.022829
1.018713
1.015073
1.011931
1.009209
1.006896
1.004930
1.003281
1.001905
1.000767
0.999838
0.999079
0.998478
0.997996
0.997631
0.997345
0.997147
0.996998
0.996917
0.996861
0.996858
0.996863
0.996914
0.996956
0.997043
0.997104
0.997215
0.997284
0.997411
0.997478
0.997617
0.997674
0.997824
0.997865
0.998026
0.998044
0.998220
0.998209
0.998404
0.998358
0.998579
0.998487
0.998744
0.998597
0.998901
0.998686
0.999052
0.998752
0.999200
0.998793
0.999350
0.998805
0.999510
0.993101
0.999078
0.993853
0.998377
0.994491
0.997951
0.995138
0.997858
0.995939
0.998197
0.997067
0.999117
0.998741
1.000831
1.001237
1.003623
1.004900
1.007856
1.010146
1.013957
1.017434
1.022364
1.027179
1.033392
1.039584
1.047015
1.054351
1.062526
1.070307
1.078205
1.085152
1.091260
1.095728
1.098472
1.099143
1.097727
1.094391
1.089301
1.082969
1.075628
1.067871
1.059855
1.052074
1.044564
1.037653
1.031281
1.025630
1.020589
1.016236
1.012452
1.009250
1.006528
1.004263
1.002378
1.000834
0.999579
0.998569
0.997773
0.997147
0.996676
0.996319
0.996075
0.995902
0.995812
0.995762
0.995775
0.995804
0.995883
0.995960
0.996081
0.996183
0.996330
0.996442
0.996604
0.996715
0.996887
0.996988
0.997166
0.997250
0.997436
0.997496
0.997691
0.997723
0.997931
0.997927
0.998155
0.998109
0.998363
0.998265
0.998558
0.998397
0.998742
0.998503
0.998918
0.998582
0.999089
0.998631
0.999261
0.998647
0.999444
0.991853
0.998797
0.992609
0.997770
0.993131
0.996997
0.993589
0.996547
0.994146
0.996518
0.994985
0.997058
0.996338
0.998391
0.998506
1.000832
1.001885
1.004809
1.006976
1.010856
1.014373
1.019573
1.024690
1.031499
1.038369
1.046834
1.055323
1.065002
1.074392
1.084109
1.092840
1.100648
1.106497
1.110162
1.111190
1.109500
1.105353
1.098988
1.091120
1.082086
1.072664
1.063064
1.053892
1.045175
1.037291
1.030139
1.023910
1.018447
1.013818
1.009866
1.006589
1.003859
1.001637
0.999832
0.998393
0.997260
0.996379
0.995718
0.995224
0.994886
0.994654
0.994531
0.994471
0.994489
0.994538
0.994644
0.994758
0.994918
0.995067
0.995257
0.995420
0.995626
0.995789
0.996002
0.996155
0.996371
0.996505
0.996723
0.996833
0.997055
0.997135
0.997363
0.997409
0.997648
0.997652
0.997911
0.997866
0.998153
0.998049
0.998378
0.998203
0.998588
0.998325
0.998788
0.998417
0.998982
0.998475
0.999175
0.998494
0.999381
0.990646
0.998527
0.991399
0.997175
0.991798
0.996054
0.992060
0.995245
0.992365
0.994840
0.992906
0.994990
0.993924
0.995926
0.995748
0.997999
0.998824
1.001704
1.003749
1.007699
1.011277
1.016783
1.022263
1.029773
1.037463
1.047182
1.057087
1.068623
1.080012
1.091975
1.102888
1.112720
1.120103
1.124646
1.125760
1.123319
1.117739
1.109396
1.099305
1.087948
1.076353
1.064782
1.053972
1.043917
1.035032
1.027146
1.020440
1.014690
1.009937
1.005976
1.002781
1.000189
0.998148
0.996546
0.995321
0.994406
0.993738
0.993283
0.992985
0.992831
0.992770
0.992807
0.992892
0.993044
0.993215
0.993434
0.993648
0.993902
0.994134
0.994402
0.994633
0.994905
0.995123
0.995391
0.995589
0.995852
0.996022
0.996281
0.996419
0.996676
0.996778
0.997039
0.997099
0.997370
0.997382
0.997672
0.997628
0.997948
0.997838
0.998202
0.998013
0.998439
0.998153
0.998662
0.998257
0.998877
0.998323
0.999091
0.998345
0.999319
0.989407
0.998230
0.990143
0.996520
0.990386
0.995006
0.990403
0.993777
0.990388
0.992914
0.990529
0.992552
0.991072
0.992926
0.992356
0.994402
0.994866
0.997533
0.999284
1.003100
1.006532
1.012128
1.017757
1.025794
1.034156
1.045102
1.056476
1.070137
1.083961
1.098855
1.112842
1.125743
1.135725
1.142008
1.143774
1.140735
1.133541
1.122791
1.109934
1.095699
1.081433
1.067475
1.054706
1.043073
1.033022
1.024290
1.017040
1.010962
1.006069
1.002092
0.998979
0.996532
0.994678
0.993286
0.992281
0.991587
0.991137
0.990890
0.990788
0.990818
0.990927
0.991121
0.991350
0.991635
0.991925
0.992254
0.992568
0.992913
0.993226
0.993571
0.993868
0.994204
0.994476
0.994798
0.995039
0.995348
0.995554
0.995852
0.996018
0.996310
0.996433
0.996725
0.996800
0.997101
0.997121
0.997441
0.997399
0.997750
0.997636
0.998033
0.997832
0.998295
0.997988
0.998541
0.998104
0.998777
0.998178
0.999011
0.998203
0.999260
0.988229
0.997949
0.988941
0.995891
0.989026
0.993990
0.988797
0.992344
0.988457
0.991020
0.988195
0.990142
0.988249
0.989936
0.988970
0.990786
0.990875
0.993297
0.994735
0.998384
1.001657
1.007332
1.013132
1.021769
1.030924
1.043349
1.056526
1.072841
1.089762
1.108373
1.126279
1.143019
1.156035
1.164095
1.166069
1.161518
1.151502
1.137006
1.120136
1.101954
1.084237
1.067377
1.052407
1.039150
1.028049
1.018680
1.011153
1.005034
1.000286
0.996564
0.993781
0.991698
0.990222
0.989205
0.988561
0.988208
0.988074
0.988120
0.988283
0.988556
0.988882
0.989274
0.989679
0.990123
0.990555
0.991013
0.991440
0.991889
0.992293
0.992722
0.993092
0.993496
0.993827
0.994205
0.994493
0.994849
0.995091
0.995430
0.995625
0.995952
0.996096
0.996420
0.996510
0.996841
0.996870
0.997218
0.997179
0.997560
0.997441
0.997870
0.997657
0.998157
0.997830
0.998425
0.997957
0.998681
0.998039
0.998935
0.998068
0.999204
0.987038
0.997646
0.987713
0.995212
0.987610
0.992886
0.987088
0.990767
0.986356
0.988900
0.985586
0.987379
0.984999
0.986405
0.984929
0.986349
0.985896
0.987841
0.988724
0.991895
0.994677
1.000046
1.005611
1.014443
1.023983
1.037632
1.052425
1.071587
1.092102
1.115445
1.138837
1.161497
1.179780
1.191388
1.194614
1.188622
1.175093
1.155743
1.133662
1.110471
1.088465
1.068092
1.050511
1.035372
1.023073
1.012998
1.005176
0.999027
0.994450
0.991014
0.988590
0.986898
0.985822
0.985195
0.984923
0.984918
0.985102
0.985441
0.985867
0.986379
0.986918
0.987503
0.988078
0.988677
0.989245
0.989826
0.990362
0.990911
0.991402
0.991911
0.992351
0.992821
0.993207
0.993640
0.993972
0.994374
0.994651
0.995028
0.995250
0.995611
0.995776
0.996130
0.996234
0.996593
0.996630
0.997007
0.996970
0.997379
0.997256
0.997716
0.997493
0.998026
0.997680
0.998315
0.997819
0.998591
0.997908
0.998862
0.997940
0.999151
0.985929
0.997365
0.986562
0.994574
0.986275
0.991839
0.985467
0.989262
0.984350
0.986863
0.983079
0.984704
0.981848
0.982953
0.980966
0.981959
0.980945
0.982358
0.982643
0.985250
0.987475
0.992436
0.997687
1.006668
1.016588
1.031649
1.048346
1.071067
1.096218
1.125673
1.156417
1.186937
1.211695
1.227245
1.231012
1.221678
1.202068
1.175124
1.145446
1.115407
1.087980
1.063553
1.043329
1.026593
1.013587
1.003370
0.995828
0.990191
0.986269
0.983538
0.981830
0.980825
0.980394
0.980359
0.980622
0.981098
0.981710
0.982428
0.983189
0.983996
0.984795
0.985608
0.986384
0.987161
0.987884
0.988605
0.989261
0.989919
0.990504
0.991100
0.991614
0.992152
0.992597
0.993086
0.993464
0.993911
0.994224
0.994640
0.994890
0.995284
0.995469
0.995853
0.995971
0.996357
0.996403
0.996806
0.996772
0.997208
0.997082
0.997571
0.997337
0.997903
0.997539
0.998211
0.997689
0.998505
0.997785
0.998795
0.997820
0.999101
0.984831
0.997071
0.985411
0.993904
0.984916
0.990734
0.983785
0.987655
0.982226
0.984652
0.980359
0.981737
0.978335
0.979020
0.976405
0.976784
0.975019
0.975611
0.974994
0.976602
0.977796
0.981724
0.985971
0.994290
1.003687
1.019362
1.037091
1.063135
1.093106
1.129854
1.170745
1.213676
1.249967
1.273233
1.279467
1.266296
1.238347
1.201002
1.161171
1.122403
1.088330
1.059106
1.035845
1.017344
1.003607
0.993312
0.986154
0.981141
0.977980
0.976044
0.975121
0.974857
0.975104
0.975683
0.976492
0.977452
0.978487
0.979578
0.980664
0.981757
0.982803
0.983835
0.984801
0.985746
0.986615
0.987465
0.988235
0.988994
0.989668
0.990343
0.990927
0.991529
0.992028
0.992569
0.992989
0.993480
0.993826
0.994278
0.994553
0.994979
0.995183
0.995595
0.995726
0.996138
0.996192
0.996619
0.996588
0.997049
0.996920
0.997435
0.997193
0.997788
0.997409
0.998115
0.997568
0.998426
0.997671
0.998732
0.997710
0.999055
0.983836
0.996806
0.984362
0.993293
0.983670
0.989716
0.982235
0.986166
0.980256
0.982591
0.977821
0.978949
0.975027
0.975283
0.972055
0.971792
0.969268
0.968972
0.967400
0.967869
0.967902
0.970552
0.973552
0.980887
0.989424
1.005559
1.024126
1.054226
1.090193
1.136238
1.191890
1.252455
1.303062
1.334868
1.342238
1.321158
1.279306
1.225833
1.171219
1.120674
1.078684
1.044686
1.019279
1.000264
0.987138
0.978005
0.972306
0.968809
0.967128
0.966560
0.966870
0.967697
0.968896
0.970301
0.971820
0.973393
0.974952
0.976493
0.977964
0.979390
0.980721
0.981999
0.983177
0.984307
0.985335
0.986325
0.987216
0.988082
0.988848
0.989606
0.990261
0.990928
0.991482
0.992075
0.992538
0.993071
0.993451
0.993937
0.994238
0.994693
0.994916
0.995354
0.995498
0.995934
0.995996
0.996446
0.996418
0.996902
0.996771
0.997311
0.997060
0.997683
0.997289
0.998027
0.997458
0.998354
0.997567
0.998674
0.997608
0.999012
0.982878
0.996537
0.983344
0.992674
0.982443
0.988682
0.980682
0.984638
0.978246
0.980443
0.975175
0.975987
0.971495
0.971215
0.967277
0.966194
0.962732
0.961240
0.958392
0.957192
0.955488
0.955966
0.956707
0.961632
0.967616
0.982281
0.999142
1.031790
1.071719
1.127169
1.203982
1.292631
1.366368
1.410457
1.420132
1.389790
1.330025
1.255987
1.183156
1.118848
1.067926
1.028631
1.000950
0.981564
0.969356
0.961756
0.957865
0.956183
0.956207
0.957171
0.958822
0.960805
0.962990
0.965233
0.967459
0.969631
0.971696
0.973667
0.975501
0.977237
0.978832
0.980338
0.981709
0.983007
0.984180
0.985297
0.986296
0.987259
0.988107
0.988941
0.989659
0.990385
0.990989
0.991628
0.992130
0.992701
0.993110
0.993629
0.993952
0.994434
0.994674
0.995136
0.995292
0.995749
0.995819
0.996290
0.996264
0.996769
0.996636
0.997198
0.996940
0.997587
0.997180
0.997947
0.997358
0.998288
0.997472
0.998622
0.997516
0.998974
0.982042
0.996305
0.982451
0.992132
0.981361
0.987768
0.979308
0.983281
0.976459
0.978524
0.972808
0.973320
0.968307
0.967510
0.962908
0.961009
0.956641
0.953911
0.949773
0.946747
0.943173
0.941089
0.939169
0.940905
0.943432
0.955502
0.968969
1.004295
1.046273
1.114685
1.227867
1.350248
1.434731
1.475513
1.478342
1.437064
1.361871
1.266785
1.172597
1.092855
1.034733
0.993780
0.967920
0.951806
0.943434
0.939589
0.939144
0.940472
0.943063
0.946183
0.949624
0.953089
0.956495
0.959749
0.962808
0.965671
0.968309
0.970760
0.972993
0.975067
0.976945
0.978692
0.980267
0.981740
0.983062
0.984308
0.985417
0.986477
0.987409
0.988316
0.989097
0.989880
0.990532
0.991216
0.991755
0.992362
0.992800
0.993348
0.993692
0.994199
0.994455
0.994939
0.995106
0.995583
0.995659
0.996149
0.996126
0.996650
0.996515
0.997097
0.996833
0.997502
0.997084
0.997876
0.997269
0.998230
0.997389
0.998576
0.997435
0.998940
0.981273
0.996081
0.981622
0.991611
0.980345
0.986888
0.977998
0.981961
0.974729
0.976635
0.970478
0.970650
0.965103
0.963724
0.958413
0.955576
0.950196
0.945980
0.940320
0.934962
0.929013
0.923329
0.917632
0.914078
0.910677
0.916125
0.920885
0.953167
0.985276
1.068538
1.226042
1.361168
1.410969
1.406620
1.389709
1.356880
1.307697
1.234943
1.145820
1.060270
0.996679
0.953813
0.930090
0.918252
0.914929
0.915943
0.919767
0.924675
0.930183
0.935659
0.940985
0.945965
0.950584
0.954817
0.958667
0.962176
0.965339
0.968225
0.970816
0.973189
0.975315
0.977273
0.979025
0.980650
0.982100
0.983457
0.984661
0.985804
0.986807
0.987777
0.988612
0.989444
0.990137
0.990860
0.991431
0.992068
0.992531
0.993104
0.993467
0.993996
0.994266
0.994768
0.994945
0.995439
0.995521
0.996027
0.996006
0.996546
0.996410
0.997009
0.996740
0.997428
0.997000
0.997815
0.997192
0.998179
0.997316
0.998535
0.997364
0.998911
0.980639
0.995899
0.980938
0.991182
0.979503
0.986158
0.976910
0.980863
0.973288
0.975056
0.968527
0.968403
0.962401
0.960503
0.954576
0.950874
0.944593
0.938947
0.931877
0.924139
0.915859
0.906198
0.896475
0.886378
0.875924
0.871374
0.864437
0.886455
0.899985
1.010785
1.177826
1.173953
1.001626
0.855404
0.814640
0.839543
0.901074
0.952432
0.960700
0.933889
0.904511
0.882384
0.873529
0.873367
0.879462
0.888015
0.897755
0.907279
0.916350
0.924592
0.932060
0.938718
0.944650
0.949926
0.954603
0.958779
0.962480
0.965804
0.968754
0.971423
0.973795
0.975959
0.977883
0.979653
0.981226
0.982689
0.983982
0.985203
0.986271
0.987300
0.988184
0.989062
0.989792
0.990550
0.991149
0.991814
0.992298
0.992894
0.993274
0.993821
0.994103
0.994622
0.994807
0.995316
0.995404
0.995924
0.995905
0.996459
0.996322
0.996935
0.996661
0.997366
0.996929
0.997763
0.997127
0.998137
0.997255
0.998502
0.997304
0.998886
0.980099
0.995737
0.980352
0.990804
0.978775
0.985514
0.975958
0.979886
0.972011
0.973637
0.966774
0.966358
0.959937
0.957524
0.951015
0.946440
0.939284
0.932146
0.923672
0.913318
0.902635
0.888254
0.874125
0.855279
0.836239
0.814915
0.791119
0.779551
0.758450
0.830477
0.782483
0.404089
0.028670
-0.081600
0.001683
0.173751
0.341308
0.498014
0.626416
0.695120
0.738649
0.767904
0.794142
0.817627
0.839547
0.858919
0.876116
0.890935
0.903800
0.914832
0.924364
0.932583
0.939702
0.945897
0.951290
0.956032
0.960182
0.963869
0.967111
0.970021
0.972590
0.974918
0.976978
0.978864
0.980534
0.982079
0.983443
0.984725
0.985846
0.986920
0.987844
0.988756
0.989516
0.990301
0.990923
0.991610
0.992112
0.992726
0.993119
0.993681
0.993973
0.994504
0.994697
0.995217
0.995309
0.995840
0.995823
0.996388
0.996250
0.996876
0.996598
0.997316
0.996872
0.997721
0.997075
0.998102
0.997206
0.998474
0.997256
0.998866
0.979703
0.995621
0.979921
0.990528
0.978239
0.985041
0.975258
0.979169
0.971070
0.972592
0.965481
0.964843
0.958110
0.955299
0.948353
0.943082
0.935257
0.926874
0.917305
0.904626
0.892012
0.873033
0.855204
0.826661
0.799834
0.756368
0.714713
0.647035
0.582328
0.495527
0.164889
-0.281165
-0.446890
-0.401156
-0.269034
-0.101054
0.033123
0.170260
0.330540
0.457997
0.563916
0.646174
0.710934
0.760869
0.800145
0.831038
0.855899
0.875984
0.892514
0.906175
0.917615
0.927254
0.935439
0.942451
0.948474
0.953711
0.958251
0.962252
0.965746
0.968862
0.971599
0.974066
0.976242
0.978225
0.979976
0.981591
0.983013
0.984345
0.985509
0.986621
0.987576
0.988517
0.989301
0.990108
0.990748
0.991453
0.991968
0.992596
0.992999
0.993574
0.993873
0.994414
0.994612
0.995142
0.995237
0.995776
0.995761
0.996334
0.996196
0.996830
0.996550
0.997278
0.996829
0.997689
0.997035
0.998076
0.997168
0.998454
0.997220
0.998851
0.979425
0.995536
0.979617
0.990329
0.977858
0.984700
0.974756
0.978648
0.970390
0.971828
0.964536
0.963727
0.956762
0.953644
0.946369
0.940552
0.932228
0.922843
0.912470
0.897841
0.883874
0.860806
0.840583
0.802782
0.771246
0.705555
0.652056
0.529336
0.427237
0.175709
-0.114746
-0.159450
-0.018805
0.015170
-0.021497
-0.059994
-0.029983
0.043057
0.162339
0.307360
0.444708
0.560522
0.650782
0.719331
0.771122
0.810587
0.841200
0.865262
0.884534
0.900146
0.912978
0.923638
0.932576
0.940158
0.946613
0.952187
0.956989
0.961198
0.964859
0.968109
0.970956
0.973514
0.975764
0.977810
0.979613
0.981273
0.982732
0.984097
0.985288
0.986425
0.987400
0.988359
0.989159
0.989981
0.990632
0.991348
0.991873
0.992510
0.992920
0.993502
0.993806
0.994354
0.994556
0.995092
0.995189
0.995734
0.995719
0.996298
0.996160
0.996800
0.996518
0.997252
0.996800
0.997667
0.997008
0.998059
0.997143
0.998440
0.997196
0.998841
0.979290
0.995496
0.979469
0.990234
0.977674
0.984536
0.974513
0.978398
0.970063
0.971461
0.964083
0.963191
0.956115
0.952845
0.945413
0.939321
0.930757
0.920853
0.910094
0.894405
0.879801
0.854374
0.833066
0.789604
0.755893
0.676266
0.615984
0.460342
0.329764
0.004267
-0.067252
0.197322
0.388230
0.346483
0.193331
0.030442
-0.018741
0.001270
0.082895
0.234701
0.386377
0.518030
0.620243
0.697738
0.755735
0.799591
0.833230
0.859420
0.880179
0.896853
0.910446
0.921665
0.931015
0.938909
0.945601
0.951359
0.956305
0.960629
0.964380
0.967705
0.970611
0.973219
0.975510
0.977589
0.979421
0.981105
0.982585
0.983967
0.985173
0.986322
0.987309
0.988278
0.989086
0.989915
0.990573
0.991295
0.991824
0.992466
0.992880
0.993466
0.993772
0.994324
0.994527
0.995066
0.995164
0.995713
0.995698
0.996280
0.996141
0.996785
0.996502
0.997239
0.996785
0.997657
0.996995
0.998050
0.997131
0.998433
0.997184
0.998836
0.979290
0.995496
0.979469
0.990234
0.977674
0.984536
0.974513
0.978398
0.970063
0.971461
0.964083
0.963191
0.956115
0.952845
0.945413
0.939321
0.930757
0.920853
0.910094
0.894405
0.879801
0.854374
0.833066
0.789604
0.755893
0.676266
0.615984
0.460342
0.329764
0.004267
-0.067252
0.197322
0.388230
0.346483
0.193331
0.030442
-0.018741
0.001270
0.082895
0.234701
0.386377
0.518030
0.620243
0.697738
0.755735
0.799591
0.833230
0.859420
0.880179
0.896853
0.910446
0.921665
0.931015
0.938909
0.945601
0.951359
0.956305
0.960629
0.964380
0.967705
0.970611
0.973219
0.975510
0.977589
0.979421
0.981105
0.982585
0.983967
0.985173
0.986322
0.987309
0.988278
0.989086
0.989915
0.990573
0.991295
0.991824
0.992466
0.992880
0.993466
0.993772
0.994324
0.994527
0.995066
0.995164
0.995713
0.995698
0.996280
0.996141
0.996785
0.996502
0.997239
0.996785
0.997657
0.996995
0.998050
0.997131
0.998433
0.997184
0.998836
0.979425
0.995536
0.979617
0.990329
0.977858
0.984700
0.974756
0.978648
0.970390
0.971828
0.964536
0.963727
0.956762
0.953644
0.946369
0.940552
0.932228
0.922843
0.912470
0.897841
0.883874
0.860806
0.840583
0.802782
0.771246
0.705555
0.652056
0.529336
0.427237
0.175709
-0.114746
-0.159450
-0.018805
0.015170
-0.021497
-0.059994
-0.029983
0.043057
0.162339
0.307360
0.444708
0.560522
0.650782
0.719331
0.771122
0.810587
0.841200
0.865262
0.884534
0.900146
0.912978
0.923638
0.932576
0.940158
0.946613
0.952187
0.956989
0.961198
0.964859
0.968109
0.970956
0.973514
0.975764
0.977810
0.979613
0.981273
0.982732
0.984097
0.985288
0.986425
0.987400
0.988359
0.989159
0.989981
0.990632
0.991348
0.991873
0.992510
0.992920
0.993502
0.993806
0.994354
0.994556
0.995092
0.995189
0.995734
0.995719
0.996298
0.996160
0.996800
0.996518
0.997252
0.996800
0.997667
0.997008
0.998059
0.997143
0.998440
0.997196
0.998841
0.979703
0.995621
0.979921
0.990528
0.978239
0.985041
0.975258
0.979169
0.971070
0.972592
0.965481
0.964843
0.958110
0.955299
0.948353
0.943082
0.935257
0.926874
0.917305
0.904626
0.892012
0.873033
0.855204
0.826661
0.799834
0.756368
0.714713
0.647035
0.582328
0.495527
0.164889
-0.281165
-0.446890
-0.401156
-0.269034
-0.101054
0.033123
0.170260
0.330540
0.457997
0.563916
0.646174
0.710934
0.760869
0.800145
0.831038
0.855899
0.875984
0.892514
0.906175
0.917615
0.927254
0.935439
0.942451
0.948474
0.953711
0.958251
0.962252
0.965746
0.968862
0.971599
0.974066
0.976242
0.978225
0.979976
0.981591
0.983013
0.984345
0.985509
0.986621
0.987576
0.988517
0.989301
0.990108
0.990748
0.991453
0.991968
0.992596
0.992999
0.993574
0.993873
0.994414
0.994612
0.995142
0.995237
0.995776
0.995761
0.996334
0.996196
0.996830
0.996550
0.997278
0.996829
0.997689
0.997035
0.998076
0.997168
0.998454
0.997220
0.998851
0.980099
0.995737
0.980352
0.990804
0.978775
0.985514
0.975958
0.979886
0.972011
0.973637
0.966774
0.966358
0.959937
0.957524
0.951015
0.946440
0.939284
0.932146
0.923672
0.913318
0.902635
0.888254
0.874125
0.855279
0.836239
0.814915
0.791119
0.779551
0.758450
0.830477
0.782483
0.404089
0.028670
-0.081600
0.001683
0.173751
0.341308
0.498014
0.626416
0.695120
0.738649
0.767904
0.794142
0.817627
0.839547
0.858919
0.876116
0.890935
0.903800
0.914832
0.924364
0.932583
0.939702
0.945897
0.951290
0.956032
0.960182
0.963869
0.967111
0.970021
0.972590
0.974918
0.976978
0.978864
0.980534
0.982079
0.983443
0.984725
0.985846
0.986920
0.987844
0.988756
0.989516
0.990301
0.990923
0.991610
0.992112
0.992726
0.993119
0.993681
0.993973
0.994504
0.994697
0.995217
0.995309
0.995840
0.995823
0.996388
0.996250
0.996876
0.996598
0.997316
0.996872
0.997721
0.997075
0.998102
0.997206
0.998474
0.997256
0.998866
0.980639
0.995899
0.980938
0.991182
0.979503
0.986158
0.976910
0.980863
0.973288
0.975056
0.968527
0.968403
0.962401
0.960503
0.954576
0.950874
0.944593
0.938947
0.931877
0.924139
0.915859
0.906198
0.896475
0.886378
0.875924
0.871374
0.864437
0.886455
0.899985
1.010785
1.177826
1.173953
1.001626
0.855404
0.814640
0.839543
0.901074
0.952432
0.960700
0.933889
0.904511
0.882384
0.873529
0.873367
0.879462
0.888015
0.897755
0.907279
0.916350
0.924592
0.932060
0.938718
0.944650
0.949926
0.954603
0.958779
0.962480
0.965804
0.968754
0.971423
0.973795
0.975959
0.977883
0.979653
0.981226
0.982689
0.983982
0.985203
0.986271
0.987300
0.988184
0.989062
0.989792
0.990550
0.991149
0.991814
0.992298
0.992894
0.993274
0.993821
0.994103
0.994622
0.994807
0.995316
0.995404
0.995924
0.995905
0.996459
0.996322
0.996935
0.996661
0.997366
0.996929
0.997763
0.997127
0.998137
0.997255
0.998502
0.997304
0.998886
0.981273
0.996081
0.981622
0.991611
0.980345
0.986888
0.977998
0.981961
0.974729
0.976635
0.970478
0.970650
0.965103
0.963724
0.958413
0.955576
0.950196
0.945980
0.940320
0.934962
0.929013
0.923329
0.917632
0.914078
0.910677
0.916125
0.920885
0.953167
0.985276
1.068538
1.226042
1.361168
1.410969
1.406620
1.389709
1.356880
1.307697
1.234943
1.145820
1.060270
0.996679
0.953813
0.930090
0.918252
0.914929
0.915943
0.919767
0.924675
0.930183
0.935659
0.940985
0.945965
0.950584
0.954817
0.958667
0.962176
0.965339
0.968225
0.970816
0.973189
0.975315
0.977273
0.979025
0.980650
0.982100
0.983457
0.984661
0.985804
0.986807
0.987777
0.988612
0.989444
0.990137
0.990860
0.991431
0.992068
0.992531
0.993104
0.993467
0.993996
0.994266
0.994768
0.994945
0.995439
0.995521
0.996027
0.996006
0.996546
0.996410
0.997009
0.996740
0.997428
0.997000
0.997815
0.997192
0.998179
0.997316
0.998535
0.997364
0.998911
0.982042
0.996305
0.982451
0.992132
0.981361
0.987768
0.979308
0.983281
0.976459
0.978524
0.972808
0.973320
0.968307
0.967510
0.962908
0.961009
0.956641
0.953911
0.949773
0.946747
0.943173
0.941089
0.939169
0.940905
0.943432
0.955502
0.968969
1.004295
1.046273
1.114685
1.227867
1.350248
1.434731
1.475513
1.478342
1.437064
1.361871
1.266785
1.172597
1.092855
1.034733
0.993780
0.967920
0.951806
0.943434
0.939589
0.939144
0.940472
0.943063
0.946183
0.949624
0.953089
0.956495
0.959749
0.962808
0.965671
0.968309
0.970760
0.972993
0.975067
0.976945
0.978692
0.980267
0.981740
0.983062
0.984308
0.985417
0.986477
0.987409
0.988316
0.989097
0.989880
0.990532
0.991216
0.991755
0.992362
0.992800
0.993348
0.993692
0.994199
0.994455
0.994939
0.995106
0.995583
0.995659
0.996149
0.996126
0.996650
0.996515
0.997097
0.996833
0.997502
0.997084
0.997876
0.997269
0.998230
0.997389
0.998576
0.997435
0.998940
0.982878
0.996537
0.983344
0.992674
0.982443
0.988682
0.980682
0.984638
0.978246
0.980443
0.975175
0.975987
0.971495
0.971215
0.967277
0.966194
0.962732
0.961240
0.958392
0.957192
0.955488
0.955966
0.956707
0.961632
0.967616
0.982281
0.999142
1.031790
1.071719
1.127169
1.203982
1.292631
1.366368
1.410457
1.420132
1.389790
1.330025
1.255987
1.183156
1.118848
1.067926
1.028631
1.000950
0.981564
0.969356
0.961756
0.957865
0.956183
0.956207
0.957171
0.958822
0.960805
0.962990
0.965233
0.967459
0.969631
0.971696
0.973667
0.975501
0.977237
0.978832
0.980338
0.981709
0.983007
0.984180
0.985297
0.986296
0.987259
0.988107
0.988941
0.989659
0.990385
0.990989
0.991628
0.992130
0.992701
0.993110
0.993629
0.993952
0.994434
0.994674
0.995136
0.995292
0.995749
0.995819
0.996290
0.996264
0.996769
0.996636
0.997198
0.996940
0.997587
0.997180
0.997947
0.997358
0.998288
0.997472
0.998622
0.997516
0.998974
0.983836
0.996806
0.984362
0.993293
0.983670
0.989716
0.982235
0.986166
0.980256
0.982591
0.977821
0.978949
0.975027
0.975283
0.972055
0.971792
0.969268
0.968972
0.967400
0.967869
0.967902
0.970552
0.973552
0.980887
0.989424
1.005559
1.024126
1.054226
1.090193
1.136238
1.191890
1.252455
1.303062
1.334868
1.342238
1.321158
1.279306
1.225833
1.171219
1.120674
1.078684
1.044686
1.019279
1.000264
0.987138
0.978005
0.972306
0.968809
0.967128
0.966560
0.966870
0.967697
0.968896
0.970301
0.971820
0.973393
0.974952
0.976493
0.977964
0.979390
0.980721
0.981999
0.983177
0.984307
0.985335
0.986325
0.987216
0.988082
0.988848
0.989606
0.990261
0.990928
0.991482
0.992075
0.992538
0.993071
0.993451
0.993937
0.994238
0.994693
0.994916
0.995354
0.995498
0.995934
0.995996
0.996446
0.996418
0.996902
0.996771
0.997311
0.997060
0.997683
0.997289
0.998027
0.997458
0.998354
0.997567
0.998674
0.997608
0.999012
0.984831
0.997071
0.985411
0.993904
0.984916
0.990734
0.983785
0.987655
0.982226
0.984652
0.980359
0.981737
0.978335
0.979020
0.976405
0.976784
0.975019
0.975611
0.974994
0.976602
0.977796
0.981724
0.985971
0.994290
1.003687
1.019362
1.037091
1.063135
1.093106
1.129854
1.170745
1.213676
1.249967
1.273233
1.279467
1.266296
1.238347
1.201002
1.161171
1.122403
1.088330
1.059106
1.035845
1.017344
1.003607
0.993312
0.986154
0.981141
0.977980
0.976044
0.975121
0.974857
0.975104
0.975683
0.976492
0.977452
0.978487
0.979578
0.980664
0.981757
0.982803
0.983835
0.984801
0.985746
0.986615
0.987465
0.988235
0.988994
0.989668
0.990343
0.990927
0.991529
0.992028
0.992569
0.992989
0.993480
0.993826
0.994278
0.994553
0.994979
0.995183
0.995595
0.995726
0.996138
0.996192
0.996619
0.996588
0.997049
0.996920
0.997435
0.997193
0.997788
0.997409
0.998115
0.997568
0.998426
0.997671
0.998732
0.997710
0.999055
0.985929
0.997365
0.986562
0.994574
0.986275
0.991839
0.985467
0.989262
0.984350
0.986863
0.983079
0.984704
0.981848
0.982953
0.980966
0.981959
0.980945
0.982358
0.982643
0.985250
0.987475
0.992436
0.997687
1.006668
1.016588
1.031649
1.048346
1.071067
1.096218
1.125673
1.156417
1.186937
1.211695
1.227245
1.231012
1.221678
1.202068
1.175124
1.145446
1.115407
1.087980
1.063553
1.043329
1.026593
1.013587
1.003370
0.995828
0.990191
0.986269
0.983538
0.981830
0.980825
0.980394
0.980359
0.980622
0.981098
0.981710
0.982428
0.983189
0.983996
0.984795
0.985608
0.986384
0.987161
0.987884
0.988605
0.989261
0.989919
0.990504
0.991100
0.991614
0.992152
0.992597
0.993086
0.993464
0.993911
0.994224
0.994640
0.994890
0.995284
0.995469
0.995853
0.995971
0.996357
0.996403
0.996806
0.996772
0.997208
0.997082
0.997571
0.997337
0.997903
0.997539
0.998211
0.997689
0.998505
0.997785
0.998795
0.997820
0.999101
0.987038
0.997646
0.987713
0.995212
0.987610
0.992886
0.987088
0.990767
0.986356
0.988900
0.985586
0.987379
0.984999
0.986405
0.984929
0.986349
0.985896
0.987841
0.988724
0.991895
0.994677
1.000046
1.005611
1.014443
1.023983
1.037632
1.052425
1.071587
1.092102
1.115445
1.138837
1.161497
1.179780
1.191388
1.194614
1.188622
1.175093
1.155743
1.133662
1.110471
1.088465
1.068092
1.050511
1.035372
1.023073
1.012998
1.005176
0.999027
0.994450
0.991014
0.988590
0.986898
0.985822
0.985195
0.984923
0.984918
0.985102
0.985441
0.985867
0.986379
0.986918
0.987503
0.988078
0.988677
0.989245
0.989826
0.990362
0.990911
0.991402
0.991911
0.992351
0.992821
0.993207
0.993640
0.993972
0.994374
0.994651
0.995028
0.995250
0.995611
0.995776
0.996130
0.996234
0.996593
0.996630
0.997007
0.996970
0.997379
0.997256
0.997716
0.997493
0.998026
0.997680
0.998315
0.997819
0.998591
0.997908
0.998862
0.997940
0.999151
0.988229
0.997949
0.988941
0.995891
0.989026
0.993990
0.988797
0.992344
0.988457
0.991020
0.988195
0.990142
0.988249
0.989936
0.988970
0.990786
0.990875
0.993297
0.994735
0.998384
1.001657
1.007332
1.013132
1.021769
1.030924
1.043349
1.056526
1.072841
1.089762
1.108373
1.126279
1.143019
1.156035
1.164095
1.166069
1.161518
1.151502
1.137006
1.120136
1.101954
1.084237
1.067377
1.052407
1.039150
1.028049
1.018680
1.011153
1.005034
1.000286
0.996564
0.993781
0.991698
0.990222
0.989205
0.988561
0.988208
0.988074
0.988120
0.988283
0.988556
0.988882
0.989274
0.989679
0.990123
0.990555
0.991013
0.991440
0.991889
0.992293
0.992722
0.993092
0.993496
0.993827
0.994205
0.994493
0.994849
0.995091
0.995430
0.995625
0.995952
0.996096
0.996420
0.996510
0.996841
0.996870
0.997218
0.997179
0.997560
0.997441
0.997870
0.997657
0.998157
0.997830
0.998425
0.997957
0.998681
0.998039
0.998935
0.998068
0.999204
0.989407
0.998230
0.990143
0.996520
0.990386
0.995006
0.990403
0.993777
0.990388
0.992914
0.990529
0.992552
0.991072
0.992926
0.992356
0.994402
0.994866
0.997533
0.999284
1.003100
1.006532
1.012128
1.017757
1.025794
1.034156
1.045102
1.056476
1.070137
1.083961
1.098855
1.112842
1.125743
1.135725
1.142008
1.143774
1.140735
1.133541
1.122791
1.109934
1.095699
1.081433
1.067475
1.054706
1.043073
1.033022
1.024290
1.017040
1.010962
1.006069
1.002092
0.998979
0.996532
0.994678
0.993286
0.992281
0.991587
0.991137
0.990890
0.990788
0.990818
0.990927
0.991121
0.991350
0.991635
0.991925
0.992254
0.992568
0.992913
0.993226
0.993571
0.993868
0.994204
0.994476
0.994798
0.995039
0.995348
0.995554
0.995852
0.996018
0.996310
0.996433
0.996725
0.996800
0.997101
0.997121
0.997441
0.997399
0.997750
0.997636
0.998033
0.997832
0.998295
0.997988
0.998541
0.998104
0.998777
0.998178
0.999011
0.998203
0.999260
0.990646
0.998527
0.991399
0.997175
0.991798
0.996054
0.992060
0.995245
0.992365
0.994840
0.992906
0.994990
0.993924
0.995926
0.995748
0.997999
0.998824
1.001704
1.003749
1.007699
1.011277
1.016783
1.022263
1.029773
1.037463
1.047182
1.057087
1.068623
1.080012
1.091975
1.102888
1.112720
1.120103
1.124646
1.125760
1.123319
1.117739
1.109396
1.099305
1.087948
1.076353
1.064782
1.053972
1.043917
1.035032
1.027146
1.020440
1.014690
1.009937
1.005976
1.002781
1.000189
0.998148
0.996546
0.995321
0.994406
0.993738
0.993283
0.992985
0.992831
0.992770
0.992807
0.992892
0.993044
0.993215
0.993434
0.993648
0.993902
0.994134
0.994402
0.994633
0.994905
0.995123
0.995391
0.995589
0.995852
0.996022
0.996281
0.996419
0.996676
0.996778
0.997039
0.997099
0.997370
0.997382
0.997672
0.997628
0.997948
0.997838
0.998202
0.998013
0.998439
0.998153
0.998662
0.998257
0.998877
0.998323
0.999091
0.998345
0.999319
0.991853
0.998797
0.992609
0.997770
0.993131
0.996997
0.993589
0.996547
0.994146
0.996518
0.994985
0.997058
0.996338
0.998391
0.998506
1.000832
1.001885
1.004809
1.006976
1.010856
1.014373
1.019573
1.024690
1.031499
1.038369
1.046834
1.055323
1.065002
1.074392
1.084109
1.092840
1.100648
1.106497
1.110162
1.111190
1.109500
1.105353
1.098988
1.091120
1.082086
1.072664
1.063064
1.053892
1.045175
1.037291
1.030139
1.023910
1.018447
1.013818
1.009866
1.006589
1.003859
1.001637
0.999832
0.998393
0.997260
0.996379
0.995718
0.995224
0.994886
0.994654
0.994531
0.994471
0.994489
0.994538
0.994644
0.994758
0.994918
0.995067
0.995257
0.995420
0.995626
0.995789
0.996002
0.996155
0.996371
0.996505
0.996723
0.996833
0.997055
0.997135
0.997363
0.997409
0.997648
0.997652
0.997911
0.997866
0.998153
0.998049
0.998378
0.998203
0.998588
0.998325
0.998788
0.998417
0.998982
0.998475
0.999175
0.998494
0.999381
0.993101
0.999078
0.993853
0.998377
0.994491
0.997951
0.995138
0.997858
0.995939
0.998197
0.997067
0.999117
0.998741
1.000831
1.001237
1.003623
1.004900
1.007856
1.010146
1.013957
1.017434
1.022364
1.027179
1.033392
1.039584
1.047015
1.054351
1.062526
1.070307
1.078205
1.085152
1.091260
1.095728
1.098472
1.099143
1.097727
1.094391
1.089301
1.082969
1.075628
1.067871
1.059855
1.052074
1.044564
1.037653
1.031281
1.025630
1.020589
1.016236
1.012452
1.009250
1.006528
1.004263
1.002378
1.000834
0.999579
0.998569
0.997773
0.997147
0.996676
0.996319
0.996075
0.995902
0.995812
0.995762
0.995775
0.995804
0.995883
0.995960
0.996081
0.996183
0.996330
0.996442
0.996604
0.996715
0.996887
0.996988
0.997166
0.997250
0.997436
0.997496
0.997691
0.997723
0.997931
0.997927
0.998155
0.998109
0.998363
0.998265
0.998558
0.998397
0.998742
0.998503
0.998918
0.998582
0.999089
0.998631
0.999261
0.998647
0.999444
0.994304
0.999329
0.995037
0.998919
0.995759
0.998795
0.996549
0.998999
0.997528
0.999628
0.998857
1.000826
1.000735
1.002785
1.003403
1.005753
1.007157
1.010031
1.012331
1.015949
1.019265
1.023814
1.028230
1.033791
1.039278
1.045730
1.052026
1.058928
1.065421
1.071936
1.077614
1.082584
1.086221
1.088495
1.089127
1.088115
1.085563
1.081582
1.076542
1.070607
1.064231
1.057538
1.050926
1.044437
1.038357
1.032656
1.027503
1.022829
1.018713
1.015073
1.011931
1.009209
1.006896
1.004930
1.003281
1.001905
1.000767
0.999838
0.999079
0.998478
0.997996
0.997631
0.997345
0.997147
0.996998
0.996917
0.996861
0.996858
0.996863
0.996914
0.996956
0.997043
0.997104
0.997215
0.997284
0.997411
0.997478
0.997617
0.997674
0.997824
0.997865
0.998026
0.998044
0.998220
0.998209
0.998404
0.998358
0.998579
0.998487
0.998744
0.998597
0.998901
0.998686
0.999052
0.998752
0.999200
0.998793
0.999350
0.998805
0.999510
0.995529
0.999587
0.996238
0.999466
0.997035
0.999636
0.997958
1.000130
0.999107
1.001041
1.000627
1.002506
1.002698
1.004701
1.005531
1.007840
1.009375
1.012169
1.014492
1.017938
1.021128
1.025347
1.029434
1.034443
1.039347
1.044986
1.050428
1.056281
1.061713
1.067078
1.071682
1.075658
1.078514
1.080266
1.080694
1.079819
1.077708
1.074444
1.070300
1.065392
1.060071
1.054428
1.048787
1.043185
1.037865
1.032812
1.028181
1.023923
1.020119
1.016707
1.013716
1.011087
1.008816
1.006854
1.005179
1.003756
1.002554
1.001550
1.000710
1.000024
0.999455
0.999004
0.998634
0.998354
0.998127
0.997970
0.997844
0.997773
0.997717
0.997708
0.997696
0.997730
0.997746
0.997810
0.997841
0.997926
0.997962
0.998063
0.998095
0.998210
0.998232
0.998361
0.998367
0.998510
0.998493
0.998656
0.998609
0.998796
0.998712
0.998931
0.998800
0.999061
0.998872
0.999188
0.998925
0.999313
0.998958
0.999440
0.998967
0.999577
0.996700
0.999816
0.997371
0.999947
0.998215
1.000369
0.999230
1.001099
1.000491
1.002224
1.002129
1.003872
1.004299
1.006198
1.007183
1.009383
1.010982
1.013624
1.015899
1.019104
1.022104
1.025944
1.029667
1.034121
1.038463
1.043364
1.048064
1.053044
1.057636
1.062125
1.065960
1.069260
1.071639
1.073120
1.073530
1.072886
1.071231
1.068622
1.065262
1.061232
1.056806
1.052054
1.047236
1.042390
1.037720
1.033225
1.029044
1.025146
1.021610
1.018395
1.015533
1.012980
1.010741
1.008776
1.007071
1.005598
1.004331
1.003252
1.002332
1.001560
1.000907
1.000369
0.999917
0.999554
0.999251
0.999019
0.998824
0.998686
0.998569
0.998500
0.998436
0.998417
0.998389
0.998405
0.998399
0.998442
0.998447
0.998511
0.998519
0.998600
0.998603
0.998699
0.998692
0.998804
0.998781
0.998911
0.998865
0.999017
0.998941
0.999122
0.999007
0.999225
0.999062
0.999327
0.999103
0.999428
0.999127
0.999533
0.999133
0.999646
0.997878
1.000047
0.998505
1.000426
0.999389
1.001091
1.000485
1.002048
1.001851
1.003379
1.003599
1.005203
1.005863
1.007656
1.008797
1.010892
1.012562
1.015064
1.017311
1.020301
1.023148
1.026661
1.030082
1.034065
1.037941
1.042222
1.046303
1.050552
1.054437
1.058179
1.061347
1.064037
1.065952
1.067120
1.067410
1.066840
1.065442
1.063259
1.060445
1.057059
1.053316
1.049268
1.045128
1.040924
1.036830
1.032850
1.029105
1.025576
1.022337
1.019359
1.016674
1.014253
1.012101
1.010190
1.008510
1.007038
1.005754
1.004644
1.003683
1.002862
1.002156
1.001560
1.001050
1.000628
1.000267
0.999976
0.999726
0.999533
0.999366
0.999246
0.999138
0.999072
0.999005
0.998979
0.998940
0.998945
0.998922
0.998950
0.998935
0.998983
0.998970
0.999034
0.999016
0.999096
0.999067
0.999165
0.999120
0.999238
0.999170
0.999313
0.999215
0.999389
0.999253
0.999466
0.999281
0.999545
0.999298
0.999626
0.999300
0.999715
0.998997
1.000250
0.999570
1.000844
1.000467
1.001713
1.001610
1.002851
1.003034
1.004333
1.004833
1.006266
1.007121
1.008769
1.010024
1.011970
1.013668
1.015986
1.018163
1.020903
1.023569
1.026738
1.029852
1.033385
1.036830
1.040560
1.044115
1.047758
1.051087
1.054258
1.056943
1.059211
1.060838
1.061841
1.062122
1.061691
1.060573
1.058793
1.056473
1.053653
1.050503
1.047061
1.043502
1.039850
1.036253
1.032717
1.029349
1.026140
1.023158
1.020385
1.017855
1.015545
1.013467
1.011599
1.009937
1.008461
1.007159
1.006016
1.005013
1.004143
1.003384
1.002732
1.002165
1.001684
1.001266
1.000918
1.000615
1.000369
1.000152
0.999983
0.999831
0.999720
0.999615
0.999548
0.999476
0.999443
0.999393
0.999387
0.999351
0.999365
0.999336
0.999368
0.999340
0.999389
0.999355
0.999421
0.999377
0.999461
0.999402
0.999506
0.999426
0.999555
0.999447
0.999607
0.999462
0.999662
0.999471
0.999721
0.999470
0.999786
1.000110
1.000454
1.000625
1.001254
1.001528
1.002320
1.002710
1.003629
1.004186
1.005255
1.006031
1.007293
1.008342
1.009848
1.011220
1.013024
1.014760
1.016909
1.019036
1.021555
1.024072
1.026943
1.029803
1.032949
1.036035
1.039296
1.042407
1.045535
1.048387
1.051061
1.053317
1.055196
1.056536
1.057343
1.057551
1.057162
1.056203
1.054688
1.052716
1.050313
1.047617
1.044655
1.041571
1.038384
1.035218
1.032080
1.029065
1.026166
1.023446
1.020893
1.018540
1.016371
1.014400
1.012611
1.011001
1.009557
1.008269
1.007125
1.006111
1.005219
1.004432
1.003745
1.003142
1.002620
1.002163
1.001771
1.001427
1.001138
1.000882
1.000671
1.000483
1.000333
1.000195
1.000091
0.999990
0.999923
0.999849
0.999810
0.999754
0.999738
0.999694
0.999696
0.999658
0.999676
0.999639
0.999673
0.999631
0.999680
0.999631
0.999697
0.999634
0.999720
0.999639
0.999747
0.999643
0.999779
0.999644
0.999815
0.999640
0.999856
1.001163
1.000632
1.001611
1.001611
1.002501
1.002837
1.003693
1.004281
1.005183
1.006006
1.007031
1.008099
1.009314
1.010652
1.012111
1.013747
1.015492
1.017449
1.019504
1.021785
1.024144
1.026719
1.029333
1.032118
1.034881
1.037731
1.040468
1.043170
1.045647
1.047936
1.049880
1.051484
1.052643
1.053343
1.053549
1.053246
1.052466
1.051208
1.049559
1.047530
1.045235
1.042693
1.040023
1.037239
1.034448
1.031656
1.028946
1.026317
1.023825
1.021463
1.019265
1.017219
1.015341
1.013618
1.012053
1.010634
1.009356
1.008209
1.007181
1.006267
1.005452
1.004732
1.004093
1.003532
1.003036
1.002603
1.002220
1.001888
1.001595
1.001344
1.001121
1.000933
1.000763
1.000625
1.000496
1.000396
1.000299
1.000228
1.000154
1.000107
1.000049
1.000022
0.999974
0.999963
0.999922
0.999924
0.999885
0.999900
0.999861
0.999888
0.999844
0.999885
0.999833
0.999888
0.999825
0.999897
0.999818
0.999910
0.999812
0.999927
1.002198
1.000808
1.002578
1.001958
1.003447
1.003337
1.004644
1.004906
1.006144
1.006725
1.007993
1.008873
1.010251
1.011428
1.012977
1.014456
1.016220
1.018002
1.020003
1.022073
1.024302
1.026617
1.029025
1.031499
1.033989
1.036486
1.038905
1.041239
1.043389
1.045339
1.047001
1.048347
1.049322
1.049894
1.050055
1.049778
1.049102
1.048015
1.046596
1.044844
1.042860
1.040650
1.038318
1.035871
1.033403
1.030916
1.028485
1.026109
1.023839
1.021671
1.019635
1.017725
1.015957
1.014321
1.012822
1.011452
1.010206
1.009077
1.008058
1.007141
1.006317
1.005581
1.004922
1.004336
1.003813
1.003350
1.002938
1.002575
1.002252
1.001968
1.001716
1.001496
1.001300
1.001130
1.000978
1.000847
1.000729
1.000630
1.000539
1.000464
1.000393
1.000337
1.000282
1.000241
1.000198
1.000169
1.000134
1.000115
1.000086
1.000076
1.000050
1.000047
1.000024
1.000027
1.000005
1.000013
0.999990
1.000004
0.999981
0.999998
1.003176
1.000963
1.003480
1.002258
1.004315
1.003761
1.005493
1.005426
1.006975
1.007305
1.008793
1.009471
1.010990
1.011990
1.013610
1.014915
1.016682
1.018277
1.020213
1.022068
1.024167
1.026231
1.028447
1.030636
1.032885
1.035073
1.037226
1.039254
1.041146
1.042830
1.044284
1.045445
1.046303
1.046803
1.046963
1.046740
1.046183
1.045267
1.044065
1.042567
1.040860
1.038945
1.036910
1.034759
1.032573
1.030354
1.028166
1.026011
1.023935
1.021936
1.020043
1.018253
1.016581
1.015021
1.013580
1.012251
1.011033
1.009919
1.008906
1.007985
1.007152
1.006400
1.005722
1.005112
1.004564
1.004073
1.003633
1.003239
1.002888
1.002573
1.002294
1.002043
1.001822
1.001622
1.001448
1.001288
1.001151
1.001024
1.000917
1.000814
1.000732
1.000648
1.000586
1.000517
1.000471
1.000413
1.000381
1.000329
1.000311
1.000263
1.000256
1.000209
1.000215
1.000166
1.000185
1.000129
1.000163
1.000098
1.000152
1.000068
1.004126
1.001114
1.004355
1.002547
1.005150
1.004166
1.006307
1.005920
1.007771
1.007856
1.009558
1.010041
1.011700
1.012531
1.014224
1.015368
1.017146
1.018570
1.020458
1.022121
1.024112
1.025955
1.028011
1.029950
1.031995
1.033915
1.035839
1.037599
1.039266
1.040711
1.041976
1.042961
1.043698
1.044112
1.044244
1.044038
1.043552
1.042750
1.041705
1.040397
1.038906
1.037226
1.035435
1.033531
1.031587
1.029601
1.027632
1.025680
1.023787
1.021952
1.020202
1.018536
1.016968
1.015495
1.014124
1.012849
1.011673
1.010589
1.009596
1.008686
1.007856
1.007101
1.006415
1.005792
1.005229
1.004719
1.004260
1.003843
1.003470
1.003130
1.002829
1.002553
1.002311
1.002084
1.001891
1.001706
1.001552
1.001399
1.001278
1.001150
1.001057
1.000947
1.000879
1.000783
1.000736
1.000648
1.000621
1.000537
1.000529
1.000444
1.000457
1.000367
1.000401
1.000301
1.000360
1.000243
1.000332
1.000190
1.000318
1.000137
1.005024
1.001247
1.005172
1.002797
1.005917
1.004509
1.007035
1.006327
1.008458
1.008296
1.010193
1.010474
1.012255
1.012910
1.014663
1.015638
1.017417
1.018666
1.020500
1.021974
1.023861
1.025495
1.027404
1.029116
1.030983
1.032669
1.034402
1.035939
1.037425
1.038683
1.039806
1.040661
1.041320
1.041684
1.041816
1.041646
1.041241
1.040555
1.039659
1.038527
1.037233
1.035762
1.034188
1.032502
1.030771
1.028991
1.027215
1.025441
1.023709
1.022018
1.020395
1.018837
1.017362
1.015965
1.014656
1.013431
1.012291
1.011234
1.010258
1.009357
1.008530
1.007771
1.007078
1.006443
1.005866
1.005337
1.004861
1.004422
1.004030
1.003667
1.003346
1.003044
1.002783
1.002532
1.002321
1.002111
1.001942
1.001764
1.001631
1.001478
1.001376
1.001241
1.001167
1.001044
1.000996
1.000880
1.000858
1.000742
1.000745
1.000624
1.000656
1.000524
1.000587
1.000435
1.000536
1.000356
1.000501
1.000282
1.000485
1.000206
1.005884
1.001375
1.005954
1.003035
1.006647
1.004833
1.007726
1.006711
1.009110
1.008710
1.010795
1.010883
1.012786
1.013273
1.015088
1.015906
1.017694
1.018785
1.020578
1.021882
1.023683
1.025132
1.026917
1.028430
1.030145
1.031626
1.033194
1.034534
1.035862
1.036948
1.037942
1.038674
1.039252
1.039555
1.039670
1.039511
1.039157
1.038549
1.037764
1.036765
1.035625
1.034323
1.032926
1.031424
1.029875
1.028273
1.026668
1.025056
1.023473
1.021918
1.020417
1.018968
1.017587
1.016271
1.015030
1.013860
1.012766
1.011744
1.010794
1.009911
1.009097
1.008343
1.007651
1.007011
1.006428
1.005889
1.005400
1.004946
1.004539
1.004158
1.003821
1.003499
1.003222
1.002950
1.002723
1.002491
1.002309
1.002109
1.001965
1.001788
1.001679
1.001520
1.001442
1.001293
1.001246
1.001101
1.001084
1.000938
1.000953
1.000797
1.000848
1.000674
1.000765
1.000564
1.000704
1.000465
1.000664
1.000370
1.000645
1.000272
1.006699
1.001489
1.006688
1.003241
1.007320
1.005108
1.008346
1.007028
1.009677
1.009038
1.011295
1.011188
1.013199
1.013517
1.015383
1.016043
1.017833
1.018766
1.020517
1.021656
1.023377
1.024652
1.026325
1.027659
1.029241
1.030543
1.031972
1.033147
1.034347
1.035297
1.036192
1.036832
1.037357
1.037624
1.037740
1.037604
1.037307
1.036779
1.036100
1.035225
1.034226
1.033076
1.031839
1.030499
1.029112
1.027669
1.026214
1.024745
1.023294
1.021860
1.020468
1.019115
1.017817
1.016573
1.015393
1.014274
1.013221
1.012229
1.011304
1.010438
1.009635
1.008885
1.008195
1.007551
1.006963
1.006413
1.005914
1.005446
1.005026
1.004627
1.004276
1.003936
1.003644
1.003352
1.003112
1.002860
1.002665
1.002443
1.002290
1.002091
1.001975
1.001793
1.001711
1.001538
1.001491
1.001320
1.001308
1.001132
1.001159
1.000968
1.001038
1.000823
1.000943
1.000693
1.000873
1.000573
1.000827
1.000458
1.000807
1.000338
1.007469
1.001595
1.007379
1.003434
1.007953
1.005363
1.008928
1.007321
1.010208
1.009343
1.011765
1.011475
1.013590
1.013750
1.015669
1.016183
1.017982
1.018770
1.020490
1.021481
1.023136
1.024258
1.025837
1.027011
1.028480
1.029624
1.030934
1.031961
1.033049
1.033875
1.034679
1.035230
1.035701
1.035924
1.036030
1.035902
1.035641
1.035168
1.034569
1.033789
1.032902
1.031875
1.030769
1.029566
1.028317
1.027011
1.025690
1.024348
1.023018
1.021696
1.020406
1.019145
1.017931
1.016759
1.015642
1.014575
1.013567
1.012612
1.011716
1.010872
1.010086
1.009347
1.008663
1.008022
1.007432
1.006878
1.006373
1.005895
1.005466
1.005054
1.004692
1.004336
1.004033
1.003724
1.003472
1.003201
1.002997
1.002756
1.002593
1.002375
1.002252
1.002049
1.001964
1.001768
1.001722
1.001526
1.001520
1.001315
1.001353
1.001129
1.001218
1.000964
1.001111
1.000815
1.001033
1.000675
1.000981
1.000542
1.000959
1.000402
1.008202
1.001693
1.008032
1.003605
1.008539
1.005582
1.009455
1.007565
1.010672
1.009584
1.012158
1.011684
1.013894
1.013895
1.015861
1.016230
1.018033
1.018681
1.020369
1.021219
1.022812
1.023790
1.025285
1.026315
1.027687
1.028692
1.029901
1.030803
1.031800
1.032525
1.033260
1.033743
1.034177
1.034373
1.034480
1.034368
1.034148
1.033732
1.033208
1.032518
1.031734
1.030818
1.029831
1.028750
1.027624
1.026440
1.025238
1.024010
1.022788
1.021565
1.020367
1.019188
1.018048
1.016941
1.015881
1.014862
1.013895
1.012973
1.012104
1.011281
1.010510
1.009781
1.009105
1.008465
1.007876
1.007317
1.006808
1.006321
1.005885
1.005461
1.005089
1.004719
1.004406
1.004081
1.003819
1.003531
1.003317
1.003058
1.002889
1.002651
1.002523
1.002299
1.002212
1.001994
1.001949
1.001728
1.001729
1.001496
1.001546
1.001289
1.001397
1.001105
1.001279
1.000936
1.001192
1.000778
1.001135
1.000625
1.001112
1.000464
1.008880
1.001781
1.008635
1.003760
1.009081
1.005782
1.009941
1.007786
1.011102
1.009805
1.012523
1.011879
1.014180
1.014034
1.016048
1.016283
1.018095
1.018616
1.020281
1.021004
1.022548
1.023398
1.024822
1.025725
1.027014
1.027896
1.029018
1.029809
1.030725
1.031357
1.032029
1.032448
1.032843
1.033008
1.033110
1.033002
1.032810
1.032433
1.031968
1.031347
1.030645
1.029820
1.028932
1.027953
1.026933
1.025854
1.024756
1.023629
1.022503
1.021371
1.020257
1.019157
1.018087
1.017043
1.016039
1.015069
1.014143
1.013257
1.012417
1.011617
1.010865
1.010150
1.009484
1.008850
1.008264
1.007705
1.007194
1.006702
1.006261
1.005827
1.005449
1.005067
1.004745
1.004406
1.004137
1.003834
1.003612
1.003337
1.003161
1.002906
1.002773
1.002530
1.002442
1.002203
1.002160
1.001916
1.001923
1.001663
1.001725
1.001438
1.001563
1.001235
1.001435
1.001048
1.001341
1.000873
1.001279
1.000703
1.001254
1.000524
1.009534
1.001863
1.009211
1.003900
1.009589
1.005955
1.010385
1.007971
1.011481
1.009979
1.012831
1.012017
1.014402
1.014112
1.016166
1.016271
1.018090
1.018487
1.020129
1.020732
1.022230
1.022961
1.024323
1.025111
1.026326
1.027101
1.028149
1.028844
1.029694
1.030250
1.030873
1.031241
1.031610
1.031754
1.031858
1.031760
1.031599
1.031262
1.030853
1.030296
1.029671
1.028928
1.028129
1.027243
1.026317
1.025333
1.024329
1.023292
1.022252
1.021202
1.020164
1.019134
1.018127
1.017141
1.016187
1.015262
1.014375
1.013521
1.012709
1.011931
1.011197
1.010495
1.009839
1.009210
1.008629
1.008069
1.007559
1.007062
1.006617
1.006176
1.005791
1.005399
1.005070
1.004720
1.004443
1.004126
1.003898
1.003607
1.003426
1.003154
1.003018
1.002757
1.002668
1.002409
1.002368
1.002102
1.002115
1.001829
1.001902
1.001586
1.001729
1.001364
1.001591
1.001161
1.001490
1.000968
1.001424
1.000780
1.001398
1.000582
1.010121
1.001935
1.009730
1.004023
1.010047
1.006108
1.010787
1.008136
1.011826
1.010135
1.013112
1.012144
1.014608
1.014186
1.016282
1.016269
1.018098
1.018384
1.020010
1.020507
1.021967
1.022594
1.023902
1.024589
1.025743
1.026422
1.027406
1.028016
1.028809
1.029296
1.029874
1.030193
1.030537
1.030657
1.030757
1.030663
1.030523
1.030215
1.029849
1.029343
1.028780
1.028104
1.027379
1.026570
1.025725
1.024823
1.023899
1.022942
1.021979
1.021002
1.020033
1.019067
1.018120
1.017187
1.016282
1.015399
1.014550
1.013728
1.012944
1.012189
1.011474
1.010787
1.010142
1.009521
1.008946
1.008388
1.007879
1.007380
1.006933
1.006486
1.006097
1.005696
1.005362
1.005001
1.004718
1.004389
1.004155
1.003851
1.003665
1.003378
1.003240
1.002962
1.002872
1.002595
1.002557
1.002270
1.002289
1.001980
1.002064
1.001719
1.001879
1.001482
1.001733
1.001262
1.001624
1.001054
1.001554
1.000851
1.001527
1.000636
1.010699
1.002006
1.010235
1.004138
1.010485
1.006246
1.011161
1.008277
1.012136
1.010260
1.013352
1.012232
1.014769
1.014217
1.016351
1.016222
1.018058
1.018238
1.019848
1.020243
1.021669
1.022198
1.023460
1.024054
1.025154
1.025748
1.026678
1.027214
1.027959
1.028388
1.028930
1.029211
1.029536
1.029640
1.029742
1.029655
1.029537
1.029258
1.028934
1.028476
1.027970
1.027356
1.026699
1.025960
1.025188
1.024358
1.023508
1.022622
1.021729
1.020818
1.019912
1.019004
1.018111
1.017227
1.016367
1.015524
1.014710
1.013918
1.013161
1.012427
1.011731
1.011058
1.010425
1.009812
1.009243
1.008689
1.008181
1.007681
1.007233
1.006781
1.006389
1.005981
1.005643
1.005272
1.004985
1.004644
1.004406
1.004089
1.003900
1.003599
1.003458
1.003165
1.003075
1.002780
1.002745
1.002437
1.002463
1.002130
1.002226
1.001854
1.002031
1.001601
1.001876
1.001365
1.001761
1.001142
1.001688
1.000922
1.001660
1.000690
1.011197
1.002063
1.010671
1.004233
1.010865
1.006362
1.011489
1.008397
1.012410
1.010368
1.013566
1.012311
1.014916
1.014248
1.016419
1.016187
1.018035
1.018120
1.019720
1.020025
1.021424
1.021869
1.023092
1.023604
1.024660
1.025179
1.026063
1.026534
1.027237
1.027614
1.028124
1.028368
1.028676
1.028763
1.028863
1.028778
1.028676
1.028418
1.028126
1.027706
1.027246
1.026682
1.026081
1.025401
1.024690
1.023923
1.023136
1.022312
1.021479
1.020627
1.019777
1.018921
1.018077
1.017238
1.016418
1.015611
1.014831
1.014067
1.013335
1.012622
1.011945
1.011285
1.010665
1.010061
1.009499
1.008947
1.008443
1.007942
1.007494
1.007039
1.006645
1.006231
1.005889
1.005510
1.005219
1.004869
1.004627
1.004299
1.004106
1.003793
1.003650
1.003343
1.003253
1.002942
1.002910
1.002584
1.002616
1.002262
1.002368
1.001971
1.002164
1.001704
1.002002
1.001455
1.001881
1.001218
1.001804
1.000985
1.001775
1.000738
1.011704
1.002123
1.011110
1.004328
1.011240
1.006471
1.011803
1.008503
1.012662
1.010456
1.013754
1.012364
1.015031
1.014250
1.016453
1.016121
1.017977
1.017971
1.019560
1.019781
1.021155
1.021519
1.022707
1.023145
1.024161
1.024613
1.025457
1.025871
1.026539
1.026870
1.027355
1.027570
1.027864
1.027938
1.028040
1.027960
1.027875
1.027638
1.027378
1.026993
1.026575
1.026059
1.025509
1.024882
1.024228
1.023518
1.022788
1.022021
1.021244
1.020445
1.019645
1.018838
1.018038
1.017241
1.016460
1.015687
1.014938
1.014202
1.013494
1.012801
1.012141
1.011496
1.010888
1.010293
1.009739
1.009192
1.008692
1.008191
1.007744
1.007286
1.006892
1.006472
1.006128
1.005742
1.005448
1.005089
1.004844
1.004506
1.004311
1.003985
1.003842
1.003521
1.003432
1.003105
1.003076
1.002733
1.002771
1.002397
1.002513
1.002091
1.002300
1.001811
1.002131
1.001548
1.002005
1.001297
1.001924
1.001049
1.001895
1.000786
1.012111
1.002166
1.011466
1.004400
1.011548
1.006556
1.012064
1.008588
1.012875
1.010528
1.013915
1.012410
1.015135
1.014255
1.016490
1.016072
1.017938
1.017854
1.019437
1.019585
1.020939
1.021235
1.022395
1.022770
1.023753
1.024147
1.024958
1.025322
1.025960
1.026252
1.026714
1.026902
1.027183
1.027244
1.027346
1.027267
1.027194
1.026973
1.026737
1.026380
1.025997
1.025517
1.025010
1.024427
1.023820
1.023157
1.022475
1.021756
1.021026
1.020273
1.019518
1.018752
1.017992
1.017231
1.016483
1.015741
1.015019
1.014307
1.013621
1.012947
1.012303
1.011672
1.011075
1.010488
1.009941
1.009398
1.008902
1.008402
1.007956
1.007496
1.007101
1.006677
1.006332
1.005939
1.005643
1.005276
1.005029
1.004681
1.004484
1.004148
1.004004
1.003671
1.003583
1.003243
1.003216
1.002858
1.002901
1.002509
1.002634
1.002192
1.002414
1.001899
1.002238
1.001625
1.002108
1.001363
1.002024
1.001103
1.001994
1.000828
1.012552
1.002219
1.011845
1.004479
1.011867
1.006643
1.012325
1.008669
1.013080
1.010589
1.014061
1.012439
1.015217
1.014239
1.016502
1.015999
1.017873
1.017713
1.019288
1.019366
1.020702
1.020933
1.022067
1.022382
1.023335
1.023677
1.024458
1.024777
1.025390
1.025647
1.026090
1.026255
1.026527
1.026578
1.026681
1.026606
1.026546
1.026340
1.026127
1.025797
1.025446
1.025002
1.024534
1.023992
1.023428
1.022809
1.022173
1.021498
1.020812
1.020102
1.019388
1.018661
1.017938
1.017212
1.016496
1.015783
1.015088
1.014400
1.013735
1.013080
1.012452
1.011834
1.011249
1.010671
1.010132
1.009594
1.009103
1.008605
1.008161
1.007701
1.007306
1.006879
1.006532
1.006135
1.005836
1.005463
1.005214
1.004858
1.004660
1.004314
1.004169
1.003825
1.003738
1.003385
1.003362
1.002987
1.003037
1.002627
1.002762
1.002298
1.002534
1.001993
1.002352
1.001707
1.002218
1.001432
1.002132
1.001160
1.002102
1.000871
1.012870
1.002250
1.012123
1.004531
1.012106
1.006703
1.012526
1.008728
1.013241
1.010636
1.014180
1.012463
1.015288
1.014231
1.016520
1.015947
1.017831
1.017608
1.019180
1.019200
1.020523
1.020701
1.021815
1.022081
1.023010
1.023308
1.024066
1.024348
1.024939
1.025167
1.025594
1.025739
1.026002
1.026044
1.026147
1.026072
1.026021
1.025827
1.025631
1.025321
1.024996
1.024579
1.024142
1.023633
1.023104
1.022521
1.021921
1.021282
1.020632
1.019956
1.019276
1.018582
1.017890
1.017192
1.016503
1.015815
1.015142
1.014474
1.013827
1.013186
1.012573
1.011966
1.011391
1.010820
1.010287
1.009754
1.009266
1.008770
1.008328
1.007866
1.007471
1.007042
1.006694
1.006292
1.005992
1.005613
1.005362
1.005000
1.004800
1.004446
1.004301
1.003947
1.003861
1.003497
1.003476
1.003089
1.003144
1.002719
1.002861
1.002380
1.002627
1.002066
1.002441
1.001770
1.002302
1.001486
1.002213
1.001205
1.002182
1.000906
1.013252
1.002295
1.012448
1.004597
1.012375
1.006774
1.012742
1.008790
1.013407
1.010679
1.014293
1.012477
1.015346
1.014205
1.016519
1.015874
1.017766
1.017479
1.019047
1.019009
1.020319
1.020444
1.021539
1.021758
1.022666
1.022922
1.023658
1.023905
1.024477
1.024679
1.025092
1.025220
1.025476
1.025510
1.025614
1.025542
1.025501
1.025318
1.025140
1.024850
1.024550
1.024159
1.023752
1.023274
1.022779
1.022229
1.021664
1.021060
1.020445
1.019803
1.019156
1.018493
1.017831
1.017161
1.016499
1.015834
1.015184
1.014536
1.013907
1.013283
1.012684
1.012089
1.011525
1.010963
1.010438
1.009910
1.009427
1.008933
1.008494
1.008032
1.007639
1.007207
1.006859
1.006454
1.006153
1.005769
1.005518
1.005148
1.004948
1.004586
1.004441
1.004078
1.003993
1.003618
1.003600
1.003200
1.003260
1.002820
1.002971
1.002471
1.002731
1.002146
1.002540
1.001841
1.002398
1.001546
1.002308
1.001253
1.002277
1.000942
1.013478
1.002314
1.012647
1.004630
1.012548
1.006813
1.012887
1.008828
1.013523
1.010708
1.014377
1.012489
1.015395
1.014193
1.016527
1.015829
1.017730
1.017395
1.018961
1.018880
1.020181
1.020267
1.021348
1.021531
1.022423
1.022647
1.023366
1.023587
1.024144
1.024325
1.024726
1.024840
1.025090
1.025117
1.025221
1.025149
1.025114
1.024939
1.024774
1.024498
1.024216
1.023845
1.023460
1.023005
1.022534
1.022010
1.021472
1.020894
1.020305
1.019688
1.019067
1.018427
1.017788
1.017140
1.016497
1.015852
1.015218
1.014586
1.013971
1.013358
1.012770
1.012184
1.011628
1.011071
1.010552
1.010028
1.009548
1.009055
1.008618
1.008156
1.007763
1.007330
1.006981
1.006573
1.006271
1.005883
1.005630
1.005255
1.005055
1.004686
1.004541
1.004171
1.004086
1.003703
1.003687
1.003278
1.003342
1.002890
1.003047
1.002533
1.002803
1.002202
1.002607
1.001889
1.002462
1.001588
1.002370
1.001288
1.002338
1.000970
1.013808
1.002355
1.012924
1.004687
1.012774
1.006871
1.013065
1.008876
1.013655
1.010738
1.014464
1.012493
1.015435
1.014164
1.016518
1.015761
1.017668
1.017282
1.018846
1.018719
1.020010
1.020054
1.021122
1.021268
1.022143
1.022336
1.023039
1.023233
1.023776
1.023937
1.024329
1.024429
1.024675
1.024695
1.024801
1.024731
1.024703
1.024537
1.024385
1.024123
1.023860
1.023509
1.023146
1.022715
1.022270
1.021772
1.021260
1.020709
1.020146
1.019556
1.018960
1.018346
1.017731
1.017105
1.016484
1.015858
1.015243
1.014626
1.014027
1.013428
1.012852
1.012276
1.011730
1.011181
1.010668
1.010149
1.009674
1.009184
1.008750
1.008289
1.007897
1.007462
1.007115
1.006704
1.006402
1.006010
1.005757
1.005377
1.005176
1.004802
1.004657
1.004279
1.004196
1.003803
1.003791
1.003371
1.003439
1.002975
1.003140
1.002610
1.002890
1.002270
1.002691
1.001949
1.002544
1.001638
1.002450
1.001329
1.002419
1.000999
1.013938
1.002363
1.013044
1.004704
1.012881
1.006892
1.013158
1.008898
1.013730
1.010755
1.014519
1.012500
1.015467
1.014155
1.016523
1.015730
1.017644
1.017225
1.018789
1.018632
1.019918
1.019936
1.020994
1.021116
1.021981
1.022152
1.022844
1.023020
1.023554
1.023700
1.024084
1.024175
1.024416
1.024432
1.024538
1.024467
1.024444
1.024282
1.024139
1.023886
1.023634
1.023296
1.022948
1.022532
1.022104
1.021622
1.021128
1.020594
1.020049
1.019477
1.018897
1.018299
1.017699
1.017088
1.016480
1.015867
1.015264
1.014658
1.014068
1.013477
1.012909
1.012339
1.011798
1.011254
1.010745
1.010228
1.009756
1.009267
1.008834
1.008373
1.007982
1.007546
1.007198
1.006785
1.006483
1.006087
1.005834
1.005450
1.005249
1.004870
1.004725
1.004342
1.004260
1.003862
1.003851
1.003424
1.003495
1.003022
1.003191
1.002653
1.002939
1.002308
1.002737
1.001982
1.002587
1.001667
1.002491
1.001353
1.002459
1.001019
1.014226
1.002400
1.013280
1.004753
1.013069
1.006940
1.013302
1.008935
1.013834
1.010775
1.014584
1.012498
1.015493
1.014125
1.016509
1.015669
1.017589
1.017130
1.018691
1.018499
1.019778
1.019764
1.020812
1.020906
1.021759
1.021906
1.022587
1.022743
1.023267
1.023398
1.023776
1.023856
1.024095
1.024107
1.024213
1.024144
1.024127
1.023971
1.023838
1.023596
1.023358
1.023034
1.022703
1.022305
1.021896
1.021434
1.020959
1.020445
1.019921
1.019368
1.018809
1.018229
1.017648
1.017054
1.016463
1.015865
1.015276
1.014684
1.014106
1.013526
1.012968
1.012407
1.011874
1.011335
1.010833
1.010320
1.009852
1.009366
1.008936
1.008475
1.008086
1.007649
1.007303
1.006888
1.006586
1.006188
1.005935
1.005547
1.005346
1.004962
1.004818
1.004429
1.004348
1.003943
1.003934
1.003498
1.003574
1.003091
1.003267
1.002715
1.003010
1.002363
1.002806
1.002030
1.002654
1.001708
1.002558
1.001386
1.002527
1.001043
1.014255
1.002397
1.013317
1.004756
1.013110
1.006947
1.013343
1.008946
1.013871
1.010786
1.014615
1.012505
1.015513
1.014126
1.016517
1.015659
1.017582
1.017106
1.018667
1.018460
1.019735
1.019707
1.020750
1.020831
1.021678
1.021813
1.022488
1.022634
1.023152
1.023275
1.023649
1.023723
1.023959
1.023968
1.024074
1.024004
1.023988
1.023835
1.023706
1.023469
1.023237
1.022919
1.022596
1.022206
1.021805
1.021352
1.020887
1.020383
1.019868
1.019325
1.018774
1.018204
1.017631
1.017045
1.016462
1.015870
1.015288
1.014701
1.014129
1.013554
1.012999
1.012441
1.011911
1.011376
1.010875
1.010364
1.009897
1.009411
1.008982
1.008521
1.008132
1.007695
1.007347
1.006931
1.006629
1.006229
1.005975
1.005586
1.005384
1.004998
1.004854
1.004462
1.004382
1.003973
1.003965
1.003526
1.003603
1.003116
1.003293
1.002737
1.003034
1.002383
1.002828
1.002047
1.002674
1.001723
1.002577
1.001399
1.002544
1.001054
1.014511
1.002433
1.013523
1.004800
1.013269
1.006987
1.013461
1.008973
1.013952
1.010798
1.014662
1.012498
1.015529
1.014097
1.016500
1.015605
1.017533
1.017026
1.018586
1.018351
1.019622
1.019570
1.020606
1.020666
1.021505
1.021622
1.022289
1.022421
1.022933
1.023045
1.023414
1.023482
1.023716
1.023722
1.023829
1.023761
1.023749
1.023601
1.023479
1.023250
1.023028
1.022722
1.022411
1.022034
1.021647
1.021208
1.020758
1.020268
1.019768
1.019240
1.018704
1.018147
1.017588
1.017015
1.016444
1.015865
1.015294
1.014717
1.014154
1.013587
1.013040
1.012490
1.011966
1.011435
1.010939
1.010432
1.009968
1.009485
1.009058
1.008598
1.008210
1.007773
1.007427
1.007010
1.006708
1.006306
1.006053
1.005661
1.005459
1.005070
1.004926
1.004530
1.004451
1.004036
1.004031
1.003585
1.003665
1.003170
1.003352
1.002786
1.003092
1.002427
1.002883
1.002085
1.002729
1.001755
1.002632
1.001424
1.002601
1.001072
1.014437
1.002425
1.013482
1.004799
1.013251
1.006992
1.013458
1.008984
1.013960
1.010813
1.014675
1.012515
1.015544
1.014114
1.016517
1.015622
1.017548
1.017040
1.018598
1.018361
1.019630
1.019575
1.020608
1.020665
1.021501
1.021615
1.022279
1.022408
1.022917
1.023026
1.023392
1.023457
1.023690
1.023693
1.023799
1.023730
1.023717
1.023569
1.023447
1.023219
1.022998
1.022692
1.022383
1.022008
1.021622
1.021186
1.020738
1.020251
1.019754
1.019227
1.018694
1.018140
1.017583
1.017012
1.016444
1.015866
1.015297
1.014722
1.014160
1.013595
1.013049
1.012499
1.011976
1.011446
1.010950
1.010443
1.009980
1.009496
1.009069
1.008610
1.008221
1.007784
1.007437
1.007020
1.006718
1.006315
1.006062
1.005669
1.005467
1.005077
1.004933
1.004536
1.004456
1.004042
1.004035
1.003589
1.003669
1.003173
1.003355
1.002789
1.003093
1.002429
1.002884
1.002088
1.002728
1.001758
1.002629
1.001428
1.002596
1.001076
1.014713
1.002480
1.013706
1.004859
1.013418
1.007040
1.013577
1.009015
1.014038
1.010825
1.014719
1.012507
1.015556
1.014084
1.016497
1.015568
1.017498
1.016960
1.018518
1.018256
1.019521
1.019444
1.020471
1.020510
1.021339
1.021437
1.022095
1.022211
1.022714
1.022814
1.023177
1.023236
1.023467
1.023468
1.023576
1.023507
1.023499
1.023355
1.023240
1.023019
1.022806
1.022511
1.022212
1.021848
1.021475
1.021051
1.020616
1.020142
1.019658
1.019145
1.018625
1.018084
1.017539
1.016980
1.016423
1.015856
1.015297
1.014731
1.014178
1.013621
1.013083
1.012539
1.012022
1.011497
1.011007
1.010503
1.010043
1.009562
1.009138
1.008679
1.008293
1.007856
1.007511
1.007092
1.006791
1.006387
1.006134
1.005739
1.005538
1.005144
1.005001
1.004600
1.004522
1.004102
1.004098
1.003646
1.003729
1.003226
1.003412
1.002836
1.003149
1.002472
1.002938
1.002125
1.002782
1.001788
1.002684
1.001451
1.002654
1.001091
