# v - 600 ites
-0.000124
-0.000121
-0.000229
-0.000222
-0.000289
-0.000273
-0.000317
-0.000303
-0.000336
-0.000326
-0.000350
-0.000343
-0.000360
-0.000354
-0.000365
-0.000358
-0.000363
-0.000355
-0.000355
-0.000345
-0.000339
-0.000326
-0.000316
-0.000299
-0.000284
-0.000264
-0.000245
-0.000222
-0.000199
-0.000173
-0.000146
-0.000118
-0.000090
-0.000060
-0.000030
0.000001
0.000031
0.000061
0.000091
0.000120
0.000148
0.000175
0.000201
0.000225
0.000248
0.000269
0.000288
0.000305
0.000321
0.000334
0.000346
0.000355
0.000363
0.000369
0.000373
0.000376
0.000377
0.000376
0.000374
0.000371
0.000367
0.000361
0.000355
0.000348
0.000340
0.000332
0.000323
0.000314
0.000304
0.000294
0.000284
0.000274
0.000264
0.000254
0.000244
0.000234
0.000224
0.000214
0.000205
0.000195
0.000187
0.000177
0.000170
0.000160
0.000154
0.000144
0.000139
0.000129
0.000125
0.000115
0.000113
0.000102
0.000102
0.000089
0.000092
0.000078
0.000084
0.000065
0.000081
0.000043
-0.000741
-0.000505
-0.001053
-0.000832
-0.001190
-0.000987
-0.001235
-0.001074
-0.001256
-0.001133
-0.001266
-0.001171
-0.001264
-0.001187
-0.001248
-0.001182
-0.001215
-0.001152
-0.001162
-0.001099
-0.001087
-0.001021
-0.000990
-0.000919
-0.000872
-0.000794
-0.000732
-0.000648
-0.000574
-0.000484
-0.000401
-0.000307
-0.000218
-0.000122
-0.000031
0.000065
0.000156
0.000249
0.000337
0.000424
0.000505
0.000584
0.000658
0.000727
0.000791
0.000849
0.000902
0.000949
0.000989
0.001024
0.001053
0.001077
0.001095
0.001107
0.001115
0.001118
0.001116
0.001110
0.001101
0.001088
0.001073
0.001054
0.001033
0.001010
0.000985
0.000958
0.000931
0.000902
0.000873
0.000842
0.000813
0.000781
0.000753
0.000720
0.000693
0.000660
0.000635
0.000602
0.000579
0.000546
0.000526
0.000492
0.000476
0.000442
0.000429
0.000394
0.000387
0.000349
0.000348
0.000306
0.000313
0.000265
0.000281
0.000227
0.000254
0.000189
0.000232
0.000147
0.000227
0.000072
-0.000909
-0.000658
-0.001359
-0.001110
-0.001563
-0.001320
-0.001632
-0.001437
-0.001667
-0.001519
-0.001688
-0.001574
-0.001693
-0.001601
-0.001679
-0.001599
-0.001641
-0.001565
-0.001576
-0.001498
-0.001481
-0.001397
-0.001355
-0.001262
-0.001197
-0.001094
-0.001009
-0.000897
-0.000796
-0.000674
-0.000560
-0.000432
-0.000310
-0.000179
-0.000052
0.000079
0.000206
0.000333
0.000455
0.000576
0.000689
0.000799
0.000901
0.000998
0.001086
0.001167
0.001240
0.001305
0.001361
0.001410
0.001450
0.001483
0.001508
0.001525
0.001536
0.001540
0.001538
0.001530
0.001517
0.001499
0.001477
0.001451
0.001422
0.001389
0.001355
0.001318
0.001280
0.001240
0.001200
0.001158
0.001117
0.001073
0.001034
0.000989
0.000951
0.000907
0.000871
0.000827
0.000794
0.000750
0.000721
0.000676
0.000652
0.000607
0.000589
0.000542
0.000530
0.000480
0.000477
0.000423
0.000429
0.000368
0.000386
0.000316
0.000348
0.000266
0.000318
0.000211
0.000311
0.000110
-0.001444
-0.001007
-0.002099
-0.001678
-0.002388
-0.001991
-0.002480
-0.002164
-0.002523
-0.002282
-0.002546
-0.002359
-0.002545
-0.002394
-0.002516
-0.002385
-0.002452
-0.002329
-0.002348
-0.002224
-0.002200
-0.002070
-0.002007
-0.001865
-0.001769
-0.001612
-0.001487
-0.001317
-0.001167
-0.000985
-0.000817
-0.000626
-0.000445
-0.000250
-0.000063
0.000131
0.000317
0.000505
0.000684
0.000861
0.001027
0.001188
0.001337
0.001477
0.001606
0.001724
0.001829
0.001923
0.002004
0.002074
0.002131
0.002177
0.002212
0.002236
0.002250
0.002254
0.002249
0.002236
0.002216
0.002188
0.002155
0.002116
0.002073
0.002025
0.001974
0.001919
0.001864
0.001804
0.001746
0.001683
0.001624
0.001559
0.001502
0.001436
0.001381
0.001315
0.001263
0.001198
0.001151
0.001085
0.001044
0.000978
0.000945
0.000877
0.000852
0.000782
0.000767
0.000692
0.000689
0.000607
0.000619
0.000526
0.000556
0.000449
0.000502
0.000374
0.000458
0.000293
0.000448
0.000144
-0.001674
-0.001192
-0.002480
-0.002003
-0.002839
-0.002378
-0.002953
-0.002585
-0.003008
-0.002728
-0.003040
-0.002824
-0.003045
-0.002871
-0.003016
-0.002865
-0.002945
-0.002803
-0.002826
-0.002681
-0.002653
-0.002499
-0.002424
-0.002255
-0.002139
-0.001952
-0.001801
-0.001596
-0.001415
-0.001195
-0.000991
-0.000759
-0.000540
-0.000303
-0.000075
0.000161
0.000387
0.000616
0.000834
0.001049
0.001251
0.001446
0.001627
0.001797
0.001953
0.002095
0.002223
0.002336
0.002433
0.002517
0.002585
0.002639
0.002680
0.002708
0.002723
0.002727
0.002720
0.002702
0.002676
0.002642
0.002600
0.002551
0.002498
0.002438
0.002377
0.002309
0.002241
0.002168
0.002097
0.002021
0.001949
0.001871
0.001801
0.001722
0.001654
0.001576
0.001513
0.001434
0.001377
0.001299
0.001249
0.001170
0.001129
0.001049
0.001018
0.000935
0.000916
0.000827
0.000823
0.000726
0.000739
0.000630
0.000664
0.000539
0.000599
0.000451
0.000546
0.000354
0.000535
0.000177
-0.002162
-0.001520
-0.003169
-0.002545
-0.003616
-0.003020
-0.003758
-0.003283
-0.003826
-0.003465
-0.003864
-0.003586
-0.003869
-0.003644
-0.003830
-0.003636
-0.003739
-0.003556
-0.003586
-0.003402
-0.003366
-0.003169
-0.003075
-0.002860
-0.002713
-0.002475
-0.002283
-0.002023
-0.001793
-0.001514
-0.001255
-0.000961
-0.000682
-0.000382
-0.000094
0.000206
0.000493
0.000782
0.001058
0.001329
0.001585
0.001831
0.002059
0.002274
0.002469
0.002648
0.002808
0.002949
0.003071
0.003174
0.003259
0.003326
0.003376
0.003409
0.003426
0.003429
0.003419
0.003395
0.003361
0.003316
0.003263
0.003200
0.003133
0.003056
0.002978
0.002892
0.002806
0.002714
0.002624
0.002528
0.002438
0.002339
0.002251
0.002151
0.002067
0.001967
0.001889
0.001790
0.001719
0.001620
0.001558
0.001459
0.001408
0.001307
0.001269
0.001163
0.001141
0.001029
0.001024
0.000902
0.000920
0.000782
0.000826
0.000667
0.000745
0.000556
0.000679
0.000434
0.000665
0.000212
-0.002438
-0.001731
-0.003607
-0.002911
-0.004128
-0.003456
-0.004294
-0.003757
-0.004375
-0.003967
-0.004423
-0.004110
-0.004434
-0.004182
-0.004396
-0.004178
-0.004298
-0.004092
-0.004128
-0.003920
-0.003880
-0.003657
-0.003549
-0.003303
-0.003134
-0.002861
-0.002639
-0.002339
-0.002072
-0.001749
-0.001447
-0.001107
-0.000782
-0.000433
-0.000098
0.000250
0.000584
0.000920
0.001241
0.001556
0.001852
0.002137
0.002401
0.002649
0.002874
0.003079
0.003262
0.003423
0.003562
0.003679
0.003774
0.003848
0.003902
0.003937
0.003954
0.003954
0.003939
0.003909
0.003866
0.003811
0.003747
0.003673
0.003592
0.003502
0.003409
0.003309
0.003209
0.003101
0.002997
0.002885
0.002780
0.002666
0.002564
0.002449
0.002352
0.002238
0.002147
0.002034
0.001952
0.001840
0.001769
0.001656
0.001597
0.001482
0.001438
0.001319
0.001293
0.001166
0.001160
0.001022
0.001041
0.000886
0.000935
0.000756
0.000843
0.000631
0.000768
0.000494
0.000752
0.000242
-0.002897
-0.002048
-0.004267
-0.003438
-0.004879
-0.004084
-0.005076
-0.004443
-0.005174
-0.004695
-0.005234
-0.004866
-0.005251
-0.004955
-0.005209
-0.004954
-0.005096
-0.004856
-0.004900
-0.004655
-0.004609
-0.004347
-0.004220
-0.003929
-0.003730
-0.003407
-0.003143
-0.002788
-0.002471
-0.002087
-0.001728
-0.001323
-0.000937
-0.000522
-0.000122
0.000292
0.000689
0.001089
0.001470
0.001844
0.002197
0.002534
0.002847
0.003140
0.003406
0.003648
0.003863
0.004052
0.004214
0.004350
0.004460
0.004546
0.004607
0.004646
0.004664
0.004661
0.004640
0.004602
0.004550
0.004483
0.004405
0.004315
0.004218
0.004111
0.004000
0.003880
0.003761
0.003633
0.003510
0.003377
0.003253
0.003119
0.002998
0.002863
0.002748
0.002614
0.002508
0.002375
0.002279
0.002147
0.002063
0.001931
0.001862
0.001727
0.001676
0.001536
0.001506
0.001357
0.001351
0.001189
0.001211
0.001029
0.001088
0.000878
0.000980
0.000731
0.000892
0.000571
0.000874
0.000277
-0.003207
-0.002280
-0.004750
-0.003840
-0.005442
-0.004563
-0.005667
-0.004965
-0.005780
-0.005251
-0.005853
-0.005448
-0.005880
-0.005555
-0.005842
-0.005562
-0.005724
-0.005460
-0.005511
-0.005242
-0.005192
-0.004900
-0.004758
-0.004434
-0.004209
-0.003846
-0.003548
-0.003147
-0.002787
-0.002352
-0.001944
-0.001485
-0.001045
-0.000573
-0.000118
0.000353
0.000805
0.001260
0.001692
0.002117
0.002515
0.002897
0.003250
0.003579
0.003878
0.004149
0.004388
0.004598
0.004776
0.004925
0.005044
0.005135
0.005198
0.005236
0.005250
0.005242
0.005213
0.005165
0.005101
0.005021
0.004929
0.004824
0.004711
0.004587
0.004459
0.004322
0.004186
0.004040
0.003900
0.003749
0.003610
0.003458
0.003322
0.003170
0.003041
0.002891
0.002772
0.002623
0.002516
0.002369
0.002276
0.002129
0.002052
0.001903
0.001846
0.001691
0.001657
0.001493
0.001486
0.001307
0.001332
0.001132
0.001195
0.000965
0.001076
0.000804
0.000980
0.000628
0.000959
0.000304
-0.003649
-0.002591
-0.005394
-0.004363
-0.006182
-0.005188
-0.006442
-0.005652
-0.006577
-0.005984
-0.006669
-0.006216
-0.006707
-0.006346
-0.006674
-0.006363
-0.006549
-0.006255
-0.006316
-0.006014
-0.005959
-0.005631
-0.005471
-0.005103
-0.004847
-0.004434
-0.004092
-0.003634
-0.003221
-0.002722
-0.002253
-0.001724
-0.001217
-0.000673
-0.000149
0.000394
0.000915
0.001439
0.001938
0.002426
0.002885
0.003323
0.003727
0.004104
0.004445
0.004754
0.005026
0.005263
0.005464
0.005631
0.005763
0.005863
0.005931
0.005970
0.005982
0.005968
0.005931
0.005872
0.005795
0.005700
0.005591
0.005468
0.005336
0.005192
0.005045
0.004886
0.004729
0.004562
0.004401
0.004230
0.004070
0.003897
0.003742
0.003569
0.003422
0.003252
0.003117
0.002949
0.002827
0.002661
0.002555
0.002389
0.002303
0.002135
0.002070
0.001896
0.001857
0.001673
0.001664
0.001464
0.001491
0.001267
0.001338
0.001079
0.001204
0.000898
0.001095
0.000700
0.001072
0.000337
-0.003985
-0.002842
-0.005915
-0.004796
-0.006789
-0.005707
-0.007080
-0.006221
-0.007237
-0.006592
-0.007347
-0.006858
-0.007401
-0.007012
-0.007376
-0.007042
-0.007251
-0.006935
-0.007005
-0.006678
-0.006620
-0.006262
-0.006085
-0.005681
-0.005396
-0.004939
-0.004557
-0.004046
-0.003583
-0.003025
-0.002498
-0.001905
-0.001335
-0.000724
-0.000134
0.000475
0.001061
0.001649
0.002208
0.002754
0.003267
0.003755
0.004205
0.004622
0.004999
0.005338
0.005635
0.005893
0.006110
0.006287
0.006426
0.006529
0.006596
0.006631
0.006635
0.006611
0.006561
0.006488
0.006395
0.006282
0.006156
0.006013
0.005862
0.005697
0.005530
0.005351
0.005174
0.004986
0.004806
0.004614
0.004436
0.004244
0.004072
0.003881
0.003719
0.003532
0.003382
0.003198
0.003064
0.002882
0.002766
0.002586
0.002490
0.002308
0.002237
0.002048
0.002005
0.001806
0.001795
0.001579
0.001608
0.001365
0.001441
0.001163
0.001297
0.000967
0.001179
0.000754
0.001154
0.000362
-0.004418
-0.003152
-0.006554
-0.005322
-0.007528
-0.006339
-0.007860
-0.006919
-0.008045
-0.007343
-0.008181
-0.007651
-0.008257
-0.007837
-0.008246
-0.007886
-0.008123
-0.007782
-0.007865
-0.007510
-0.007449
-0.007057
-0.006863
-0.006417
-0.006100
-0.005591
-0.005163
-0.004592
-0.004070
-0.003443
-0.002847
-0.002178
-0.001532
-0.000841
-0.000172
0.000517
0.001182
0.001847
0.002480
0.003097
0.003676
0.004226
0.004733
0.005201
0.005623
0.006001
0.006331
0.006616
0.006854
0.007047
0.007197
0.007305
0.007374
0.007405
0.007403
0.007369
0.007307
0.007219
0.007109
0.006977
0.006830
0.006666
0.006492
0.006305
0.006114
0.005912
0.005712
0.005501
0.005298
0.005083
0.004884
0.004669
0.004477
0.004266
0.004085
0.003877
0.003711
0.003507
0.003358
0.003158
0.003030
0.002831
0.002725
0.002525
0.002446
0.002239
0.002191
0.001973
0.001961
0.001724
0.001755
0.001490
0.001573
0.001268
0.001414
0.001054
0.001286
0.000821
0.001258
0.000393
-0.004775
-0.003419
-0.007105
-0.005784
-0.008174
-0.006895
-0.008543
-0.007532
-0.008755
-0.008004
-0.008918
-0.008354
-0.009017
-0.008573
-0.009024
-0.008644
-0.008908
-0.008548
-0.008642
-0.008265
-0.008202
-0.007780
-0.007568
-0.007084
-0.006734
-0.006177
-0.005702
-0.005071
-0.004490
-0.003794
-0.003129
-0.002384
-0.001662
-0.000892
-0.000144
0.000625
0.001367
0.002107
0.002812
0.003497
0.004139
0.004746
0.005304
0.005817
0.006278
0.006688
0.007044
0.007349
0.007600
0.007802
0.007955
0.008061
0.008124
0.008146
0.008131
0.008081
0.008001
0.007893
0.007761
0.007607
0.007436
0.007248
0.007050
0.006838
0.006623
0.006396
0.006173
0.005938
0.005713
0.005476
0.005256
0.005021
0.004810
0.004579
0.004381
0.004155
0.003974
0.003753
0.003591
0.003375
0.003236
0.003022
0.002907
0.002692
0.002606
0.002385
0.002333
0.002100
0.002086
0.001833
0.001866
0.001584
0.001671
0.001347
0.001501
0.001119
0.001364
0.000870
0.001335
0.000414
-0.005203
-0.003730
-0.007745
-0.006317
-0.008920
-0.007540
-0.009336
-0.008249
-0.009584
-0.008782
-0.009783
-0.009185
-0.009915
-0.009448
-0.009948
-0.009551
-0.009848
-0.009470
-0.009581
-0.009182
-0.009119
-0.008668
-0.008440
-0.007914
-0.007531
-0.006921
-0.006396
-0.005700
-0.005053
-0.004280
-0.003535
-0.002704
-0.001894
-0.001032
-0.000192
0.000670
0.001503
0.002332
0.003123
0.003889
0.004606
0.005283
0.005904
0.006473
0.006981
0.007433
0.007822
0.008153
0.008424
0.008638
0.008797
0.008905
0.008964
0.008978
0.008950
0.008885
0.008787
0.008657
0.008503
0.008324
0.008129
0.007914
0.007690
0.007451
0.007210
0.006956
0.006706
0.006446
0.006196
0.005934
0.005691
0.005432
0.005200
0.004947
0.004730
0.004483
0.004285
0.004045
0.003868
0.003634
0.003481
0.003250
0.003125
0.002893
0.002800
0.002562
0.002504
0.002253
0.002237
0.001966
0.002000
0.001697
0.001790
0.001443
0.001607
0.001198
0.001460
0.000931
0.001428
0.000442
-0.005575
-0.004010
-0.008321
-0.006804
-0.009598
-0.008130
-0.010059
-0.008906
-0.010343
-0.009497
-0.010578
-0.009953
-0.010745
-0.010261
-0.010808
-0.010397
-0.010726
-0.010334
-0.010462
-0.010044
-0.009981
-0.009501
-0.009256
-0.008690
-0.008272
-0.007607
-0.007029
-0.006264
-0.005547
-0.004692
-0.003864
-0.002942
-0.002040
-0.001081
-0.000146
0.000813
0.001739
0.002659
0.003536
0.004382
0.005173
0.005916
0.006595
0.007214
0.007764
0.008249
0.008664
0.009012
0.009293
0.009511
0.009668
0.009768
0.009814
0.009811
0.009763
0.009674
0.009550
0.009394
0.009211
0.009003
0.008778
0.008533
0.008279
0.008010
0.007740
0.007457
0.007181
0.006893
0.006618
0.006331
0.006065
0.005783
0.005530
0.005256
0.005021
0.004755
0.004540
0.004283
0.004093
0.003842
0.003678
0.003432
0.003298
0.003051
0.002951
0.002699
0.002636
0.002372
0.002354
0.002068
0.002102
0.001783
0.001880
0.001515
0.001687
0.001256
0.001531
0.000976
0.001498
0.000461
-0.005999
-0.004325
-0.008964
-0.007347
-0.010353
-0.008791
-0.010868
-0.009647
-0.011199
-0.010310
-0.011482
-0.010833
-0.011698
-0.011200
-0.011803
-0.011384
-0.011754
-0.011353
-0.011505
-0.011072
-0.011016
-0.010512
-0.010253
-0.009649
-0.009196
-0.008477
-0.007843
-0.007006
-0.006214
-0.005271
-0.004351
-0.003328
-0.002321
-0.001254
-0.000208
0.000862
0.001897
0.002923
0.003901
0.004842
0.005721
0.006543
0.007293
0.007974
0.008576
0.009103
0.009551
0.009924
0.010221
0.010447
0.010605
0.010699
0.010734
0.010716
0.010648
0.010536
0.010386
0.010201
0.009989
0.009750
0.009493
0.009216
0.008930
0.008630
0.008328
0.008015
0.007709
0.007392
0.007090
0.006777
0.006485
0.006178
0.005903
0.005606
0.005350
0.005064
0.004832
0.004555
0.004349
0.004081
0.003904
0.003641
0.003497
0.003234
0.003126
0.002858
0.002790
0.002510
0.002489
0.002187
0.002221
0.001885
0.001985
0.001600
0.001781
0.001326
0.001616
0.001029
0.001580
0.000485
-0.006381
-0.004615
-0.009558
-0.007855
-0.011058
-0.009412
-0.011625
-0.010344
-0.012003
-0.011077
-0.012336
-0.011667
-0.012602
-0.012095
-0.012754
-0.012330
-0.012740
-0.012333
-0.012509
-0.012063
-0.012011
-0.011482
-0.011207
-0.010562
-0.010070
-0.009291
-0.008596
-0.007680
-0.006803
-0.005764
-0.004742
-0.003608
-0.002487
-0.001301
-0.000136
0.001051
0.002202
0.003338
0.004420
0.005457
0.006424
0.007323
0.008140
0.008875
0.009522
0.010083
0.010554
0.010940
0.011241
0.011464
0.011611
0.011688
0.011701
0.011655
0.011557
0.011412
0.011227
0.011005
0.010755
0.010478
0.010184
0.009870
0.009547
0.009211
0.008875
0.008529
0.008191
0.007844
0.007514
0.007172
0.006855
0.006524
0.006225
0.005906
0.005631
0.005325
0.005076
0.004782
0.004561
0.004277
0.004088
0.003811
0.003656
0.003380
0.003264
0.002983
0.002911
0.002617
0.002594
0.002278
0.002313
0.001962
0.002065
0.001664
0.001851
0.001378
0.001679
0.001068
0.001642
0.000501
-0.006801
-0.004931
-0.010201
-0.008407
-0.011821
-0.010089
-0.012452
-0.011112
-0.012888
-0.011930
-0.013286
-0.012604
-0.013620
-0.013112
-0.013836
-0.013418
-0.013878
-0.013475
-0.013684
-0.013235
-0.013198
-0.012652
-0.012369
-0.011690
-0.011164
-0.010330
-0.009573
-0.008577
-0.007613
-0.006471
-0.005339
-0.004084
-0.002836
-0.001518
-0.000218
0.001105
0.002390
0.003655
0.004860
0.006010
0.007081
0.008073
0.008971
0.009775
0.010478
0.011082
0.011585
0.011991
0.012303
0.012527
0.012666
0.012729
0.012721
0.012649
0.012521
0.012342
0.012121
0.011862
0.011574
0.011257
0.010923
0.010570
0.010210
0.009836
0.009464
0.009083
0.008712
0.008333
0.007972
0.007601
0.007257
0.006899
0.006577
0.006234
0.005938
0.005611
0.005344
0.005031
0.004795
0.004494
0.004292
0.003998
0.003834
0.003543
0.003419
0.003124
0.003046
0.002738
0.002712
0.002381
0.002416
0.002049
0.002156
0.001737
0.001932
0.001438
0.001751
0.001113
0.001711
0.000521
-0.007187
-0.005228
-0.010804
-0.008930
-0.012543
-0.010733
-0.013236
-0.011844
-0.013732
-0.012748
-0.014197
-0.013506
-0.014601
-0.014097
-0.014886
-0.014475
-0.014986
-0.014589
-0.014831
-0.014379
-0.014354
-0.013791
-0.013494
-0.012776
-0.012209
-0.011310
-0.010481
-0.009394
-0.008329
-0.007070
-0.005811
-0.004420
-0.003029
-0.001563
-0.000113
0.001357
0.002787
0.004188
0.005522
0.006789
0.007965
0.009046
0.010019
0.010884
0.011632
0.012268
0.012789
0.013202
0.013508
0.013717
0.013833
0.013866
0.013822
0.013710
0.013538
0.013313
0.013044
0.012737
0.012400
0.012036
0.011655
0.011256
0.010851
0.010435
0.010023
0.009603
0.009196
0.008782
0.008389
0.007988
0.007616
0.007232
0.006886
0.006519
0.006203
0.005855
0.005570
0.005239
0.004989
0.004672
0.004459
0.004151
0.003977
0.003673
0.003542
0.003235
0.003151
0.002832
0.002803
0.002460
0.002495
0.002115
0.002224
0.001791
0.001991
0.001481
0.001804
0.001146
0.001763
0.000533
-0.007599
-0.005544
-0.011442
-0.009486
-0.013308
-0.011423
-0.014075
-0.012636
-0.014645
-0.013641
-0.015194
-0.014506
-0.015691
-0.015202
-0.016069
-0.015680
-0.016256
-0.015880
-0.016171
-0.015732
-0.015734
-0.015167
-0.014871
-0.014126
-0.013528
-0.012572
-0.011677
-0.010501
-0.009333
-0.007954
-0.006561
-0.005022
-0.003472
-0.001841
-0.000221
0.001418
0.003016
0.004577
0.006063
0.007469
0.008770
0.009961
0.011028
0.011968
0.012777
0.013455
0.014005
0.014431
0.014739
0.014938
0.015035
0.015039
0.014961
0.014809
0.014593
0.014322
0.014004
0.013648
0.013261
0.012847
0.012418
0.011972
0.011522
0.011062
0.010608
0.010148
0.009704
0.009254
0.008828
0.008396
0.007995
0.007582
0.007211
0.006821
0.006483
0.006114
0.005811
0.005462
0.005196
0.004863
0.004637
0.004314
0.004130
0.003813
0.003674
0.003354
0.003266
0.002934
0.002902
0.002547
0.002580
0.002188
0.002299
0.001852
0.002057
0.001530
0.001862
0.001183
0.001819
0.000549
-0.007979
-0.005842
-0.012044
-0.010016
-0.014034
-0.012082
-0.014876
-0.013395
-0.015521
-0.014503
-0.016157
-0.015475
-0.016749
-0.016280
-0.017226
-0.016862
-0.017502
-0.017149
-0.017488
-0.017061
-0.017087
-0.016514
-0.016213
-0.015434
-0.014793
-0.013769
-0.012791
-0.011509
-0.010218
-0.008696
-0.007144
-0.005434
-0.003701
-0.001882
-0.000070
0.001758
0.003540
0.005273
0.006920
0.008468
0.009896
0.011191
0.012344
0.013348
0.014202
0.014906
0.015464
0.015884
0.016172
0.016338
0.016394
0.016350
0.016216
0.016006
0.015728
0.015394
0.015013
0.014594
0.014145
0.013671
0.013184
0.012683
0.012180
0.011670
0.011170
0.010666
0.010181
0.009693
0.009232
0.008766
0.008335
0.007895
0.007498
0.007084
0.006724
0.006335
0.006015
0.005648
0.005368
0.005019
0.004781
0.004446
0.004252
0.003923
0.003777
0.003447
0.003353
0.003011
0.002976
0.002611
0.002644
0.002241
0.002354
0.001895
0.002104
0.001564
0.001903
0.001207
0.001859
0.000557
-0.008377
-0.006153
-0.012667
-0.010569
-0.014791
-0.012776
-0.015717
-0.014204
-0.016454
-0.015434
-0.017199
-0.016537
-0.017914
-0.017481
-0.018521
-0.018202
-0.018927
-0.018618
-0.019026
-0.018635
-0.018708
-0.018151
-0.017865
-0.017072
-0.016408
-0.015331
-0.014282
-0.012902
-0.011490
-0.009824
-0.008105
-0.006210
-0.004275
-0.002247
-0.000215
0.001829
0.003827
0.005763
0.007603
0.009323
0.010905
0.012330
0.013591
0.014679
0.015595
0.016338
0.016917
0.017338
0.017613
0.017753
0.017771
0.017680
0.017493
0.017225
0.016885
0.016488
0.016042
0.015558
0.015047
0.014512
0.013965
0.013408
0.012851
0.012291
0.011743
0.011194
0.010667
0.010141
0.009643
0.009144
0.008683
0.008214
0.007791
0.007353
0.006972
0.006562
0.006223
0.005839
0.005544
0.005180
0.004930
0.004581
0.004378
0.004038
0.003884
0.003543
0.003444
0.003092
0.003054
0.002679
0.002711
0.002297
0.002411
0.001941
0.002154
0.001601
0.001947
0.001235
0.001901
0.000569
-0.008743
-0.006445
-0.013251
-0.011093
-0.015506
-0.013437
-0.016518
-0.014979
-0.017348
-0.016330
-0.018205
-0.017568
-0.019047
-0.018654
-0.019790
-0.019518
-0.020328
-0.020066
-0.020543
-0.020186
-0.020304
-0.019758
-0.019481
-0.018664
-0.017961
-0.016814
-0.015672
-0.014169
-0.012607
-0.010765
-0.008844
-0.006730
-0.004557
-0.002285
-0.000000
0.002289
0.004526
0.006683
0.008727
0.010624
0.012359
0.013906
0.015262
0.016414
0.017370
0.018126
0.018697
0.019091
0.019322
0.019405
0.019356
0.019190
0.018923
0.018571
0.018147
0.017665
0.017137
0.016572
0.015982
0.015374
0.014757
0.014133
0.013515
0.012897
0.012296
0.011698
0.011126
0.010557
0.010022
0.009488
0.008995
0.008497
0.008048
0.007585
0.007183
0.006753
0.006397
0.005996
0.005687
0.005309
0.005048
0.004687
0.004476
0.004125
0.003965
0.003615
0.003511
0.003151
0.003110
0.002727
0.002757
0.002336
0.002450
0.001972
0.002187
0.001625
0.001976
0.001252
0.001929
0.000573
-0.009116
-0.006743
-0.013843
-0.011630
-0.016236
-0.014121
-0.017346
-0.015792
-0.018288
-0.017286
-0.019282
-0.018687
-0.020284
-0.019952
-0.021204
-0.021005
-0.021926
-0.021740
-0.022316
-0.022028
-0.022222
-0.021722
-0.021486
-0.020679
-0.019967
-0.018777
-0.017563
-0.015952
-0.014248
-0.012232
-0.010100
-0.007753
-0.005317
-0.002771
-0.000197
0.002376
0.004898
0.007319
0.009610
0.011724
0.013650
0.015352
0.016833
0.018074
0.019090
0.019876
0.020452
0.020828
0.021023
0.021054
0.020940
0.020702
0.020356
0.019921
0.019412
0.018845
0.018232
0.017586
0.016917
0.016234
0.015546
0.014856
0.014175
0.013499
0.012844
0.012197
0.011579
0.010969
0.010396
0.009827
0.009302
0.008775
0.008301
0.007814
0.007390
0.006941
0.006568
0.006150
0.005827
0.005436
0.005164
0.004792
0.004571
0.004211
0.004044
0.003686
0.003577
0.003209
0.003165
0.002775
0.002803
0.002375
0.002489
0.002003
0.002220
0.001650
0.002005
0.001270
0.001956
0.000580
-0.009454
-0.007020
-0.014392
-0.012133
-0.016917
-0.014765
-0.018125
-0.016563
-0.019180
-0.018201
-0.020314
-0.019767
-0.021481
-0.021216
-0.022584
-0.022463
-0.023497
-0.023389
-0.024065
-0.023844
-0.024112
-0.023653
-0.023450
-0.022639
-0.021900
-0.020644
-0.019329
-0.017578
-0.015690
-0.013454
-0.011062
-0.008430
-0.005677
-0.002806
0.000105
0.003005
0.005845
0.008554
0.011110
0.013445
0.015557
0.017399
0.018981
0.020282
0.021322
0.022098
0.022637
0.022951
0.023067
0.023003
0.022786
0.022436
0.021975
0.021426
0.020802
0.020124
0.019404
0.018657
0.017892
0.017119
0.016347
0.015580
0.014828
0.014087
0.013372
0.012671
0.012004
0.011350
0.010736
0.010131
0.009574
0.009018
0.008517
0.008007
0.007563
0.007094
0.006704
0.006271
0.005936
0.005532
0.005250
0.004868
0.004639
0.004271
0.004098
0.003733
0.003620
0.003246
0.003199
0.002804
0.002830
0.002397
0.002511
0.002020
0.002237
0.001662
0.002019
0.001278
0.001970
0.000580
-0.009790
-0.007295
-0.014933
-0.012637
-0.017598
-0.015419
-0.018915
-0.017358
-0.020103
-0.019163
-0.021406
-0.020927
-0.022778
-0.022604
-0.024116
-0.024103
-0.025283
-0.025293
-0.026110
-0.026002
-0.026393
-0.026025
-0.025905
-0.025140
-0.024422
-0.023145
-0.021765
-0.019902
-0.017848
-0.015402
-0.012742
-0.009806
-0.006703
-0.003466
-0.000162
0.003121
0.006343
0.009403
0.012284
0.014898
0.017247
0.019273
0.020995
0.022386
0.023475
0.024260
0.024776
0.025039
0.025082
0.024929
0.024609
0.024151
0.023576
0.022910
0.022172
0.021383
0.020555
0.019706
0.018845
0.017981
0.017126
0.016282
0.015459
0.014653
0.013880
0.013125
0.012410
0.011712
0.011059
0.010419
0.009830
0.009246
0.008720
0.008187
0.007723
0.007236
0.006831
0.006384
0.006035
0.005620
0.005328
0.004937
0.004701
0.004326
0.004147
0.003776
0.003658
0.003280
0.003229
0.002830
0.002855
0.002418
0.002530
0.002036
0.002253
0.001674
0.002032
0.001285
0.001981
0.000582
-0.010086
-0.007545
-0.015421
-0.013097
-0.018217
-0.016021
-0.019643
-0.018099
-0.020964
-0.020070
-0.022438
-0.022033
-0.024019
-0.023942
-0.025598
-0.025700
-0.027029
-0.027161
-0.028121
-0.028128
-0.028639
-0.028358
-0.028312
-0.027580
-0.026862
-0.025535
-0.024052
-0.022033
-0.019756
-0.017035
-0.014034
-0.010718
-0.007185
-0.003505
0.000262
0.003990
0.007646
0.011091
0.014318
0.017211
0.019786
0.021968
0.023791
0.025221
0.026304
0.027037
0.027468
0.027616
0.027525
0.027224
0.026747
0.026128
0.025393
0.024572
0.023683
0.022750
0.021788
0.020813
0.019835
0.018866
0.017913
0.016980
0.016077
0.015200
0.014361
0.013549
0.012782
0.012039
0.011345
0.010669
0.010048
0.009436
0.008885
0.008330
0.007847
0.007343
0.006923
0.006463
0.006103
0.005678
0.005378
0.004979
0.004737
0.004355
0.004172
0.003796
0.003675
0.003294
0.003240
0.002838
0.002861
0.002423
0.002533
0.002038
0.002254
0.001674
0.002031
0.001284
0.001980
0.000579
-0.010369
-0.007785
-0.015887
-0.013544
-0.018817
-0.016616
-0.020363
-0.018847
-0.021838
-0.021008
-0.023514
-0.023206
-0.025348
-0.025399
-0.027230
-0.027486
-0.029007
-0.029310
-0.030470
-0.030652
-0.031352
-0.031229
-0.031333
-0.030710
-0.030067
-0.028761
-0.027238
-0.025115
-0.022650
-0.019675
-0.016328
-0.012612
-0.008601
-0.004416
-0.000103
0.004159
0.008343
0.012267
0.015929
0.019181
0.022052
0.024449
0.026421
0.027928
0.029032
0.029733
0.030093
0.030136
0.029916
0.029469
0.028837
0.028059
0.027163
0.026185
0.025145
0.024069
0.022972
0.021872
0.020779
0.019704
0.018655
0.017635
0.016654
0.015707
0.014806
0.013938
0.013121
0.012334
0.011601
0.010891
0.010240
0.009601
0.009027
0.008452
0.007951
0.007432
0.006998
0.006527
0.006156
0.005723
0.005415
0.005010
0.004761
0.004376
0.004187
0.003809
0.003684
0.003301
0.003245
0.002842
0.002862
0.002423
0.002532
0.002037
0.002251
0.001672
0.002028
0.001281
0.001976
0.000576
-0.010604
-0.007993
-0.016285
-0.013937
-0.019339
-0.017145
-0.021002
-0.019523
-0.022630
-0.021870
-0.024508
-0.024303
-0.026598
-0.026782
-0.028790
-0.029205
-0.030922
-0.031403
-0.032767
-0.033129
-0.034020
-0.034053
-0.034302
-0.033774
-0.033184
-0.031867
-0.030258
-0.027971
-0.025241
-0.021920
-0.018122
-0.013891
-0.009282
-0.004476
0.000495
0.005382
0.010171
0.014619
0.018741
0.022348
0.025487
0.028047
0.030101
0.031604
0.032641
0.033217
0.033411
0.033257
0.032822
0.032149
0.031288
0.030284
0.029170
0.027984
0.026749
0.025493
0.024230
0.022979
0.021749
0.020552
0.019393
0.018275
0.017207
0.016183
0.015215
0.014288
0.013419
0.012586
0.011815
0.011070
0.010389
0.009725
0.009129
0.008535
0.008017
0.007484
0.007038
0.006557
0.006178
0.005738
0.005422
0.005014
0.004760
0.004371
0.004180
0.003800
0.003672
0.003289
0.003230
0.002828
0.002846
0.002409
0.002516
0.002023
0.002235
0.001659
0.002012
0.001270
0.001960
0.000568
-0.010813
-0.008182
-0.016642
-0.014298
-0.019819
-0.017646
-0.021608
-0.020182
-0.023408
-0.022737
-0.025520
-0.025442
-0.027913
-0.028264
-0.030485
-0.031105
-0.033071
-0.033792
-0.035433
-0.036056
-0.037232
-0.037521
-0.038026
-0.037708
-0.037289
-0.036076
-0.034486
-0.032128
-0.029200
-0.025579
-0.021334
-0.016562
-0.011284
-0.005759
-0.000004
0.005650
0.011194
0.016311
0.021024
0.025100
0.028604
0.031403
0.033596
0.035137
0.036135
0.036603
0.036643
0.036297
0.035648
0.034749
0.033658
0.032427
0.031093
0.029700
0.028270
0.026835
0.025407
0.024007
0.022643
0.021326
0.020060
0.018849
0.017697
0.016600
0.015568
0.014585
0.013668
0.012793
0.011985
0.011210
0.010502
0.009815
0.009199
0.008589
0.008056
0.007512
0.007055
0.006566
0.006180
0.005735
0.005414
0.005002
0.004745
0.004355
0.004160
0.003781
0.003651
0.003268
0.003207
0.002808
0.002824
0.002390
0.002494
0.002005
0.002214
0.001643
0.001991
0.001256
0.001939
0.000560
-0.010967
-0.008330
-0.016918
-0.014591
-0.020203
-0.018061
-0.022112
-0.020746
-0.024078
-0.023503
-0.026420
-0.026474
-0.029117
-0.029639
-0.032072
-0.032904
-0.035124
-0.036092
-0.038019
-0.038911
-0.040381
-0.040931
-0.041694
-0.041579
-0.041315
-0.040173
-0.038549
-0.036047
-0.032818
-0.028770
-0.023919
-0.018435
-0.012300
-0.005874
0.000842
0.007407
0.013818
0.019669
0.025001
0.029523
0.033334
0.036278
0.038494
0.039938
0.040757
0.040974
0.040720
0.040052
0.039068
0.037834
0.036417
0.034876
0.033252
0.031591
0.029916
0.028261
0.026635
0.025060
0.023540
0.022087
0.020702
0.019387
0.018145
0.016971
0.015871
0.014831
0.013865
0.012949
0.012105
0.011300
0.010566
0.009858
0.009224
0.008600
0.008055
0.007501
0.007036
0.006541
0.006149
0.005701
0.005376
0.004963
0.004703
0.004314
0.004118
0.003740
0.003609
0.003229
0.003167
0.002771
0.002785
0.002356
0.002457
0.001975
0.002179
0.001617
0.001959
0.001235
0.001907
0.000548
-0.011081
-0.008449
-0.017131
-0.014834
-0.020518
-0.018423
-0.022552
-0.021263
-0.024701
-0.024239
-0.027300
-0.027510
-0.030346
-0.031074
-0.033759
-0.034853
-0.037389
-0.038678
-0.040982
-0.042247
-0.044137
-0.045086
-0.046267
-0.046524
-0.046598
-0.045712
-0.044233
-0.041751
-0.038350
-0.033967
-0.028539
-0.022313
-0.015214
-0.007728
0.000164
0.007873
0.015396
0.022208
0.028358
0.033490
0.037733
0.040914
0.043216
0.044602
0.045262
0.045237
0.044691
0.043696
0.042373
0.040798
0.039051
0.037196
0.035280
0.033351
0.031434
0.029561
0.027741
0.025996
0.024326
0.022743
0.021244
0.019832
0.018506
0.017261
0.016100
0.015008
0.013998
0.013045
0.012170
0.011339
0.010584
0.009859
0.009210
0.008575
0.008020
0.007460
0.006989
0.006490
0.006094
0.005645
0.005319
0.004907
0.004646
0.004259
0.004061
0.003687
0.003554
0.003180
0.003116
0.002726
0.002737
0.002316
0.002413
0.001940
0.002139
0.001587
0.001921
0.001211
0.001870
0.000536
-0.011130
-0.008520
-0.017246
-0.014991
-0.020716
-0.018679
-0.022864
-0.021659
-0.025185
-0.024840
-0.028032
-0.028399
-0.031420
-0.032355
-0.035289
-0.036649
-0.039506
-0.041123
-0.043819
-0.045469
-0.047800
-0.049163
-0.050781
-0.051417
-0.051829
-0.051179
-0.049796
-0.047253
-0.043549
-0.038657
-0.032420
-0.025186
-0.016820
-0.007975
0.001379
0.010467
0.019279
0.027144
0.034132
0.039811
0.044368
0.047613
0.049798
0.050904
0.051180
0.050695
0.049652
0.048145
0.046319
0.044263
0.042065
0.039797
0.037506
0.035244
0.033031
0.030899
0.028854
0.026914
0.025077
0.023350
0.021729
0.020214
0.018801
0.017482
0.016260
0.015118
0.014065
0.013078
0.012174
0.011321
0.010547
0.009808
0.009148
0.008504
0.007942
0.007378
0.006903
0.006404
0.006007
0.005559
0.005232
0.004823
0.004562
0.004179
0.003982
0.003614
0.003481
0.003113
0.003048
0.002666
0.002675
0.002263
0.002356
0.001893
0.002086
0.001547
0.001873
0.001180
0.001822
0.000520
-0.011127
-0.008549
-0.017277
-0.015077
-0.020816
-0.018851
-0.023078
-0.021971
-0.025578
-0.025364
-0.028691
-0.029236
-0.032458
-0.033631
-0.036852
-0.038528
-0.041773
-0.043800
-0.046995
-0.049154
-0.052089
-0.054047
-0.056330
-0.057590
-0.058622
-0.058502
-0.057520
-0.055211
-0.051450
-0.046244
-0.039281
-0.031017
-0.021217
-0.010735
0.000457
0.011338
0.021851
0.031136
0.039263
0.045716
0.050742
0.054147
0.056265
0.057109
0.057000
0.056039
0.054481
0.052444
0.050098
0.047547
0.044890
0.042205
0.039540
0.036947
0.034442
0.032059
0.029797
0.027672
0.025677
0.023817
0.022084
0.020476
0.018985
0.017602
0.016326
0.015142
0.014054
0.013039
0.012113
0.011243
0.010456
0.009707
0.009039
0.008391
0.007826
0.007262
0.006786
0.006289
0.005892
0.005448
0.005123
0.004719
0.004460
0.004084
0.003888
0.003526
0.003394
0.003034
0.002968
0.002596
0.002603
0.002201
0.002291
0.001841
0.002027
0.001503
0.001819
0.001145
0.001769
0.000503
-0.011049
-0.008521
-0.017194
-0.015061
-0.020777
-0.018896
-0.023137
-0.022132
-0.025798
-0.025716
-0.029157
-0.029876
-0.033285
-0.034693
-0.038191
-0.040181
-0.043816
-0.046257
-0.049969
-0.052654
-0.056227
-0.058811
-0.061806
-0.063727
-0.065421
-0.065847
-0.065248
-0.063107
-0.059142
-0.053395
-0.045368
-0.035654
-0.023913
-0.011286
0.002243
0.015313
0.027817
0.038648
0.047905
0.054980
0.060228
0.063469
0.065164
0.065376
0.064525
0.062761
0.060394
0.057574
0.054496
0.051277
0.048020
0.044807
0.041681
0.038692
0.035848
0.033179
0.030674
0.028348
0.026184
0.024186
0.022339
0.020637
0.019070
0.017627
0.016302
0.015079
0.013961
0.012924
0.011980
0.011098
0.010302
0.009548
0.008877
0.008229
0.007664
0.007103
0.006629
0.006137
0.005744
0.005307
0.004984
0.004588
0.004332
0.003964
0.003771
0.003419
0.003288
0.002939
0.002873
0.002512
0.002516
0.002128
0.002213
0.001778
0.001957
0.001451
0.001755
0.001104
0.001706
0.000483
-0.010904
-0.008441
-0.017003
-0.014951
-0.020610
-0.018825
-0.023058
-0.022166
-0.025876
-0.025933
-0.029483
-0.030387
-0.033989
-0.035651
-0.039455
-0.041800
-0.045885
-0.048818
-0.053162
-0.056509
-0.060918
-0.064351
-0.068363
-0.071286
-0.074068
-0.075507
-0.075802
-0.074364
-0.070677
-0.064805
-0.055943
-0.044807
-0.030853
-0.015566
0.001008
0.017042
0.032266
0.045250
0.056082
0.064067
0.069692
0.072828
0.074094
0.073634
0.071985
0.069360
0.066132
0.062488
0.058646
0.054738
0.050871
0.047128
0.043545
0.040169
0.036998
0.034057
0.031326
0.028814
0.026499
0.024378
0.022431
0.020651
0.019022
0.017530
0.016168
0.014917
0.013778
0.012726
0.011773
0.010886
0.010087
0.009334
0.008664
0.008021
0.007460
0.006906
0.006438
0.005954
0.005567
0.005139
0.004822
0.004436
0.004185
0.003828
0.003638
0.003297
0.003168
0.002831
0.002765
0.002417
0.002420
0.002047
0.002127
0.001709
0.001880
0.001393
0.001685
0.001060
0.001638
0.000462
-0.010678
-0.008295
-0.016685
-0.014725
-0.020285
-0.018605
-0.022798
-0.022020
-0.025745
-0.025937
-0.029568
-0.030646
-0.034416
-0.036319
-0.040407
-0.043095
-0.047622
-0.051042
-0.056030
-0.060055
-0.065346
-0.069675
-0.074797
-0.078806
-0.082795
-0.085346
-0.086615
-0.085900
-0.082380
-0.076130
-0.065965
-0.052722
-0.035675
-0.016806
0.003732
0.023454
0.041885
0.057183
0.069481
0.078015
0.083503
0.085919
0.086121
0.084373
0.081369
0.077399
0.072909
0.068115
0.063255
0.058464
0.053842
0.049464
0.045350
0.041537
0.038008
0.034777
0.031811
0.029112
0.026647
0.024410
0.022372
0.020522
0.018839
0.017309
0.015918
0.014649
0.013497
0.012440
0.011484
0.010599
0.009804
0.009057
0.008395
0.007761
0.007209
0.006665
0.006206
0.005735
0.005356
0.004940
0.004632
0.004258
0.004013
0.003669
0.003484
0.003156
0.003031
0.002707
0.002643
0.002310
0.002311
0.001954
0.002029
0.001630
0.001792
0.001328
0.001605
0.001009
0.001560
0.000438
-0.010372
-0.008086
-0.016239
-0.014383
-0.019802
-0.018238
-0.022359
-0.021700
-0.025415
-0.025739
-0.029431
-0.030679
-0.034605
-0.036749
-0.041127
-0.044174
-0.049182
-0.053141
-0.058875
-0.063698
-0.070082
-0.075551
-0.082165
-0.087700
-0.093514
-0.097886
-0.100983
-0.101958
-0.099553
-0.093844
-0.082998
-0.067877
-0.047279
-0.023803
0.002139
0.027102
0.050091
0.068704
0.083074
0.092436
0.097834
0.099444
0.098428
0.095228
0.090713
0.085270
0.079416
0.073404
0.067481
0.061786
0.056403
0.051398
0.046770
0.042542
0.038679
0.035184
0.032010
0.029150
0.026561
0.024229
0.022121
0.020221
0.018503
0.016949
0.015545
0.014269
0.013117
0.012064
0.011115
0.010239
0.009455
0.008722
0.008072
0.007453
0.006914
0.006386
0.005939
0.005483
0.005116
0.004715
0.004417
0.004058
0.003822
0.003492
0.003314
0.003001
0.002880
0.002571
0.002509
0.002192
0.002192
0.001853
0.001923
0.001545
0.001697
0.001258
0.001520
0.000955
0.001476
0.000414
-0.009982
-0.007807
-0.015658
-0.013916
-0.019149
-0.017707
-0.021721
-0.021177
-0.024846
-0.025291
-0.029007
-0.030404
-0.034446
-0.036803
-0.041431
-0.044805
-0.050261
-0.054733
-0.061204
-0.066822
-0.074344
-0.081002
-0.089245
-0.096448
-0.104341
-0.110791
-0.116016
-0.118968
-0.117760
-0.112461
-0.100404
-0.082276
-0.056518
-0.026655
0.006531
0.038172
0.066587
0.088667
0.104692
0.114008
0.118214
0.117826
0.114456
0.108793
0.101926
0.094345
0.086620
0.079021
0.071775
0.065001
0.058746
0.053048
0.047871
0.043218
0.039025
0.035279
0.031915
0.028914
0.026222
0.023819
0.021662
0.019731
0.017996
0.016437
0.015034
0.013766
0.012626
0.011588
0.010656
0.009799
0.009034
0.008321
0.007690
0.007091
0.006570
0.006062
0.005632
0.005195
0.004842
0.004460
0.004174
0.003833
0.003607
0.003294
0.003124
0.002828
0.002712
0.002421
0.002360
0.002062
0.002061
0.001741
0.001807
0.001451
0.001594
0.001181
0.001426
0.000896
0.001385
0.000387
-0.009502
-0.007456
-0.014933
-0.013315
-0.018315
-0.017000
-0.020868
-0.020436
-0.024021
-0.024572
-0.028272
-0.029796
-0.033915
-0.036456
-0.041301
-0.044976
-0.050869
-0.055848
-0.063102
-0.069571
-0.078399
-0.086443
-0.096726
-0.106077
-0.116874
-0.126392
-0.135123
-0.141776
-0.143617
-0.140801
-0.129280
-0.109091
-0.077389
-0.038896
0.004728
0.046402
0.082828
0.109942
0.128233
0.137470
0.140121
0.137263
0.131076
0.122560
0.113029
0.103088
0.093343
0.084069
0.075459
0.067602
0.060492
0.054134
0.048451
0.043417
0.038940
0.034987
0.031475
0.028372
0.025613
0.023169
0.020991
0.019054
0.017323
0.015777
0.014392
0.013147
0.012031
0.011020
0.010114
0.009286
0.008547
0.007861
0.007255
0.006683
0.006184
0.005700
0.005291
0.004876
0.004541
0.004179
0.003908
0.003586
0.003373
0.003079
0.002918
0.002640
0.002531
0.002258
0.002201
0.001922
0.001920
0.001623
0.001682
0.001351
0.001483
0.001099
0.001327
0.000833
0.001288
0.000359
-0.008939
-0.007035
-0.014072
-0.012587
-0.017306
-0.016123
-0.019806
-0.019478
-0.022940
-0.023578
-0.027215
-0.028832
-0.032972
-0.035650
-0.040645
-0.044559
-0.050816
-0.056234
-0.064209
-0.071472
-0.081603
-0.091036
-0.103506
-0.115165
-0.129296
-0.142356
-0.155331
-0.166629
-0.172162
-0.172416
-0.161369
-0.137260
-0.096479
-0.045719
0.012408
0.067305
0.113383
0.145420
0.164604
0.171573
0.170228
0.162557
0.151543
0.138598
0.125246
0.112152
0.099872
0.088619
0.078480
0.069470
0.061497
0.054507
0.048365
0.043008
0.038306
0.034205
0.030600
0.027446
0.024665
0.022221
0.020058
0.018147
0.016450
0.014940
0.013595
0.012391
0.011316
0.010346
0.009479
0.008689
0.007986
0.007336
0.006762
0.006221
0.005751
0.005296
0.004911
0.004522
0.004208
0.003870
0.003617
0.003317
0.003118
0.002845
0.002695
0.002437
0.002335
0.002083
0.002029
0.001772
0.001769
0.001495
0.001549
0.001244
0.001365
0.001011
0.001220
0.000766
0.001185
0.000329
-0.008282
-0.006536
-0.013059
-0.011714
-0.016102
-0.015051
-0.018503
-0.018268
-0.021556
-0.022252
-0.025768
-0.027432
-0.031520
-0.034269
-0.039326
-0.043393
-0.049919
-0.055675
-0.064294
-0.072265
-0.083714
-0.094549
-0.109490
-0.123774
-0.142156
-0.159852
-0.179126
-0.197965
-0.210600
-0.218764
-0.213434
-0.188729
-0.137247
-0.068748
0.011457
0.087249
0.147963
0.186880
0.206707
0.210107
0.203323
0.189588
0.172767
0.154680
0.137008
0.120456
0.105473
0.092182
0.080524
0.070416
0.061655
0.054119
0.047605
0.042006
0.037156
0.032975
0.029336
0.026183
0.023425
0.021020
0.018906
0.017049
0.015408
0.013957
0.012670
0.011522
0.010501
0.009583
0.008766
0.008023
0.007363
0.006755
0.006219
0.005715
0.005278
0.004856
0.004499
0.004140
0.003849
0.003538
0.003305
0.003029
0.002845
0.002595
0.002457
0.002221
0.002127
0.001897
0.001847
0.001613
0.001609
0.001360
0.001408
0.001131
0.001241
0.000919
0.001109
0.000696
0.001076
0.000299
-0.007549
-0.005972
-0.011919
-0.010721
-0.014733
-0.013817
-0.017000
-0.016848
-0.019918
-0.020648
-0.023988
-0.025657
-0.029619
-0.032374
-0.037395
-0.041518
-0.048181
-0.054142
-0.063249
-0.071763
-0.084390
-0.096474
-0.113902
-0.130814
-0.153969
-0.176819
-0.203895
-0.232442
-0.253905
-0.273808
-0.277134
-0.247941
-0.178353
-0.084553
0.026558
0.130467
0.209000
0.253637
0.269997
0.264203
0.246407
0.222037
0.196109
0.170795
0.147610
0.127027
0.109141
0.093831
0.080782
0.069753
0.060397
0.052502
0.045787
0.040099
0.035234
0.031086
0.027513
0.024443
0.021779
0.019472
0.017456
0.015696
0.014148
0.012786
0.011581
0.010512
0.009564
0.008714
0.007959
0.007275
0.006668
0.006111
0.005620
0.005161
0.004762
0.004377
0.004053
0.003727
0.003463
0.003181
0.002969
0.002721
0.002554
0.002329
0.002203
0.001992
0.001906
0.001700
0.001654
0.001444
0.001440
0.001217
0.001260
0.001012
0.001109
0.000822
0.000991
0.000622
0.000962
0.000266
-0.006724
-0.005331
-0.010632
-0.009584
-0.013170
-0.012383
-0.015248
-0.015159
-0.017954
-0.018678
-0.021765
-0.023372
-0.027103
-0.029760
-0.034595
-0.038621
-0.045214
-0.051154
-0.060476
-0.069216
-0.082714
-0.095655
-0.115392
-0.134615
-0.163058
-0.191390
-0.228912
-0.270727
-0.306296
-0.351521
-0.379425
-0.351814
-0.255523
-0.123003
0.031883
0.177013
0.281567
0.333438
0.343710
0.325080
0.293451
0.256383
0.219777
0.186151
0.156776
0.131862
0.111014
0.093781
0.079512
0.067759
0.058001
0.049922
0.043162
0.037516
0.032746
0.028723
0.025291
0.022367
0.019848
0.017682
0.015800
0.014166
0.012735
0.011482
0.010378
0.009402
0.008539
0.007767
0.007084
0.006467
0.005921
0.005420
0.004979
0.004568
0.004211
0.003869
0.003579
0.003289
0.003054
0.002804
0.002616
0.002396
0.002248
0.002049
0.001938
0.001751
0.001675
0.001494
0.001453
0.001268
0.001265
0.001068
0.001106
0.000888
0.000973
0.000721
0.000869
0.000545
0.000844
0.000233
-0.005837
-0.004637
-0.009239
-0.008347
-0.011468
-0.010813
-0.013324
-0.013289
-0.015768
-0.016462
-0.019238
-0.020740
-0.024157
-0.026643
-0.031165
-0.034974
-0.041300
-0.047024
-0.056264
-0.064921
-0.078880
-0.092219
-0.113835
-0.134804
-0.168630
-0.202057
-0.252635
-0.309448
-0.363946
-0.455116
-0.511993
-0.453887
-0.302933
-0.128039
0.065388
0.246997
0.379443
0.442935
0.444185
0.402130
0.345702
0.288903
0.238235
0.195321
0.159930
0.131348
0.108328
0.089935
0.075120
0.063212
0.053524
0.045646
0.039151
0.033799
0.029328
0.025595
0.022436
0.019766
0.017481
0.015526
0.013837
0.012377
0.011105
0.009993
0.009018
0.008157
0.007399
0.006722
0.006124
0.005585
0.005109
0.004673
0.004290
0.003933
0.003623
0.003326
0.003075
0.002825
0.002622
0.002406
0.002244
0.002054
0.001927
0.001756
0.001660
0.001500
0.001434
0.001279
0.001243
0.001085
0.001082
0.000914
0.000945
0.000759
0.000832
0.000616
0.000743
0.000466
0.000721
0.000199
-0.004867
-0.003874
-0.007713
-0.006980
-0.009590
-0.009058
-0.011169
-0.011164
-0.013265
-0.013883
-0.016265
-0.017584
-0.020559
-0.022749
-0.026759
-0.030147
-0.035891
-0.041063
-0.049715
-0.057720
-0.071342
-0.084100
-0.106421
-0.127503
-0.165413
-0.201484
-0.266281
-0.335189
-0.421932
-0.593142
-0.673322
-0.538716
-0.302646
-0.103418
0.080635
0.258143
0.402863
0.494672
0.518174
0.473886
0.399878
0.322807
0.255326
0.201206
0.159070
0.126951
0.102266
0.083314
0.068513
0.056921
0.047681
0.040298
0.034298
0.029415
0.025378
0.022038
0.019235
0.016881
0.014879
0.013176
0.011711
0.010451
0.009356
0.008403
0.007570
0.006837
0.006192
0.005619
0.005113
0.004658
0.004256
0.003889
0.003568
0.003268
0.003009
0.002761
0.002551
0.002342
0.002173
0.001994
0.001858
0.001701
0.001594
0.001452
0.001373
0.001240
0.001186
0.001057
0.001027
0.000896
0.000893
0.000755
0.000781
0.000627
0.000687
0.000509
0.000613
0.000384
0.000595
0.000164
-0.003857
-0.003073
-0.006115
-0.005543
-0.007616
-0.007209
-0.008895
-0.008913
-0.010606
-0.011131
-0.013072
-0.014175
-0.016633
-0.018466
-0.021835
-0.024691
-0.029622
-0.034035
-0.041677
-0.048632
-0.061146
-0.072543
-0.094218
-0.113919
-0.153814
-0.190181
-0.267836
-0.344584
-0.487929
-0.733471
-0.674600
-0.275449
0.018199
0.060863
0.083489
0.161562
0.267158
0.383576
0.463151
0.458299
0.397443
0.319904
0.247400
0.189406
0.145373
0.113068
0.089124
0.071352
0.057846
0.047512
0.039426
0.033065
0.027962
0.023854
0.020488
0.017725
0.015420
0.013496
0.011868
0.010489
0.009307
0.008292
0.007414
0.006652
0.005986
0.005401
0.004888
0.004432
0.004031
0.003670
0.003352
0.003061
0.002807
0.002570
0.002366
0.002170
0.002004
0.001840
0.001706
0.001565
0.001458
0.001334
0.001251
0.001139
0.001076
0.000972
0.000929
0.000828
0.000805
0.000702
0.000700
0.000591
0.000611
0.000491
0.000538
0.000398
0.000480
0.000301
0.000465
0.000128
-0.002781
-0.002219
-0.004414
-0.004005
-0.005502
-0.005212
-0.006433
-0.006452
-0.007684
-0.008073
-0.009494
-0.010309
-0.012125
-0.013483
-0.016005
-0.018132
-0.021887
-0.025200
-0.031169
-0.036442
-0.046575
-0.055336
-0.073783
-0.089324
-0.125434
-0.155996
-0.231290
-0.301987
-0.472656
-0.617725
-0.245356
0.216844
0.183353
-0.077361
-0.173549
-0.080208
0.078739
0.209397
0.321480
0.361396
0.327174
0.267197
0.205636
0.155722
0.117786
0.090325
0.070247
0.055590
0.044611
0.036328
0.029924
0.024941
0.020979
0.017814
0.015239
0.013137
0.011394
0.009945
0.008723
0.007693
0.006812
0.006059
0.005408
0.004845
0.004354
0.003924
0.003547
0.003213
0.002919
0.002656
0.002423
0.002212
0.002027
0.001855
0.001706
0.001564
0.001444
0.001325
0.001229
0.001127
0.001049
0.000960
0.000900
0.000819
0.000774
0.000699
0.000668
0.000595
0.000578
0.000505
0.000503
0.000425
0.000439
0.000353
0.000386
0.000286
0.000345
0.000216
0.000334
0.000092
-0.001691
-0.001350
-0.002683
-0.002437
-0.003348
-0.003178
-0.003924
-0.003944
-0.004702
-0.004952
-0.005834
-0.006349
-0.007486
-0.008343
-0.009938
-0.011284
-0.013692
-0.015794
-0.019691
-0.023041
-0.029829
-0.035396
-0.048168
-0.058135
-0.083927
-0.104532
-0.159027
-0.211517
-0.336650
-0.317298
0.101153
0.334058
0.137243
-0.119664
-0.217890
-0.140580
-0.004753
0.085622
0.175835
0.224696
0.209384
0.172845
0.132804
0.100184
0.075268
0.057308
0.044219
0.034736
0.027684
0.022411
0.018366
0.015244
0.012778
0.010821
0.009237
0.007950
0.006885
0.006004
0.005262
0.004638
0.004105
0.003650
0.003258
0.002918
0.002622
0.002363
0.002136
0.001935
0.001758
0.001600
0.001460
0.001333
0.001221
0.001117
0.001028
0.000942
0.000870
0.000798
0.000740
0.000679
0.000632
0.000578
0.000542
0.000493
0.000466
0.000421
0.000402
0.000358
0.000348
0.000304
0.000303
0.000256
0.000264
0.000212
0.000232
0.000172
0.000207
0.000130
0.000201
0.000055
-0.000559
-0.000447
-0.000889
-0.000807
-0.001108
-0.001049
-0.001296
-0.001299
-0.001548
-0.001626
-0.001915
-0.002080
-0.002452
-0.002728
-0.003250
-0.003686
-0.004480
-0.005163
-0.006464
-0.007559
-0.009872
-0.011709
-0.016175
-0.019543
-0.028781
-0.036146
-0.055897
-0.076050
-0.119174
-0.077441
0.090627
0.121775
0.011746
-0.074041
-0.098036
-0.071881
-0.024748
0.016481
0.057348
0.078858
0.073978
0.061058
0.046859
0.035336
0.026549
0.020209
0.015584
0.012228
0.009732
0.007866
0.006435
0.005330
0.004459
0.003768
0.003209
0.002756
0.002381
0.002072
0.001812
0.001593
0.001407
0.001248
0.001112
0.000994
0.000892
0.000802
0.000724
0.000655
0.000594
0.000540
0.000492
0.000449
0.000411
0.000376
0.000345
0.000316
0.000292
0.000268
0.000248
0.000227
0.000212
0.000194
0.000181
0.000165
0.000156
0.000141
0.000134
0.000120
0.000116
0.000102
0.000101
0.000085
0.000088
0.000071
0.000078
0.000058
0.000069
0.000043
0.000067
0.000018
0.000559
0.000447
0.000889
0.000807
0.001108
0.001049
0.001296
0.001299
0.001548
0.001626
0.001915
0.002080
0.002452
0.002728
0.003250
0.003686
0.004480
0.005163
0.006464
0.007559
0.009872
0.011709
0.016175
0.019543
0.028781
0.036146
0.055897
0.076050
0.119174
0.077441
-0.090627
-0.121775
-0.011746
0.074041
0.098036
0.071881
0.024748
-0.016481
-0.057348
-0.078858
-0.073978
-0.061058
-0.046859
-0.035336
-0.026549
-0.020209
-0.015584
-0.012228
-0.009732
-0.007866
-0.006435
-0.005330
-0.004459
-0.003768
-0.003209
-0.002756
-0.002381
-0.002072
-0.001812
-0.001593
-0.001407
-0.001248
-0.001112
-0.000994
-0.000892
-0.000802
-0.000724
-0.000655
-0.000594
-0.000540
-0.000492
-0.000449
-0.000411
-0.000376
-0.000345
-0.000316
-0.000292
-0.000268
-0.000248
-0.000227
-0.000212
-0.000194
-0.000181
-0.000165
-0.000156
-0.000141
-0.000134
-0.000120
-0.000116
-0.000102
-0.000101
-0.000085
-0.000088
-0.000071
-0.000078
-0.000058
-0.000069
-0.000043
-0.000067
-0.000018
0.001691
0.001350
0.002683
0.002437
0.003348
0.003178
0.003924
0.003944
0.004702
0.004952
0.005834
0.006349
0.007486
0.008343
0.009938
0.011284
0.013692
0.015794
0.019691
0.023041
0.029829
0.035396
0.048168
0.058135
0.083927
0.104532
0.159027
0.211517
0.336650
0.317298
-0.101153
-0.334058
-0.137243
0.119664
0.217890
0.140580
0.004753
-0.085622
-0.175835
-0.224696
-0.209384
-0.172845
-0.132804
-0.100184
-0.075268
-0.057308
-0.044219
-0.034736
-0.027684
-0.022411
-0.018366
-0.015244
-0.012778
-0.010821
-0.009237
-0.007950
-0.006885
-0.006004
-0.005262
-0.004638
-0.004105
-0.003650
-0.003258
-0.002918
-0.002622
-0.002363
-0.002136
-0.001935
-0.001758
-0.001600
-0.001460
-0.001333
-0.001221
-0.001117
-0.001028
-0.000942
-0.000870
-0.000798
-0.000740
-0.000679
-0.000632
-0.000578
-0.000542
-0.000493
-0.000466
-0.000421
-0.000402
-0.000358
-0.000348
-0.000304
-0.000303
-0.000256
-0.000264
-0.000212
-0.000232
-0.000172
-0.000207
-0.000130
-0.000201
-0.000055
0.002781
0.002219
0.004414
0.004005
0.005502
0.005212
0.006433
0.006452
0.007684
0.008073
0.009494
0.010309
0.012125
0.013483
0.016005
0.018132
0.021887
0.025200
0.031169
0.036442
0.046575
0.055336
0.073783
0.089324
0.125434
0.155996
0.231290
0.301987
0.472656
0.617725
0.245356
-0.216844
-0.183353
0.077361
0.173549
0.080208
-0.078739
-0.209397
-0.321480
-0.361396
-0.327174
-0.267197
-0.205636
-0.155722
-0.117786
-0.090325
-0.070247
-0.055590
-0.044611
-0.036328
-0.029924
-0.024941
-0.020979
-0.017814
-0.015239
-0.013137
-0.011394
-0.009945
-0.008723
-0.007693
-0.006812
-0.006059
-0.005408
-0.004845
-0.004354
-0.003924
-0.003547
-0.003213
-0.002919
-0.002656
-0.002423
-0.002212
-0.002027
-0.001855
-0.001706
-0.001564
-0.001444
-0.001325
-0.001229
-0.001127
-0.001049
-0.000960
-0.000900
-0.000819
-0.000774
-0.000699
-0.000668
-0.000595
-0.000578
-0.000505
-0.000503
-0.000425
-0.000439
-0.000353
-0.000386
-0.000286
-0.000345
-0.000216
-0.000334
-0.000092
0.003857
0.003073
0.006115
0.005543
0.007616
0.007209
0.008895
0.008913
0.010606
0.011131
0.013072
0.014175
0.016633
0.018466
0.021835
0.024691
0.029622
0.034035
0.041677
0.048632
0.061146
0.072543
0.094218
0.113919
0.153814
0.190181
0.267836
0.344584
0.487929
0.733471
0.674600
0.275449
-0.018199
-0.060863
-0.083489
-0.161562
-0.267158
-0.383576
-0.463151
-0.458299
-0.397443
-0.319904
-0.247400
-0.189406
-0.145373
-0.113068
-0.089124
-0.071352
-0.057846
-0.047512
-0.039426
-0.033065
-0.027962
-0.023854
-0.020488
-0.017725
-0.015420
-0.013496
-0.011868
-0.010489
-0.009307
-0.008292
-0.007414
-0.006652
-0.005986
-0.005401
-0.004888
-0.004432
-0.004031
-0.003670
-0.003352
-0.003061
-0.002807
-0.002570
-0.002366
-0.002170
-0.002004
-0.001840
-0.001706
-0.001565
-0.001458
-0.001334
-0.001251
-0.001139
-0.001076
-0.000972
-0.000929
-0.000828
-0.000805
-0.000702
-0.000700
-0.000591
-0.000611
-0.000491
-0.000538
-0.000398
-0.000480
-0.000301
-0.000465
-0.000128
0.004867
0.003874
0.007713
0.006980
0.009590
0.009058
0.011169
0.011164
0.013265
0.013883
0.016265
0.017584
0.020559
0.022749
0.026759
0.030147
0.035891
0.041063
0.049715
0.057720
0.071342
0.084100
0.106421
0.127503
0.165413
0.201484
0.266281
0.335189
0.421932
0.593142
0.673322
0.538716
0.302646
0.103418
-0.080635
-0.258143
-0.402863
-0.494672
-0.518174
-0.473886
-0.399878
-0.322807
-0.255326
-0.201206
-0.159070
-0.126951
-0.102266
-0.083314
-0.068513
-0.056921
-0.047681
-0.040298
-0.034298
-0.029415
-0.025378
-0.022038
-0.019235
-0.016881
-0.014879
-0.013176
-0.011711
-0.010451
-0.009356
-0.008403
-0.007570
-0.006837
-0.006192
-0.005619
-0.005113
-0.004658
-0.004256
-0.003889
-0.003568
-0.003268
-0.003009
-0.002761
-0.002551
-0.002342
-0.002173
-0.001994
-0.001858
-0.001701
-0.001594
-0.001452
-0.001373
-0.001240
-0.001186
-0.001057
-0.001027
-0.000896
-0.000893
-0.000755
-0.000781
-0.000627
-0.000687
-0.000509
-0.000613
-0.000384
-0.000595
-0.000164
0.005837
0.004637
0.009239
0.008347
0.011468
0.010813
0.013324
0.013289
0.015768
0.016462
0.019238
0.020740
0.024157
0.026643
0.031165
0.034974
0.041300
0.047024
0.056264
0.064921
0.078880
0.092219
0.113835
0.134804
0.168630
0.202057
0.252635
0.309448
0.363946
0.455116
0.511993
0.453887
0.302933
0.128039
-0.065388
-0.246997
-0.379443
-0.442935
-0.444185
-0.402130
-0.345702
-0.288903
-0.238235
-0.195321
-0.159930
-0.131348
-0.108328
-0.089935
-0.075120
-0.063212
-0.053524
-0.045646
-0.039151
-0.033799
-0.029328
-0.025595
-0.022436
-0.019766
-0.017481
-0.015526
-0.013837
-0.012377
-0.011105
-0.009993
-0.009018
-0.008157
-0.007399
-0.006722
-0.006124
-0.005585
-0.005109
-0.004673
-0.004290
-0.003933
-0.003623
-0.003326
-0.003075
-0.002825
-0.002622
-0.002406
-0.002244
-0.002054
-0.001927
-0.001756
-0.001660
-0.001500
-0.001434
-0.001279
-0.001243
-0.001085
-0.001082
-0.000914
-0.000945
-0.000759
-0.000832
-0.000616
-0.000743
-0.000466
-0.000721
-0.000199
0.006724
0.005331
0.010632
0.009584
0.013170
0.012383
0.015248
0.015159
0.017954
0.018678
0.021765
0.023372
0.027103
0.029760
0.034595
0.038621
0.045214
0.051154
0.060476
0.069216
0.082714
0.095655
0.115392
0.134615
0.163058
0.191390
0.228912
0.270727
0.306296
0.351521
0.379425
0.351814
0.255523
0.123003
-0.031883
-0.177013
-0.281567
-0.333438
-0.343710
-0.325080
-0.293451
-0.256383
-0.219777
-0.186151
-0.156776
-0.131862
-0.111014
-0.093781
-0.079512
-0.067759
-0.058001
-0.049922
-0.043162
-0.037516
-0.032746
-0.028723
-0.025291
-0.022367
-0.019848
-0.017682
-0.015800
-0.014166
-0.012735
-0.011482
-0.010378
-0.009402
-0.008539
-0.007767
-0.007084
-0.006467
-0.005921
-0.005420
-0.004979
-0.004568
-0.004211
-0.003869
-0.003579
-0.003289
-0.003054
-0.002804
-0.002616
-0.002396
-0.002248
-0.002049
-0.001938
-0.001751
-0.001675
-0.001494
-0.001453
-0.001268
-0.001265
-0.001068
-0.001106
-0.000888
-0.000973
-0.000721
-0.000869
-0.000545
-0.000844
-0.000233
0.007549
0.005972
0.011919
0.010721
0.014733
0.013817
0.017000
0.016848
0.019918
0.020648
0.023988
0.025657
0.029619
0.032374
0.037395
0.041518
0.048181
0.054142
0.063249
0.071763
0.084390
0.096474
0.113902
0.130814
0.153969
0.176819
0.203895
0.232442
0.253905
0.273808
0.277134
0.247941
0.178353
0.084553
-0.026558
-0.130467
-0.209000
-0.253637
-0.269997
-0.264203
-0.246407
-0.222037
-0.196109
-0.170795
-0.147610
-0.127027
-0.109141
-0.093831
-0.080782
-0.069753
-0.060397
-0.052502
-0.045787
-0.040099
-0.035234
-0.031086
-0.027513
-0.024443
-0.021779
-0.019472
-0.017456
-0.015696
-0.014148
-0.012786
-0.011581
-0.010512
-0.009564
-0.008714
-0.007959
-0.007275
-0.006668
-0.006111
-0.005620
-0.005161
-0.004762
-0.004377
-0.004053
-0.003727
-0.003463
-0.003181
-0.002969
-0.002721
-0.002554
-0.002329
-0.002203
-0.001992
-0.001906
-0.001700
-0.001654
-0.001444
-0.001440
-0.001217
-0.001260
-0.001012
-0.001109
-0.000822
-0.000991
-0.000622
-0.000962
-0.000266
0.008282
0.006536
0.013059
0.011714
0.016102
0.015051
0.018503
0.018268
0.021556
0.022252
0.025768
0.027432
0.031520
0.034269
0.039326
0.043393
0.049919
0.055675
0.064294
0.072265
0.083714
0.094549
0.109490
0.123774
0.142156
0.159852
0.179126
0.197965
0.210600
0.218764
0.213434
0.188729
0.137247
0.068748
-0.011457
-0.087249
-0.147963
-0.186880
-0.206707
-0.210107
-0.203323
-0.189588
-0.172767
-0.154680
-0.137008
-0.120456
-0.105473
-0.092182
-0.080524
-0.070416
-0.061655
-0.054119
-0.047605
-0.042006
-0.037156
-0.032975
-0.029336
-0.026183
-0.023425
-0.021020
-0.018906
-0.017049
-0.015408
-0.013957
-0.012670
-0.011522
-0.010501
-0.009583
-0.008766
-0.008023
-0.007363
-0.006755
-0.006219
-0.005715
-0.005278
-0.004856
-0.004499
-0.004140
-0.003849
-0.003538
-0.003305
-0.003029
-0.002845
-0.002595
-0.002457
-0.002221
-0.002127
-0.001897
-0.001847
-0.001613
-0.001609
-0.001360
-0.001408
-0.001131
-0.001241
-0.000919
-0.001109
-0.000696
-0.001076
-0.000299
0.008939
0.007035
0.014072
0.012587
0.017306
0.016123
0.019806
0.019478
0.022940
0.023578
0.027215
0.028832
0.032972
0.035650
0.040645
0.044559
0.050816
0.056234
0.064209
0.071472
0.081603
0.091036
0.103506
0.115165
0.129296
0.142356
0.155331
0.166629
0.172162
0.172416
0.161369
0.137260
0.096479
0.045719
-0.012408
-0.067305
-0.113383
-0.145420
-0.164604
-0.171573
-0.170228
-0.162557
-0.151543
-0.138598
-0.125246
-0.112152
-0.099872
-0.088619
-0.078480
-0.069470
-0.061497
-0.054507
-0.048365
-0.043008
-0.038306
-0.034205
-0.030600
-0.027446
-0.024665
-0.022221
-0.020058
-0.018147
-0.016450
-0.014940
-0.013595
-0.012391
-0.011316
-0.010346
-0.009479
-0.008689
-0.007986
-0.007336
-0.006762
-0.006221
-0.005751
-0.005296
-0.004911
-0.004522
-0.004208
-0.003870
-0.003617
-0.003317
-0.003118
-0.002845
-0.002695
-0.002437
-0.002335
-0.002083
-0.002029
-0.001772
-0.001769
-0.001495
-0.001549
-0.001244
-0.001365
-0.001011
-0.001220
-0.000766
-0.001185
-0.000329
0.009502
0.007456
0.014933
0.013315
0.018315
0.017000
0.020868
0.020436
0.024021
0.024572
0.028272
0.029796
0.033915
0.036456
0.041301
0.044976
0.050869
0.055848
0.063102
0.069571
0.078399
0.086443
0.096726
0.106077
0.116874
0.126392
0.135123
0.141776
0.143617
0.140801
0.129280
0.109091
0.077389
0.038896
-0.004728
-0.046402
-0.082828
-0.109942
-0.128233
-0.137470
-0.140121
-0.137263
-0.131076
-0.122560
-0.113029
-0.103088
-0.093343
-0.084069
-0.075459
-0.067602
-0.060492
-0.054134
-0.048451
-0.043417
-0.038940
-0.034987
-0.031475
-0.028372
-0.025613
-0.023169
-0.020991
-0.019054
-0.017323
-0.015777
-0.014392
-0.013147
-0.012031
-0.011020
-0.010114
-0.009286
-0.008547
-0.007861
-0.007255
-0.006683
-0.006184
-0.005700
-0.005291
-0.004876
-0.004541
-0.004179
-0.003908
-0.003586
-0.003373
-0.003079
-0.002918
-0.002640
-0.002531
-0.002258
-0.002201
-0.001922
-0.001920
-0.001623
-0.001682
-0.001351
-0.001483
-0.001099
-0.001327
-0.000833
-0.001288
-0.000359
0.009982
0.007807
0.015658
0.013916
0.019149
0.017707
0.021721
0.021177
0.024846
0.025291
0.029007
0.030404
0.034446
0.036803
0.041431
0.044805
0.050261
0.054733
0.061204
0.066822
0.074344
0.081002
0.089245
0.096448
0.104341
0.110791
0.116016
0.118968
0.117760
0.112461
0.100404
0.082276
0.056518
0.026655
-0.006531
-0.038172
-0.066587
-0.088667
-0.104692
-0.114008
-0.118214
-0.117826
-0.114456
-0.108793
-0.101926
-0.094345
-0.086620
-0.079021
-0.071775
-0.065001
-0.058746
-0.053048
-0.047871
-0.043218
-0.039025
-0.035279
-0.031915
-0.028914
-0.026222
-0.023819
-0.021662
-0.019731
-0.017996
-0.016437
-0.015034
-0.013766
-0.012626
-0.011588
-0.010656
-0.009799
-0.009034
-0.008321
-0.007690
-0.007091
-0.006570
-0.006062
-0.005632
-0.005195
-0.004842
-0.004460
-0.004174
-0.003833
-0.003607
-0.003294
-0.003124
-0.002828
-0.002712
-0.002421
-0.002360
-0.002062
-0.002061
-0.001741
-0.001807
-0.001451
-0.001594
-0.001181
-0.001426
-0.000896
-0.001385
-0.000387
0.010372
0.008086
0.016239
0.014383
0.019802
0.018238
0.022359
0.021700
0.025415
0.025739
0.029431
0.030679
0.034605
0.036749
0.041127
0.044174
0.049182
0.053141
0.058875
0.063698
0.070082
0.075551
0.082165
0.087700
0.093514
0.097886
0.100983
0.101958
0.099553
0.093844
0.082998
0.067877
0.047279
0.023803
-0.002139
-0.027102
-0.050091
-0.068704
-0.083074
-0.092436
-0.097834
-0.099444
-0.098428
-0.095228
-0.090713
-0.085270
-0.079416
-0.073404
-0.067481
-0.061786
-0.056403
-0.051398
-0.046770
-0.042542
-0.038679
-0.035184
-0.032010
-0.029150
-0.026561
-0.024229
-0.022121
-0.020221
-0.018503
-0.016949
-0.015545
-0.014269
-0.013117
-0.012064
-0.011115
-0.010239
-0.009455
-0.008722
-0.008072
-0.007453
-0.006914
-0.006386
-0.005939
-0.005483
-0.005116
-0.004715
-0.004417
-0.004058
-0.003822
-0.003492
-0.003314
-0.003001
-0.002880
-0.002571
-0.002509
-0.002192
-0.002192
-0.001853
-0.001923
-0.001545
-0.001697
-0.001258
-0.001520
-0.000955
-0.001476
-0.000414
0.010678
0.008295
0.016685
0.014725
0.020285
0.018605
0.022798
0.022020
0.025745
0.025937
0.029568
0.030646
0.034416
0.036319
0.040407
0.043095
0.047622
0.051042
0.056030
0.060055
0.065346
0.069675
0.074797
0.078806
0.082795
0.085346
0.086615
0.085900
0.082380
0.076130
0.065965
0.052722
0.035675
0.016806
-0.003732
-0.023454
-0.041885
-0.057183
-0.069481
-0.078015
-0.083503
-0.085919
-0.086121
-0.084373
-0.081369
-0.077399
-0.072909
-0.068115
-0.063255
-0.058464
-0.053842
-0.049464
-0.045350
-0.041537
-0.038008
-0.034777
-0.031811
-0.029112
-0.026647
-0.024410
-0.022372
-0.020522
-0.018839
-0.017309
-0.015918
-0.014649
-0.013497
-0.012440
-0.011484
-0.010599
-0.009804
-0.009057
-0.008395
-0.007761
-0.007209
-0.006665
-0.006206
-0.005735
-0.005356
-0.004940
-0.004632
-0.004258
-0.004013
-0.003669
-0.003484
-0.003156
-0.003031
-0.002707
-0.002643
-0.002310
-0.002311
-0.001954
-0.002029
-0.001630
-0.001792
-0.001328
-0.001605
-0.001009
-0.001560
-0.000438
0.010904
0.008441
0.017003
0.014951
0.020610
0.018825
0.023058
0.022166
0.025876
0.025933
0.029483
0.030387
0.033989
0.035651
0.039455
0.041800
0.045885
0.048818
0.053162
0.056509
0.060918
0.064351
0.068363
0.071286
0.074068
0.075507
0.075802
0.074364
0.070677
0.064805
0.055943
0.044807
0.030853
0.015566
-0.001008
-0.017042
-0.032266
-0.045250
-0.056082
-0.064067
-0.069692
-0.072828
-0.074094
-0.073634
-0.071985
-0.069360
-0.066132
-0.062488
-0.058646
-0.054738
-0.050871
-0.047128
-0.043545
-0.040169
-0.036998
-0.034057
-0.031326
-0.028814
-0.026499
-0.024378
-0.022431
-0.020651
-0.019022
-0.017530
-0.016168
-0.014917
-0.013778
-0.012726
-0.011773
-0.010886
-0.010087
-0.009334
-0.008664
-0.008021
-0.007460
-0.006906
-0.006438
-0.005954
-0.005567
-0.005139
-0.004822
-0.004436
-0.004185
-0.003828
-0.003638
-0.003297
-0.003168
-0.002831
-0.002765
-0.002417
-0.002420
-0.002047
-0.002127
-0.001709
-0.001880
-0.001393
-0.001685
-0.001060
-0.001638
-0.000462
0.011049
0.008521
0.017194
0.015061
0.020777
0.018896
0.023137
0.022132
0.025798
0.025716
0.029157
0.029876
0.033285
0.034693
0.038191
0.040181
0.043816
0.046257
0.049969
0.052654
0.056227
0.058811
0.061806
0.063727
0.065421
0.065847
0.065248
0.063107
0.059142
0.053395
0.045368
0.035654
0.023913
0.011286
-0.002243
-0.015313
-0.027817
-0.038648
-0.047905
-0.054980
-0.060228
-0.063469
-0.065164
-0.065376
-0.064525
-0.062761
-0.060394
-0.057574
-0.054496
-0.051277
-0.048020
-0.044807
-0.041681
-0.038692
-0.035848
-0.033179
-0.030674
-0.028348
-0.026184
-0.024186
-0.022339
-0.020637
-0.019070
-0.017627
-0.016302
-0.015079
-0.013961
-0.012924
-0.011980
-0.011098
-0.010302
-0.009548
-0.008877
-0.008229
-0.007664
-0.007103
-0.006629
-0.006137
-0.005744
-0.005307
-0.004984
-0.004588
-0.004332
-0.003964
-0.003771
-0.003419
-0.003288
-0.002939
-0.002873
-0.002512
-0.002516
-0.002128
-0.002213
-0.001778
-0.001957
-0.001451
-0.001755
-0.001104
-0.001706
-0.000483
0.011127
0.008549
0.017277
0.015077
0.020816
0.018851
0.023078
0.021971
0.025578
0.025364
0.028691
0.029236
0.032458
0.033631
0.036852
0.038528
0.041773
0.043800
0.046995
0.049154
0.052089
0.054047
0.056330
0.057590
0.058622
0.058502
0.057520
0.055211
0.051450
0.046244
0.039281
0.031017
0.021217
0.010735
-0.000457
-0.011338
-0.021851
-0.031136
-0.039263
-0.045716
-0.050742
-0.054147
-0.056265
-0.057109
-0.057000
-0.056039
-0.054481
-0.052444
-0.050098
-0.047547
-0.044890
-0.042205
-0.039540
-0.036947
-0.034442
-0.032059
-0.029797
-0.027672
-0.025677
-0.023817
-0.022084
-0.020476
-0.018985
-0.017602
-0.016326
-0.015142
-0.014054
-0.013039
-0.012113
-0.011243
-0.010456
-0.009707
-0.009039
-0.008391
-0.007826
-0.007262
-0.006786
-0.006289
-0.005892
-0.005448
-0.005123
-0.004719
-0.004460
-0.004084
-0.003888
-0.003526
-0.003394
-0.003034
-0.002968
-0.002596
-0.002603
-0.002201
-0.002291
-0.001841
-0.002027
-0.001503
-0.001819
-0.001145
-0.001769
-0.000503
0.011130
0.008520
0.017246
0.014991
0.020716
0.018679
0.022864
0.021659
0.025185
0.024840
0.028032
0.028399
0.031420
0.032355
0.035289
0.036649
0.039506
0.041123
0.043819
0.045469
0.047800
0.049163
0.050781
0.051417
0.051829
0.051179
0.049796
0.047253
0.043549
0.038657
0.032420
0.025186
0.016820
0.007975
-0.001379
-0.010467
-0.019279
-0.027144
-0.034132
-0.039811
-0.044368
-0.047613
-0.049798
-0.050904
-0.051180
-0.050695
-0.049652
-0.048145
-0.046319
-0.044263
-0.042065
-0.039797
-0.037506
-0.035244
-0.033031
-0.030899
-0.028854
-0.026914
-0.025077
-0.023350
-0.021729
-0.020214
-0.018801
-0.017482
-0.016260
-0.015118
-0.014065
-0.013078
-0.012174
-0.011321
-0.010547
-0.009808
-0.009148
-0.008504
-0.007942
-0.007378
-0.006903
-0.006404
-0.006007
-0.005559
-0.005232
-0.004823
-0.004562
-0.004179
-0.003982
-0.003614
-0.003481
-0.003113
-0.003048
-0.002666
-0.002675
-0.002263
-0.002356
-0.001893
-0.002086
-0.001547
-0.001873
-0.001180
-0.001822
-0.000520
0.011081
0.008449
0.017131
0.014834
0.020518
0.018423
0.022552
0.021263
0.024701
0.024239
0.027300
0.027510
0.030346
0.031074
0.033759
0.034853
0.037389
0.038678
0.040982
0.042247
0.044137
0.045086
0.046267
0.046524
0.046598
0.045712
0.044233
0.041751
0.038350
0.033967
0.028539
0.022313
0.015214
0.007728
-0.000164
-0.007873
-0.015396
-0.022208
-0.028358
-0.033490
-0.037733
-0.040914
-0.043216
-0.044602
-0.045262
-0.045237
-0.044691
-0.043696
-0.042373
-0.040798
-0.039051
-0.037196
-0.035280
-0.033351
-0.031434
-0.029561
-0.027741
-0.025996
-0.024326
-0.022743
-0.021244
-0.019832
-0.018506
-0.017261
-0.016100
-0.015008
-0.013998
-0.013045
-0.012170
-0.011339
-0.010584
-0.009859
-0.009210
-0.008575
-0.008020
-0.007460
-0.006989
-0.006490
-0.006094
-0.005645
-0.005319
-0.004907
-0.004646
-0.004259
-0.004061
-0.003687
-0.003554
-0.003180
-0.003116
-0.002726
-0.002737
-0.002316
-0.002413
-0.001940
-0.002139
-0.001587
-0.001921
-0.001211
-0.001870
-0.000536
0.010967
0.008330
0.016918
0.014591
0.020203
0.018061
0.022112
0.020746
0.024078
0.023503
0.026420
0.026474
0.029117
0.029639
0.032072
0.032904
0.035124
0.036092
0.038019
0.038911
0.040381
0.040931
0.041694
0.041579
0.041315
0.040173
0.038549
0.036047
0.032818
0.028770
0.023919
0.018435
0.012300
0.005874
-0.000842
-0.007407
-0.013818
-0.019669
-0.025001
-0.029523
-0.033334
-0.036278
-0.038494
-0.039938
-0.040757
-0.040974
-0.040720
-0.040052
-0.039068
-0.037834
-0.036417
-0.034876
-0.033252
-0.031591
-0.029916
-0.028261
-0.026635
-0.025060
-0.023540
-0.022087
-0.020702
-0.019387
-0.018145
-0.016971
-0.015871
-0.014831
-0.013865
-0.012949
-0.012105
-0.011300
-0.010566
-0.009858
-0.009224
-0.008600
-0.008055
-0.007501
-0.007036
-0.006541
-0.006149
-0.005701
-0.005376
-0.004963
-0.004703
-0.004314
-0.004118
-0.003740
-0.003609
-0.003229
-0.003167
-0.002771
-0.002785
-0.002356
-0.002457
-0.001975
-0.002179
-0.001617
-0.001959
-0.001235
-0.001907
-0.000548
0.010813
0.008182
0.016642
0.014298
0.019819
0.017646
0.021608
0.020182
0.023408
0.022737
0.025520
0.025442
0.027913
0.028264
0.030485
0.031105
0.033071
0.033792
0.035433
0.036056
0.037232
0.037521
0.038026
0.037708
0.037289
0.036076
0.034486
0.032128
0.029200
0.025579
0.021334
0.016562
0.011284
0.005759
0.000004
-0.005650
-0.011194
-0.016311
-0.021024
-0.025100
-0.028604
-0.031403
-0.033596
-0.035137
-0.036135
-0.036603
-0.036643
-0.036297
-0.035648
-0.034749
-0.033658
-0.032427
-0.031093
-0.029700
-0.028270
-0.026835
-0.025407
-0.024007
-0.022643
-0.021326
-0.020060
-0.018849
-0.017697
-0.016600
-0.015568
-0.014585
-0.013668
-0.012793
-0.011985
-0.011210
-0.010502
-0.009815
-0.009199
-0.008589
-0.008056
-0.007512
-0.007055
-0.006566
-0.006180
-0.005735
-0.005414
-0.005002
-0.004745
-0.004355
-0.004160
-0.003781
-0.003651
-0.003268
-0.003207
-0.002808
-0.002824
-0.002390
-0.002494
-0.002005
-0.002214
-0.001643
-0.001991
-0.001256
-0.001939
-0.000560
0.010604
0.007993
0.016285
0.013937
0.019339
0.017145
0.021002
0.019523
0.022630
0.021870
0.024508
0.024303
0.026598
0.026782
0.028790
0.029205
0.030922
0.031403
0.032767
0.033129
0.034020
0.034053
0.034302
0.033774
0.033184
0.031867
0.030258
0.027971
0.025241
0.021920
0.018122
0.013891
0.009282
0.004476
-0.000495
-0.005382
-0.010171
-0.014619
-0.018741
-0.022348
-0.025487
-0.028047
-0.030101
-0.031604
-0.032641
-0.033217
-0.033411
-0.033257
-0.032822
-0.032149
-0.031288
-0.030284
-0.029170
-0.027984
-0.026749
-0.025493
-0.024230
-0.022979
-0.021749
-0.020552
-0.019393
-0.018275
-0.017207
-0.016183
-0.015215
-0.014288
-0.013419
-0.012586
-0.011815
-0.011070
-0.010389
-0.009725
-0.009129
-0.008535
-0.008017
-0.007484
-0.007038
-0.006557
-0.006178
-0.005738
-0.005422
-0.005014
-0.004760
-0.004371
-0.004180
-0.003800
-0.003672
-0.003289
-0.003230
-0.002828
-0.002846
-0.002409
-0.002516
-0.002023
-0.002235
-0.001659
-0.002012
-0.001270
-0.001960
-0.000568
0.010369
0.007785
0.015887
0.013544
0.018817
0.016616
0.020363
0.018847
0.021838
0.021008
0.023514
0.023206
0.025348
0.025399
0.027230
0.027486
0.029007
0.029310
0.030470
0.030652
0.031352
0.031229
0.031333
0.030710
0.030067
0.028761
0.027238
0.025115
0.022650
0.019675
0.016328
0.012612
0.008601
0.004416
0.000103
-0.004159
-0.008343
-0.012267
-0.015929
-0.019181
-0.022052
-0.024449
-0.026421
-0.027928
-0.029032
-0.029733
-0.030093
-0.030136
-0.029916
-0.029469
-0.028837
-0.028059
-0.027163
-0.026185
-0.025145
-0.024069
-0.022972
-0.021872
-0.020779
-0.019704
-0.018655
-0.017635
-0.016654
-0.015707
-0.014806
-0.013938
-0.013121
-0.012334
-0.011601
-0.010891
-0.010240
-0.009601
-0.009027
-0.008452
-0.007951
-0.007432
-0.006998
-0.006527
-0.006156
-0.005723
-0.005415
-0.005010
-0.004761
-0.004376
-0.004187
-0.003809
-0.003684
-0.003301
-0.003245
-0.002842
-0.002862
-0.002423
-0.002532
-0.002037
-0.002251
-0.001672
-0.002028
-0.001281
-0.001976
-0.000576
0.010086
0.007545
0.015421
0.013097
0.018217
0.016021
0.019643
0.018099
0.020964
0.020070
0.022438
0.022033
0.024019
0.023942
0.025598
0.025700
0.027029
0.027161
0.028121
0.028128
0.028639
0.028358
0.028312
0.027580
0.026862
0.025535
0.024052
0.022033
0.019756
0.017035
0.014034
0.010718
0.007185
0.003505
-0.000262
-0.003990
-0.007646
-0.011091
-0.014318
-0.017211
-0.019786
-0.021968
-0.023791
-0.025221
-0.026304
-0.027037
-0.027468
-0.027616
-0.027525
-0.027224
-0.026747
-0.026128
-0.025393
-0.024572
-0.023683
-0.022750
-0.021788
-0.020813
-0.019835
-0.018866
-0.017913
-0.016980
-0.016077
-0.015200
-0.014361
-0.013549
-0.012782
-0.012039
-0.011345
-0.010669
-0.010048
-0.009436
-0.008885
-0.008330
-0.007847
-0.007343
-0.006923
-0.006463
-0.006103
-0.005678
-0.005378
-0.004979
-0.004737
-0.004355
-0.004172
-0.003796
-0.003675
-0.003294
-0.003240
-0.002838
-0.002861
-0.002423
-0.002533
-0.002038
-0.002254
-0.001674
-0.002031
-0.001284
-0.001980
-0.000579
0.009790
0.007295
0.014933
0.012637
0.017598
0.015419
0.018915
0.017358
0.020103
0.019163
0.021406
0.020927
0.022778
0.022604
0.024116
0.024103
0.025283
0.025293
0.026110
0.026002
0.026393
0.026025
0.025905
0.025140
0.024422
0.023145
0.021765
0.019902
0.017848
0.015402
0.012742
0.009806
0.006703
0.003466
0.000162
-0.003121
-0.006343
-0.009403
-0.012284
-0.014898
-0.017247
-0.019273
-0.020995
-0.022386
-0.023475
-0.024260
-0.024776
-0.025039
-0.025082
-0.024929
-0.024609
-0.024151
-0.023576
-0.022910
-0.022172
-0.021383
-0.020555
-0.019706
-0.018845
-0.017981
-0.017126
-0.016282
-0.015459
-0.014653
-0.013880
-0.013125
-0.012410
-0.011712
-0.011059
-0.010419
-0.009830
-0.009246
-0.008720
-0.008187
-0.007723
-0.007236
-0.006831
-0.006384
-0.006035
-0.005620
-0.005328
-0.004937
-0.004701
-0.004326
-0.004147
-0.003776
-0.003658
-0.003280
-0.003229
-0.002830
-0.002855
-0.002418
-0.002530
-0.002036
-0.002253
-0.001674
-0.002032
-0.001285
-0.001981
-0.000582
0.009454
0.007020
0.014392
0.012133
0.016917
0.014765
0.018125
0.016563
0.019180
0.018201
0.020314
0.019767
0.021481
0.021216
0.022584
0.022463
0.023497
0.023389
0.024065
0.023844
0.024112
0.023653
0.023450
0.022639
0.021900
0.020644
0.019329
0.017578
0.015690
0.013454
0.011062
0.008430
0.005677
0.002806
-0.000105
-0.003005
-0.005845
-0.008554
-0.011110
-0.013445
-0.015557
-0.017399
-0.018981
-0.020282
-0.021322
-0.022098
-0.022637
-0.022951
-0.023067
-0.023003
-0.022786
-0.022436
-0.021975
-0.021426
-0.020802
-0.020124
-0.019404
-0.018657
-0.017892
-0.017119
-0.016347
-0.015580
-0.014828
-0.014087
-0.013372
-0.012671
-0.012004
-0.011350
-0.010736
-0.010131
-0.009574
-0.009018
-0.008517
-0.008007
-0.007563
-0.007094
-0.006704
-0.006271
-0.005936
-0.005532
-0.005250
-0.004868
-0.004639
-0.004271
-0.004098
-0.003733
-0.003620
-0.003246
-0.003199
-0.002804
-0.002830
-0.002397
-0.002511
-0.002020
-0.002237
-0.001662
-0.002019
-0.001278
-0.001970
-0.000580
0.009116
0.006743
0.013843
0.011630
0.016236
0.014121
0.017346
0.015792
0.018288
0.017286
0.019282
0.018687
0.020284
0.019952
0.021204
0.021005
0.021926
0.021740
0.022316
0.022028
0.022222
0.021722
0.021486
0.020679
0.019967
0.018777
0.017563
0.015952
0.014248
0.012232
0.010100
0.007753
0.005317
0.002771
0.000197
-0.002376
-0.004898
-0.007319
-0.009610
-0.011724
-0.013650
-0.015352
-0.016833
-0.018074
-0.019090
-0.019876
-0.020452
-0.020828
-0.021023
-0.021054
-0.020940
-0.020702
-0.020356
-0.019921
-0.019412
-0.018845
-0.018232
-0.017586
-0.016917
-0.016234
-0.015546
-0.014856
-0.014175
-0.013499
-0.012844
-0.012197
-0.011579
-0.010969
-0.010396
-0.009827
-0.009302
-0.008775
-0.008301
-0.007814
-0.007390
-0.006941
-0.006568
-0.006150
-0.005827
-0.005436
-0.005164
-0.004792
-0.004571
-0.004211
-0.004044
-0.003686
-0.003577
-0.003209
-0.003165
-0.002775
-0.002803
-0.002375
-0.002489
-0.002003
-0.002220
-0.001650
-0.002005
-0.001270
-0.001956
-0.000580
0.008743
0.006445
0.013251
0.011093
0.015506
0.013437
0.016518
0.014979
0.017348
0.016330
0.018205
0.017568
0.019047
0.018654
0.019790
0.019518
0.020328
0.020066
0.020543
0.020186
0.020304
0.019758
0.019481
0.018664
0.017961
0.016814
0.015672
0.014169
0.012607
0.010765
0.008844
0.006730
0.004557
0.002285
0.000000
-0.002289
-0.004526
-0.006683
-0.008727
-0.010624
-0.012359
-0.013906
-0.015262
-0.016414
-0.017370
-0.018126
-0.018697
-0.019091
-0.019322
-0.019405
-0.019356
-0.019190
-0.018923
-0.018571
-0.018147
-0.017665
-0.017137
-0.016572
-0.015982
-0.015374
-0.014757
-0.014133
-0.013515
-0.012897
-0.012296
-0.011698
-0.011126
-0.010557
-0.010022
-0.009488
-0.008995
-0.008497
-0.008048
-0.007585
-0.007183
-0.006753
-0.006397
-0.005996
-0.005687
-0.005309
-0.005048
-0.004687
-0.004476
-0.004125
-0.003965
-0.003615
-0.003511
-0.003151
-0.003110
-0.002727
-0.002757
-0.002336
-0.002450
-0.001972
-0.002187
-0.001625
-0.001976
-0.001252
-0.001929
-0.000573
0.008377
0.006153
0.012667
0.010569
0.014791
0.012776
0.015717
0.014204
0.016454
0.015434
0.017199
0.016537
0.017914
0.017481
0.018521
0.018202
0.018927
0.018618
0.019026
0.018635
0.018708
0.018151
0.017865
0.017072
0.016408
0.015331
0.014282
0.012902
0.011490
0.009824
0.008105
0.006210
0.004275
0.002247
0.000215
-0.001829
-0.003827
-0.005763
-0.007603
-0.009323
-0.010905
-0.012330
-0.013591
-0.014679
-0.015595
-0.016338
-0.016917
-0.017338
-0.017613
-0.017753
-0.017771
-0.017680
-0.017493
-0.017225
-0.016885
-0.016488
-0.016042
-0.015558
-0.015047
-0.014512
-0.013965
-0.013408
-0.012851
-0.012291
-0.011743
-0.011194
-0.010667
-0.010141
-0.009643
-0.009144
-0.008683
-0.008214
-0.007791
-0.007353
-0.006972
-0.006562
-0.006223
-0.005839
-0.005544
-0.005180
-0.004930
-0.004581
-0.004378
-0.004038
-0.003884
-0.003543
-0.003444
-0.003092
-0.003054
-0.002679
-0.002711
-0.002297
-0.002411
-0.001941
-0.002154
-0.001601
-0.001947
-0.001235
-0.001901
-0.000569
0.007979
0.005842
0.012044
0.010016
0.014034
0.012082
0.014876
0.013395
0.015521
0.014503
0.016157
0.015475
0.016749
0.016280
0.017226
0.016862
0.017502
0.017149
0.017488
0.017061
0.017087
0.016514
0.016213
0.015434
0.014793
0.013769
0.012791
0.011509
0.010218
0.008696
0.007144
0.005434
0.003701
0.001882
0.000070
-0.001758
-0.003540
-0.005273
-0.006920
-0.008468
-0.009896
-0.011191
-0.012344
-0.013348
-0.014202
-0.014906
-0.015464
-0.015884
-0.016172
-0.016338
-0.016394
-0.016350
-0.016216
-0.016006
-0.015728
-0.015394
-0.015013
-0.014594
-0.014145
-0.013671
-0.013184
-0.012683
-0.012180
-0.011670
-0.011170
-0.010666
-0.010181
-0.009693
-0.009232
-0.008766
-0.008335
-0.007895
-0.007498
-0.007084
-0.006724
-0.006335
-0.006015
-0.005648
-0.005368
-0.005019
-0.004781
-0.004446
-0.004252
-0.003923
-0.003777
-0.003447
-0.003353
-0.003011
-0.002976
-0.002611
-0.002644
-0.002241
-0.002354
-0.001895
-0.002104
-0.001564
-0.001903
-0.001207
-0.001859
-0.000557
0.007599
0.005544
0.011442
0.009486
0.013308
0.011423
0.014075
0.012636
0.014645
0.013641
0.015194
0.014506
0.015691
0.015202
0.016069
0.015680
0.016256
0.015880
0.016171
0.015732
0.015734
0.015167
0.014871
0.014126
0.013528
0.012572
0.011677
0.010501
0.009333
0.007954
0.006561
0.005022
0.003472
0.001841
0.000221
-0.001418
-0.003016
-0.004577
-0.006063
-0.007469
-0.008770
-0.009961
-0.011028
-0.011968
-0.012777
-0.013455
-0.014005
-0.014431
-0.014739
-0.014938
-0.015035
-0.015039
-0.014961
-0.014809
-0.014593
-0.014322
-0.014004
-0.013648
-0.013261
-0.012847
-0.012418
-0.011972
-0.011522
-0.011062
-0.010608
-0.010148
-0.009704
-0.009254
-0.008828
-0.008396
-0.007995
-0.007582
-0.007211
-0.006821
-0.006483
-0.006114
-0.005811
-0.005462
-0.005196
-0.004863
-0.004637
-0.004314
-0.004130
-0.003813
-0.003674
-0.003354
-0.003266
-0.002934
-0.002902
-0.002547
-0.002580
-0.002188
-0.002299
-0.001852
-0.002057
-0.001530
-0.001862
-0.001183
-0.001819
-0.000549
0.007187
0.005228
0.010804
0.008930
0.012543
0.010733
0.013236
0.011844
0.013732
0.012748
0.014197
0.013506
0.014601
0.014097
0.014886
0.014475
0.014986
0.014589
0.014831
0.014379
0.014354
0.013791
0.013494
0.012776
0.012209
0.011310
0.010481
0.009394
0.008329
0.007070
0.005811
0.004420
0.003029
0.001563
0.000113
-0.001357
-0.002787
-0.004188
-0.005522
-0.006789
-0.007965
-0.009046
-0.010019
-0.010884
-0.011632
-0.012268
-0.012789
-0.013202
-0.013508
-0.013717
-0.013833
-0.013866
-0.013822
-0.013710
-0.013538
-0.013313
-0.013044
-0.012737
-0.012400
-0.012036
-0.011655
-0.011256
-0.010851
-0.010435
-0.010023
-0.009603
-0.009196
-0.008782
-0.008389
-0.007988
-0.007616
-0.007232
-0.006886
-0.006519
-0.006203
-0.005855
-0.005570
-0.005239
-0.004989
-0.004672
-0.004459
-0.004151
-0.003977
-0.003673
-0.003542
-0.003235
-0.003151
-0.002832
-0.002803
-0.002460
-0.002495
-0.002115
-0.002224
-0.001791
-0.001991
-0.001481
-0.001804
-0.001146
-0.001763
-0.000533
0.006801
0.004931
0.010201
0.008407
0.011821
0.010089
0.012452
0.011112
0.012888
0.011930
0.013286
0.012604
0.013620
0.013112
0.013836
0.013418
0.013878
0.013475
0.013684
0.013235
0.013198
0.012652
0.012369
0.011690
0.011164
0.010330
0.009573
0.008577
0.007613
0.006471
0.005339
0.004084
0.002836
0.001518
0.000218
-0.001105
-0.002390
-0.003655
-0.004860
-0.006010
-0.007081
-0.008073
-0.008971
-0.009775
-0.010478
-0.011082
-0.011585
-0.011991
-0.012303
-0.012527
-0.012666
-0.012729
-0.012721
-0.012649
-0.012521
-0.012342
-0.012121
-0.011862
-0.011574
-0.011257
-0.010923
-0.010570
-0.010210
-0.009836
-0.009464
-0.009083
-0.008712
-0.008333
-0.007972
-0.007601
-0.007257
-0.006899
-0.006577
-0.006234
-0.005938
-0.005611
-0.005344
-0.005031
-0.004795
-0.004494
-0.004292
-0.003998
-0.003834
-0.003543
-0.003419
-0.003124
-0.003046
-0.002738
-0.002712
-0.002381
-0.002416
-0.002049
-0.002156
-0.001737
-0.001932
-0.001438
-0.001751
-0.001113
-0.001711
-0.000521
0.006381
0.004615
0.009558
0.007855
0.011058
0.009412
0.011625
0.010344
0.012003
0.011077
0.012336
0.011667
0.012602
0.012095
0.012754
0.012330
0.012740
0.012333
0.012509
0.012063
0.012011
0.011482
0.011207
0.010562
0.010070
0.009291
0.008596
0.007680
0.006803
0.005764
0.004742
0.003608
0.002487
0.001301
0.000136
-0.001051
-0.002202
-0.003338
-0.004420
-0.005457
-0.006424
-0.007323
-0.008140
-0.008875
-0.009522
-0.010083
-0.010554
-0.010940
-0.011241
-0.011464
-0.011611
-0.011688
-0.011701
-0.011655
-0.011557
-0.011412
-0.011227
-0.011005
-0.010755
-0.010478
-0.010184
-0.009870
-0.009547
-0.009211
-0.008875
-0.008529
-0.008191
-0.007844
-0.007514
-0.007172
-0.006855
-0.006524
-0.006225
-0.005906
-0.005631
-0.005325
-0.005076
-0.004782
-0.004561
-0.004277
-0.004088
-0.003811
-0.003656
-0.003380
-0.003264
-0.002983
-0.002911
-0.002617
-0.002594
-0.002278
-0.002313
-0.001962
-0.002065
-0.001664
-0.001851
-0.001378
-0.001679
-0.001068
-0.001642
-0.000501
0.005999
0.004325
0.008964
0.007347
0.010353
0.008791
0.010868
0.009647
0.011199
0.010310
0.011482
0.010833
0.011698
0.011200
0.011803
0.011384
0.011754
0.011353
0.011505
0.011072
0.011016
0.010512
0.010253
0.009649
0.009196
0.008477
0.007843
0.007006
0.006214
0.005271
0.004351
0.003328
0.002321
0.001254
0.000208
-0.000862
-0.001897
-0.002923
-0.003901
-0.004842
-0.005721
-0.006543
-0.007293
-0.007974
-0.008576
-0.009103
-0.009551
-0.009924
-0.010221
-0.010447
-0.010605
-0.010699
-0.010734
-0.010716
-0.010648
-0.010536
-0.010386
-0.010201
-0.009989
-0.009750
-0.009493
-0.009216
-0.008930
-0.008630
-0.008328
-0.008015
-0.007709
-0.007392
-0.007090
-0.006777
-0.006485
-0.006178
-0.005903
-0.005606
-0.005350
-0.005064
-0.004832
-0.004555
-0.004349
-0.004081
-0.003904
-0.003641
-0.003497
-0.003234
-0.003126
-0.002858
-0.002790
-0.002510
-0.002489
-0.002187
-0.002221
-0.001885
-0.001985
-0.001600
-0.001781
-0.001326
-0.001616
-0.001029
-0.001580
-0.000485
0.005575
0.004010
0.008321
0.006804
0.009598
0.008130
0.010059
0.008906
0.010343
0.009497
0.010578
0.009953
0.010745
0.010261
0.010808
0.010397
0.010726
0.010334
0.010462
0.010044
0.009981
0.009501
0.009256
0.008690
0.008272
0.007607
0.007029
0.006264
0.005547
0.004692
0.003864
0.002942
0.002040
0.001081
0.000146
-0.000813
-0.001739
-0.002659
-0.003536
-0.004382
-0.005173
-0.005916
-0.006595
-0.007214
-0.007764
-0.008249
-0.008664
-0.009012
-0.009293
-0.009511
-0.009668
-0.009768
-0.009814
-0.009811
-0.009763
-0.009674
-0.009550
-0.009394
-0.009211
-0.009003
-0.008778
-0.008533
-0.008279
-0.008010
-0.007740
-0.007457
-0.007181
-0.006893
-0.006618
-0.006331
-0.006065
-0.005783
-0.005530
-0.005256
-0.005021
-0.004755
-0.004540
-0.004283
-0.004093
-0.003842
-0.003678
-0.003432
-0.003298
-0.003051
-0.002951
-0.002699
-0.002636
-0.002372
-0.002354
-0.002068
-0.002102
-0.001783
-0.001880
-0.001515
-0.001687
-0.001256
-0.001531
-0.000976
-0.001498
-0.000461
0.005203
0.003730
0.007745
0.006317
0.008920
0.007540
0.009336
0.008249
0.009584
0.008782
0.009783
0.009185
0.009915
0.009448
0.009948
0.009551
0.009848
0.009470
0.009581
0.009182
0.009119
0.008668
0.008440
0.007914
0.007531
0.006921
0.006396
0.005700
0.005053
0.004280
0.003535
0.002704
0.001894
0.001032
0.000192
-0.000670
-0.001503
-0.002332
-0.003123
-0.003889
-0.004606
-0.005283
-0.005904
-0.006473
-0.006981
-0.007433
-0.007822
-0.008153
-0.008424
-0.008638
-0.008797
-0.008905
-0.008964
-0.008978
-0.008950
-0.008885
-0.008787
-0.008657
-0.008503
-0.008324
-0.008129
-0.007914
-0.007690
-0.007451
-0.007210
-0.006956
-0.006706
-0.006446
-0.006196
-0.005934
-0.005691
-0.005432
-0.005200
-0.004947
-0.004730
-0.004483
-0.004285
-0.004045
-0.003868
-0.003634
-0.003481
-0.003250
-0.003125
-0.002893
-0.002800
-0.002562
-0.002504
-0.002253
-0.002237
-0.001966
-0.002000
-0.001697
-0.001790
-0.001443
-0.001607
-0.001198
-0.001460
-0.000931
-0.001428
-0.000442
0.004775
0.003419
0.007105
0.005784
0.008174
0.006895
0.008543
0.007532
0.008755
0.008004
0.008918
0.008354
0.009017
0.008573
0.009024
0.008644
0.008908
0.008548
0.008642
0.008265
0.008202
0.007780
0.007568
0.007084
0.006734
0.006177
0.005702
0.005071
0.004490
0.003794
0.003129
0.002384
0.001662
0.000892
0.000144
-0.000625
-0.001367
-0.002107
-0.002812
-0.003497
-0.004139
-0.004746
-0.005304
-0.005817
-0.006278
-0.006688
-0.007044
-0.007349
-0.007600
-0.007802
-0.007955
-0.008061
-0.008124
-0.008146
-0.008131
-0.008081
-0.008001
-0.007893
-0.007761
-0.007607
-0.007436
-0.007248
-0.007050
-0.006838
-0.006623
-0.006396
-0.006173
-0.005938
-0.005713
-0.005476
-0.005256
-0.005021
-0.004810
-0.004579
-0.004381
-0.004155
-0.003974
-0.003753
-0.003591
-0.003375
-0.003236
-0.003022
-0.002907
-0.002692
-0.002606
-0.002385
-0.002333
-0.002100
-0.002086
-0.001833
-0.001866
-0.001584
-0.001671
-0.001347
-0.001501
-0.001119
-0.001364
-0.000870
-0.001335
-0.000414
0.004418
0.003152
0.006554
0.005322
0.007528
0.006339
0.007860
0.006919
0.008045
0.007343
0.008181
0.007651
0.008257
0.007837
0.008246
0.007886
0.008123
0.007782
0.007865
0.007510
0.007449
0.007057
0.006863
0.006417
0.006100
0.005591
0.005163
0.004592
0.004070
0.003443
0.002847
0.002178
0.001532
0.000841
0.000172
-0.000517
-0.001182
-0.001847
-0.002480
-0.003097
-0.003676
-0.004226
-0.004733
-0.005201
-0.005623
-0.006001
-0.006331
-0.006616
-0.006854
-0.007047
-0.007197
-0.007305
-0.007374
-0.007405
-0.007403
-0.007369
-0.007307
-0.007219
-0.007109
-0.006977
-0.006830
-0.006666
-0.006492
-0.006305
-0.006114
-0.005912
-0.005712
-0.005501
-0.005298
-0.005083
-0.004884
-0.004669
-0.004477
-0.004266
-0.004085
-0.003877
-0.003711
-0.003507
-0.003358
-0.003158
-0.003030
-0.002831
-0.002725
-0.002525
-0.002446
-0.002239
-0.002191
-0.001973
-0.001961
-0.001724
-0.001755
-0.001490
-0.001573
-0.001268
-0.001414
-0.001054
-0.001286
-0.000821
-0.001258
-0.000393
0.003985
0.002842
0.005915
0.004796
0.006789
0.005707
0.007080
0.006221
0.007237
0.006592
0.007347
0.006858
0.007401
0.007012
0.007376
0.007042
0.007251
0.006935
0.007005
0.006678
0.006620
0.006262
0.006085
0.005681
0.005396
0.004939
0.004557
0.004046
0.003583
0.003025
0.002498
0.001905
0.001335
0.000724
0.000134
-0.000475
-0.001061
-0.001649
-0.002208
-0.002754
-0.003267
-0.003755
-0.004205
-0.004622
-0.004999
-0.005338
-0.005635
-0.005893
-0.006110
-0.006287
-0.006426
-0.006529
-0.006596
-0.006631
-0.006635
-0.006611
-0.006561
-0.006488
-0.006395
-0.006282
-0.006156
-0.006013
-0.005862
-0.005697
-0.005530
-0.005351
-0.005174
-0.004986
-0.004806
-0.004614
-0.004436
-0.004244
-0.004072
-0.003881
-0.003719
-0.003532
-0.003382
-0.003198
-0.003064
-0.002882
-0.002766
-0.002586
-0.002490
-0.002308
-0.002237
-0.002048
-0.002005
-0.001806
-0.001795
-0.001579
-0.001608
-0.001365
-0.001441
-0.001163
-0.001297
-0.000967
-0.001179
-0.000754
-0.001154
-0.000362
0.003649
0.002591
0.005394
0.004363
0.006182
0.005188
0.006442
0.005652
0.006577
0.005984
0.006669
0.006216
0.006707
0.006346
0.006674
0.006363
0.006549
0.006255
0.006316
0.006014
0.005959
0.005631
0.005471
0.005103
0.004847
0.004434
0.004092
0.003634
0.003221
0.002722
0.002253
0.001724
0.001217
0.000673
0.000149
-0.000394
-0.000915
-0.001439
-0.001938
-0.002426
-0.002885
-0.003323
-0.003727
-0.004104
-0.004445
-0.004754
-0.005026
-0.005263
-0.005464
-0.005631
-0.005763
-0.005863
-0.005931
-0.005970
-0.005982
-0.005968
-0.005931
-0.005872
-0.005795
-0.005700
-0.005591
-0.005468
-0.005336
-0.005192
-0.005045
-0.004886
-0.004729
-0.004562
-0.004401
-0.004230
-0.004070
-0.003897
-0.003742
-0.003569
-0.003422
-0.003252
-0.003117
-0.002949
-0.002827
-0.002661
-0.002555
-0.002389
-0.002303
-0.002135
-0.002070
-0.001896
-0.001857
-0.001673
-0.001664
-0.001464
-0.001491
-0.001267
-0.001338
-0.001079
-0.001204
-0.000898
-0.001095
-0.000700
-0.001072
-0.000337
0.003207
0.002280
0.004750
0.003840
0.005442
0.004563
0.005667
0.004965
0.005780
0.005251
0.005853
0.005448
0.005880
0.005555
0.005842
0.005562
0.005724
0.005460
0.005511
0.005242
0.005192
0.004900
0.004758
0.004434
0.004209
0.003846
0.003548
0.003147
0.002787
0.002352
0.001944
0.001485
0.001045
0.000573
0.000118
-0.000353
-0.000805
-0.001260
-0.001692
-0.002117
-0.002515
-0.002897
-0.003250
-0.003579
-0.003878
-0.004149
-0.004388
-0.004598
-0.004776
-0.004925
-0.005044
-0.005135
-0.005198
-0.005236
-0.005250
-0.005242
-0.005213
-0.005165
-0.005101
-0.005021
-0.004929
-0.004824
-0.004711
-0.004587
-0.004459
-0.004322
-0.004186
-0.004040
-0.003900
-0.003749
-0.003610
-0.003458
-0.003322
-0.003170
-0.003041
-0.002891
-0.002772
-0.002623
-0.002516
-0.002369
-0.002276
-0.002129
-0.002052
-0.001903
-0.001846
-0.001691
-0.001657
-0.001493
-0.001486
-0.001307
-0.001332
-0.001132
-0.001195
-0.000965
-0.001076
-0.000804
-0.000980
-0.000628
-0.000959
-0.000304
0.002897
0.002048
0.004267
0.003438
0.004879
0.004084
0.005076
0.004443
0.005174
0.004695
0.005234
0.004866
0.005251
0.004955
0.005209
0.004954
0.005096
0.004856
0.004900
0.004655
0.004609
0.004347
0.004220
0.003929
0.003730
0.003407
0.003143
0.002788
0.002471
0.002087
0.001728
0.001323
0.000937
0.000522
0.000122
-0.000292
-0.000689
-0.001089
-0.001470
-0.001844
-0.002197
-0.002534
-0.002847
-0.003140
-0.003406
-0.003648
-0.003863
-0.004052
-0.004214
-0.004350
-0.004460
-0.004546
-0.004607
-0.004646
-0.004664
-0.004661
-0.004640
-0.004602
-0.004550
-0.004483
-0.004405
-0.004315
-0.004218
-0.004111
-0.004000
-0.003880
-0.003761
-0.003633
-0.003510
-0.003377
-0.003253
-0.003119
-0.002998
-0.002863
-0.002748
-0.002614
-0.002508
-0.002375
-0.002279
-0.002147
-0.002063
-0.001931
-0.001862
-0.001727
-0.001676
-0.001536
-0.001506
-0.001357
-0.001351
-0.001189
-0.001211
-0.001029
-0.001088
-0.000878
-0.000980
-0.000731
-0.000892
-0.000571
-0.000874
-0.000277
0.002438
0.001731
0.003607
0.002911
0.004128
0.003456
0.004294
0.003757
0.004375
0.003967
0.004423
0.004110
0.004434
0.004182
0.004396
0.004178
0.004298
0.004092
0.004128
0.003920
0.003880
0.003657
0.003549
0.003303
0.003134
0.002861
0.002639
0.002339
0.002072
0.001749
0.001447
0.001107
0.000782
0.000433
0.000098
-0.000250
-0.000584
-0.000920
-0.001241
-0.001556
-0.001852
-0.002137
-0.002401
-0.002649
-0.002874
-0.003079
-0.003262
-0.003423
-0.003562
-0.003679
-0.003774
-0.003848
-0.003902
-0.003937
-0.003954
-0.003954
-0.003939
-0.003909
-0.003866
-0.003811
-0.003747
-0.003673
-0.003592
-0.003502
-0.003409
-0.003309
-0.003209
-0.003101
-0.002997
-0.002885
-0.002780
-0.002666
-0.002564
-0.002449
-0.002352
-0.002238
-0.002147
-0.002034
-0.001952
-0.001840
-0.001769
-0.001656
-0.001597
-0.001482
-0.001438
-0.001319
-0.001293
-0.001166
-0.001160
-0.001022
-0.001041
-0.000886
-0.000935
-0.000756
-0.000843
-0.000631
-0.000768
-0.000494
-0.000752
-0.000242
0.002162
0.001520
0.003169
0.002545
0.003616
0.003020
0.003758
0.003283
0.003826
0.003465
0.003864
0.003586
0.003869
0.003644
0.003830
0.003636
0.003739
0.003556
0.003586
0.003402
0.003366
0.003169
0.003075
0.002860
0.002713
0.002475
0.002283
0.002023
0.001793
0.001514
0.001255
0.000961
0.000682
0.000382
0.000094
-0.000206
-0.000493
-0.000782
-0.001058
-0.001329
-0.001585
-0.001831
-0.002059
-0.002274
-0.002469
-0.002648
-0.002808
-0.002949
-0.003071
-0.003174
-0.003259
-0.003326
-0.003376
-0.003409
-0.003426
-0.003429
-0.003419
-0.003395
-0.003361
-0.003316
-0.003263
-0.003200
-0.003133
-0.003056
-0.002978
-0.002892
-0.002806
-0.002714
-0.002624
-0.002528
-0.002438
-0.002339
-0.002251
-0.002151
-0.002067
-0.001967
-0.001889
-0.001790
-0.001719
-0.001620
-0.001558
-0.001459
-0.001408
-0.001307
-0.001269
-0.001163
-0.001141
-0.001029
-0.001024
-0.000902
-0.000920
-0.000782
-0.000826
-0.000667
-0.000745
-0.000556
-0.000679
-0.000434
-0.000665
-0.000212
0.001674
0.001192
0.002480
0.002003
0.002839
0.002378
0.002953
0.002585
0.003008
0.002728
0.003040
0.002824
0.003045
0.002871
0.003016
0.002865
0.002945
0.002803
0.002826
0.002681
0.002653
0.002499
0.002424
0.002255
0.002139
0.001952
0.001801
0.001596
0.001415
0.001195
0.000991
0.000759
0.000540
0.000303
0.000075
-0.000161
-0.000387
-0.000616
-0.000834
-0.001049
-0.001251
-0.001446
-0.001627
-0.001797
-0.001953
-0.002095
-0.002223
-0.002336
-0.002433
-0.002517
-0.002585
-0.002639
-0.002680
-0.002708
-0.002723
-0.002727
-0.002720
-0.002702
-0.002676
-0.002642
-0.002600
-0.002551
-0.002498
-0.002438
-0.002377
-0.002309
-0.002241
-0.002168
-0.002097
-0.002021
-0.001949
-0.001871
-0.001801
-0.001722
-0.001654
-0.001576
-0.001513
-0.001434
-0.001377
-0.001299
-0.001249
-0.001170
-0.001129
-0.001049
-0.001018
-0.000935
-0.000916
-0.000827
-0.000823
-0.000726
-0.000739
-0.000630
-0.000664
-0.000539
-0.000599
-0.000451
-0.000546
-0.000354
-0.000535
-0.000177
0.001444
0.001007
0.002099
0.001678
0.002388
0.001991
0.002480
0.002164
0.002523
0.002282
0.002546
0.002359
0.002545
0.002394
0.002516
0.002385
0.002452
0.002329
0.002348
0.002224
0.002200
0.002070
0.002007
0.001865
0.001769
0.001612
0.001487
0.001317
0.001167
0.000985
0.000817
0.000626
0.000445
0.000250
0.000063
-0.000131
-0.000317
-0.000505
-0.000684
-0.000861
-0.001027
-0.001188
-0.001337
-0.001477
-0.001606
-0.001724
-0.001829
-0.001923
-0.002004
-0.002074
-0.002131
-0.002177
-0.002212
-0.002236
-0.002250
-0.002254
-0.002249
-0.002236
-0.002216
-0.002188
-0.002155
-0.002116
-0.002073
-0.002025
-0.001974
-0.001919
-0.001864
-0.001804
-0.001746
-0.001683
-0.001624
-0.001559
-0.001502
-0.001436
-0.001381
-0.001315
-0.001263
-0.001198
-0.001151
-0.001085
-0.001044
-0.000978
-0.000945
-0.000877
-0.000852
-0.000782
-0.000767
-0.000692
-0.000689
-0.000607
-0.000619
-0.000526
-0.000556
-0.000449
-0.000502
-0.000374
-0.000458
-0.000293
-0.000448
-0.000144
0.000909
0.000658
0.001359
0.001110
0.001563
0.001320
0.001632
0.001437
0.001667
0.001519
0.001688
0.001574
0.001693
0.001601
0.001679
0.001599
0.001641
0.001565
0.001576
0.001498
0.001481
0.001397
0.001355
0.001262
0.001197
0.001094
0.001009
0.000897
0.000796
0.000674
0.000560
0.000432
0.000310
0.000179
0.000052
-0.000079
-0.000206
-0.000333
-0.000455
-0.000576
-0.000689
-0.000799
-0.000901
-0.000998
-0.001086
-0.001167
-0.001240
-0.001305
-0.001361
-0.001410
-0.001450
-0.001483
-0.001508
-0.001525
-0.001536
-0.001540
-0.001538
-0.001530
-0.001517
-0.001499
-0.001477
-0.001451
-0.001422
-0.001389
-0.001355
-0.001318
-0.001280
-0.001240
-0.001200
-0.001158
-0.001117
-0.001073
-0.001034
-0.000989
-0.000951
-0.000907
-0.000871
-0.000827
-0.000794
-0.000750
-0.000721
-0.000676
-0.000652
-0.000607
-0.000589
-0.000542
-0.000530
-0.000480
-0.000477
-0.000423
-0.000429
-0.000368
-0.000386
-0.000316
-0.000348
-0.000266
-0.000318
-0.000211
-0.000311
-0.000110
0.000741
0.000505
0.001053
0.000832
0.001190
0.000987
0.001235
0.001074
0.001256
0.001133
0.001266
0.001171
0.001264
0.001187
0.001248
0.001182
0.001215
0.001152
0.001162
0.001099
0.001087
0.001021
0.000990
0.000919
0.000872
0.000794
0.000732
0.000648
0.000574
0.000484
0.000401
0.000307
0.000218
0.000122
0.000031
-0.000065
-0.000156
-0.000249
-0.000337
-0.000424
-0.000505
-0.000584
-0.000658
-0.000727
-0.000791
-0.000849
-0.000902
-0.000949
-0.000989
-0.001024
-0.001053
-0.001077
-0.001095
-0.001107
-0.001115
-0.001118
-0.001116
-0.001110
-0.001101
-0.001088
-0.001073
-0.001054
-0.001033
-0.001010
-0.000985
-0.000958
-0.000931
-0.000902
-0.000873
-0.000842
-0.000813
-0.000781
-0.000753
-0.000720
-0.000693
-0.000660
-0.000635
-0.000602
-0.000579
-0.000546
-0.000526
-0.000492
-0.000476
-0.000442
-0.000429
-0.000394
-0.000387
-0.000349
-0.000348
-0.000306
-0.000313
-0.000265
-0.000281
-0.000227
-0.000254
-0.000189
-0.000232
-0.000147
-0.000227
-0.000072
0.000124
0.000121
0.000229
0.000222
0.000289
0.000273
0.000317
0.000303
0.000336
0.000326
0.000350
0.000343
0.000360
0.000354
0.000365
0.000358
0.000363
0.000355
0.000355
0.000345
0.000339
0.000326
0.000316
0.000299
0.000284
0.000264
0.000245
0.000222
0.000199
0.000173
0.000146
0.000118
0.000090
0.000060
0.000030
-0.000001
-0.000031
-0.000061
-0.000091
-0.000120
-0.000148
-0.000175
-0.000201
-0.000225
-0.000248
-0.000269
-0.000288
-0.000305
-0.000321
-0.000334
-0.000346
-0.000355
-0.000363
-0.000369
-0.000373
-0.000376
-0.000377
-0.000376
-0.000374
-0.000371
-0.000367
-0.000361
-0.000355
-0.000348
-0.000340
-0.000332
-0.000323
-0.000314
-0.000304
-0.000294
-0.000284
-0.000274
-0.000264
-0.000254
-0.000244
-0.000234
-0.000224
-0.000214
-0.000205
-0.000195
-0.000187
-0.000177
-0.000170
-0.000160
-0.000154
-0.000144
-0.000139
-0.000129
-0.000125
-0.000115
-0.000113
-0.000102
-0.000102
-0.000089
-0.000092
-0.000078
-0.000084
-0.000065
-0.000081
-0.000043
