# p - 1000 ites
-0.017422
-0.017452
-0.017493
-0.017549
-0.017614
-0.017684
-0.017755
-0.017823
-0.017886
-0.017941
-0.017988
-0.018025
-0.018050
-0.018065
-0.018067
-0.018058
-0.018036
-0.018001
-0.017955
-0.017896
-0.017825
-0.017742
-0.017648
-0.017543
-0.017426
-0.017298
-0.017160
-0.017011
-0.016852
-0.016684
-0.016506
-0.016318
-0.016122
-0.015917
-0.015704
-0.015483
-0.015254
-0.015018
-0.014775
-0.014524
-0.014268
-0.014006
-0.013738
-0.013464
-0.013186
-0.012904
-0.012617
-0.012327
-0.012034
-0.011738
-0.011440
-0.011141
-0.010840
-0.010539
-0.010238
-0.009937
-0.009637
-0.009339
-0.009043
-0.008750
-0.008461
-0.008175
-0.007895
-0.007619
-0.007349
-0.007086
-0.006830
-0.006582
-0.006342
-0.006111
-0.005890
-0.005679
-0.005478
-0.005289
-0.005112
-0.004948
-0.004796
-0.004658
-0.004533
-0.004423
-0.004327
-0.004246
-0.004180
-0.004130
-0.004094
-0.004073
-0.004067
-0.004075
-0.004097
-0.004132
-0.004179
-0.004236
-0.004302
-0.004373
-0.004448
-0.004523
-0.004593
-0.004653
-0.004696
-0.004729
-0.017391
-0.017422
-0.017453
-0.017495
-0.017544
-0.017596
-0.017648
-0.017699
-0.017746
-0.017786
-0.017820
-0.017845
-0.017861
-0.017868
-0.017863
-0.017849
-0.017823
-0.017786
-0.017738
-0.017679
-0.017608
-0.017527
-0.017435
-0.017332
-0.017218
-0.017094
-0.016961
-0.016817
-0.016663
-0.016500
-0.016328
-0.016147
-0.015957
-0.015759
-0.015553
-0.015339
-0.015118
-0.014889
-0.014654
-0.014412
-0.014164
-0.013910
-0.013651
-0.013386
-0.013117
-0.012844
-0.012567
-0.012286
-0.012003
-0.011717
-0.011429
-0.011140
-0.010849
-0.010558
-0.010267
-0.009977
-0.009687
-0.009400
-0.009114
-0.008832
-0.008553
-0.008277
-0.008007
-0.007741
-0.007481
-0.007228
-0.006981
-0.006742
-0.006511
-0.006289
-0.006076
-0.005873
-0.005680
-0.005498
-0.005328
-0.005169
-0.005022
-0.004888
-0.004767
-0.004659
-0.004564
-0.004484
-0.004417
-0.004363
-0.004323
-0.004297
-0.004284
-0.004283
-0.004294
-0.004317
-0.004349
-0.004389
-0.004437
-0.004490
-0.004545
-0.004600
-0.004652
-0.004697
-0.004730
-0.004763
-0.017351
-0.017391
-0.017422
-0.017463
-0.017508
-0.017556
-0.017604
-0.017649
-0.017691
-0.017727
-0.017756
-0.017778
-0.017790
-0.017794
-0.017787
-0.017770
-0.017743
-0.017705
-0.017657
-0.017597
-0.017527
-0.017446
-0.017354
-0.017252
-0.017140
-0.017018
-0.016885
-0.016743
-0.016592
-0.016431
-0.016261
-0.016082
-0.015895
-0.015700
-0.015496
-0.015285
-0.015067
-0.014841
-0.014609
-0.014370
-0.014125
-0.013875
-0.013619
-0.013358
-0.013092
-0.012823
-0.012549
-0.012272
-0.011993
-0.011710
-0.011426
-0.011140
-0.010854
-0.010567
-0.010279
-0.009993
-0.009708
-0.009424
-0.009142
-0.008863
-0.008588
-0.008317
-0.008050
-0.007788
-0.007532
-0.007282
-0.007039
-0.006803
-0.006575
-0.006356
-0.006146
-0.005946
-0.005756
-0.005576
-0.005408
-0.005251
-0.005106
-0.004973
-0.004853
-0.004746
-0.004652
-0.004571
-0.004503
-0.004449
-0.004408
-0.004380
-0.004364
-0.004360
-0.004367
-0.004385
-0.004413
-0.004449
-0.004491
-0.004538
-0.004588
-0.004638
-0.004687
-0.004730
-0.004763
-0.004806
-0.017295
-0.017349
-0.017382
-0.017422
-0.017467
-0.017511
-0.017556
-0.017597
-0.017634
-0.017666
-0.017691
-0.017709
-0.017719
-0.017719
-0.017710
-0.017691
-0.017663
-0.017624
-0.017574
-0.017515
-0.017444
-0.017364
-0.017273
-0.017172
-0.017061
-0.016940
-0.016809
-0.016669
-0.016519
-0.016361
-0.016193
-0.016017
-0.015833
-0.015640
-0.015439
-0.015231
-0.015016
-0.014793
-0.014564
-0.014329
-0.014087
-0.013840
-0.013588
-0.013330
-0.013068
-0.012802
-0.012532
-0.012259
-0.011983
-0.011705
-0.011424
-0.011142
-0.010860
-0.010576
-0.010293
-0.010010
-0.009729
-0.009449
-0.009171
-0.008896
-0.008625
-0.008357
-0.008094
-0.007836
-0.007583
-0.007337
-0.007097
-0.006865
-0.006640
-0.006424
-0.006217
-0.006020
-0.005832
-0.005655
-0.005489
-0.005334
-0.005190
-0.005059
-0.004940
-0.004833
-0.004740
-0.004659
-0.004590
-0.004535
-0.004492
-0.004462
-0.004444
-0.004437
-0.004441
-0.004455
-0.004478
-0.004509
-0.004547
-0.004590
-0.004636
-0.004683
-0.004730
-0.004773
-0.004808
-0.004866
-0.017229
-0.017300
-0.017336
-0.017379
-0.017423
-0.017467
-0.017509
-0.017547
-0.017582
-0.017610
-0.017633
-0.017647
-0.017654
-0.017652
-0.017641
-0.017621
-0.017591
-0.017551
-0.017501
-0.017441
-0.017370
-0.017290
-0.017200
-0.017100
-0.016990
-0.016870
-0.016741
-0.016602
-0.016455
-0.016298
-0.016133
-0.015959
-0.015777
-0.015587
-0.015389
-0.015183
-0.014970
-0.014751
-0.014525
-0.014292
-0.014054
-0.013810
-0.013560
-0.013306
-0.013048
-0.012785
-0.012518
-0.012248
-0.011976
-0.011701
-0.011424
-0.011146
-0.010866
-0.010586
-0.010307
-0.010027
-0.009749
-0.009473
-0.009199
-0.008927
-0.008659
-0.008394
-0.008134
-0.007879
-0.007630
-0.007387
-0.007150
-0.006921
-0.006699
-0.006486
-0.006281
-0.006086
-0.005900
-0.005725
-0.005561
-0.005407
-0.005265
-0.005135
-0.005017
-0.004911
-0.004817
-0.004736
-0.004667
-0.004611
-0.004567
-0.004535
-0.004514
-0.004505
-0.004507
-0.004518
-0.004538
-0.004565
-0.004600
-0.004640
-0.004684
-0.004730
-0.004776
-0.004822
-0.004860
-0.004936
-0.017158
-0.017248
-0.017289
-0.017334
-0.017381
-0.017425
-0.017466
-0.017503
-0.017535
-0.017562
-0.017582
-0.017594
-0.017599
-0.017595
-0.017583
-0.017561
-0.017530
-0.017489
-0.017439
-0.017378
-0.017308
-0.017228
-0.017138
-0.017039
-0.016930
-0.016811
-0.016683
-0.016546
-0.016400
-0.016246
-0.016082
-0.015910
-0.015730
-0.015542
-0.015346
-0.015143
-0.014933
-0.014716
-0.014493
-0.014263
-0.014027
-0.013786
-0.013539
-0.013288
-0.013032
-0.012772
-0.012508
-0.012241
-0.011972
-0.011699
-0.011425
-0.011150
-0.010874
-0.010597
-0.010320
-0.010043
-0.009768
-0.009495
-0.009223
-0.008954
-0.008689
-0.008427
-0.008170
-0.007917
-0.007671
-0.007430
-0.007195
-0.006968
-0.006749
-0.006538
-0.006335
-0.006142
-0.005958
-0.005784
-0.005621
-0.005469
-0.005328
-0.005199
-0.005081
-0.004975
-0.004882
-0.004800
-0.004731
-0.004674
-0.004629
-0.004596
-0.004574
-0.004563
-0.004562
-0.004571
-0.004589
-0.004614
-0.004647
-0.004686
-0.004729
-0.004775
-0.004824
-0.004872
-0.004916
-0.005011
-0.017086
-0.017194
-0.017241
-0.017291
-0.017340
-0.017385
-0.017427
-0.017463
-0.017495
-0.017520
-0.017539
-0.017550
-0.017553
-0.017548
-0.017534
-0.017511
-0.017479
-0.017438
-0.017387
-0.017326
-0.017256
-0.017176
-0.017087
-0.016988
-0.016880
-0.016762
-0.016636
-0.016500
-0.016355
-0.016202
-0.016040
-0.015870
-0.015692
-0.015506
-0.015312
-0.015111
-0.014903
-0.014688
-0.014467
-0.014239
-0.014006
-0.013767
-0.013523
-0.013274
-0.013020
-0.012763
-0.012502
-0.012237
-0.011970
-0.011700
-0.011429
-0.011156
-0.010882
-0.010607
-0.010333
-0.010059
-0.009786
-0.009515
-0.009246
-0.008979
-0.008716
-0.008456
-0.008201
-0.007951
-0.007706
-0.007467
-0.007235
-0.007009
-0.006792
-0.006582
-0.006381
-0.006189
-0.006007
-0.005834
-0.005672
-0.005521
-0.005381
-0.005252
-0.005134
-0.005029
-0.004935
-0.004854
-0.004784
-0.004726
-0.004680
-0.004646
-0.004623
-0.004610
-0.004608
-0.004616
-0.004632
-0.004657
-0.004689
-0.004727
-0.004771
-0.004818
-0.004870
-0.004923
-0.004972
-0.005087
-0.017015
-0.017143
-0.017195
-0.017250
-0.017302
-0.017350
-0.017392
-0.017430
-0.017461
-0.017486
-0.017503
-0.017514
-0.017516
-0.017510
-0.017495
-0.017471
-0.017438
-0.017396
-0.017345
-0.017285
-0.017214
-0.017135
-0.017046
-0.016948
-0.016840
-0.016724
-0.016598
-0.016463
-0.016320
-0.016168
-0.016007
-0.015839
-0.015662
-0.015478
-0.015286
-0.015087
-0.014881
-0.014668
-0.014448
-0.014223
-0.013991
-0.013754
-0.013512
-0.013265
-0.013014
-0.012758
-0.012499
-0.012237
-0.011971
-0.011704
-0.011434
-0.011163
-0.010891
-0.010619
-0.010346
-0.010074
-0.009803
-0.009533
-0.009266
-0.009001
-0.008740
-0.008482
-0.008228
-0.007979
-0.007736
-0.007499
-0.007267
-0.007043
-0.006827
-0.006619
-0.006419
-0.006228
-0.006046
-0.005874
-0.005713
-0.005562
-0.005423
-0.005294
-0.005177
-0.005071
-0.004978
-0.004896
-0.004826
-0.004768
-0.004721
-0.004686
-0.004662
-0.004649
-0.004646
-0.004652
-0.004668
-0.004693
-0.004725
-0.004763
-0.004808
-0.004859
-0.004914
-0.004972
-0.005027
-0.005161
-0.016949
-0.017095
-0.017152
-0.017213
-0.017269
-0.017319
-0.017364
-0.017402
-0.017434
-0.017459
-0.017476
-0.017486
-0.017487
-0.017481
-0.017465
-0.017441
-0.017408
-0.017366
-0.017314
-0.017253
-0.017183
-0.017104
-0.017015
-0.016918
-0.016811
-0.016695
-0.016570
-0.016436
-0.016294
-0.016143
-0.015984
-0.015817
-0.015641
-0.015458
-0.015268
-0.015070
-0.014866
-0.014654
-0.014436
-0.014212
-0.013983
-0.013747
-0.013507
-0.013261
-0.013012
-0.012758
-0.012500
-0.012239
-0.011976
-0.011710
-0.011442
-0.011172
-0.010901
-0.010630
-0.010359
-0.010089
-0.009819
-0.009551
-0.009284
-0.009021
-0.008760
-0.008504
-0.008251
-0.008003
-0.007761
-0.007524
-0.007294
-0.007071
-0.006855
-0.006648
-0.006448
-0.006258
-0.006077
-0.005906
-0.005745
-0.005594
-0.005455
-0.005326
-0.005209
-0.005103
-0.005009
-0.004927
-0.004857
-0.004798
-0.004751
-0.004716
-0.004691
-0.004677
-0.004674
-0.004680
-0.004696
-0.004721
-0.004754
-0.004794
-0.004841
-0.004894
-0.004954
-0.005018
-0.005078
-0.005231
-0.016890
-0.017052
-0.017115
-0.017181
-0.017241
-0.017295
-0.017342
-0.017382
-0.017414
-0.017440
-0.017457
-0.017467
-0.017468
-0.017461
-0.017445
-0.017421
-0.017387
-0.017345
-0.017293
-0.017232
-0.017162
-0.017083
-0.016995
-0.016898
-0.016791
-0.016676
-0.016552
-0.016419
-0.016277
-0.016128
-0.015969
-0.015803
-0.015629
-0.015447
-0.015258
-0.015062
-0.014858
-0.014648
-0.014432
-0.014209
-0.013980
-0.013746
-0.013507
-0.013263
-0.013014
-0.012762
-0.012505
-0.012246
-0.011983
-0.011718
-0.011451
-0.011183
-0.010913
-0.010643
-0.010373
-0.010103
-0.009834
-0.009567
-0.009301
-0.009038
-0.008779
-0.008522
-0.008270
-0.008023
-0.007781
-0.007545
-0.007315
-0.007092
-0.006877
-0.006669
-0.006470
-0.006280
-0.006099
-0.005928
-0.005767
-0.005616
-0.005477
-0.005348
-0.005231
-0.005125
-0.005031
-0.004948
-0.004878
-0.004819
-0.004771
-0.004735
-0.004711
-0.004697
-0.004693
-0.004700
-0.004716
-0.004742
-0.004776
-0.004818
-0.004867
-0.004924
-0.004988
-0.005058
-0.005124
-0.005294
-0.016838
-0.017017
-0.017085
-0.017156
-0.017221
-0.017277
-0.017327
-0.017369
-0.017403
-0.017429
-0.017447
-0.017457
-0.017458
-0.017451
-0.017435
-0.017411
-0.017377
-0.017335
-0.017283
-0.017222
-0.017152
-0.017073
-0.016985
-0.016888
-0.016782
-0.016667
-0.016544
-0.016411
-0.016271
-0.016122
-0.015964
-0.015799
-0.015626
-0.015445
-0.015257
-0.015061
-0.014859
-0.014649
-0.014434
-0.014212
-0.013984
-0.013751
-0.013513
-0.013270
-0.013022
-0.012770
-0.012515
-0.012256
-0.011994
-0.011729
-0.011463
-0.011195
-0.010926
-0.010656
-0.010387
-0.010117
-0.009849
-0.009581
-0.009316
-0.009054
-0.008794
-0.008538
-0.008286
-0.008039
-0.007797
-0.007561
-0.007331
-0.007108
-0.006892
-0.006684
-0.006485
-0.006294
-0.006113
-0.005942
-0.005780
-0.005630
-0.005490
-0.005361
-0.005243
-0.005137
-0.005042
-0.004959
-0.004888
-0.004829
-0.004781
-0.004745
-0.004720
-0.004707
-0.004703
-0.004711
-0.004728
-0.004754
-0.004790
-0.004835
-0.004887
-0.004948
-0.005016
-0.005091
-0.005163
-0.005349
-0.016796
-0.016989
-0.017063
-0.017139
-0.017208
-0.017268
-0.017320
-0.017364
-0.017400
-0.017427
-0.017446
-0.017456
-0.017458
-0.017451
-0.017436
-0.017411
-0.017377
-0.017335
-0.017283
-0.017222
-0.017153
-0.017074
-0.016986
-0.016889
-0.016783
-0.016669
-0.016546
-0.016414
-0.016274
-0.016125
-0.015969
-0.015804
-0.015631
-0.015451
-0.015263
-0.015069
-0.014867
-0.014658
-0.014443
-0.014222
-0.013995
-0.013762
-0.013525
-0.013282
-0.013035
-0.012783
-0.012528
-0.012269
-0.012008
-0.011744
-0.011477
-0.011210
-0.010941
-0.010671
-0.010401
-0.010131
-0.009863
-0.009595
-0.009330
-0.009067
-0.008807
-0.008550
-0.008298
-0.008050
-0.007808
-0.007571
-0.007341
-0.007117
-0.006901
-0.006692
-0.006492
-0.006301
-0.006119
-0.005947
-0.005785
-0.005634
-0.005493
-0.005363
-0.005245
-0.005138
-0.005043
-0.004960
-0.004889
-0.004829
-0.004781
-0.004745
-0.004720
-0.004707
-0.004704
-0.004712
-0.004731
-0.004759
-0.004797
-0.004844
-0.004899
-0.004963
-0.005037
-0.005117
-0.005194
-0.005395
-0.016764
-0.016971
-0.017050
-0.017130
-0.017203
-0.017267
-0.017322
-0.017368
-0.017406
-0.017434
-0.017454
-0.017466
-0.017468
-0.017461
-0.017446
-0.017421
-0.017388
-0.017345
-0.017294
-0.017233
-0.017164
-0.017085
-0.016997
-0.016901
-0.016795
-0.016681
-0.016558
-0.016427
-0.016287
-0.016139
-0.015982
-0.015818
-0.015646
-0.015466
-0.015279
-0.015084
-0.014883
-0.014675
-0.014460
-0.014239
-0.014012
-0.013780
-0.013542
-0.013300
-0.013052
-0.012801
-0.012546
-0.012287
-0.012025
-0.011761
-0.011494
-0.011226
-0.010957
-0.010686
-0.010416
-0.010146
-0.009876
-0.009608
-0.009342
-0.009078
-0.008817
-0.008560
-0.008307
-0.008058
-0.007814
-0.007577
-0.007345
-0.007120
-0.006903
-0.006694
-0.006493
-0.006300
-0.006117
-0.005944
-0.005781
-0.005629
-0.005487
-0.005357
-0.005238
-0.005131
-0.005035
-0.004951
-0.004879
-0.004819
-0.004772
-0.004735
-0.004711
-0.004698
-0.004696
-0.004705
-0.004725
-0.004755
-0.004795
-0.004844
-0.004903
-0.004971
-0.005049
-0.005134
-0.005217
-0.005431
-0.016743
-0.016962
-0.017046
-0.017131
-0.017208
-0.017275
-0.017333
-0.017382
-0.017421
-0.017451
-0.017473
-0.017485
-0.017488
-0.017482
-0.017467
-0.017443
-0.017409
-0.017367
-0.017316
-0.017255
-0.017185
-0.017107
-0.017019
-0.016923
-0.016818
-0.016703
-0.016581
-0.016450
-0.016310
-0.016162
-0.016006
-0.015841
-0.015669
-0.015490
-0.015303
-0.015108
-0.014907
-0.014699
-0.014484
-0.014263
-0.014036
-0.013804
-0.013566
-0.013323
-0.013075
-0.012824
-0.012568
-0.012309
-0.012046
-0.011781
-0.011514
-0.011245
-0.010974
-0.010703
-0.010432
-0.010160
-0.009890
-0.009620
-0.009353
-0.009088
-0.008825
-0.008567
-0.008312
-0.008062
-0.007817
-0.007577
-0.007344
-0.007118
-0.006899
-0.006688
-0.006486
-0.006292
-0.006108
-0.005933
-0.005769
-0.005615
-0.005473
-0.005341
-0.005221
-0.005113
-0.005017
-0.004932
-0.004860
-0.004800
-0.004752
-0.004716
-0.004692
-0.004679
-0.004678
-0.004688
-0.004709
-0.004741
-0.004784
-0.004836
-0.004899
-0.004970
-0.005053
-0.005143
-0.005230
-0.005456
-0.016734
-0.016965
-0.017052
-0.017142
-0.017223
-0.017294
-0.017354
-0.017405
-0.017447
-0.017479
-0.017501
-0.017514
-0.017518
-0.017513
-0.017498
-0.017475
-0.017442
-0.017399
-0.017348
-0.017288
-0.017218
-0.017140
-0.017052
-0.016956
-0.016851
-0.016737
-0.016614
-0.016483
-0.016343
-0.016195
-0.016039
-0.015875
-0.015702
-0.015523
-0.015335
-0.015141
-0.014939
-0.014731
-0.014516
-0.014295
-0.014067
-0.013834
-0.013596
-0.013352
-0.013104
-0.012851
-0.012594
-0.012334
-0.012071
-0.011805
-0.011536
-0.011266
-0.010994
-0.010721
-0.010448
-0.010175
-0.009903
-0.009632
-0.009363
-0.009096
-0.008832
-0.008571
-0.008314
-0.008062
-0.007815
-0.007574
-0.007338
-0.007110
-0.006889
-0.006677
-0.006472
-0.006277
-0.006091
-0.005914
-0.005748
-0.005593
-0.005449
-0.005316
-0.005195
-0.005086
-0.004988
-0.004903
-0.004831
-0.004770
-0.004722
-0.004686
-0.004662
-0.004650
-0.004650
-0.004662
-0.004685
-0.004719
-0.004764
-0.004819
-0.004885
-0.004960
-0.005047
-0.005142
-0.005234
-0.005471
-0.016737
-0.016978
-0.017070
-0.017164
-0.017249
-0.017323
-0.017386
-0.017439
-0.017483
-0.017517
-0.017541
-0.017555
-0.017560
-0.017555
-0.017541
-0.017518
-0.017485
-0.017443
-0.017392
-0.017332
-0.017262
-0.017184
-0.017096
-0.017000
-0.016894
-0.016780
-0.016658
-0.016526
-0.016386
-0.016238
-0.016082
-0.015917
-0.015745
-0.015565
-0.015377
-0.015182
-0.014980
-0.014771
-0.014555
-0.014333
-0.014105
-0.013871
-0.013632
-0.013387
-0.013138
-0.012884
-0.012626
-0.012364
-0.012099
-0.011831
-0.011561
-0.011289
-0.011016
-0.010741
-0.010466
-0.010191
-0.009917
-0.009643
-0.009372
-0.009102
-0.008836
-0.008572
-0.008313
-0.008059
-0.007809
-0.007565
-0.007328
-0.007097
-0.006874
-0.006658
-0.006452
-0.006254
-0.006066
-0.005887
-0.005720
-0.005562
-0.005417
-0.005282
-0.005160
-0.005049
-0.004951
-0.004865
-0.004791
-0.004731
-0.004682
-0.004646
-0.004623
-0.004612
-0.004613
-0.004626
-0.004650
-0.004687
-0.004734
-0.004792
-0.004861
-0.004941
-0.005032
-0.005131
-0.005227
-0.005475
-0.016752
-0.017003
-0.017099
-0.017197
-0.017285
-0.017362
-0.017429
-0.017485
-0.017530
-0.017565
-0.017591
-0.017607
-0.017612
-0.017609
-0.017595
-0.017572
-0.017540
-0.017498
-0.017447
-0.017387
-0.017318
-0.017239
-0.017151
-0.017055
-0.016949
-0.016835
-0.016712
-0.016580
-0.016440
-0.016292
-0.016135
-0.015970
-0.015797
-0.015616
-0.015428
-0.015232
-0.015029
-0.014819
-0.014603
-0.014380
-0.014150
-0.013915
-0.013674
-0.013428
-0.013177
-0.012922
-0.012662
-0.012399
-0.012132
-0.011862
-0.011590
-0.011315
-0.011039
-0.010762
-0.010485
-0.010207
-0.009930
-0.009654
-0.009380
-0.009107
-0.008838
-0.008572
-0.008310
-0.008052
-0.007799
-0.007553
-0.007312
-0.007078
-0.006852
-0.006634
-0.006425
-0.006224
-0.006033
-0.005853
-0.005682
-0.005523
-0.005375
-0.005239
-0.005115
-0.005003
-0.004903
-0.004816
-0.004742
-0.004681
-0.004632
-0.004597
-0.004574
-0.004563
-0.004565
-0.004580
-0.004606
-0.004644
-0.004694
-0.004755
-0.004828
-0.004911
-0.005006
-0.005110
-0.005210
-0.005468
-0.016779
-0.017040
-0.017139
-0.017241
-0.017334
-0.017414
-0.017483
-0.017541
-0.017589
-0.017626
-0.017653
-0.017670
-0.017676
-0.017673
-0.017661
-0.017638
-0.017606
-0.017565
-0.017514
-0.017454
-0.017385
-0.017306
-0.017218
-0.017121
-0.017016
-0.016901
-0.016777
-0.016645
-0.016505
-0.016355
-0.016198
-0.016032
-0.015859
-0.015677
-0.015488
-0.015291
-0.015087
-0.014876
-0.014658
-0.014434
-0.014203
-0.013966
-0.013724
-0.013476
-0.013223
-0.012965
-0.012703
-0.012438
-0.012168
-0.011896
-0.011621
-0.011344
-0.011065
-0.010785
-0.010505
-0.010224
-0.009944
-0.009665
-0.009387
-0.009111
-0.008838
-0.008569
-0.008303
-0.008042
-0.007786
-0.007536
-0.007292
-0.007055
-0.006825
-0.006604
-0.006391
-0.006187
-0.005993
-0.005810
-0.005637
-0.005475
-0.005325
-0.005187
-0.005061
-0.004947
-0.004846
-0.004758
-0.004683
-0.004621
-0.004572
-0.004536
-0.004514
-0.004504
-0.004507
-0.004523
-0.004551
-0.004592
-0.004644
-0.004709
-0.004784
-0.004871
-0.004970
-0.005078
-0.005182
-0.005449
-0.016820
-0.017090
-0.017193
-0.017298
-0.017394
-0.017477
-0.017549
-0.017609
-0.017659
-0.017698
-0.017726
-0.017744
-0.017752
-0.017750
-0.017738
-0.017716
-0.017685
-0.017644
-0.017593
-0.017533
-0.017463
-0.017384
-0.017296
-0.017199
-0.017093
-0.016978
-0.016854
-0.016721
-0.016580
-0.016430
-0.016272
-0.016105
-0.015930
-0.015748
-0.015557
-0.015359
-0.015154
-0.014941
-0.014722
-0.014495
-0.014263
-0.014024
-0.013780
-0.013529
-0.013274
-0.013014
-0.012750
-0.012481
-0.012209
-0.011934
-0.011656
-0.011376
-0.011094
-0.010811
-0.010526
-0.010242
-0.009958
-0.009675
-0.009394
-0.009114
-0.008837
-0.008564
-0.008294
-0.008029
-0.007769
-0.007514
-0.007266
-0.007025
-0.006792
-0.006567
-0.006350
-0.006143
-0.005946
-0.005759
-0.005583
-0.005419
-0.005266
-0.005125
-0.004997
-0.004881
-0.004779
-0.004689
-0.004613
-0.004551
-0.004502
-0.004466
-0.004444
-0.004435
-0.004439
-0.004456
-0.004486
-0.004529
-0.004584
-0.004651
-0.004730
-0.004821
-0.004924
-0.005035
-0.005143
-0.005420
-0.016874
-0.017152
-0.017258
-0.017367
-0.017466
-0.017552
-0.017627
-0.017690
-0.017741
-0.017782
-0.017812
-0.017832
-0.017841
-0.017839
-0.017828
-0.017807
-0.017775
-0.017734
-0.017684
-0.017624
-0.017554
-0.017475
-0.017387
-0.017289
-0.017182
-0.017067
-0.016942
-0.016808
-0.016666
-0.016515
-0.016356
-0.016188
-0.016012
-0.015828
-0.015636
-0.015437
-0.015229
-0.015015
-0.014794
-0.014565
-0.014331
-0.014090
-0.013843
-0.013590
-0.013332
-0.013069
-0.012802
-0.012530
-0.012255
-0.011976
-0.011695
-0.011411
-0.011125
-0.010838
-0.010550
-0.010261
-0.009973
-0.009686
-0.009400
-0.009116
-0.008835
-0.008557
-0.008282
-0.008013
-0.007748
-0.007489
-0.007237
-0.006991
-0.006754
-0.006524
-0.006304
-0.006093
-0.005892
-0.005701
-0.005522
-0.005354
-0.005198
-0.005054
-0.004924
-0.004806
-0.004702
-0.004611
-0.004534
-0.004470
-0.004421
-0.004385
-0.004363
-0.004355
-0.004360
-0.004379
-0.004411
-0.004455
-0.004513
-0.004583
-0.004665
-0.004759
-0.004866
-0.004982
-0.005094
-0.005379
-0.016941
-0.017227
-0.017337
-0.017449
-0.017551
-0.017640
-0.017717
-0.017783
-0.017836
-0.017879
-0.017910
-0.017931
-0.017941
-0.017941
-0.017930
-0.017909
-0.017878
-0.017838
-0.017787
-0.017727
-0.017657
-0.017578
-0.017489
-0.017391
-0.017283
-0.017167
-0.017041
-0.016907
-0.016764
-0.016612
-0.016451
-0.016282
-0.016104
-0.015919
-0.015725
-0.015524
-0.015315
-0.015098
-0.014874
-0.014644
-0.014406
-0.014163
-0.013913
-0.013657
-0.013396
-0.013130
-0.012859
-0.012584
-0.012305
-0.012023
-0.011737
-0.011449
-0.011159
-0.010868
-0.010575
-0.010282
-0.009989
-0.009697
-0.009406
-0.009117
-0.008831
-0.008548
-0.008268
-0.007993
-0.007724
-0.007460
-0.007202
-0.006952
-0.006709
-0.006475
-0.006250
-0.006035
-0.005829
-0.005635
-0.005452
-0.005280
-0.005121
-0.004974
-0.004841
-0.004721
-0.004614
-0.004522
-0.004443
-0.004379
-0.004329
-0.004293
-0.004271
-0.004263
-0.004270
-0.004290
-0.004324
-0.004371
-0.004431
-0.004504
-0.004590
-0.004687
-0.004798
-0.004918
-0.005033
-0.005326
-0.017022
-0.017315
-0.017428
-0.017544
-0.017649
-0.017741
-0.017821
-0.017888
-0.017944
-0.017989
-0.018022
-0.018044
-0.018055
-0.018055
-0.018045
-0.018025
-0.017994
-0.017954
-0.017903
-0.017843
-0.017773
-0.017693
-0.017604
-0.017505
-0.017397
-0.017279
-0.017153
-0.017017
-0.016873
-0.016719
-0.016557
-0.016386
-0.016207
-0.016020
-0.015824
-0.015621
-0.015409
-0.015190
-0.014964
-0.014731
-0.014490
-0.014244
-0.013991
-0.013732
-0.013467
-0.013198
-0.012923
-0.012644
-0.012361
-0.012074
-0.011784
-0.011491
-0.011196
-0.010900
-0.010602
-0.010304
-0.010006
-0.009708
-0.009412
-0.009118
-0.008826
-0.008537
-0.008252
-0.007972
-0.007696
-0.007427
-0.007164
-0.006908
-0.006660
-0.006421
-0.006190
-0.005970
-0.005760
-0.005561
-0.005373
-0.005198
-0.005035
-0.004885
-0.004749
-0.004626
-0.004517
-0.004422
-0.004342
-0.004277
-0.004226
-0.004190
-0.004168
-0.004161
-0.004168
-0.004190
-0.004226
-0.004275
-0.004338
-0.004414
-0.004503
-0.004604
-0.004718
-0.004842
-0.004961
-0.005263
-0.017116
-0.017417
-0.017533
-0.017652
-0.017761
-0.017855
-0.017938
-0.018008
-0.018065
-0.018112
-0.018146
-0.018169
-0.018182
-0.018183
-0.018173
-0.018153
-0.018123
-0.018083
-0.018032
-0.017971
-0.017901
-0.017821
-0.017731
-0.017631
-0.017522
-0.017404
-0.017276
-0.017139
-0.016993
-0.016838
-0.016675
-0.016502
-0.016321
-0.016131
-0.015933
-0.015727
-0.015514
-0.015292
-0.015063
-0.014826
-0.014583
-0.014333
-0.014076
-0.013814
-0.013545
-0.013272
-0.012993
-0.012709
-0.012421
-0.012130
-0.011835
-0.011537
-0.011237
-0.010935
-0.010632
-0.010328
-0.010024
-0.009721
-0.009419
-0.009118
-0.008820
-0.008525
-0.008234
-0.007947
-0.007665
-0.007390
-0.007121
-0.006859
-0.006605
-0.006360
-0.006124
-0.005898
-0.005683
-0.005479
-0.005287
-0.005107
-0.004940
-0.004786
-0.004646
-0.004520
-0.004409
-0.004312
-0.004230
-0.004164
-0.004112
-0.004075
-0.004054
-0.004047
-0.004056
-0.004079
-0.004116
-0.004168
-0.004233
-0.004312
-0.004404
-0.004509
-0.004627
-0.004755
-0.004878
-0.005189
-0.017224
-0.017533
-0.017652
-0.017774
-0.017886
-0.017983
-0.018068
-0.018140
-0.018200
-0.018248
-0.018284
-0.018309
-0.018322
-0.018324
-0.018315
-0.018296
-0.018266
-0.018225
-0.018174
-0.018113
-0.018043
-0.017962
-0.017871
-0.017771
-0.017661
-0.017541
-0.017412
-0.017274
-0.017126
-0.016970
-0.016804
-0.016629
-0.016446
-0.016254
-0.016054
-0.015845
-0.015628
-0.015403
-0.015171
-0.014931
-0.014684
-0.014431
-0.014170
-0.013903
-0.013631
-0.013352
-0.013069
-0.012780
-0.012488
-0.012191
-0.011890
-0.011587
-0.011281
-0.010974
-0.010664
-0.010354
-0.010044
-0.009734
-0.009425
-0.009118
-0.008813
-0.008512
-0.008214
-0.007920
-0.007632
-0.007349
-0.007074
-0.006805
-0.006545
-0.006293
-0.006051
-0.005819
-0.005598
-0.005389
-0.005192
-0.005007
-0.004835
-0.004678
-0.004534
-0.004405
-0.004291
-0.004191
-0.004108
-0.004039
-0.003986
-0.003949
-0.003928
-0.003922
-0.003931
-0.003955
-0.003995
-0.004048
-0.004116
-0.004198
-0.004294
-0.004402
-0.004525
-0.004657
-0.004783
-0.005103
-0.017345
-0.017662
-0.017785
-0.017910
-0.018025
-0.018125
-0.018213
-0.018287
-0.018349
-0.018398
-0.018436
-0.018462
-0.018476
-0.018479
-0.018471
-0.018452
-0.018422
-0.018381
-0.018330
-0.018269
-0.018198
-0.018116
-0.018024
-0.017923
-0.017812
-0.017691
-0.017561
-0.017421
-0.017271
-0.017113
-0.016945
-0.016768
-0.016582
-0.016388
-0.016185
-0.015973
-0.015753
-0.015525
-0.015289
-0.015046
-0.014795
-0.014537
-0.014272
-0.014001
-0.013724
-0.013441
-0.013152
-0.012858
-0.012560
-0.012257
-0.011951
-0.011642
-0.011330
-0.011015
-0.010700
-0.010383
-0.010066
-0.009749
-0.009433
-0.009118
-0.008806
-0.008497
-0.008192
-0.007891
-0.007595
-0.007305
-0.007022
-0.006747
-0.006479
-0.006221
-0.005972
-0.005734
-0.005507
-0.005291
-0.005088
-0.004898
-0.004722
-0.004559
-0.004412
-0.004279
-0.004161
-0.004059
-0.003973
-0.003903
-0.003849
-0.003812
-0.003790
-0.003784
-0.003794
-0.003820
-0.003861
-0.003917
-0.003988
-0.004073
-0.004172
-0.004284
-0.004411
-0.004546
-0.004677
-0.005006
-0.017481
-0.017806
-0.017931
-0.018060
-0.018178
-0.018281
-0.018371
-0.018448
-0.018512
-0.018563
-0.018602
-0.018629
-0.018644
-0.018648
-0.018640
-0.018622
-0.018592
-0.018551
-0.018500
-0.018438
-0.018366
-0.018284
-0.018192
-0.018089
-0.017977
-0.017854
-0.017722
-0.017580
-0.017429
-0.017268
-0.017098
-0.016919
-0.016731
-0.016533
-0.016327
-0.016112
-0.015889
-0.015657
-0.015418
-0.015170
-0.014915
-0.014653
-0.014384
-0.014107
-0.013825
-0.013536
-0.013242
-0.012943
-0.012638
-0.012330
-0.012017
-0.011701
-0.011382
-0.011061
-0.010738
-0.010414
-0.010090
-0.009765
-0.009441
-0.009119
-0.008799
-0.008482
-0.008169
-0.007860
-0.007556
-0.007258
-0.006967
-0.006684
-0.006409
-0.006143
-0.005887
-0.005641
-0.005407
-0.005185
-0.004976
-0.004780
-0.004598
-0.004431
-0.004279
-0.004142
-0.004021
-0.003916
-0.003828
-0.003756
-0.003700
-0.003662
-0.003640
-0.003634
-0.003645
-0.003672
-0.003715
-0.003773
-0.003847
-0.003935
-0.004038
-0.004154
-0.004284
-0.004425
-0.004559
-0.004897
-0.017631
-0.017964
-0.018093
-0.018225
-0.018346
-0.018452
-0.018545
-0.018624
-0.018689
-0.018743
-0.018783
-0.018811
-0.018827
-0.018832
-0.018825
-0.018806
-0.018776
-0.018736
-0.018684
-0.018622
-0.018549
-0.018466
-0.018373
-0.018269
-0.018155
-0.018031
-0.017897
-0.017754
-0.017600
-0.017437
-0.017264
-0.017082
-0.016891
-0.016691
-0.016481
-0.016263
-0.016036
-0.015801
-0.015557
-0.015305
-0.015045
-0.014778
-0.014504
-0.014223
-0.013935
-0.013640
-0.013340
-0.013035
-0.012724
-0.012409
-0.012089
-0.011766
-0.011440
-0.011111
-0.010781
-0.010449
-0.010116
-0.009783
-0.009451
-0.009121
-0.008792
-0.008466
-0.008144
-0.007827
-0.007514
-0.007208
-0.006908
-0.006616
-0.006333
-0.006059
-0.005795
-0.005542
-0.005300
-0.005071
-0.004856
-0.004653
-0.004466
-0.004293
-0.004136
-0.003994
-0.003869
-0.003761
-0.003670
-0.003596
-0.003539
-0.003499
-0.003477
-0.003471
-0.003483
-0.003512
-0.003556
-0.003617
-0.003693
-0.003785
-0.003891
-0.004011
-0.004146
-0.004291
-0.004429
-0.004778
-0.017796
-0.018137
-0.018269
-0.018404
-0.018529
-0.018638
-0.018733
-0.018814
-0.018882
-0.018937
-0.018979
-0.019008
-0.019025
-0.019031
-0.019024
-0.019006
-0.018976
-0.018935
-0.018883
-0.018820
-0.018747
-0.018663
-0.018568
-0.018463
-0.018347
-0.018222
-0.018086
-0.017940
-0.017784
-0.017619
-0.017444
-0.017259
-0.017064
-0.016861
-0.016648
-0.016426
-0.016195
-0.015955
-0.015707
-0.015450
-0.015186
-0.014914
-0.014634
-0.014347
-0.014053
-0.013753
-0.013446
-0.013134
-0.012816
-0.012494
-0.012167
-0.011837
-0.011503
-0.011166
-0.010827
-0.010487
-0.010145
-0.009804
-0.009463
-0.009123
-0.008785
-0.008450
-0.008119
-0.007792
-0.007470
-0.007155
-0.006846
-0.006545
-0.006252
-0.005970
-0.005697
-0.005436
-0.005186
-0.004949
-0.004726
-0.004517
-0.004323
-0.004144
-0.003982
-0.003836
-0.003706
-0.003594
-0.003500
-0.003423
-0.003365
-0.003324
-0.003301
-0.003296
-0.003308
-0.003338
-0.003384
-0.003448
-0.003527
-0.003622
-0.003732
-0.003856
-0.003995
-0.004145
-0.004288
-0.004647
-0.017975
-0.018325
-0.018460
-0.018599
-0.018727
-0.018839
-0.018936
-0.019020
-0.019090
-0.019147
-0.019190
-0.019221
-0.019239
-0.019245
-0.019238
-0.019220
-0.019191
-0.019150
-0.019097
-0.019034
-0.018959
-0.018874
-0.018778
-0.018671
-0.018554
-0.018427
-0.018289
-0.018141
-0.017983
-0.017814
-0.017636
-0.017448
-0.017251
-0.017043
-0.016827
-0.016600
-0.016365
-0.016121
-0.015868
-0.015607
-0.015337
-0.015060
-0.014774
-0.014481
-0.014181
-0.013874
-0.013561
-0.013241
-0.012917
-0.012587
-0.012252
-0.011913
-0.011571
-0.011226
-0.010878
-0.010528
-0.010178
-0.009827
-0.009477
-0.009127
-0.008780
-0.008435
-0.008093
-0.007756
-0.007424
-0.007099
-0.006780
-0.006469
-0.006167
-0.005875
-0.005593
-0.005323
-0.005064
-0.004819
-0.004588
-0.004372
-0.004171
-0.003986
-0.003817
-0.003665
-0.003532
-0.003416
-0.003318
-0.003238
-0.003178
-0.003135
-0.003112
-0.003107
-0.003120
-0.003151
-0.003199
-0.003265
-0.003347
-0.003445
-0.003559
-0.003688
-0.003832
-0.003986
-0.004134
-0.004504
-0.018169
-0.018528
-0.018666
-0.018809
-0.018940
-0.019055
-0.019156
-0.019242
-0.019314
-0.019372
-0.019417
-0.019449
-0.019468
-0.019475
-0.019469
-0.019451
-0.019421
-0.019380
-0.019327
-0.019262
-0.019187
-0.019101
-0.019003
-0.018895
-0.018776
-0.018647
-0.018506
-0.018356
-0.018195
-0.018024
-0.017843
-0.017651
-0.017450
-0.017239
-0.017018
-0.016788
-0.016549
-0.016300
-0.016042
-0.015775
-0.015500
-0.015216
-0.014925
-0.014625
-0.014319
-0.014005
-0.013684
-0.013358
-0.013025
-0.012687
-0.012344
-0.011997
-0.011645
-0.011291
-0.010934
-0.010575
-0.010215
-0.009854
-0.009493
-0.009133
-0.008775
-0.008419
-0.008067
-0.007720
-0.007377
-0.007041
-0.006711
-0.006390
-0.006077
-0.005775
-0.005483
-0.005203
-0.004935
-0.004681
-0.004442
-0.004217
-0.004008
-0.003816
-0.003641
-0.003484
-0.003345
-0.003224
-0.003123
-0.003040
-0.002977
-0.002934
-0.002909
-0.002904
-0.002917
-0.002950
-0.003000
-0.003068
-0.003153
-0.003255
-0.003373
-0.003506
-0.003656
-0.003815
-0.003968
-0.004350
-0.018379
-0.018746
-0.018888
-0.019035
-0.019170
-0.019288
-0.019391
-0.019480
-0.019554
-0.019614
-0.019661
-0.019694
-0.019714
-0.019721
-0.019715
-0.019698
-0.019668
-0.019626
-0.019572
-0.019507
-0.019431
-0.019343
-0.019244
-0.019134
-0.019013
-0.018882
-0.018739
-0.018586
-0.018422
-0.018248
-0.018064
-0.017869
-0.017664
-0.017449
-0.017224
-0.016989
-0.016745
-0.016491
-0.016228
-0.015956
-0.015675
-0.015385
-0.015087
-0.014781
-0.014467
-0.014146
-0.013818
-0.013483
-0.013142
-0.012795
-0.012444
-0.012087
-0.011727
-0.011362
-0.010995
-0.010626
-0.010255
-0.009884
-0.009512
-0.009141
-0.008772
-0.008405
-0.008042
-0.007682
-0.007328
-0.006980
-0.006640
-0.006307
-0.005983
-0.005670
-0.005367
-0.005076
-0.004799
-0.004535
-0.004286
-0.004053
-0.003836
-0.003636
-0.003454
-0.003290
-0.003145
-0.003020
-0.002914
-0.002829
-0.002763
-0.002718
-0.002692
-0.002687
-0.002701
-0.002734
-0.002786
-0.002857
-0.002946
-0.003051
-0.003174
-0.003312
-0.003466
-0.003632
-0.003789
-0.004183
-0.018603
-0.018980
-0.019127
-0.019277
-0.019416
-0.019537
-0.019643
-0.019734
-0.019811
-0.019873
-0.019921
-0.019955
-0.019976
-0.019984
-0.019979
-0.019961
-0.019931
-0.019888
-0.019834
-0.019768
-0.019691
-0.019601
-0.019501
-0.019389
-0.019266
-0.019132
-0.018987
-0.018832
-0.018665
-0.018488
-0.018300
-0.018101
-0.017892
-0.017673
-0.017444
-0.017204
-0.016955
-0.016696
-0.016427
-0.016149
-0.015862
-0.015565
-0.015261
-0.014947
-0.014626
-0.014297
-0.013961
-0.013618
-0.013269
-0.012913
-0.012552
-0.012186
-0.011815
-0.011441
-0.011063
-0.010683
-0.010301
-0.009918
-0.009535
-0.009153
-0.008771
-0.008392
-0.008017
-0.007645
-0.007279
-0.006919
-0.006565
-0.006221
-0.005885
-0.005559
-0.005245
-0.004943
-0.004655
-0.004381
-0.004122
-0.003879
-0.003653
-0.003445
-0.003255
-0.003085
-0.002934
-0.002803
-0.002693
-0.002603
-0.002535
-0.002487
-0.002460
-0.002455
-0.002469
-0.002504
-0.002558
-0.002631
-0.002723
-0.002833
-0.002960
-0.003103
-0.003263
-0.003434
-0.003598
-0.004005
-0.018844
-0.019231
-0.019381
-0.019536
-0.019678
-0.019803
-0.019912
-0.020006
-0.020084
-0.020148
-0.020198
-0.020234
-0.020255
-0.020264
-0.020259
-0.020241
-0.020211
-0.020168
-0.020113
-0.020046
-0.019967
-0.019877
-0.019774
-0.019661
-0.019536
-0.019399
-0.019252
-0.019093
-0.018923
-0.018743
-0.018551
-0.018349
-0.018136
-0.017912
-0.017678
-0.017433
-0.017179
-0.016914
-0.016640
-0.016355
-0.016062
-0.015759
-0.015447
-0.015126
-0.014797
-0.014460
-0.014116
-0.013764
-0.013405
-0.013040
-0.012669
-0.012293
-0.011912
-0.011527
-0.011138
-0.010746
-0.010353
-0.009958
-0.009562
-0.009167
-0.008773
-0.008382
-0.007993
-0.007608
-0.007229
-0.006856
-0.006489
-0.006131
-0.005783
-0.005445
-0.005118
-0.004804
-0.004504
-0.004218
-0.003948
-0.003695
-0.003460
-0.003243
-0.003045
-0.002867
-0.002709
-0.002572
-0.002457
-0.002363
-0.002292
-0.002242
-0.002214
-0.002207
-0.002222
-0.002258
-0.002314
-0.002391
-0.002486
-0.002600
-0.002732
-0.002880
-0.003046
-0.003224
-0.003393
-0.003815
-0.019101
-0.019498
-0.019652
-0.019811
-0.019958
-0.020086
-0.020198
-0.020295
-0.020376
-0.020442
-0.020493
-0.020530
-0.020552
-0.020561
-0.020557
-0.020539
-0.020509
-0.020465
-0.020409
-0.020341
-0.020261
-0.020169
-0.020065
-0.019949
-0.019822
-0.019683
-0.019533
-0.019371
-0.019198
-0.019014
-0.018818
-0.018612
-0.018395
-0.018166
-0.017927
-0.017678
-0.017418
-0.017147
-0.016867
-0.016576
-0.016275
-0.015965
-0.015646
-0.015318
-0.014981
-0.014635
-0.014282
-0.013921
-0.013552
-0.013177
-0.012796
-0.012409
-0.012017
-0.011620
-0.011220
-0.010816
-0.010410
-0.010003
-0.009595
-0.009186
-0.008779
-0.008374
-0.007971
-0.007573
-0.007179
-0.006792
-0.006411
-0.006040
-0.005677
-0.005325
-0.004986
-0.004659
-0.004346
-0.004048
-0.003766
-0.003502
-0.003256
-0.003029
-0.002822
-0.002636
-0.002471
-0.002328
-0.002207
-0.002109
-0.002034
-0.001981
-0.001951
-0.001944
-0.001959
-0.001996
-0.002055
-0.002134
-0.002233
-0.002352
-0.002488
-0.002643
-0.002815
-0.002999
-0.003175
-0.003612
-0.019374
-0.019783
-0.019941
-0.020105
-0.020255
-0.020387
-0.020502
-0.020602
-0.020685
-0.020753
-0.020806
-0.020844
-0.020868
-0.020877
-0.020873
-0.020855
-0.020824
-0.020780
-0.020724
-0.020655
-0.020573
-0.020479
-0.020373
-0.020255
-0.020126
-0.019984
-0.019831
-0.019666
-0.019489
-0.019302
-0.019102
-0.018892
-0.018670
-0.018437
-0.018193
-0.017938
-0.017672
-0.017396
-0.017109
-0.016811
-0.016504
-0.016186
-0.015859
-0.015523
-0.015177
-0.014823
-0.014460
-0.014089
-0.013711
-0.013326
-0.012934
-0.012535
-0.012132
-0.011723
-0.011310
-0.010894
-0.010475
-0.010054
-0.009632
-0.009210
-0.008788
-0.008369
-0.007952
-0.007538
-0.007130
-0.006728
-0.006332
-0.005946
-0.005569
-0.005202
-0.004848
-0.004507
-0.004180
-0.003870
-0.003575
-0.003299
-0.003042
-0.002804
-0.002587
-0.002392
-0.002219
-0.002069
-0.001942
-0.001839
-0.001760
-0.001704
-0.001673
-0.001665
-0.001680
-0.001718
-0.001779
-0.001861
-0.001964
-0.002087
-0.002230
-0.002390
-0.002569
-0.002760
-0.002942
-0.003396
-0.019664
-0.020085
-0.020247
-0.020416
-0.020570
-0.020706
-0.020825
-0.020927
-0.021013
-0.021083
-0.021138
-0.021177
-0.021202
-0.021212
-0.021208
-0.021190
-0.021159
-0.021114
-0.021057
-0.020986
-0.020903
-0.020808
-0.020700
-0.020580
-0.020447
-0.020303
-0.020147
-0.019979
-0.019799
-0.019607
-0.019403
-0.019189
-0.018962
-0.018724
-0.018475
-0.018214
-0.017942
-0.017660
-0.017366
-0.017062
-0.016747
-0.016422
-0.016087
-0.015742
-0.015388
-0.015024
-0.014652
-0.014271
-0.013882
-0.013486
-0.013083
-0.012673
-0.012257
-0.011836
-0.011410
-0.010980
-0.010548
-0.010113
-0.009676
-0.009239
-0.008803
-0.008368
-0.007935
-0.007506
-0.007082
-0.006664
-0.006253
-0.005850
-0.005457
-0.005076
-0.004706
-0.004350
-0.004009
-0.003684
-0.003376
-0.003087
-0.002817
-0.002568
-0.002341
-0.002136
-0.001954
-0.001796
-0.001662
-0.001554
-0.001470
-0.001411
-0.001377
-0.001368
-0.001384
-0.001423
-0.001486
-0.001571
-0.001678
-0.001807
-0.001955
-0.002121
-0.002308
-0.002507
-0.002696
-0.003167
-0.019972
-0.020404
-0.020572
-0.020745
-0.020904
-0.021044
-0.021166
-0.021272
-0.021360
-0.021432
-0.021489
-0.021529
-0.021555
-0.021566
-0.021562
-0.021544
-0.021512
-0.021467
-0.021409
-0.021337
-0.021252
-0.021155
-0.021045
-0.020923
-0.020788
-0.020640
-0.020481
-0.020310
-0.020126
-0.019930
-0.019723
-0.019503
-0.019272
-0.019029
-0.018774
-0.018508
-0.018230
-0.017941
-0.017640
-0.017329
-0.017006
-0.016673
-0.016330
-0.015976
-0.015613
-0.015240
-0.014857
-0.014466
-0.014066
-0.013659
-0.013244
-0.012822
-0.012393
-0.011959
-0.011520
-0.011076
-0.010629
-0.010179
-0.009728
-0.009275
-0.008823
-0.008372
-0.007923
-0.007477
-0.007036
-0.006601
-0.006173
-0.005754
-0.005344
-0.004946
-0.004559
-0.004187
-0.003830
-0.003490
-0.003168
-0.002864
-0.002581
-0.002320
-0.002081
-0.001865
-0.001674
-0.001508
-0.001367
-0.001252
-0.001163
-0.001101
-0.001064
-0.001054
-0.001070
-0.001110
-0.001175
-0.001264
-0.001375
-0.001509
-0.001663
-0.001837
-0.002031
-0.002238
-0.002435
-0.002925
-0.020297
-0.020743
-0.020915
-0.021093
-0.021257
-0.021401
-0.021527
-0.021636
-0.021727
-0.021801
-0.021859
-0.021902
-0.021928
-0.021939
-0.021936
-0.021918
-0.021886
-0.021840
-0.021780
-0.021707
-0.021621
-0.021522
-0.021410
-0.021285
-0.021147
-0.020997
-0.020835
-0.020660
-0.020472
-0.020272
-0.020060
-0.019836
-0.019600
-0.019352
-0.019091
-0.018819
-0.018535
-0.018239
-0.017932
-0.017613
-0.017283
-0.016941
-0.016589
-0.016227
-0.015854
-0.015471
-0.015078
-0.014676
-0.014265
-0.013845
-0.013418
-0.012983
-0.012542
-0.012094
-0.011640
-0.011182
-0.010720
-0.010255
-0.009787
-0.009318
-0.008849
-0.008381
-0.007915
-0.007452
-0.006993
-0.006540
-0.006094
-0.005657
-0.005229
-0.004813
-0.004409
-0.004020
-0.003646
-0.003289
-0.002951
-0.002633
-0.002335
-0.002060
-0.001809
-0.001582
-0.001380
-0.001204
-0.001055
-0.000934
-0.000839
-0.000773
-0.000733
-0.000722
-0.000737
-0.000778
-0.000846
-0.000938
-0.001054
-0.001193
-0.001354
-0.001535
-0.001738
-0.001954
-0.002159
-0.002669
-0.020641
-0.021100
-0.021278
-0.021461
-0.021630
-0.021778
-0.021908
-0.022020
-0.022114
-0.022191
-0.022251
-0.022294
-0.022322
-0.022334
-0.022331
-0.022313
-0.022280
-0.022233
-0.022173
-0.022098
-0.022010
-0.021909
-0.021795
-0.021667
-0.021527
-0.021374
-0.021208
-0.021029
-0.020838
-0.020634
-0.020418
-0.020189
-0.019947
-0.019693
-0.019427
-0.019149
-0.018858
-0.018556
-0.018241
-0.017914
-0.017576
-0.017227
-0.016866
-0.016494
-0.016111
-0.015718
-0.015314
-0.014901
-0.014478
-0.014047
-0.013607
-0.013158
-0.012703
-0.012241
-0.011773
-0.011299
-0.010822
-0.010340
-0.009856
-0.009370
-0.008883
-0.008397
-0.007913
-0.007431
-0.006954
-0.006482
-0.006017
-0.005560
-0.005114
-0.004678
-0.004256
-0.003848
-0.003456
-0.003082
-0.002726
-0.002391
-0.002078
-0.001789
-0.001524
-0.001284
-0.001071
-0.000885
-0.000727
-0.000598
-0.000497
-0.000426
-0.000384
-0.000370
-0.000385
-0.000427
-0.000497
-0.000593
-0.000714
-0.000859
-0.001027
-0.001216
-0.001427
-0.001653
-0.001867
-0.002400
-0.021004
-0.021477
-0.021660
-0.021849
-0.022024
-0.022176
-0.022310
-0.022425
-0.022522
-0.022601
-0.022663
-0.022708
-0.022737
-0.022749
-0.022746
-0.022728
-0.022695
-0.022648
-0.022586
-0.022510
-0.022420
-0.022317
-0.022201
-0.022071
-0.021927
-0.021771
-0.021602
-0.021419
-0.021224
-0.021016
-0.020795
-0.020561
-0.020314
-0.020055
-0.019783
-0.019498
-0.019201
-0.018891
-0.018569
-0.018235
-0.017888
-0.017530
-0.017160
-0.016779
-0.016386
-0.015982
-0.015567
-0.015143
-0.014708
-0.014264
-0.013810
-0.013349
-0.012879
-0.012402
-0.011919
-0.011429
-0.010935
-0.010437
-0.009935
-0.009431
-0.008926
-0.008421
-0.007918
-0.007417
-0.006919
-0.006427
-0.005942
-0.005465
-0.004998
-0.004542
-0.004100
-0.003672
-0.003261
-0.002867
-0.002493
-0.002141
-0.001811
-0.001506
-0.001225
-0.000972
-0.000746
-0.000549
-0.000382
-0.000244
-0.000137
-0.000060
-0.000014
0.000002
-0.000013
-0.000056
-0.000128
-0.000228
-0.000354
-0.000505
-0.000681
-0.000878
-0.001100
-0.001335
-0.001559
-0.002115
-0.021386
-0.021874
-0.022063
-0.022258
-0.022438
-0.022595
-0.022733
-0.022852
-0.022952
-0.023034
-0.023098
-0.023144
-0.023174
-0.023187
-0.023184
-0.023166
-0.023132
-0.023084
-0.023021
-0.022944
-0.022852
-0.022747
-0.022628
-0.022495
-0.022349
-0.022190
-0.022017
-0.021831
-0.021631
-0.021419
-0.021193
-0.020954
-0.020702
-0.020437
-0.020159
-0.019868
-0.019564
-0.019247
-0.018917
-0.018575
-0.018220
-0.017853
-0.017474
-0.017082
-0.016679
-0.016264
-0.015838
-0.015402
-0.014955
-0.014497
-0.014030
-0.013555
-0.013070
-0.012578
-0.012079
-0.011573
-0.011062
-0.010546
-0.010026
-0.009503
-0.008979
-0.008454
-0.007930
-0.007409
-0.006891
-0.006377
-0.005871
-0.005372
-0.004883
-0.004406
-0.003942
-0.003493
-0.003061
-0.002647
-0.002253
-0.001882
-0.001533
-0.001211
-0.000914
-0.000646
-0.000406
-0.000197
-0.000019
0.000128
0.000243
0.000326
0.000376
0.000394
0.000381
0.000337
0.000262
0.000159
0.000027
-0.000131
-0.000315
-0.000521
-0.000753
-0.001000
-0.001234
-0.001816
-0.021788
-0.022292
-0.022487
-0.022688
-0.022874
-0.023036
-0.023179
-0.023301
-0.023404
-0.023489
-0.023555
-0.023603
-0.023633
-0.023647
-0.023645
-0.023626
-0.023592
-0.023543
-0.023479
-0.023400
-0.023307
-0.023199
-0.023078
-0.022942
-0.022793
-0.022630
-0.022454
-0.022264
-0.022060
-0.021843
-0.021613
-0.021369
-0.021111
-0.020841
-0.020556
-0.020259
-0.019948
-0.019624
-0.019286
-0.018936
-0.018572
-0.018196
-0.017807
-0.017406
-0.016992
-0.016566
-0.016129
-0.015680
-0.015220
-0.014749
-0.014268
-0.013778
-0.013278
-0.012770
-0.012254
-0.011732
-0.011202
-0.010668
-0.010129
-0.009587
-0.009043
-0.008497
-0.007952
-0.007409
-0.006869
-0.006333
-0.005804
-0.005282
-0.004770
-0.004270
-0.003783
-0.003311
-0.002857
-0.002421
-0.002006
-0.001614
-0.001246
-0.000904
-0.000590
-0.000305
-0.000051
0.000172
0.000362
0.000520
0.000643
0.000732
0.000787
0.000808
0.000796
0.000751
0.000675
0.000567
0.000430
0.000264
0.000072
-0.000145
-0.000388
-0.000646
-0.000892
-0.001501
-0.022211
-0.022731
-0.022933
-0.023141
-0.023332
-0.023500
-0.023647
-0.023773
-0.023880
-0.023967
-0.024035
-0.024085
-0.024116
-0.024131
-0.024129
-0.024110
-0.024075
-0.024025
-0.023960
-0.023879
-0.023784
-0.023675
-0.023551
-0.023413
-0.023260
-0.023094
-0.022914
-0.022720
-0.022512
-0.022291
-0.022055
-0.021806
-0.021543
-0.021267
-0.020976
-0.020672
-0.020354
-0.020022
-0.019677
-0.019318
-0.018946
-0.018560
-0.018162
-0.017750
-0.017325
-0.016888
-0.016439
-0.015977
-0.015504
-0.015020
-0.014525
-0.014019
-0.013504
-0.012980
-0.012447
-0.011907
-0.011359
-0.010806
-0.010247
-0.009685
-0.009119
-0.008552
-0.007985
-0.007419
-0.006855
-0.006296
-0.005743
-0.005197
-0.004661
-0.004136
-0.003624
-0.003128
-0.002649
-0.002190
-0.001752
-0.001337
-0.000948
-0.000586
-0.000253
0.000050
0.000321
0.000559
0.000762
0.000931
0.001063
0.001160
0.001221
0.001246
0.001235
0.001190
0.001110
0.000998
0.000855
0.000682
0.000481
0.000253
-0.000002
-0.000273
-0.000531
-0.001171
-0.022655
-0.023193
-0.023401
-0.023616
-0.023814
-0.023987
-0.024139
-0.024269
-0.024379
-0.024469
-0.024539
-0.024591
-0.024624
-0.024639
-0.024637
-0.024618
-0.024583
-0.024532
-0.024465
-0.024383
-0.024286
-0.024174
-0.024048
-0.023907
-0.023751
-0.023582
-0.023398
-0.023200
-0.022988
-0.022762
-0.022521
-0.022267
-0.021998
-0.021716
-0.021419
-0.021108
-0.020783
-0.020444
-0.020090
-0.019723
-0.019342
-0.018947
-0.018539
-0.018116
-0.017681
-0.017232
-0.016771
-0.016296
-0.015810
-0.015312
-0.014802
-0.014281
-0.013750
-0.013208
-0.012658
-0.012099
-0.011533
-0.010960
-0.010381
-0.009797
-0.009210
-0.008620
-0.008030
-0.007440
-0.006852
-0.006268
-0.005689
-0.005118
-0.004555
-0.004004
-0.003467
-0.002945
-0.002440
-0.001955
-0.001492
-0.001054
-0.000641
-0.000257
0.000098
0.000420
0.000709
0.000963
0.001181
0.001362
0.001505
0.001611
0.001678
0.001707
0.001698
0.001652
0.001571
0.001454
0.001305
0.001123
0.000912
0.000673
0.000405
0.000120
-0.000152
-0.000824
-0.023122
-0.023678
-0.023893
-0.024115
-0.024319
-0.024498
-0.024655
-0.024790
-0.024904
-0.024996
-0.025069
-0.025122
-0.025156
-0.025172
-0.025170
-0.025151
-0.025116
-0.025064
-0.024995
-0.024912
-0.024813
-0.024699
-0.024569
-0.024426
-0.024267
-0.024094
-0.023907
-0.023705
-0.023488
-0.023257
-0.023012
-0.022752
-0.022478
-0.022189
-0.021886
-0.021568
-0.021236
-0.020889
-0.020528
-0.020152
-0.019762
-0.019357
-0.018939
-0.018506
-0.018059
-0.017599
-0.017125
-0.016638
-0.016138
-0.015625
-0.015100
-0.014564
-0.014016
-0.013457
-0.012889
-0.012312
-0.011725
-0.011132
-0.010532
-0.009926
-0.009316
-0.008703
-0.008088
-0.007473
-0.006860
-0.006249
-0.005644
-0.005045
-0.004456
-0.003877
-0.003312
-0.002762
-0.002230
-0.001717
-0.001228
-0.000763
-0.000325
0.000083
0.000461
0.000804
0.001113
0.001385
0.001620
0.001815
0.001970
0.002085
0.002159
0.002193
0.002186
0.002141
0.002057
0.001936
0.001780
0.001590
0.001368
0.001117
0.000835
0.000534
0.000248
-0.000460
-0.023611
-0.024186
-0.024409
-0.024639
-0.024850
-0.025035
-0.025197
-0.025336
-0.025454
-0.025549
-0.025625
-0.025679
-0.025715
-0.025732
-0.025730
-0.025711
-0.025674
-0.025621
-0.025552
-0.025466
-0.025365
-0.025249
-0.025117
-0.024970
-0.024809
-0.024632
-0.024441
-0.024235
-0.024014
-0.023778
-0.023528
-0.023263
-0.022983
-0.022688
-0.022378
-0.022054
-0.021714
-0.021360
-0.020990
-0.020606
-0.020207
-0.019792
-0.019364
-0.018920
-0.018462
-0.017990
-0.017503
-0.017003
-0.016489
-0.015962
-0.015422
-0.014869
-0.014305
-0.013728
-0.013142
-0.012545
-0.011939
-0.011324
-0.010702
-0.010074
-0.009440
-0.008802
-0.008162
-0.007522
-0.006881
-0.006243
-0.005610
-0.004983
-0.004364
-0.003756
-0.003161
-0.002581
-0.002019
-0.001478
-0.000959
-0.000466
-0.000001
0.000434
0.000836
0.001203
0.001534
0.001826
0.002078
0.002289
0.002457
0.002583
0.002666
0.002705
0.002702
0.002657
0.002571
0.002446
0.002282
0.002083
0.001850
0.001585
0.001288
0.000970
0.000669
-0.000078
-0.024124
-0.024719
-0.024950
-0.025188
-0.025406
-0.025598
-0.025765
-0.025909
-0.026031
-0.026130
-0.026207
-0.026264
-0.026301
-0.026318
-0.026317
-0.026297
-0.026260
-0.026206
-0.026135
-0.026048
-0.025945
-0.025826
-0.025691
-0.025542
-0.025377
-0.025197
-0.025001
-0.024791
-0.024566
-0.024326
-0.024070
-0.023800
-0.023514
-0.023213
-0.022897
-0.022565
-0.022218
-0.021856
-0.021479
-0.021085
-0.020677
-0.020253
-0.019814
-0.019360
-0.018891
-0.018406
-0.017907
-0.017394
-0.016866
-0.016324
-0.015768
-0.015199
-0.014617
-0.014023
-0.013417
-0.012801
-0.012174
-0.011538
-0.010893
-0.010241
-0.009583
-0.008921
-0.008254
-0.007586
-0.006918
-0.006251
-0.005588
-0.004931
-0.004281
-0.003642
-0.003015
-0.002404
-0.001811
-0.001238
-0.000688
-0.000165
0.000330
0.000793
0.001223
0.001616
0.001971
0.002285
0.002557
0.002785
0.002969
0.003107
0.003199
0.003245
0.003246
0.003202
0.003114
0.002984
0.002813
0.002604
0.002359
0.002080
0.001766
0.001431
0.001112
0.000322
-0.024661
-0.025278
-0.025517
-0.025763
-0.025990
-0.026188
-0.026361
-0.026510
-0.026635
-0.026738
-0.026818
-0.026876
-0.026914
-0.026933
-0.026931
-0.026912
-0.026874
-0.026819
-0.026746
-0.026657
-0.026552
-0.026431
-0.026294
-0.026141
-0.025972
-0.025789
-0.025590
-0.025375
-0.025145
-0.024900
-0.024640
-0.024364
-0.024072
-0.023765
-0.023443
-0.023104
-0.022750
-0.022380
-0.021994
-0.021592
-0.021175
-0.020741
-0.020292
-0.019827
-0.019346
-0.018850
-0.018338
-0.017811
-0.017268
-0.016712
-0.016140
-0.015555
-0.014955
-0.014343
-0.013718
-0.013082
-0.012434
-0.011775
-0.011108
-0.010432
-0.009748
-0.009059
-0.008366
-0.007670
-0.006972
-0.006275
-0.005581
-0.004892
-0.004210
-0.003538
-0.002878
-0.002233
-0.001606
-0.000999
-0.000416
0.000140
0.000667
0.001162
0.001621
0.002043
0.002424
0.002762
0.003056
0.003304
0.003505
0.003657
0.003760
0.003814
0.003820
0.003777
0.003688
0.003553
0.003375
0.003155
0.002897
0.002602
0.002270
0.001916
0.001578
0.000742
-0.025224
-0.025864
-0.026111
-0.026367
-0.026601
-0.026806
-0.026985
-0.027140
-0.027269
-0.027375
-0.027457
-0.027518
-0.027557
-0.027576
-0.027575
-0.027555
-0.027517
-0.027460
-0.027387
-0.027296
-0.027188
-0.027064
-0.026924
-0.026768
-0.026597
-0.026409
-0.026206
-0.025988
-0.025754
-0.025504
-0.025238
-0.024957
-0.024659
-0.024346
-0.024017
-0.023672
-0.023310
-0.022932
-0.022538
-0.022128
-0.021701
-0.021258
-0.020798
-0.020322
-0.019830
-0.019321
-0.018797
-0.018256
-0.017699
-0.017127
-0.016540
-0.015938
-0.015321
-0.014690
-0.014046
-0.013389
-0.012719
-0.012038
-0.011347
-0.010646
-0.009937
-0.009221
-0.008500
-0.007774
-0.007046
-0.006318
-0.005591
-0.004869
-0.004153
-0.003446
-0.002750
-0.002069
-0.001406
-0.000763
-0.000144
0.000448
0.001009
0.001538
0.002030
0.002482
0.002893
0.003258
0.003577
0.003847
0.004066
0.004234
0.004350
0.004414
0.004425
0.004385
0.004295
0.004155
0.003969
0.003739
0.003466
0.003155
0.002804
0.002428
0.002070
0.001182
-0.025813
-0.026477
-0.026734
-0.026999
-0.027242
-0.027454
-0.027640
-0.027799
-0.027933
-0.028042
-0.028128
-0.028190
-0.028231
-0.028250
-0.028250
-0.028229
-0.028190
-0.028132
-0.028057
-0.027964
-0.027854
-0.027728
-0.027585
-0.027426
-0.027251
-0.027060
-0.026853
-0.026630
-0.026391
-0.026136
-0.025866
-0.025579
-0.025276
-0.024956
-0.024621
-0.024268
-0.023900
-0.023514
-0.023112
-0.022693
-0.022257
-0.021804
-0.021334
-0.020847
-0.020343
-0.019822
-0.019285
-0.018731
-0.018160
-0.017573
-0.016970
-0.016351
-0.015716
-0.015067
-0.014403
-0.013725
-0.013033
-0.012329
-0.011614
-0.010888
-0.010152
-0.009408
-0.008658
-0.007902
-0.007143
-0.006382
-0.005621
-0.004864
-0.004112
-0.003368
-0.002635
-0.001916
-0.001214
-0.000533
0.000125
0.000755
0.001355
0.001920
0.002448
0.002934
0.003377
0.003773
0.004119
0.004413
0.004654
0.004840
0.004971
0.005045
0.005064
0.005027
0.004936
0.004793
0.004599
0.004357
0.004069
0.003740
0.003368
0.002968
0.002588
0.001644
-0.026430
-0.027120
-0.027386
-0.027660
-0.027912
-0.028132
-0.028325
-0.028490
-0.028628
-0.028741
-0.028829
-0.028894
-0.028936
-0.028956
-0.028955
-0.028934
-0.028894
-0.028835
-0.028758
-0.028663
-0.028551
-0.028422
-0.028276
-0.028114
-0.027936
-0.027741
-0.027530
-0.027303
-0.027060
-0.026800
-0.026524
-0.026232
-0.025923
-0.025597
-0.025255
-0.024896
-0.024520
-0.024127
-0.023716
-0.023288
-0.022843
-0.022381
-0.021900
-0.021403
-0.020888
-0.020355
-0.019804
-0.019237
-0.018652
-0.018049
-0.017430
-0.016794
-0.016142
-0.015474
-0.014790
-0.014091
-0.013378
-0.012650
-0.011910
-0.011159
-0.010396
-0.009624
-0.008843
-0.008056
-0.007264
-0.006469
-0.005674
-0.004880
-0.004090
-0.003308
-0.002535
-0.001775
-0.001032
-0.000310
0.000390
0.001061
0.001702
0.002307
0.002874
0.003398
0.003876
0.004305
0.004681
0.005004
0.005269
0.005476
0.005623
0.005711
0.005738
0.005706
0.005615
0.005468
0.005265
0.005011
0.004708
0.004360
0.003964
0.003540
0.003135
0.002129
-0.027075
-0.027792
-0.028068
-0.028353
-0.028615
-0.028843
-0.029042
-0.029213
-0.029356
-0.029472
-0.029564
-0.029630
-0.029674
-0.029694
-0.029694
-0.029672
-0.029631
-0.029571
-0.029492
-0.029395
-0.029281
-0.029149
-0.029000
-0.028835
-0.028652
-0.028454
-0.028239
-0.028007
-0.027760
-0.027495
-0.027214
-0.026916
-0.026602
-0.026270
-0.025921
-0.025555
-0.025172
-0.024771
-0.024352
-0.023916
-0.023462
-0.022990
-0.022499
-0.021991
-0.021464
-0.020919
-0.020356
-0.019775
-0.019176
-0.018559
-0.017924
-0.017271
-0.016601
-0.015914
-0.015210
-0.014490
-0.013754
-0.013004
-0.012239
-0.011461
-0.010671
-0.009869
-0.009058
-0.008239
-0.007414
-0.006584
-0.005752
-0.004920
-0.004091
-0.003268
-0.002453
-0.001651
-0.000864
-0.000097
0.000647
0.001363
0.002048
0.002697
0.003306
0.003871
0.004388
0.004854
0.005265
0.005618
0.005911
0.006142
0.006309
0.006412
0.006450
0.006423
0.006334
0.006183
0.005973
0.005706
0.005386
0.005017
0.004596
0.004145
0.003713
0.002639
-0.027751
-0.028495
-0.028783
-0.029079
-0.029350
-0.029587
-0.029793
-0.029970
-0.030118
-0.030238
-0.030332
-0.030401
-0.030445
-0.030467
-0.030466
-0.030444
-0.030402
-0.030340
-0.030259
-0.030160
-0.030043
-0.029909
-0.029757
-0.029588
-0.029402
-0.029200
-0.028981
-0.028745
-0.028492
-0.028223
-0.027937
-0.027634
-0.027313
-0.026976
-0.026620
-0.026248
-0.025857
-0.025449
-0.025022
-0.024577
-0.024114
-0.023632
-0.023132
-0.022613
-0.022075
-0.021518
-0.020942
-0.020348
-0.019735
-0.019103
-0.018452
-0.017782
-0.017094
-0.016389
-0.015665
-0.014924
-0.014166
-0.013392
-0.012602
-0.011797
-0.010979
-0.010148
-0.009306
-0.008454
-0.007595
-0.006729
-0.005859
-0.004987
-0.004117
-0.003251
-0.002393
-0.001545
-0.000712
0.000102
0.000893
0.001658
0.002390
0.003087
0.003742
0.004353
0.004913
0.005420
0.005869
0.006257
0.006582
0.006840
0.007029
0.007150
0.007201
0.007182
0.007095
0.006941
0.006723
0.006443
0.006106
0.005714
0.005267
0.004786
0.004325
0.003175
-0.028457
-0.029232
-0.029531
-0.029838
-0.030120
-0.030365
-0.030579
-0.030762
-0.030915
-0.031040
-0.031137
-0.031207
-0.031253
-0.031275
-0.031274
-0.031252
-0.031208
-0.031145
-0.031062
-0.030960
-0.030840
-0.030703
-0.030548
-0.030376
-0.030186
-0.029980
-0.029757
-0.029516
-0.029259
-0.028985
-0.028694
-0.028385
-0.028059
-0.027715
-0.027354
-0.026974
-0.026576
-0.026160
-0.025726
-0.025272
-0.024800
-0.024309
-0.023799
-0.023269
-0.022720
-0.022152
-0.021564
-0.020956
-0.020329
-0.019682
-0.019016
-0.018330
-0.017624
-0.016900
-0.016157
-0.015395
-0.014614
-0.013817
-0.013002
-0.012171
-0.011324
-0.010464
-0.009590
-0.008705
-0.007810
-0.006907
-0.005998
-0.005086
-0.004173
-0.003263
-0.002358
-0.001463
-0.000581
0.000284
0.001126
0.001942
0.002726
0.003474
0.004181
0.004840
0.005449
0.006001
0.006493
0.006921
0.007280
0.007569
0.007785
0.007927
0.007993
0.007985
0.007902
0.007746
0.007521
0.007228
0.006871
0.006456
0.005980
0.005466
0.004973
0.003741
-0.029195
-0.030003
-0.030314
-0.030633
-0.030926
-0.031181
-0.031402
-0.031592
-0.031750
-0.031878
-0.031978
-0.032051
-0.032098
-0.032120
-0.032119
-0.032095
-0.032051
-0.031985
-0.031900
-0.031796
-0.031674
-0.031533
-0.031375
-0.031199
-0.031006
-0.030795
-0.030568
-0.030323
-0.030061
-0.029782
-0.029486
-0.029171
-0.028840
-0.028490
-0.028122
-0.027736
-0.027331
-0.026907
-0.026465
-0.026003
-0.025522
-0.025022
-0.024502
-0.023962
-0.023402
-0.022822
-0.022222
-0.021602
-0.020961
-0.020299
-0.019618
-0.018915
-0.018193
-0.017450
-0.016687
-0.015904
-0.015102
-0.014281
-0.013441
-0.012584
-0.011709
-0.010818
-0.009913
-0.008994
-0.008063
-0.007122
-0.006173
-0.005219
-0.004262
-0.003306
-0.002353
-0.001407
-0.000474
0.000444
0.001341
0.002212
0.003052
0.003856
0.004618
0.005332
0.005993
0.006596
0.007136
0.007608
0.008008
0.008332
0.008579
0.008745
0.008830
0.008834
0.008757
0.008601
0.008369
0.008062
0.007686
0.007246
0.006739
0.006189
0.005662
0.004338
-0.029968
-0.030809
-0.031133
-0.031466
-0.031770
-0.032034
-0.032264
-0.032460
-0.032624
-0.032756
-0.032859
-0.032934
-0.032981
-0.033004
-0.033002
-0.032978
-0.032931
-0.032864
-0.032776
-0.032670
-0.032544
-0.032400
-0.032238
-0.032059
-0.031862
-0.031647
-0.031415
-0.031166
-0.030900
-0.030615
-0.030314
-0.029994
-0.029656
-0.029301
-0.028926
-0.028533
-0.028122
-0.027691
-0.027240
-0.026771
-0.026281
-0.025772
-0.025242
-0.024692
-0.024122
-0.023530
-0.022918
-0.022285
-0.021631
-0.020955
-0.020259
-0.019540
-0.018801
-0.018040
-0.017258
-0.016455
-0.015631
-0.014787
-0.013922
-0.013038
-0.012136
-0.011215
-0.010278
-0.009325
-0.008358
-0.007378
-0.006389
-0.005391
-0.004389
-0.003384
-0.002381
-0.001383
-0.000395
0.000579
0.001534
0.002464
0.003364
0.004229
0.005051
0.005824
0.006544
0.007203
0.007796
0.008318
0.008763
0.009129
0.009410
0.009606
0.009714
0.009733
0.009665
0.009510
0.009272
0.008952
0.008556
0.008089
0.007548
0.006960
0.006394
0.004971
-0.030776
-0.031654
-0.031991
-0.032338
-0.032654
-0.032928
-0.033167
-0.033370
-0.033539
-0.033675
-0.033781
-0.033857
-0.033905
-0.033928
-0.033925
-0.033899
-0.033851
-0.033782
-0.033691
-0.033582
-0.033453
-0.033305
-0.033140
-0.032956
-0.032755
-0.032537
-0.032300
-0.032047
-0.031775
-0.031486
-0.031179
-0.030854
-0.030510
-0.030148
-0.029768
-0.029368
-0.028950
-0.028511
-0.028053
-0.027576
-0.027078
-0.026559
-0.026020
-0.025460
-0.024879
-0.024277
-0.023654
-0.023008
-0.022341
-0.021652
-0.020940
-0.020207
-0.019451
-0.018672
-0.017872
-0.017049
-0.016204
-0.015336
-0.014448
-0.013538
-0.012607
-0.011657
-0.010688
-0.009701
-0.008697
-0.007679
-0.006648
-0.005606
-0.004557
-0.003503
-0.002448
-0.001396
-0.000350
0.000683
0.001700
0.002693
0.003658
0.004587
0.005475
0.006314
0.007098
0.007819
0.008472
0.009049
0.009547
0.009959
0.010281
0.010511
0.010646
0.010685
0.010629
0.010478
0.010234
0.009902
0.009485
0.008989
0.008413
0.007784
0.007176
0.005642
-0.031621
-0.032538
-0.032890
-0.033251
-0.033580
-0.033865
-0.034112
-0.034322
-0.034496
-0.034637
-0.034745
-0.034823
-0.034872
-0.034894
-0.034890
-0.034863
-0.034812
-0.034740
-0.034647
-0.034534
-0.034402
-0.034251
-0.034081
-0.033893
-0.033688
-0.033465
-0.033224
-0.032965
-0.032689
-0.032395
-0.032082
-0.031752
-0.031402
-0.031035
-0.030648
-0.030241
-0.029816
-0.029370
-0.028905
-0.028419
-0.027913
-0.027386
-0.026837
-0.026268
-0.025677
-0.025064
-0.024429
-0.023772
-0.023092
-0.022389
-0.021664
-0.020915
-0.020143
-0.019348
-0.018529
-0.017687
-0.016821
-0.015932
-0.015020
-0.014084
-0.013127
-0.012147
-0.011146
-0.010125
-0.009085
-0.008028
-0.006955
-0.005869
-0.004772
-0.003667
-0.002559
-0.001449
-0.000344
0.000752
0.001833
0.002894
0.003928
0.004928
0.005887
0.006797
0.007651
0.008441
0.009161
0.009802
0.010358
0.010823
0.011193
0.011463
0.011631
0.011694
0.011653
0.011508
0.011261
0.010917
0.010479
0.009954
0.009339
0.008665
0.008012
0.006357
-0.032506
-0.033464
-0.033831
-0.034207
-0.034550
-0.034846
-0.035102
-0.035319
-0.035499
-0.035643
-0.035754
-0.035833
-0.035882
-0.035904
-0.035899
-0.035869
-0.035816
-0.035741
-0.035645
-0.035528
-0.035392
-0.035237
-0.035063
-0.034871
-0.034661
-0.034433
-0.034188
-0.033924
-0.033643
-0.033343
-0.033025
-0.032689
-0.032334
-0.031960
-0.031566
-0.031154
-0.030721
-0.030268
-0.029795
-0.029302
-0.028787
-0.028252
-0.027694
-0.027115
-0.026515
-0.025891
-0.025245
-0.024577
-0.023885
-0.023169
-0.022430
-0.021667
-0.020880
-0.020069
-0.019233
-0.018372
-0.017486
-0.016576
-0.015640
-0.014680
-0.013696
-0.012687
-0.011655
-0.010601
-0.009525
-0.008429
-0.007314
-0.006183
-0.005038
-0.003882
-0.002717
-0.001550
-0.000382
0.000779
0.001929
0.003061
0.004169
0.005245
0.006281
0.007269
0.008200
0.009067
0.009860
0.010572
0.011195
0.011721
0.012146
0.012463
0.012669
0.012762
0.012741
0.012606
0.012359
0.012004
0.011545
0.010989
0.010333
0.009611
0.008909
0.007122
-0.033432
-0.034434
-0.034818
-0.035210
-0.035566
-0.035874
-0.036139
-0.036364
-0.036549
-0.036697
-0.036810
-0.036890
-0.036939
-0.036960
-0.036953
-0.036921
-0.036865
-0.036786
-0.036686
-0.036565
-0.036425
-0.036265
-0.036087
-0.035890
-0.035675
-0.035443
-0.035192
-0.034923
-0.034636
-0.034331
-0.034008
-0.033666
-0.033305
-0.032924
-0.032525
-0.032105
-0.031666
-0.031206
-0.030726
-0.030224
-0.029702
-0.029158
-0.028592
-0.028004
-0.027393
-0.026760
-0.026103
-0.025423
-0.024720
-0.023992
-0.023240
-0.022464
-0.021662
-0.020835
-0.019982
-0.019104
-0.018199
-0.017268
-0.016311
-0.015327
-0.014317
-0.013281
-0.012219
-0.011132
-0.010020
-0.008886
-0.007730
-0.006553
-0.005359
-0.004151
-0.002930
-0.001702
-0.000470
0.000759
0.001981
0.003189
0.004375
0.005532
0.006651
0.007724
0.008740
0.009691
0.010567
0.011358
0.012056
0.012652
0.013140
0.013512
0.013765
0.013894
0.013898
0.013777
0.013533
0.013169
0.012689
0.012102
0.011403
0.010629
0.009874
0.007941
-0.034402
-0.035451
-0.035852
-0.036261
-0.036632
-0.036952
-0.037227
-0.037458
-0.037649
-0.037800
-0.037915
-0.037996
-0.038045
-0.038063
-0.038054
-0.038019
-0.037959
-0.037877
-0.037772
-0.037647
-0.037502
-0.037337
-0.037154
-0.036952
-0.036732
-0.036494
-0.036238
-0.035964
-0.035672
-0.035361
-0.035032
-0.034683
-0.034316
-0.033930
-0.033523
-0.033097
-0.032651
-0.032184
-0.031696
-0.031187
-0.030656
-0.030104
-0.029530
-0.028932
-0.028313
-0.027670
-0.027003
-0.026313
-0.025598
-0.024859
-0.024094
-0.023305
-0.022489
-0.021648
-0.020779
-0.019884
-0.018962
-0.018011
-0.017033
-0.016027
-0.014992
-0.013929
-0.012839
-0.011720
-0.010574
-0.009402
-0.008204
-0.006983
-0.005741
-0.004479
-0.003202
-0.001912
-0.000614
0.000686
0.001983
0.003270
0.004540
0.005783
0.006992
0.008156
0.009265
0.010309
0.011276
0.012156
0.012939
0.013616
0.014176
0.014612
0.014919
0.015092
0.015129
0.015027
0.014790
0.014419
0.013920
0.013301
0.012557
0.011728
0.010916
0.008824
-0.035419
-0.036518
-0.036936
-0.037363
-0.037750
-0.038082
-0.038367
-0.038606
-0.038802
-0.038956
-0.039073
-0.039153
-0.039201
-0.039217
-0.039205
-0.039166
-0.039102
-0.039015
-0.038905
-0.038775
-0.038624
-0.038454
-0.038266
-0.038058
-0.037833
-0.037589
-0.037327
-0.037047
-0.036749
-0.036432
-0.036097
-0.035742
-0.035369
-0.034976
-0.034563
-0.034130
-0.033676
-0.033202
-0.032707
-0.032190
-0.031652
-0.031091
-0.030508
-0.029902
-0.029273
-0.028621
-0.027945
-0.027244
-0.026519
-0.025769
-0.024993
-0.024191
-0.023362
-0.022507
-0.021624
-0.020714
-0.019774
-0.018806
-0.017808
-0.016781
-0.015723
-0.014635
-0.013516
-0.012367
-0.011188
-0.009979
-0.008742
-0.007477
-0.006186
-0.004872
-0.003537
-0.002185
-0.000820
0.000553
0.001928
0.003299
0.004656
0.005992
0.007296
0.008559
0.009770
0.010915
0.011984
0.012964
0.013843
0.014609
0.015253
0.015765
0.016136
0.016362
0.016439
0.016364
0.016138
0.015764
0.015247
0.014595
0.013805
0.012917
0.012043
0.009779
-0.036484
-0.037637
-0.038075
-0.038521
-0.038924
-0.039269
-0.039563
-0.039809
-0.040010
-0.040167
-0.040284
-0.040364
-0.040410
-0.040423
-0.040407
-0.040363
-0.040295
-0.040202
-0.040087
-0.039950
-0.039794
-0.039618
-0.039423
-0.039209
-0.038977
-0.038728
-0.038460
-0.038173
-0.037869
-0.037546
-0.037204
-0.036843
-0.036463
-0.036063
-0.035643
-0.035203
-0.034743
-0.034261
-0.033758
-0.033234
-0.032687
-0.032118
-0.031527
-0.030913
-0.030275
-0.029613
-0.028928
-0.028217
-0.027482
-0.026721
-0.025935
-0.025121
-0.024281
-0.023413
-0.022517
-0.021591
-0.020637
-0.019652
-0.018636
-0.017589
-0.016510
-0.015398
-0.014254
-0.013076
-0.011865
-0.010621
-0.009345
-0.008038
-0.006700
-0.005333
-0.003941
-0.002526
-0.001092
0.000355
0.001811
0.003267
0.004717
0.006150
0.007558
0.008927
0.010247
0.011504
0.012685
0.013775
0.014762
0.015631
0.016371
0.016969
0.017417
0.017707
0.017833
0.017792
0.017584
0.017212
0.016680
0.015997
0.015157
0.014208
0.013268
0.010817
-0.037602
-0.038813
-0.039271
-0.039737
-0.040156
-0.040514
-0.040819
-0.041072
-0.041277
-0.041436
-0.041554
-0.041632
-0.041674
-0.041684
-0.041663
-0.041614
-0.041539
-0.041440
-0.041318
-0.041175
-0.041011
-0.040828
-0.040627
-0.040406
-0.040168
-0.039911
-0.039636
-0.039343
-0.039032
-0.038702
-0.038353
-0.037985
-0.037598
-0.037191
-0.036764
-0.036317
-0.035849
-0.035360
-0.034849
-0.034317
-0.033762
-0.033186
-0.032586
-0.031963
-0.031317
-0.030646
-0.029952
-0.029232
-0.028487
-0.027716
-0.026920
-0.026096
-0.025244
-0.024364
-0.023456
-0.022518
-0.021549
-0.020549
-0.019517
-0.018451
-0.017353
-0.016219
-0.015051
-0.013847
-0.012606
-0.011329
-0.010016
-0.008668
-0.007284
-0.005866
-0.004417
-0.002940
-0.001437
0.000086
0.001624
0.003170
0.004716
0.006252
0.007768
0.009252
0.010690
0.012069
0.013373
0.014586
0.015694
0.016679
0.017529
0.018228
0.018765
0.019130
0.019317
0.019320
0.019138
0.018773
0.018230
0.017516
0.016627
0.015613
0.014604
0.011949
-0.038776
-0.040048
-0.040528
-0.041015
-0.041452
-0.041823
-0.042138
-0.042398
-0.042606
-0.042767
-0.042883
-0.042959
-0.042998
-0.043002
-0.042975
-0.042919
-0.042837
-0.042730
-0.042600
-0.042450
-0.042278
-0.042088
-0.041878
-0.041650
-0.041404
-0.041140
-0.040857
-0.040557
-0.040238
-0.039901
-0.039545
-0.039170
-0.038775
-0.038361
-0.037926
-0.037471
-0.036995
-0.036498
-0.035980
-0.035439
-0.034877
-0.034292
-0.033684
-0.033052
-0.032397
-0.031718
-0.031015
-0.030286
-0.029532
-0.028752
-0.027946
-0.027112
-0.026250
-0.025360
-0.024440
-0.023490
-0.022509
-0.021495
-0.020449
-0.019368
-0.018251
-0.017098
-0.015908
-0.014679
-0.013412
-0.012104
-0.010756
-0.009369
-0.007941
-0.006474
-0.004970
-0.003430
-0.001858
-0.000259
0.001363
0.003001
0.004647
0.006290
0.007921
0.009527
0.011093
0.012603
0.014042
0.015392
0.016634
0.017751
0.018725
0.019540
0.020181
0.020637
0.020897
0.020956
0.020809
0.020459
0.019909
0.019167
0.018229
0.017148
0.016064
0.013191
-0.040009
-0.041348
-0.041851
-0.042360
-0.042815
-0.043200
-0.043524
-0.043790
-0.044002
-0.044163
-0.044277
-0.044349
-0.044382
-0.044379
-0.044345
-0.044281
-0.044190
-0.044074
-0.043936
-0.043776
-0.043596
-0.043396
-0.043178
-0.042941
-0.042686
-0.042414
-0.042123
-0.041815
-0.041488
-0.041142
-0.040778
-0.040395
-0.039992
-0.039570
-0.039127
-0.038664
-0.038180
-0.037675
-0.037148
-0.036599
-0.036028
-0.035435
-0.034818
-0.034179
-0.033515
-0.032828
-0.032115
-0.031378
-0.030616
-0.029827
-0.029012
-0.028169
-0.027298
-0.026398
-0.025468
-0.024508
-0.023515
-0.022490
-0.021430
-0.020335
-0.019203
-0.018033
-0.016824
-0.015573
-0.014281
-0.012945
-0.011565
-0.010141
-0.008672
-0.007158
-0.005600
-0.004000
-0.002360
-0.000684
0.001022
0.002754
0.004503
0.006258
0.008010
0.009745
0.011447
0.013101
0.014687
0.016186
0.017578
0.018842
0.019957
0.020906
0.021668
0.022231
0.022580
0.022707
0.022608
0.022281
0.021731
0.020965
0.019978
0.018828
0.017666
0.014558
-0.041307
-0.042717
-0.043244
-0.043776
-0.044250
-0.044649
-0.044982
-0.045254
-0.045467
-0.045627
-0.045738
-0.045804
-0.045830
-0.045819
-0.045775
-0.045702
-0.045600
-0.045474
-0.045325
-0.045155
-0.044964
-0.044754
-0.044526
-0.044280
-0.044015
-0.043733
-0.043433
-0.043116
-0.042780
-0.042426
-0.042053
-0.041661
-0.041250
-0.040818
-0.040367
-0.039895
-0.039402
-0.038888
-0.038353
-0.037796
-0.037216
-0.036614
-0.035988
-0.035340
-0.034668
-0.033972
-0.033251
-0.032506
-0.031735
-0.030938
-0.030114
-0.029263
-0.028383
-0.027475
-0.026536
-0.025567
-0.024565
-0.023529
-0.022459
-0.021352
-0.020207
-0.019022
-0.017795
-0.016526
-0.015212
-0.013851
-0.012442
-0.010984
-0.009476
-0.007917
-0.006308
-0.004650
-0.002944
-0.001192
0.000599
0.002426
0.004279
0.006151
0.008029
0.009899
0.011747
0.013554
0.015300
0.016963
0.018520
0.019949
0.021225
0.022325
0.023229
0.023916
0.024372
0.024584
0.024546
0.024254
0.023712
0.022927
0.021893
0.020672
0.019429
0.016069
-0.042674
-0.044160
-0.044713
-0.045270
-0.045763
-0.046175
-0.046518
-0.046793
-0.047007
-0.047165
-0.047270
-0.047329
-0.047346
-0.047324
-0.047269
-0.047183
-0.047070
-0.046931
-0.046770
-0.046587
-0.046385
-0.046163
-0.045923
-0.045666
-0.045390
-0.045098
-0.044788
-0.044460
-0.044114
-0.043750
-0.043367
-0.042966
-0.042545
-0.042104
-0.041643
-0.041162
-0.040660
-0.040137
-0.039592
-0.039025
-0.038437
-0.037825
-0.037191
-0.036534
-0.035853
-0.035148
-0.034419
-0.033665
-0.032886
-0.032081
-0.031249
-0.030390
-0.029503
-0.028587
-0.027641
-0.026664
-0.025654
-0.024610
-0.023530
-0.022413
-0.021257
-0.020060
-0.018819
-0.017534
-0.016201
-0.014818
-0.013383
-0.011895
-0.010352
-0.008752
-0.007095
-0.005380
-0.003610
-0.001785
0.000091
0.002013
0.003973
0.005963
0.007972
0.009985
0.011987
0.013957
0.015876
0.017718
0.019458
0.021070
0.022526
0.023799
0.024864
0.025698
0.026280
0.026596
0.026635
0.026392
0.025869
0.025072
0.023994
0.022702
0.021375
0.017748
-0.044116
-0.045684
-0.046265
-0.046847
-0.047360
-0.047785
-0.048135
-0.048414
-0.048627
-0.048780
-0.048878
-0.048927
-0.048931
-0.048897
-0.048828
-0.048728
-0.048599
-0.048446
-0.048270
-0.048073
-0.047857
-0.047622
-0.047369
-0.047099
-0.046811
-0.046506
-0.046185
-0.045845
-0.045488
-0.045114
-0.044720
-0.044308
-0.043876
-0.043425
-0.042954
-0.042463
-0.041951
-0.041417
-0.040863
-0.040286
-0.039687
-0.039067
-0.038423
-0.037756
-0.037067
-0.036353
-0.035615
-0.034853
-0.034066
-0.033253
-0.032414
-0.031548
-0.030654
-0.029731
-0.028778
-0.027794
-0.026777
-0.025726
-0.024639
-0.023514
-0.022350
-0.021143
-0.019891
-0.018592
-0.017243
-0.015842
-0.014385
-0.012870
-0.011295
-0.009658
-0.007956
-0.006189
-0.004356
-0.002460
-0.000501
0.001515
0.003583
0.005694
0.007837
0.009999
0.012162
0.014307
0.016410
0.018446
0.020386
0.022201
0.023859
0.025328
0.026578
0.027581
0.028314
0.028755
0.028890
0.028712
0.028220
0.027421
0.026304
0.024943
0.023529
0.019619
-0.045639
-0.047295
-0.047905
-0.048513
-0.049047
-0.049485
-0.049842
-0.050122
-0.050332
-0.050477
-0.050565
-0.050600
-0.050591
-0.050540
-0.050454
-0.050336
-0.050191
-0.050020
-0.049827
-0.049614
-0.049381
-0.049130
-0.048862
-0.048577
-0.048276
-0.047958
-0.047623
-0.047271
-0.046901
-0.046514
-0.046109
-0.045685
-0.045241
-0.044779
-0.044297
-0.043794
-0.043271
-0.042726
-0.042161
-0.041574
-0.040965
-0.040334
-0.039680
-0.039004
-0.038304
-0.037582
-0.036835
-0.036064
-0.035269
-0.034448
-0.033602
-0.032729
-0.031828
-0.030899
-0.029941
-0.028951
-0.027929
-0.026872
-0.025780
-0.024649
-0.023478
-0.022263
-0.021003
-0.019694
-0.018333
-0.016916
-0.015441
-0.013903
-0.012300
-0.010629
-0.008886
-0.007070
-0.005179
-0.003214
-0.001175
0.000935
0.003110
0.005343
0.007624
0.009939
0.012271
0.014599
0.016900
0.019145
0.021303
0.023341
0.025223
0.026912
0.028373
0.029573
0.030481
0.031072
0.031326
0.031233
0.030789
0.029998
0.028850
0.027422
0.025920
0.021711
-0.047249
-0.049002
-0.049642
-0.050278
-0.050832
-0.051282
-0.051644
-0.051924
-0.052127
-0.052262
-0.052335
-0.052355
-0.052326
-0.052256
-0.052149
-0.052011
-0.051845
-0.051654
-0.051441
-0.051208
-0.050956
-0.050688
-0.050402
-0.050101
-0.049783
-0.049449
-0.049099
-0.048733
-0.048349
-0.047948
-0.047530
-0.047092
-0.046636
-0.046161
-0.045666
-0.045151
-0.044616
-0.044060
-0.043483
-0.042884
-0.042264
-0.041622
-0.040957
-0.040271
-0.039561
-0.038829
-0.038073
-0.037294
-0.036490
-0.035662
-0.034808
-0.033928
-0.033021
-0.032087
-0.031123
-0.030128
-0.029102
-0.028041
-0.026945
-0.025810
-0.024634
-0.023415
-0.022148
-0.020832
-0.019461
-0.018033
-0.016542
-0.014986
-0.013359
-0.011658
-0.009878
-0.008017
-0.006072
-0.004041
-0.001925
0.000276
0.002558
0.004913
0.007334
0.009806
0.012313
0.014834
0.017344
0.019813
0.022207
0.024489
0.026619
0.028555
0.030255
0.031680
0.032793
0.033561
0.033961
0.033976
0.033598
0.032831
0.031660
0.030170
0.028581
0.024060
-0.048956
-0.050812
-0.051486
-0.052150
-0.052724
-0.053185
-0.053550
-0.053825
-0.054019
-0.054139
-0.054195
-0.054193
-0.054142
-0.054047
-0.053916
-0.053753
-0.053562
-0.053346
-0.053110
-0.052854
-0.052581
-0.052291
-0.051986
-0.051665
-0.051329
-0.050978
-0.050611
-0.050228
-0.049829
-0.049413
-0.048979
-0.048527
-0.048057
-0.047568
-0.047059
-0.046531
-0.045982
-0.045413
-0.044823
-0.044212
-0.043579
-0.042925
-0.042249
-0.041551
-0.040831
-0.040089
-0.039323
-0.038535
-0.037722
-0.036886
-0.036025
-0.035139
-0.034226
-0.033286
-0.032317
-0.031319
-0.030288
-0.029225
-0.028125
-0.026988
-0.025809
-0.024587
-0.023317
-0.021995
-0.020618
-0.019181
-0.017679
-0.016107
-0.014460
-0.012733
-0.010921
-0.009020
-0.007024
-0.004932
-0.002741
-0.000452
0.001934
0.004412
0.006973
0.009605
0.012293
0.015015
0.017745
0.020452
0.023100
0.025648
0.028050
0.030260
0.032230
0.033911
0.035261
0.036239
0.036814
0.036963
0.036674
0.035949
0.034769
0.033223
0.031549
0.026702
-0.050768
-0.052737
-0.053445
-0.054139
-0.054732
-0.055202
-0.055567
-0.055835
-0.056014
-0.056115
-0.056147
-0.056119
-0.056040
-0.055916
-0.055755
-0.055561
-0.055341
-0.055097
-0.054833
-0.054551
-0.054253
-0.053939
-0.053611
-0.053268
-0.052912
-0.052540
-0.052154
-0.051753
-0.051336
-0.050902
-0.050452
-0.049984
-0.049498
-0.048993
-0.048469
-0.047926
-0.047362
-0.046779
-0.046175
-0.045550
-0.044904
-0.044237
-0.043549
-0.042839
-0.042108
-0.041354
-0.040578
-0.039780
-0.038959
-0.038114
-0.037245
-0.036352
-0.035433
-0.034488
-0.033515
-0.032513
-0.031480
-0.030414
-0.029312
-0.028174
-0.026994
-0.025770
-0.024498
-0.023174
-0.021793
-0.020350
-0.018839
-0.017255
-0.015592
-0.013843
-0.012003
-0.010065
-0.008023
-0.005873
-0.003612
-0.001237
0.001251
0.003849
0.006551
0.009346
0.012219
0.015148
0.018109
0.021068
0.023987
0.026821
0.029522
0.032035
0.034305
0.036278
0.037900
0.039123
0.039907
0.040222
0.040050
0.039388
0.038214
0.036622
0.034866
0.029684
-0.052696
-0.054787
-0.055532
-0.056256
-0.056868
-0.057345
-0.057706
-0.057961
-0.058121
-0.058196
-0.058198
-0.058137
-0.058023
-0.057863
-0.057666
-0.057437
-0.057182
-0.056905
-0.056609
-0.056296
-0.055968
-0.055627
-0.055272
-0.054905
-0.054524
-0.054130
-0.053723
-0.053301
-0.052863
-0.052411
-0.051942
-0.051455
-0.050952
-0.050430
-0.049889
-0.049330
-0.048750
-0.048151
-0.047532
-0.046893
-0.046232
-0.045552
-0.044850
-0.044127
-0.043383
-0.042618
-0.041831
-0.041022
-0.040191
-0.039337
-0.038461
-0.037560
-0.036635
-0.035685
-0.034707
-0.033701
-0.032666
-0.031598
-0.030495
-0.029356
-0.028176
-0.026952
-0.025679
-0.024354
-0.022971
-0.021525
-0.020008
-0.018415
-0.016739
-0.014972
-0.013107
-0.011136
-0.009052
-0.006849
-0.004521
-0.002064
0.000524
0.003241
0.006083
0.009041
0.012102
0.015246
0.018446
0.021670
0.024877
0.028019
0.031043
0.033889
0.036494
0.038794
0.040726
0.042233
0.043265
0.043782
0.043758
0.043186
0.042038
0.040412
0.038580
0.033055
-0.054751
-0.056977
-0.057760
-0.058515
-0.059144
-0.059624
-0.059977
-0.060213
-0.060346
-0.060388
-0.060353
-0.060251
-0.060094
-0.059891
-0.059651
-0.059379
-0.059083
-0.058767
-0.058433
-0.058084
-0.057723
-0.057350
-0.056965
-0.056569
-0.056161
-0.055742
-0.055310
-0.054864
-0.054405
-0.053931
-0.053441
-0.052935
-0.052412
-0.051871
-0.051312
-0.050735
-0.050138
-0.049522
-0.048886
-0.048231
-0.047555
-0.046859
-0.046142
-0.045406
-0.044648
-0.043870
-0.043071
-0.042251
-0.041410
-0.040547
-0.039662
-0.038754
-0.037822
-0.036866
-0.035883
-0.034874
-0.033836
-0.032766
-0.031663
-0.030523
-0.029343
-0.028120
-0.026848
-0.025523
-0.024140
-0.022691
-0.021171
-0.019571
-0.017884
-0.016102
-0.014215
-0.012214
-0.010092
-0.007839
-0.005447
-0.002912
-0.000228
0.002606
0.005587
0.008710
0.011962
0.015324
0.018772
0.022273
0.025783
0.029254
0.032627
0.035836
0.038810
0.041476
0.043761
0.045595
0.046917
0.047676
0.047838
0.047387
0.046289
0.044647
0.042747
0.036873
-0.056949
-0.059322
-0.060146
-0.060931
-0.061576
-0.062054
-0.062392
-0.062602
-0.062699
-0.062698
-0.062615
-0.062463
-0.062254
-0.061999
-0.061707
-0.061385
-0.061041
-0.060678
-0.060300
-0.059910
-0.059510
-0.059100
-0.058681
-0.058252
-0.057814
-0.057366
-0.056907
-0.056435
-0.055951
-0.055453
-0.054941
-0.054413
-0.053869
-0.053307
-0.052728
-0.052131
-0.051516
-0.050881
-0.050228
-0.049555
-0.048862
-0.048150
-0.047418
-0.046666
-0.045894
-0.045103
-0.044291
-0.043459
-0.042606
-0.041733
-0.040838
-0.039922
-0.038983
-0.038021
-0.037033
-0.036020
-0.034978
-0.033907
-0.032803
-0.031662
-0.030483
-0.029260
-0.027990
-0.026666
-0.025282
-0.023833
-0.022310
-0.020705
-0.019009
-0.017213
-0.015306
-0.013279
-0.011120
-0.008820
-0.006368
-0.003757
-0.000979
0.001969
0.005089
0.008375
0.011820
0.015406
0.019109
0.022896
0.026726
0.030545
0.034292
0.037894
0.041274
0.044347
0.047029
0.049238
0.050897
0.051945
0.052334
0.052041
0.051023
0.049385
0.047429
0.041206
-0.059305
-0.061841
-0.062707
-0.063523
-0.064179
-0.064650
-0.064964
-0.065137
-0.065188
-0.065133
-0.064991
-0.064776
-0.064504
-0.064186
-0.063832
-0.063451
-0.063049
-0.062632
-0.062204
-0.061766
-0.061321
-0.060869
-0.060411
-0.059946
-0.059474
-0.058993
-0.058504
-0.058004
-0.057492
-0.056968
-0.056431
-0.055879
-0.055311
-0.054728
-0.054127
-0.053509
-0.052873
-0.052219
-0.051546
-0.050855
-0.050144
-0.049414
-0.048666
-0.047898
-0.047111
-0.046304
-0.045479
-0.044634
-0.043769
-0.042885
-0.041981
-0.041055
-0.040108
-0.039139
-0.038146
-0.037128
-0.036083
-0.035008
-0.033902
-0.032762
-0.031582
-0.030360
-0.029090
-0.027767
-0.026383
-0.024933
-0.023407
-0.021797
-0.020093
-0.018284
-0.016360
-0.014307
-0.012114
-0.009768
-0.007258
-0.004573
-0.001703
0.001359
0.004616
0.008067
0.011705
0.015518
0.019482
0.023567
0.027730
0.031917
0.036062
0.040088
0.043910
0.047433
0.050559
0.053193
0.055243
0.056631
0.057297
0.057205
0.056301
0.054693
0.052697
0.046130
-0.061840
-0.064555
-0.065467
-0.066312
-0.066974
-0.067428
-0.067708
-0.067833
-0.067823
-0.067700
-0.067484
-0.067193
-0.066844
-0.066449
-0.066022
-0.065571
-0.065102
-0.064623
-0.064135
-0.063643
-0.063147
-0.062647
-0.062145
-0.061639
-0.061128
-0.060612
-0.060089
-0.059557
-0.059015
-0.058463
-0.057898
-0.057320
-0.056728
-0.056120
-0.055497
-0.054856
-0.054199
-0.053523
-0.052830
-0.052119
-0.051389
-0.050641
-0.049875
-0.049090
-0.048287
-0.047465
-0.046625
-0.045766
-0.044889
-0.043993
-0.043077
-0.042142
-0.041186
-0.040209
-0.039210
-0.038186
-0.037136
-0.036059
-0.034950
-0.033808
-0.032627
-0.031404
-0.030134
-0.028810
-0.027426
-0.025974
-0.024445
-0.022829
-0.021116
-0.019295
-0.017351
-0.015273
-0.013045
-0.010655
-0.008087
-0.005328
-0.002367
0.000807
0.004201
0.007817
0.011652
0.015695
0.019927
0.024318
0.028827
0.033400
0.037967
0.042449
0.046750
0.050766
0.054387
0.057500
0.059998
0.061785
0.062783
0.062942
0.062195
0.060649
0.058632
0.051729
-0.064576
-0.067493
-0.068450
-0.069322
-0.069983
-0.070411
-0.070642
-0.070701
-0.070613
-0.070404
-0.070096
-0.069712
-0.069270
-0.068785
-0.068271
-0.067737
-0.067190
-0.066638
-0.066082
-0.065527
-0.064973
-0.064420
-0.063868
-0.063316
-0.062763
-0.062207
-0.061647
-0.061081
-0.060507
-0.059924
-0.059330
-0.058724
-0.058105
-0.057472
-0.056823
-0.056159
-0.055479
-0.054781
-0.054067
-0.053335
-0.052585
-0.051818
-0.051033
-0.050231
-0.049410
-0.048573
-0.047717
-0.046844
-0.045953
-0.045044
-0.044117
-0.043171
-0.042206
-0.041220
-0.040213
-0.039183
-0.038128
-0.037045
-0.035933
-0.034787
-0.033604
-0.032380
-0.031107
-0.029782
-0.028395
-0.026939
-0.025405
-0.023782
-0.022058
-0.020221
-0.018257
-0.016152
-0.013889
-0.011452
-0.008825
-0.005993
-0.002939
0.000349
0.003881
0.007663
0.011697
0.015974
0.020480
0.025187
0.030055
0.035031
0.040046
0.045012
0.049830
0.054385
0.058553
0.062205
0.065214
0.067464
0.068857
0.069325
0.068785
0.067339
0.065326
0.058105
-0.067542
-0.070684
-0.071689
-0.072583
-0.073234
-0.073619
-0.073784
-0.073757
-0.073569
-0.073252
-0.072832
-0.072334
-0.071780
-0.071187
-0.070569
-0.069938
-0.069301
-0.068664
-0.068031
-0.067404
-0.066785
-0.066172
-0.065565
-0.064962
-0.064362
-0.063763
-0.063163
-0.062559
-0.061950
-0.061334
-0.060709
-0.060074
-0.059427
-0.058766
-0.058093
-0.057404
-0.056700
-0.055979
-0.055243
-0.054489
-0.053719
-0.052932
-0.052128
-0.051308
-0.050470
-0.049615
-0.048744
-0.047856
-0.046951
-0.046029
-0.045090
-0.044132
-0.043157
-0.042161
-0.041146
-0.040108
-0.039046
-0.037957
-0.036839
-0.035689
-0.034502
-0.033273
-0.031996
-0.030666
-0.029274
-0.027812
-0.026269
-0.024635
-0.022898
-0.021043
-0.019056
-0.016920
-0.014618
-0.012132
-0.009443
-0.006534
-0.003385
0.000019
0.003692
0.007645
0.011881
0.016398
0.021184
0.026216
0.031457
0.036855
0.042339
0.047821
0.053194
0.058335
0.063105
0.067358
0.070948
0.073732
0.075592
0.076436
0.076162
0.074863
0.072886
0.065370
-0.070773
-0.074169
-0.075222
-0.076131
-0.076757
-0.077080
-0.077154
-0.077015
-0.076701
-0.076248
-0.075689
-0.075053
-0.074365
-0.073643
-0.072904
-0.072159
-0.071418
-0.070684
-0.069963
-0.069256
-0.068563
-0.067883
-0.067215
-0.066557
-0.065906
-0.065260
-0.064617
-0.063973
-0.063327
-0.062676
-0.062019
-0.061352
-0.060676
-0.059989
-0.059288
-0.058574
-0.057846
-0.057102
-0.056343
-0.055568
-0.054778
-0.053971
-0.053147
-0.052308
-0.051453
-0.050581
-0.049694
-0.048791
-0.047871
-0.046936
-0.045983
-0.045014
-0.044027
-0.043022
-0.041996
-0.040949
-0.039879
-0.038783
-0.037658
-0.036501
-0.035307
-0.034071
-0.032788
-0.031450
-0.030049
-0.028577
-0.027022
-0.025374
-0.023618
-0.021740
-0.019725
-0.017553
-0.015208
-0.012667
-0.009912
-0.006920
-0.003671
-0.000146
0.003673
0.007801
0.012245
0.017009
0.022084
0.027452
0.033079
0.038916
0.044894
0.050923
0.056891
0.062666
0.068097
0.073019
0.077263
0.080663
0.083070
0.084368
0.084429
0.083334
0.081430
0.073653
-0.074312
-0.077996
-0.079094
-0.080008
-0.080590
-0.080824
-0.080776
-0.080491
-0.080016
-0.079395
-0.078666
-0.077863
-0.077014
-0.076140
-0.075259
-0.074383
-0.073521
-0.072678
-0.071857
-0.071060
-0.070285
-0.069531
-0.068797
-0.068078
-0.067373
-0.066677
-0.065988
-0.065302
-0.064617
-0.063930
-0.063239
-0.062542
-0.061836
-0.061120
-0.060393
-0.059654
-0.058901
-0.058135
-0.057353
-0.056557
-0.055746
-0.054919
-0.054077
-0.053220
-0.052347
-0.051459
-0.050555
-0.049637
-0.048703
-0.047753
-0.046788
-0.045807
-0.044808
-0.043791
-0.042755
-0.041698
-0.040618
-0.039513
-0.038379
-0.037213
-0.036010
-0.034764
-0.033471
-0.032121
-0.030708
-0.029221
-0.027650
-0.025981
-0.024202
-0.022296
-0.020245
-0.018032
-0.015636
-0.013034
-0.010204
-0.007123
-0.003767
-0.000113
0.003860
0.008170
0.012831
0.017850
0.023224
0.028940
0.034969
0.041265
0.047763
0.054370
0.060974
0.067435
0.073588
0.079251
0.084232
0.088336
0.091383
0.093225
0.093704
0.092880
0.091098
0.083104
-0.078215
-0.082225
-0.083365
-0.084267
-0.084776
-0.084886
-0.084675
-0.084202
-0.083524
-0.082693
-0.081757
-0.080752
-0.079712
-0.078659
-0.077613
-0.076585
-0.075586
-0.074619
-0.073686
-0.072789
-0.071925
-0.071091
-0.070284
-0.069501
-0.068737
-0.067989
-0.067252
-0.066523
-0.065799
-0.065075
-0.064351
-0.063622
-0.062886
-0.062143
-0.061390
-0.060626
-0.059850
-0.059061
-0.058258
-0.057441
-0.056610
-0.055764
-0.054904
-0.054029
-0.053140
-0.052236
-0.051317
-0.050384
-0.049435
-0.048473
-0.047494
-0.046500
-0.045489
-0.044461
-0.043414
-0.042346
-0.041255
-0.040139
-0.038994
-0.037816
-0.036601
-0.035343
-0.034036
-0.032671
-0.031241
-0.029735
-0.028141
-0.026447
-0.024637
-0.022695
-0.020602
-0.018339
-0.015883
-0.013212
-0.010299
-0.007119
-0.003646
0.000146
0.004283
0.008787
0.013675
0.018961
0.024647
0.030726
0.037174
0.043951
0.050994
0.058216
0.065499
0.072698
0.079640
0.086123
0.091932
0.096840
0.100632
0.103124
0.104118
0.103649
0.102047
0.093896
-0.082551
-0.086933
-0.088104
-0.088969
-0.089367
-0.089304
-0.088878
-0.088162
-0.087228
-0.086139
-0.084949
-0.083703
-0.082436
-0.081174
-0.079937
-0.078737
-0.077582
-0.076476
-0.075420
-0.074413
-0.073451
-0.072532
-0.071649
-0.070797
-0.069973
-0.069171
-0.068385
-0.067612
-0.066848
-0.066089
-0.065331
-0.064571
-0.063807
-0.063038
-0.062260
-0.061472
-0.060674
-0.059864
-0.059041
-0.058205
-0.057356
-0.056493
-0.055616
-0.054725
-0.053820
-0.052901
-0.051968
-0.051021
-0.050060
-0.049084
-0.048093
-0.047087
-0.046064
-0.045024
-0.043965
-0.042886
-0.041783
-0.040654
-0.039497
-0.038305
-0.037076
-0.035802
-0.034477
-0.033093
-0.031641
-0.030110
-0.028488
-0.026761
-0.024913
-0.022927
-0.020784
-0.018462
-0.015938
-0.013186
-0.010180
-0.006890
-0.003289
0.000654
0.004968
0.009677
0.014807
0.020374
0.026388
0.032847
0.039735
0.047017
0.054636
0.062508
0.070517
0.078515
0.086317
0.093708
0.100445
0.106271
0.110931
0.114195
0.115822
0.115809
0.114461
0.106229
-0.087413
-0.092216
-0.093402
-0.094191
-0.094423
-0.094122
-0.093411
-0.092384
-0.091128
-0.089721
-0.088225
-0.086691
-0.085157
-0.083653
-0.082196
-0.080801
-0.079472
-0.078213
-0.077023
-0.075897
-0.074831
-0.073820
-0.072858
-0.071936
-0.071050
-0.070193
-0.069359
-0.068544
-0.067741
-0.066946
-0.066157
-0.065369
-0.064579
-0.063785
-0.062984
-0.062176
-0.061358
-0.060529
-0.059689
-0.058836
-0.057971
-0.057093
-0.056201
-0.055296
-0.054378
-0.053446
-0.052500
-0.051541
-0.050568
-0.049580
-0.048578
-0.047560
-0.046526
-0.045474
-0.044404
-0.043312
-0.042196
-0.041054
-0.039882
-0.038675
-0.037429
-0.036136
-0.034790
-0.033383
-0.031904
-0.030343
-0.028686
-0.026920
-0.025027
-0.022989
-0.020787
-0.018396
-0.015793
-0.012949
-0.009837
-0.006425
-0.002682
0.001425
0.005929
0.010860
0.016246
0.022112
0.028472
0.035331
0.042682
0.050497
0.058726
0.067290
0.076077
0.084937
0.093680
0.102074
0.109854
0.116728
0.122398
0.126582
0.128985
0.129555
0.128554
0.120343
-0.092927
-0.098201
-0.099370
-0.100026
-0.100016
-0.099388
-0.098302
-0.096876
-0.095219
-0.093421
-0.091556
-0.089680
-0.087836
-0.086053
-0.084349
-0.082735
-0.081214
-0.079788
-0.078452
-0.077201
-0.076026
-0.074921
-0.073876
-0.072885
-0.071937
-0.071027
-0.070147
-0.069290
-0.068451
-0.067625
-0.066807
-0.065994
-0.065181
-0.064366
-0.063546
-0.062720
-0.061886
-0.061042
-0.060187
-0.059321
-0.058443
-0.057553
-0.056650
-0.055734
-0.054804
-0.053862
-0.052906
-0.051936
-0.050953
-0.049955
-0.048943
-0.047915
-0.046870
-0.045808
-0.044726
-0.043622
-0.042493
-0.041337
-0.040149
-0.038925
-0.037659
-0.036345
-0.034975
-0.033540
-0.032030
-0.030433
-0.028736
-0.026924
-0.024979
-0.022881
-0.020610
-0.018141
-0.015448
-0.012501
-0.009271
-0.005724
-0.001826
0.002460
0.007170
0.012339
0.018000
0.024182
0.030909
0.038192
0.046033
0.054412
0.063288
0.072590
0.082212
0.092006
0.101777
0.111284
0.120238
0.128312
0.135160
0.140442
0.143797
0.145108
0.144574
0.136521
-0.099261
-0.105050
-0.106153
-0.106588
-0.106227
-0.105154
-0.103575
-0.101640
-0.099482
-0.097208
-0.094902
-0.092626
-0.090424
-0.088323
-0.086341
-0.084486
-0.082757
-0.081152
-0.079663
-0.078280
-0.076994
-0.075794
-0.074668
-0.073608
-0.072602
-0.071642
-0.070719
-0.069825
-0.068955
-0.068101
-0.067260
-0.066425
-0.065594
-0.064763
-0.063929
-0.063090
-0.062244
-0.061389
-0.060525
-0.059649
-0.058763
-0.057864
-0.056953
-0.056029
-0.055092
-0.054142
-0.053179
-0.052202
-0.051212
-0.050206
-0.049186
-0.048149
-0.047096
-0.046024
-0.044931
-0.043815
-0.042673
-0.041502
-0.040298
-0.039056
-0.037769
-0.036431
-0.035033
-0.033568
-0.032023
-0.030386
-0.028643
-0.026779
-0.024774
-0.022610
-0.020262
-0.017705
-0.014912
-0.011852
-0.008493
-0.004798
-0.000730
0.003749
0.008680
0.014103
0.020057
0.026576
0.033691
0.041423
0.049781
0.058758
0.068321
0.078412
0.088932
0.099739
0.110641
0.121385
0.131663
0.141115
0.149343
0.155941
0.160469
0.162727
0.162815
0.155113
-0.106651
-0.112979
-0.113931
-0.114015
-0.113147
-0.111470
-0.109246
-0.106665
-0.103886
-0.101036
-0.098208
-0.095466
-0.092855
-0.090399
-0.088112
-0.085995
-0.084044
-0.082251
-0.080603
-0.079088
-0.077691
-0.076398
-0.075196
-0.074071
-0.073011
-0.072007
-0.071047
-0.070124
-0.069228
-0.068354
-0.067495
-0.066646
-0.065803
-0.064962
-0.064119
-0.063273
-0.062421
-0.061561
-0.060692
-0.059812
-0.058922
-0.058019
-0.057105
-0.056178
-0.055238
-0.054284
-0.053318
-0.052337
-0.051342
-0.050332
-0.049306
-0.048263
-0.047203
-0.046122
-0.045020
-0.043894
-0.042740
-0.041555
-0.040334
-0.039072
-0.037763
-0.036400
-0.034973
-0.033474
-0.031891
-0.030210
-0.028418
-0.026497
-0.024427
-0.022189
-0.019757
-0.017105
-0.014204
-0.011021
-0.007522
-0.003668
0.000580
0.005266
0.010432
0.016125
0.022387
0.029262
0.036786
0.044991
0.053896
0.063504
0.073798
0.084731
0.096217
0.108126
0.120269
0.132392
0.144171
0.155212
0.165066
0.173250
0.179235
0.182708
0.183629
0.176552
-0.115436
-0.122271
-0.122934
-0.122470
-0.120878
-0.118382
-0.115316
-0.111918
-0.108378
-0.104838
-0.101397
-0.098122
-0.095051
-0.092203
-0.089585
-0.087191
-0.085009
-0.083024
-0.081219
-0.079574
-0.078071
-0.076692
-0.075420
-0.074239
-0.073135
-0.072095
-0.071107
-0.070162
-0.069250
-0.068363
-0.067495
-0.066640
-0.065793
-0.064950
-0.064106
-0.063260
-0.062408
-0.061550
-0.060682
-0.059805
-0.058916
-0.058016
-0.057104
-0.056178
-0.055240
-0.054288
-0.053321
-0.052341
-0.051345
-0.050334
-0.049306
-0.048260
-0.047195
-0.046109
-0.044999
-0.043863
-0.042698
-0.041500
-0.040263
-0.038982
-0.037651
-0.036262
-0.034805
-0.033271
-0.031647
-0.029921
-0.028075
-0.026093
-0.023955
-0.021638
-0.019117
-0.016365
-0.013349
-0.010037
-0.006390
-0.002370
0.002068
0.006969
0.012382
0.018356
0.024940
0.032185
0.040137
0.048835
0.058312
0.068585
0.079651
0.091480
0.104005
0.117109
0.130617
0.144279
0.157762
0.170645
0.182423
0.192534
0.200342
0.205391
0.207432
0.201396
-0.126108
-0.133302
-0.133451
-0.132143
-0.129519
-0.125918
-0.121760
-0.117338
-0.112872
-0.108514
-0.104367
-0.100490
-0.096913
-0.093644
-0.090677
-0.087997
-0.085583
-0.083410
-0.081453
-0.079687
-0.078088
-0.076635
-0.075305
-0.074080
-0.072943
-0.071880
-0.070876
-0.069921
-0.069003
-0.068115
-0.067248
-0.066397
-0.065555
-0.064718
-0.063883
-0.063045
-0.062202
-0.061353
-0.060494
-0.059626
-0.058746
-0.057855
-0.056950
-0.056032
-0.055101
-0.054155
-0.053194
-0.052218
-0.051226
-0.050218
-0.049191
-0.048145
-0.047079
-0.045990
-0.044875
-0.043733
-0.042558
-0.041348
-0.040096
-0.038798
-0.037445
-0.036030
-0.034543
-0.032974
-0.031309
-0.029536
-0.027636
-0.025593
-0.023384
-0.020986
-0.018374
-0.015518
-0.012385
-0.008940
-0.005143
-0.000952
0.003680
0.008802
0.014465
0.020726
0.027640
0.035265
0.043654
0.052861
0.062929
0.073893
0.085767
0.098542
0.112175
0.126571
0.141575
0.156953
0.172372
0.187393
0.201464
0.213933
0.224044
0.231160
0.234724
0.230379
-0.139397
-0.146567
-0.145844
-0.143247
-0.139160
-0.134075
-0.128513
-0.122821
-0.117242
-0.111933
-0.106985
-0.102445
-0.098324
-0.094613
-0.091291
-0.088328
-0.085689
-0.083340
-0.081247
-0.079377
-0.077700
-0.076189
-0.074819
-0.073567
-0.072413
-0.071342
-0.070337
-0.069386
-0.068476
-0.067600
-0.066747
-0.065910
-0.065085
-0.064266
-0.063448
-0.062628
-0.061803
-0.060971
-0.060130
-0.059279
-0.058415
-0.057539
-0.056649
-0.055746
-0.054827
-0.053893
-0.052943
-0.051977
-0.050994
-0.049992
-0.048971
-0.047929
-0.046865
-0.045776
-0.044660
-0.043513
-0.042332
-0.041112
-0.039848
-0.038533
-0.037160
-0.035721
-0.034206
-0.032603
-0.030899
-0.029079
-0.027126
-0.025022
-0.022743
-0.020267
-0.017564
-0.014606
-0.011357
-0.007780
-0.003834
0.000526
0.005349
0.010689
0.016602
0.023148
0.030389
0.038392
0.047220
0.056938
0.067605
0.079273
0.091979
0.105739
0.120539
0.136317
0.152949
0.170229
0.187843
0.205348
0.222155
0.237525
0.250576
0.260436
0.266099
0.264490
-0.156410
-0.162715
-0.160542
-0.155998
-0.149848
-0.142788
-0.135439
-0.128195
-0.121305
-0.114911
-0.109080
-0.103830
-0.099145
-0.094990
-0.091323
-0.088093
-0.085252
-0.082751
-0.080547
-0.078599
-0.076868
-0.075324
-0.073935
-0.072678
-0.071529
-0.070469
-0.069481
-0.068550
-0.067665
-0.066814
-0.065989
-0.065181
-0.064385
-0.063594
-0.062805
-0.062014
-0.061217
-0.060412
-0.059598
-0.058771
-0.057932
-0.057079
-0.056211
-0.055328
-0.054429
-0.053513
-0.052580
-0.051628
-0.050658
-0.049669
-0.048658
-0.047624
-0.046566
-0.045481
-0.044366
-0.043219
-0.042034
-0.040808
-0.039534
-0.038206
-0.036817
-0.035357
-0.033815
-0.032181
-0.030441
-0.028578
-0.026576
-0.024414
-0.022070
-0.019519
-0.016731
-0.013676
-0.010317
-0.006616
-0.002530
0.001990
0.006996
0.012542
0.018692
0.025510
0.033065
0.041431
0.050684
0.060900
0.072155
0.084522
0.098063
0.112825
0.128830
0.146059
0.164437
0.183802
0.203883
0.224259
0.244328
0.263279
0.280105
0.293651
0.302244
0.305091
-0.178844
-0.182575
-0.178037
-0.170575
-0.161544
-0.151888
-0.142303
-0.133201
-0.124804
-0.117210
-0.110439
-0.104461
-0.099218
-0.094643
-0.090662
-0.087203
-0.084198
-0.081584
-0.079306
-0.077314
-0.075564
-0.074016
-0.072639
-0.071402
-0.070281
-0.069255
-0.068305
-0.067415
-0.066571
-0.065764
-0.064982
-0.064217
-0.063463
-0.062715
-0.061967
-0.061215
-0.060457
-0.059689
-0.058910
-0.058117
-0.057311
-0.056488
-0.055650
-0.054794
-0.053921
-0.053029
-0.052118
-0.051187
-0.050236
-0.049263
-0.048266
-0.047246
-0.046198
-0.045121
-0.044012
-0.042868
-0.041684
-0.040455
-0.039176
-0.037839
-0.036436
-0.034959
-0.033396
-0.031736
-0.029964
-0.028065
-0.026019
-0.023807
-0.021406
-0.018788
-0.015925
-0.012784
-0.009327
-0.005516
-0.001303
0.003360
0.008527
0.014260
0.020623
0.027686
0.035526
0.044225
0.053868
0.064547
0.076356
0.089388
0.103736
0.119482
0.136694
0.155407
0.175609
0.197214
0.220022
0.243675
0.267605
0.290960
0.312650
0.331188
0.343916
0.354085
-0.209324
-0.207172
-0.198828
-0.187046
-0.174043
-0.161039
-0.148723
-0.137461
-0.127395
-0.118532
-0.110809
-0.104129
-0.098376
-0.093436
-0.089202
-0.085574
-0.082463
-0.079791
-0.077489
-0.075499
-0.073769
-0.072257
-0.070925
-0.069740
-0.068676
-0.067709
-0.066820
-0.065992
-0.065210
-0.064463
-0.063741
-0.063035
-0.062339
-0.061645
-0.060950
-0.060250
-0.059541
-0.058820
-0.058086
-0.057336
-0.056570
-0.055787
-0.054985
-0.054163
-0.053322
-0.052461
-0.051578
-0.050673
-0.049745
-0.048794
-0.047817
-0.046813
-0.045781
-0.044717
-0.043618
-0.042481
-0.041302
-0.040075
-0.038794
-0.037453
-0.036043
-0.034555
-0.032977
-0.031298
-0.029502
-0.027574
-0.025494
-0.023242
-0.020794
-0.018123
-0.015199
-0.011988
-0.008453
-0.004551
-0.000236
0.004544
0.009845
0.015730
0.022269
0.029536
0.037615
0.046595
0.056573
0.067654
0.079949
0.093578
0.108662
0.125326
0.143689
0.163855
0.185896
0.209828
0.235568
0.262878
0.291300
0.320016
0.347944
0.373258
0.391856
0.414126
-0.251852
-0.237613
-0.223248
-0.205202
-0.186837
-0.169638
-0.154106
-0.140446
-0.128628
-0.118508
-0.109899
-0.102606
-0.096442
-0.091239
-0.086846
-0.083136
-0.079998
-0.077337
-0.075074
-0.073141
-0.071482
-0.070048
-0.068800
-0.067701
-0.066725
-0.065845
-0.065042
-0.064298
-0.063599
-0.062932
-0.062287
-0.061656
-0.061031
-0.060406
-0.059776
-0.059139
-0.058489
-0.057826
-0.057146
-0.056448
-0.055730
-0.054993
-0.054234
-0.053454
-0.052651
-0.051826
-0.050976
-0.050103
-0.049204
-0.048279
-0.047327
-0.046345
-0.045332
-0.044285
-0.043201
-0.042077
-0.040907
-0.039688
-0.038412
-0.037073
-0.035662
-0.034169
-0.032585
-0.030895
-0.029085
-0.027139
-0.025038
-0.022760
-0.020281
-0.017574
-0.014609
-0.011351
-0.007761
-0.003798
0.000587
0.005448
0.010841
0.016834
0.023497
0.030910
0.039162
0.048349
0.058578
0.069967
0.082645
0.096755
0.112451
0.129900
0.149281
0.170775
0.194559
0.220783
0.249530
0.280767
0.314248
0.349330
0.385129
0.419557
0.446459
0.488752
-0.312620
-0.274910
-0.251097
-0.224238
-0.198890
-0.176679
-0.157579
-0.141444
-0.127947
-0.116716
-0.107393
-0.099664
-0.093254
-0.087936
-0.083517
-0.079839
-0.076772
-0.074208
-0.072058
-0.070246
-0.068712
-0.067405
-0.066282
-0.065307
-0.064450
-0.063687
-0.062996
-0.062360
-0.061764
-0.061196
-0.060645
-0.060103
-0.059564
-0.059021
-0.058469
-0.057905
-0.057325
-0.056728
-0.056110
-0.055472
-0.054811
-0.054126
-0.053418
-0.052684
-0.051926
-0.051142
-0.050331
-0.049494
-0.048629
-0.047735
-0.046812
-0.045856
-0.044867
-0.043843
-0.042779
-0.041672
-0.040518
-0.039312
-0.038047
-0.036717
-0.035313
-0.033826
-0.032244
-0.030554
-0.028743
-0.026793
-0.024686
-0.022399
-0.019910
-0.017190
-0.014208
-0.010931
-0.007320
-0.003330
0.001085
0.005979
0.011413
0.017453
0.024174
0.031658
0.039996
0.049292
0.059661
0.071231
0.084147
0.098573
0.114693
0.132718
0.152884
0.175459
0.200736
0.229028
0.260642
0.295835
0.334733
0.377073
0.422520
0.469009
0.507630
0.582926
-0.401217
-0.320574
-0.282026
-0.243082
-0.208954
-0.181082
-0.158315
-0.139872
-0.124977
-0.112939
-0.103194
-0.095287
-0.088856
-0.083611
-0.079325
-0.075814
-0.072930
-0.070557
-0.068598
-0.066975
-0.065625
-0.064494
-0.063540
-0.062725
-0.062022
-0.061404
-0.060851
-0.060346
-0.059873
-0.059422
-0.058982
-0.058546
-0.058105
-0.057656
-0.057193
-0.056712
-0.056212
-0.055688
-0.055141
-0.054569
-0.053970
-0.053343
-0.052689
-0.052007
-0.051297
-0.050557
-0.049789
-0.048991
-0.048162
-0.047302
-0.046410
-0.045484
-0.044522
-0.043521
-0.042480
-0.041394
-0.040259
-0.039071
-0.037822
-0.036506
-0.035115
-0.033639
-0.032068
-0.030388
-0.028586
-0.026644
-0.024545
-0.022266
-0.019784
-0.017071
-0.014098
-0.010829
-0.007226
-0.003247
0.001158
0.006041
0.011464
0.017493
0.024204
0.031680
0.040017
0.049320
0.059710
0.071324
0.084317
0.098870
0.115194
0.133534
0.154182
0.177486
0.203861
0.233797
0.267867
0.306712
0.351004
0.401162
0.457950
0.519998
0.574824
0.702830
-0.520961
-0.366989
-0.308987
-0.256122
-0.212534
-0.179427
-0.153755
-0.133800
-0.118229
-0.105998
-0.096333
-0.088653
-0.082521
-0.077607
-0.073656
-0.070473
-0.067903
-0.065826
-0.064143
-0.062779
-0.061669
-0.060762
-0.060016
-0.059396
-0.058875
-0.058427
-0.058033
-0.057676
-0.057344
-0.057025
-0.056710
-0.056390
-0.056060
-0.055714
-0.055349
-0.054962
-0.054549
-0.054109
-0.053640
-0.053142
-0.052614
-0.052054
-0.051464
-0.050842
-0.050188
-0.049503
-0.048786
-0.048037
-0.047255
-0.046439
-0.045589
-0.044704
-0.043781
-0.042819
-0.041814
-0.040764
-0.039665
-0.038511
-0.037297
-0.036016
-0.034660
-0.033220
-0.031686
-0.030046
-0.028284
-0.026387
-0.024334
-0.022106
-0.019680
-0.017029
-0.014123
-0.010929
-0.007410
-0.003523
0.000778
0.005546
0.010840
0.016726
0.023278
0.030579
0.038723
0.047816
0.057980
0.069352
0.082093
0.096391
0.112470
0.130597
0.151100
0.174384
0.200960
0.231477
0.266761
0.307864
0.356112
0.412878
0.480659
0.559671
0.633063
0.841114
-0.704110
-0.411278
-0.323364
-0.257911
-0.206355
-0.169930
-0.143160
-0.123125
-0.107968
-0.096362
-0.087384
-0.080384
-0.074893
-0.070566
-0.067150
-0.064448
-0.062312
-0.060626
-0.059297
-0.058254
-0.057435
-0.056795
-0.056294
-0.055899
-0.055584
-0.055327
-0.055111
-0.054920
-0.054742
-0.054566
-0.054384
-0.054190
-0.053978
-0.053743
-0.053481
-0.053191
-0.052870
-0.052517
-0.052129
-0.051708
-0.051252
-0.050761
-0.050235
-0.049674
-0.049079
-0.048448
-0.047784
-0.047084
-0.046350
-0.045581
-0.044775
-0.043932
-0.043051
-0.042129
-0.041164
-0.040153
-0.039093
-0.037979
-0.036805
-0.035566
-0.034253
-0.032858
-0.031372
-0.029783
-0.028076
-0.026238
-0.024251
-0.022095
-0.019748
-0.017185
-0.014378
-0.011294
-0.007897
-0.004149
-0.000003
0.004591
0.009689
0.015355
0.021659
0.028682
0.036514
0.045256
0.055027
0.065959
0.078210
0.091965
0.107443
0.124916
0.144720
0.167284
0.193170
0.223129
0.258187
0.299774
0.349920
0.411264
0.488849
0.585838
0.686469
1.029602
-1.069569
-0.568564
-0.394497
-0.297934
-0.229727
-0.184404
-0.153041
-0.130562
-0.114107
-0.101846
-0.092586
-0.085530
-0.080125
-0.075978
-0.072800
-0.070379
-0.068551
-0.067189
-0.066194
-0.065487
-0.065005
-0.064695
-0.064516
-0.064433
-0.064417
-0.064445
-0.064497
-0.064558
-0.064613
-0.064652
-0.064666
-0.064649
-0.064594
-0.064497
-0.064355
-0.064165
-0.063926
-0.063636
-0.063294
-0.062901
-0.062457
-0.061961
-0.061416
-0.060820
-0.060175
-0.059481
-0.058739
-0.057950
-0.057114
-0.056230
-0.055299
-0.054319
-0.053289
-0.052208
-0.051074
-0.049882
-0.048630
-0.047313
-0.045925
-0.044459
-0.042907
-0.041259
-0.039505
-0.037631
-0.035623
-0.033462
-0.031131
-0.028606
-0.025862
-0.022871
-0.019600
-0.016012
-0.012068
-0.007720
-0.002917
0.002399
0.008292
0.014836
0.022111
0.030208
0.039232
0.049297
0.060537
0.073102
0.087168
0.102940
0.120663
0.140635
0.163224
0.188905
0.218304
0.252282
0.292063
0.339470
0.397326
0.470028
0.566036
0.695427
0.867310
1.394407
