# u - 1000 ites
0.000003
0.000014
0.000013
0.000001
-0.000024
-0.000061
-0.000112
-0.000174
-0.000246
-0.000328
-0.000418
-0.000515
-0.000618
-0.000726
-0.000838
-0.000952
-0.001069
-0.001188
-0.001307
-0.001427
-0.001547
-0.001666
-0.001784
-0.001900
-0.002015
-0.002128
-0.002238
-0.002346
-0.002451
-0.002553
-0.002652
-0.002748
-0.002840
-0.002929
-0.003014
-0.003095
-0.003172
-0.003245
-0.003314
-0.003378
-0.003438
-0.003493
-0.003544
-0.003590
-0.003630
-0.003666
-0.003697
-0.003723
-0.003744
-0.003759
-0.003768
-0.003773
-0.003772
-0.003765
-0.003752
-0.003734
-0.003711
-0.003681
-0.003646
-0.003605
-0.003558
-0.003506
-0.003448
-0.003384
-0.003315
-0.003240
-0.003160
-0.003075
-0.002984
-0.002889
-0.002788
-0.002683
-0.002574
-0.002460
-0.002343
-0.002222
-0.002098
-0.001971
-0.001842
-0.001711
-0.001580
-0.001447
-0.001315
-0.001183
-0.001053
-0.000926
-0.000802
-0.000683
-0.000569
-0.000461
-0.000362
-0.000272
-0.000192
-0.000124
-0.000069
-0.000028
-0.000000
0.000013
0.000015
0.000003
-0.000001
0.000004
-0.000011
-0.000046
-0.000102
-0.000180
-0.000281
-0.000401
-0.000541
-0.000698
-0.000869
-0.001054
-0.001249
-0.001454
-0.001666
-0.001884
-0.002107
-0.002332
-0.002559
-0.002788
-0.003015
-0.003242
-0.003467
-0.003689
-0.003908
-0.004123
-0.004334
-0.004540
-0.004741
-0.004936
-0.005125
-0.005308
-0.005484
-0.005653
-0.005815
-0.005970
-0.006117
-0.006256
-0.006387
-0.006509
-0.006623
-0.006728
-0.006824
-0.006911
-0.006989
-0.007057
-0.007115
-0.007163
-0.007202
-0.007230
-0.007248
-0.007255
-0.007252
-0.007238
-0.007214
-0.007178
-0.007132
-0.007075
-0.007007
-0.006928
-0.006839
-0.006738
-0.006627
-0.006505
-0.006372
-0.006229
-0.006076
-0.005913
-0.005740
-0.005557
-0.005366
-0.005166
-0.004957
-0.004741
-0.004518
-0.004288
-0.004053
-0.003812
-0.003567
-0.003319
-0.003069
-0.002818
-0.002568
-0.002319
-0.002073
-0.001832
-0.001598
-0.001372
-0.001157
-0.000954
-0.000766
-0.000594
-0.000441
-0.000309
-0.000199
-0.000113
-0.000052
-0.000014
0.000003
-0.000001
-0.000010
-0.000017
-0.000053
-0.000116
-0.000207
-0.000328
-0.000479
-0.000657
-0.000860
-0.001087
-0.001334
-0.001598
-0.001879
-0.002172
-0.002475
-0.002787
-0.003105
-0.003428
-0.003753
-0.004080
-0.004406
-0.004731
-0.005053
-0.005371
-0.005685
-0.005993
-0.006296
-0.006591
-0.006879
-0.007158
-0.007430
-0.007692
-0.007944
-0.008187
-0.008419
-0.008640
-0.008851
-0.009050
-0.009237
-0.009412
-0.009574
-0.009724
-0.009861
-0.009985
-0.010096
-0.010192
-0.010275
-0.010343
-0.010397
-0.010436
-0.010461
-0.010470
-0.010465
-0.010444
-0.010408
-0.010356
-0.010289
-0.010206
-0.010108
-0.009994
-0.009864
-0.009719
-0.009559
-0.009383
-0.009193
-0.008987
-0.008767
-0.008533
-0.008285
-0.008024
-0.007750
-0.007464
-0.007165
-0.006857
-0.006537
-0.006209
-0.005873
-0.005530
-0.005180
-0.004827
-0.004471
-0.004113
-0.003756
-0.003402
-0.003052
-0.002709
-0.002375
-0.002053
-0.001746
-0.001456
-0.001185
-0.000938
-0.000716
-0.000522
-0.000358
-0.000226
-0.000127
-0.000059
-0.000019
-0.000011
-0.000022
-0.000043
-0.000105
-0.000199
-0.000328
-0.000493
-0.000694
-0.000927
-0.001192
-0.001484
-0.001801
-0.002140
-0.002498
-0.002872
-0.003259
-0.003656
-0.004062
-0.004473
-0.004887
-0.005303
-0.005719
-0.006133
-0.006543
-0.006949
-0.007349
-0.007742
-0.008128
-0.008504
-0.008871
-0.009228
-0.009574
-0.009908
-0.010229
-0.010539
-0.010834
-0.011116
-0.011384
-0.011637
-0.011876
-0.012098
-0.012305
-0.012495
-0.012669
-0.012826
-0.012966
-0.013088
-0.013192
-0.013278
-0.013345
-0.013394
-0.013424
-0.013435
-0.013427
-0.013399
-0.013351
-0.013284
-0.013197
-0.013090
-0.012964
-0.012818
-0.012651
-0.012466
-0.012260
-0.012036
-0.011792
-0.011530
-0.011249
-0.010951
-0.010635
-0.010302
-0.009952
-0.009588
-0.009208
-0.008815
-0.008410
-0.007993
-0.007565
-0.007129
-0.006686
-0.006237
-0.005785
-0.005331
-0.004879
-0.004429
-0.003985
-0.003550
-0.003126
-0.002717
-0.002326
-0.001955
-0.001610
-0.001292
-0.001005
-0.000751
-0.000534
-0.000355
-0.000215
-0.000114
-0.000047
-0.000024
-0.000036
-0.000071
-0.000160
-0.000287
-0.000456
-0.000666
-0.000915
-0.001203
-0.001525
-0.001880
-0.002263
-0.002671
-0.003101
-0.003549
-0.004013
-0.004489
-0.004974
-0.005465
-0.005961
-0.006458
-0.006955
-0.007450
-0.007941
-0.008427
-0.008905
-0.009376
-0.009836
-0.010287
-0.010726
-0.011152
-0.011566
-0.011965
-0.012350
-0.012720
-0.013073
-0.013410
-0.013730
-0.014032
-0.014317
-0.014582
-0.014828
-0.015055
-0.015262
-0.015449
-0.015615
-0.015760
-0.015883
-0.015985
-0.016064
-0.016121
-0.016155
-0.016167
-0.016155
-0.016121
-0.016062
-0.015981
-0.015875
-0.015746
-0.015594
-0.015418
-0.015218
-0.014995
-0.014748
-0.014479
-0.014187
-0.013873
-0.013537
-0.013179
-0.012801
-0.012403
-0.011986
-0.011550
-0.011097
-0.010628
-0.010144
-0.009646
-0.009137
-0.008617
-0.008088
-0.007554
-0.007015
-0.006474
-0.005935
-0.005399
-0.004870
-0.004351
-0.003846
-0.003357
-0.002889
-0.002445
-0.002029
-0.001645
-0.001296
-0.000985
-0.000716
-0.000490
-0.000309
-0.000172
-0.000077
-0.000039
-0.000050
-0.000100
-0.000216
-0.000377
-0.000584
-0.000838
-0.001136
-0.001476
-0.001854
-0.002267
-0.002712
-0.003185
-0.003682
-0.004199
-0.004733
-0.005281
-0.005839
-0.006404
-0.006974
-0.007545
-0.008117
-0.008686
-0.009250
-0.009808
-0.010358
-0.010898
-0.011428
-0.011946
-0.012450
-0.012940
-0.013415
-0.013874
-0.014316
-0.014740
-0.015146
-0.015533
-0.015900
-0.016247
-0.016573
-0.016877
-0.017159
-0.017419
-0.017656
-0.017869
-0.018059
-0.018224
-0.018364
-0.018479
-0.018569
-0.018633
-0.018671
-0.018683
-0.018668
-0.018627
-0.018559
-0.018463
-0.018341
-0.018191
-0.018015
-0.017811
-0.017580
-0.017323
-0.017039
-0.016729
-0.016393
-0.016031
-0.015644
-0.015234
-0.014799
-0.014342
-0.013863
-0.013362
-0.012843
-0.012304
-0.011749
-0.011179
-0.010594
-0.009999
-0.009393
-0.008781
-0.008163
-0.007544
-0.006926
-0.006312
-0.005706
-0.005110
-0.004530
-0.003968
-0.003429
-0.002917
-0.002436
-0.001989
-0.001582
-0.001216
-0.000896
-0.000624
-0.000402
-0.000231
-0.000106
-0.000053
-0.000063
-0.000127
-0.000270
-0.000464
-0.000710
-0.001007
-0.001351
-0.001741
-0.002173
-0.002642
-0.003145
-0.003678
-0.004237
-0.004818
-0.005418
-0.006031
-0.006656
-0.007289
-0.007927
-0.008567
-0.009206
-0.009842
-0.010473
-0.011097
-0.011712
-0.012317
-0.012909
-0.013488
-0.014052
-0.014600
-0.015131
-0.015644
-0.016138
-0.016612
-0.017065
-0.017497
-0.017907
-0.018294
-0.018657
-0.018997
-0.019311
-0.019601
-0.019865
-0.020102
-0.020312
-0.020496
-0.020651
-0.020779
-0.020878
-0.020948
-0.020989
-0.021001
-0.020983
-0.020935
-0.020857
-0.020749
-0.020611
-0.020442
-0.020244
-0.020015
-0.019756
-0.019467
-0.019148
-0.018801
-0.018424
-0.018020
-0.017587
-0.017127
-0.016642
-0.016130
-0.015595
-0.015036
-0.014456
-0.013855
-0.013235
-0.012598
-0.011946
-0.011281
-0.010606
-0.009923
-0.009234
-0.008543
-0.007854
-0.007168
-0.006491
-0.005826
-0.005177
-0.004548
-0.003943
-0.003367
-0.002825
-0.002320
-0.001857
-0.001439
-0.001071
-0.000754
-0.000492
-0.000287
-0.000135
-0.000067
-0.000076
-0.000153
-0.000322
-0.000547
-0.000830
-0.001168
-0.001558
-0.001995
-0.002477
-0.003000
-0.003558
-0.004147
-0.004765
-0.005405
-0.006065
-0.006740
-0.007427
-0.008122
-0.008822
-0.009524
-0.010225
-0.010923
-0.011616
-0.012300
-0.012974
-0.013637
-0.014286
-0.014921
-0.015539
-0.016140
-0.016721
-0.017284
-0.017825
-0.018344
-0.018841
-0.019314
-0.019762
-0.020186
-0.020584
-0.020955
-0.021299
-0.021615
-0.021903
-0.022162
-0.022391
-0.022591
-0.022760
-0.022899
-0.023006
-0.023081
-0.023125
-0.023136
-0.023115
-0.023062
-0.022975
-0.022855
-0.022702
-0.022516
-0.022297
-0.022045
-0.021760
-0.021443
-0.021093
-0.020711
-0.020298
-0.019854
-0.019379
-0.018875
-0.018342
-0.017782
-0.017195
-0.016583
-0.015948
-0.015289
-0.014611
-0.013914
-0.013200
-0.012473
-0.011734
-0.010986
-0.010232
-0.009476
-0.008721
-0.007970
-0.007228
-0.006498
-0.005785
-0.005094
-0.004429
-0.003794
-0.003194
-0.002634
-0.002118
-0.001651
-0.001236
-0.000877
-0.000577
-0.000339
-0.000161
-0.000080
-0.000088
-0.000177
-0.000370
-0.000625
-0.000943
-0.001320
-0.001753
-0.002236
-0.002766
-0.003338
-0.003948
-0.004591
-0.005263
-0.005959
-0.006675
-0.007407
-0.008151
-0.008903
-0.009661
-0.010420
-0.011179
-0.011933
-0.012681
-0.013421
-0.014149
-0.014865
-0.015567
-0.016252
-0.016920
-0.017569
-0.018197
-0.018804
-0.019388
-0.019949
-0.020484
-0.020995
-0.021479
-0.021936
-0.022364
-0.022764
-0.023135
-0.023476
-0.023786
-0.024064
-0.024311
-0.024525
-0.024707
-0.024855
-0.024970
-0.025050
-0.025096
-0.025107
-0.025083
-0.025023
-0.024928
-0.024798
-0.024631
-0.024429
-0.024192
-0.023919
-0.023610
-0.023266
-0.022888
-0.022475
-0.022028
-0.021547
-0.021035
-0.020490
-0.019915
-0.019310
-0.018676
-0.018015
-0.017329
-0.016619
-0.015887
-0.015134
-0.014365
-0.013579
-0.012782
-0.011975
-0.011162
-0.010345
-0.009530
-0.008719
-0.007917
-0.007128
-0.006356
-0.005607
-0.004885
-0.004195
-0.003541
-0.002930
-0.002364
-0.001850
-0.001391
-0.000992
-0.000656
-0.000388
-0.000185
-0.000092
-0.000099
-0.000199
-0.000414
-0.000697
-0.001048
-0.001463
-0.001936
-0.002463
-0.003038
-0.003658
-0.004316
-0.005009
-0.005732
-0.006480
-0.007248
-0.008033
-0.008830
-0.009636
-0.010446
-0.011259
-0.012069
-0.012876
-0.013675
-0.014466
-0.015244
-0.016009
-0.016758
-0.017490
-0.018203
-0.018896
-0.019567
-0.020214
-0.020838
-0.021436
-0.022008
-0.022552
-0.023068
-0.023556
-0.024013
-0.024439
-0.024834
-0.025197
-0.025527
-0.025823
-0.026086
-0.026314
-0.026507
-0.026664
-0.026785
-0.026869
-0.026917
-0.026928
-0.026901
-0.026836
-0.026734
-0.026593
-0.026415
-0.026198
-0.025944
-0.025651
-0.025321
-0.024953
-0.024548
-0.024106
-0.023629
-0.023116
-0.022568
-0.021986
-0.021372
-0.020726
-0.020049
-0.019344
-0.018611
-0.017853
-0.017072
-0.016269
-0.015447
-0.014609
-0.013758
-0.012897
-0.012028
-0.011157
-0.010286
-0.009419
-0.008561
-0.007717
-0.006891
-0.006088
-0.005312
-0.004570
-0.003866
-0.003206
-0.002594
-0.002035
-0.001535
-0.001098
-0.000729
-0.000432
-0.000207
-0.000103
-0.000109
-0.000219
-0.000455
-0.000764
-0.001146
-0.001596
-0.002107
-0.002674
-0.003293
-0.003957
-0.004661
-0.005402
-0.006172
-0.006968
-0.007786
-0.008620
-0.009466
-0.010321
-0.011181
-0.012043
-0.012902
-0.013757
-0.014604
-0.015440
-0.016265
-0.017075
-0.017868
-0.018642
-0.019397
-0.020130
-0.020840
-0.021525
-0.022185
-0.022817
-0.023422
-0.023998
-0.024543
-0.025058
-0.025541
-0.025992
-0.026409
-0.026792
-0.027141
-0.027454
-0.027731
-0.027971
-0.028174
-0.028339
-0.028466
-0.028555
-0.028605
-0.028615
-0.028586
-0.028516
-0.028407
-0.028258
-0.028068
-0.027838
-0.027568
-0.027258
-0.026907
-0.026518
-0.026089
-0.025621
-0.025115
-0.024572
-0.023992
-0.023376
-0.022726
-0.022042
-0.021326
-0.020580
-0.019805
-0.019003
-0.018176
-0.017326
-0.016457
-0.015570
-0.014669
-0.013757
-0.012838
-0.011915
-0.010992
-0.010074
-0.009164
-0.008268
-0.007391
-0.006537
-0.005712
-0.004921
-0.004169
-0.003463
-0.002807
-0.002207
-0.001668
-0.001195
-0.000795
-0.000473
-0.000227
-0.000113
-0.000118
-0.000237
-0.000492
-0.000826
-0.001236
-0.001719
-0.002266
-0.002871
-0.003530
-0.004236
-0.004984
-0.005769
-0.006584
-0.007426
-0.008290
-0.009170
-0.010062
-0.010964
-0.011869
-0.012776
-0.013681
-0.014580
-0.015471
-0.016351
-0.017218
-0.018069
-0.018903
-0.019717
-0.020510
-0.021280
-0.022026
-0.022746
-0.023438
-0.024103
-0.024738
-0.025343
-0.025916
-0.026456
-0.026963
-0.027436
-0.027874
-0.028276
-0.028641
-0.028969
-0.029259
-0.029511
-0.029724
-0.029897
-0.030030
-0.030122
-0.030174
-0.030184
-0.030152
-0.030079
-0.029964
-0.029806
-0.029606
-0.029364
-0.029080
-0.028753
-0.028385
-0.027975
-0.027524
-0.027033
-0.026501
-0.025930
-0.025320
-0.024673
-0.023990
-0.023271
-0.022519
-0.021735
-0.020920
-0.020077
-0.019208
-0.018316
-0.017402
-0.016470
-0.015523
-0.014564
-0.013597
-0.012625
-0.011654
-0.010687
-0.009729
-0.008784
-0.007859
-0.006957
-0.006085
-0.005248
-0.004452
-0.003702
-0.003005
-0.002365
-0.001790
-0.001285
-0.000856
-0.000509
-0.000245
-0.000122
-0.000127
-0.000254
-0.000527
-0.000882
-0.001320
-0.001832
-0.002413
-0.003055
-0.003752
-0.004497
-0.005286
-0.006113
-0.006971
-0.007855
-0.008762
-0.009685
-0.010621
-0.011566
-0.012515
-0.013464
-0.014411
-0.015351
-0.016283
-0.017204
-0.018110
-0.019000
-0.019871
-0.020722
-0.021550
-0.022355
-0.023134
-0.023886
-0.024610
-0.025304
-0.025967
-0.026598
-0.027196
-0.027760
-0.028290
-0.028783
-0.029240
-0.029660
-0.030041
-0.030383
-0.030686
-0.030949
-0.031170
-0.031351
-0.031489
-0.031585
-0.031639
-0.031649
-0.031616
-0.031539
-0.031418
-0.031253
-0.031044
-0.030791
-0.030494
-0.030153
-0.029768
-0.029340
-0.028868
-0.028355
-0.027799
-0.027202
-0.026566
-0.025890
-0.025176
-0.024425
-0.023639
-0.022819
-0.021968
-0.021087
-0.020179
-0.019245
-0.018290
-0.017316
-0.016325
-0.015322
-0.014310
-0.013294
-0.012277
-0.011264
-0.010259
-0.009269
-0.008298
-0.007351
-0.006434
-0.005554
-0.004715
-0.003925
-0.003188
-0.002512
-0.001903
-0.001367
-0.000911
-0.000542
-0.000261
-0.000130
-0.000134
-0.000269
-0.000558
-0.000934
-0.001396
-0.001938
-0.002550
-0.003225
-0.003958
-0.004741
-0.005569
-0.006434
-0.007333
-0.008258
-0.009205
-0.010170
-0.011147
-0.012132
-0.013121
-0.014110
-0.015096
-0.016076
-0.017046
-0.018004
-0.018947
-0.019873
-0.020780
-0.021665
-0.022527
-0.023364
-0.024174
-0.024956
-0.025708
-0.026429
-0.027119
-0.027775
-0.028397
-0.028983
-0.029534
-0.030047
-0.030521
-0.030957
-0.031353
-0.031709
-0.032024
-0.032297
-0.032527
-0.032714
-0.032858
-0.032958
-0.033014
-0.033024
-0.032990
-0.032910
-0.032785
-0.032613
-0.032396
-0.032133
-0.031824
-0.031470
-0.031070
-0.030624
-0.030135
-0.029601
-0.029023
-0.028403
-0.027740
-0.027037
-0.026295
-0.025514
-0.024696
-0.023844
-0.022958
-0.022041
-0.021096
-0.020125
-0.019130
-0.018116
-0.017084
-0.016039
-0.014985
-0.013925
-0.012865
-0.011808
-0.010760
-0.009726
-0.008711
-0.007722
-0.006763
-0.005841
-0.004962
-0.004132
-0.003359
-0.002648
-0.002007
-0.001442
-0.000962
-0.000573
-0.000275
-0.000137
-0.000141
-0.000283
-0.000586
-0.000982
-0.001467
-0.002035
-0.002677
-0.003384
-0.004151
-0.004969
-0.005833
-0.006737
-0.007673
-0.008637
-0.009623
-0.010626
-0.011641
-0.012665
-0.013692
-0.014719
-0.015743
-0.016760
-0.017766
-0.018759
-0.019737
-0.020697
-0.021637
-0.022554
-0.023447
-0.024314
-0.025153
-0.025963
-0.026743
-0.027490
-0.028204
-0.028884
-0.029528
-0.030136
-0.030706
-0.031237
-0.031729
-0.032180
-0.032591
-0.032960
-0.033286
-0.033568
-0.033807
-0.034002
-0.034151
-0.034255
-0.034312
-0.034324
-0.034289
-0.034206
-0.034077
-0.033900
-0.033675
-0.033403
-0.033084
-0.032717
-0.032303
-0.031843
-0.031335
-0.030783
-0.030185
-0.029542
-0.028856
-0.028128
-0.027359
-0.026550
-0.025702
-0.024818
-0.023900
-0.022950
-0.021969
-0.020962
-0.019930
-0.018877
-0.017806
-0.016722
-0.015627
-0.014526
-0.013424
-0.012326
-0.011236
-0.010160
-0.009103
-0.008072
-0.007072
-0.006111
-0.005193
-0.004327
-0.003518
-0.002775
-0.002104
-0.001512
-0.001009
-0.000600
-0.000289
-0.000144
-0.000147
-0.000295
-0.000613
-0.001026
-0.001533
-0.002126
-0.002795
-0.003533
-0.004332
-0.005184
-0.006082
-0.007021
-0.007994
-0.008994
-0.010017
-0.011057
-0.012110
-0.013170
-0.014233
-0.015297
-0.016356
-0.017407
-0.018448
-0.019475
-0.020486
-0.021478
-0.022449
-0.023397
-0.024319
-0.025215
-0.026082
-0.026919
-0.027724
-0.028496
-0.029233
-0.029935
-0.030601
-0.031228
-0.031817
-0.032366
-0.032874
-0.033341
-0.033765
-0.034146
-0.034483
-0.034776
-0.035023
-0.035224
-0.035379
-0.035487
-0.035548
-0.035560
-0.035525
-0.035441
-0.035308
-0.035126
-0.034895
-0.034615
-0.034286
-0.033908
-0.033481
-0.033006
-0.032483
-0.031913
-0.031296
-0.030633
-0.029925
-0.029173
-0.028378
-0.027542
-0.026667
-0.025753
-0.024804
-0.023821
-0.022808
-0.021765
-0.020698
-0.019608
-0.018500
-0.017376
-0.016242
-0.015102
-0.013960
-0.012821
-0.011690
-0.010573
-0.009477
-0.008406
-0.007367
-0.006367
-0.005413
-0.004511
-0.003669
-0.002894
-0.002194
-0.001577
-0.001052
-0.000626
-0.000301
-0.000150
-0.000153
-0.000307
-0.000637
-0.001067
-0.001594
-0.002211
-0.002906
-0.003673
-0.004502
-0.005386
-0.006318
-0.007290
-0.008297
-0.009333
-0.010391
-0.011467
-0.012555
-0.013650
-0.014748
-0.015846
-0.016939
-0.018024
-0.019098
-0.020157
-0.021200
-0.022222
-0.023223
-0.024200
-0.025151
-0.026074
-0.026968
-0.027830
-0.028660
-0.029455
-0.030215
-0.030939
-0.031624
-0.032271
-0.032878
-0.033444
-0.033968
-0.034449
-0.034887
-0.035280
-0.035628
-0.035931
-0.036186
-0.036395
-0.036555
-0.036668
-0.036731
-0.036746
-0.036710
-0.036625
-0.036489
-0.036303
-0.036067
-0.035780
-0.035442
-0.035054
-0.034616
-0.034128
-0.033590
-0.033003
-0.032368
-0.031685
-0.030956
-0.030182
-0.029363
-0.028502
-0.027599
-0.026657
-0.025678
-0.024665
-0.023618
-0.022543
-0.021441
-0.020315
-0.019170
-0.018009
-0.016837
-0.015658
-0.014477
-0.013298
-0.012128
-0.010972
-0.009836
-0.008726
-0.007649
-0.006612
-0.005622
-0.004686
-0.003811
-0.003006
-0.002279
-0.001638
-0.001092
-0.000650
-0.000312
-0.000156
-0.000159
-0.000318
-0.000660
-0.001105
-0.001652
-0.002291
-0.003011
-0.003805
-0.004663
-0.005577
-0.006541
-0.007546
-0.008587
-0.009656
-0.010749
-0.011858
-0.012980
-0.014109
-0.015242
-0.016373
-0.017498
-0.018616
-0.019721
-0.020811
-0.021884
-0.022937
-0.023967
-0.024972
-0.025950
-0.026899
-0.027818
-0.028705
-0.029559
-0.030377
-0.031159
-0.031903
-0.032609
-0.033274
-0.033899
-0.034481
-0.035021
-0.035517
-0.035968
-0.036373
-0.036732
-0.037044
-0.037308
-0.037524
-0.037691
-0.037808
-0.037875
-0.037892
-0.037857
-0.037771
-0.037634
-0.037444
-0.037203
-0.036910
-0.036564
-0.036167
-0.035718
-0.035217
-0.034666
-0.034064
-0.033412
-0.032711
-0.031961
-0.031165
-0.030324
-0.029438
-0.028509
-0.027540
-0.026532
-0.025488
-0.024410
-0.023302
-0.022166
-0.021006
-0.019825
-0.018627
-0.017417
-0.016200
-0.014980
-0.013763
-0.012554
-0.011359
-0.010184
-0.009036
-0.007922
-0.006849
-0.005823
-0.004854
-0.003948
-0.003114
-0.002361
-0.001696
-0.001131
-0.000672
-0.000323
-0.000161
-0.000164
-0.000328
-0.000681
-0.001142
-0.001707
-0.002366
-0.003111
-0.003930
-0.004816
-0.005761
-0.006755
-0.007792
-0.008865
-0.009967
-0.011092
-0.012235
-0.013390
-0.014552
-0.015717
-0.016880
-0.018038
-0.019187
-0.020323
-0.021444
-0.022546
-0.023627
-0.024685
-0.025718
-0.026722
-0.027698
-0.028642
-0.029553
-0.030429
-0.031270
-0.032073
-0.032838
-0.033562
-0.034247
-0.034889
-0.035488
-0.036043
-0.036553
-0.037017
-0.037435
-0.037805
-0.038127
-0.038400
-0.038623
-0.038796
-0.038919
-0.038990
-0.039009
-0.038976
-0.038890
-0.038751
-0.038559
-0.038314
-0.038015
-0.037663
-0.037257
-0.036798
-0.036286
-0.035721
-0.035105
-0.034437
-0.033718
-0.032950
-0.032133
-0.031269
-0.030359
-0.029405
-0.028409
-0.027373
-0.026300
-0.025191
-0.024050
-0.022881
-0.021686
-0.020470
-0.019236
-0.017989
-0.016734
-0.015476
-0.014220
-0.012972
-0.011738
-0.010525
-0.009340
-0.008188
-0.007079
-0.006019
-0.005017
-0.004080
-0.003218
-0.002439
-0.001752
-0.001167
-0.000694
-0.000333
-0.000166
-0.000169
-0.000338
-0.000702
-0.001176
-0.001759
-0.002439
-0.003206
-0.004051
-0.004964
-0.005937
-0.006961
-0.008029
-0.009133
-0.010267
-0.011425
-0.012600
-0.013788
-0.014982
-0.016179
-0.017374
-0.018563
-0.019742
-0.020909
-0.022059
-0.023190
-0.024300
-0.025385
-0.026445
-0.027476
-0.028476
-0.029444
-0.030379
-0.031278
-0.032141
-0.032965
-0.033750
-0.034494
-0.035197
-0.035856
-0.036471
-0.037042
-0.037567
-0.038044
-0.038474
-0.038856
-0.039188
-0.039470
-0.039702
-0.039882
-0.040010
-0.040085
-0.040108
-0.040076
-0.039991
-0.039852
-0.039658
-0.039409
-0.039106
-0.038747
-0.038334
-0.037866
-0.037343
-0.036766
-0.036136
-0.035453
-0.034717
-0.033930
-0.033093
-0.032208
-0.031275
-0.030296
-0.029274
-0.028210
-0.027107
-0.025967
-0.024795
-0.023592
-0.022363
-0.021111
-0.019841
-0.018557
-0.017264
-0.015967
-0.014673
-0.013386
-0.012114
-0.010863
-0.009639
-0.008451
-0.007306
-0.006212
-0.005177
-0.004210
-0.003320
-0.002516
-0.001807
-0.001203
-0.000715
-0.000343
-0.000171
-0.000173
-0.000347
-0.000722
-0.001210
-0.001809
-0.002509
-0.003299
-0.004168
-0.005108
-0.006108
-0.007162
-0.008260
-0.009395
-0.010561
-0.011750
-0.012957
-0.014177
-0.015403
-0.016631
-0.017857
-0.019077
-0.020287
-0.021483
-0.022663
-0.023823
-0.024960
-0.026073
-0.027159
-0.028215
-0.029241
-0.030234
-0.031192
-0.032114
-0.032998
-0.033843
-0.034648
-0.035412
-0.036132
-0.036809
-0.037441
-0.038027
-0.038567
-0.039058
-0.039501
-0.039894
-0.040237
-0.040529
-0.040769
-0.040956
-0.041090
-0.041171
-0.041197
-0.041169
-0.041085
-0.040946
-0.040751
-0.040499
-0.040192
-0.039828
-0.039407
-0.038931
-0.038398
-0.037810
-0.037166
-0.036468
-0.035717
-0.034912
-0.034055
-0.033148
-0.032192
-0.031189
-0.030141
-0.029049
-0.027917
-0.026747
-0.025542
-0.024306
-0.023042
-0.021755
-0.020448
-0.019126
-0.017795
-0.016460
-0.015127
-0.013801
-0.012490
-0.011200
-0.009939
-0.008714
-0.007533
-0.006404
-0.005337
-0.004339
-0.003421
-0.002591
-0.001860
-0.001239
-0.000736
-0.000352
-0.000176
-0.000178
-0.000356
-0.000741
-0.001242
-0.001858
-0.002578
-0.003389
-0.004283
-0.005248
-0.006276
-0.007359
-0.008486
-0.009652
-0.010849
-0.012070
-0.013309
-0.014560
-0.015818
-0.017077
-0.018335
-0.019585
-0.020825
-0.022051
-0.023260
-0.024448
-0.025613
-0.026753
-0.027866
-0.028948
-0.029999
-0.031016
-0.031997
-0.032942
-0.033848
-0.034714
-0.035539
-0.036322
-0.037062
-0.037756
-0.038405
-0.039007
-0.039561
-0.040067
-0.040522
-0.040928
-0.041282
-0.041584
-0.041833
-0.042028
-0.042169
-0.042255
-0.042286
-0.042261
-0.042180
-0.042041
-0.041845
-0.041592
-0.041281
-0.040913
-0.040486
-0.040002
-0.039460
-0.038861
-0.038205
-0.037492
-0.036725
-0.035902
-0.035026
-0.034098
-0.033120
-0.032092
-0.031017
-0.029898
-0.028737
-0.027536
-0.026299
-0.025029
-0.023730
-0.022407
-0.021063
-0.019703
-0.018333
-0.016959
-0.015586
-0.014221
-0.012870
-0.011541
-0.010241
-0.008978
-0.007761
-0.006597
-0.005497
-0.004469
-0.003522
-0.002667
-0.001914
-0.001274
-0.000756
-0.000362
-0.000181
-0.000183
-0.000365
-0.000760
-0.001275
-0.001907
-0.002645
-0.003479
-0.004396
-0.005387
-0.006443
-0.007553
-0.008711
-0.009907
-0.011135
-0.012387
-0.013658
-0.014940
-0.016230
-0.017521
-0.018809
-0.020090
-0.021361
-0.022616
-0.023854
-0.025071
-0.026264
-0.027432
-0.028571
-0.029679
-0.030755
-0.031796
-0.032801
-0.033768
-0.034697
-0.035584
-0.036430
-0.037233
-0.037991
-0.038704
-0.039369
-0.039988
-0.040557
-0.041077
-0.041547
-0.041965
-0.042330
-0.042643
-0.042902
-0.043106
-0.043254
-0.043347
-0.043383
-0.043362
-0.043283
-0.043146
-0.042951
-0.042696
-0.042383
-0.042010
-0.041578
-0.041086
-0.040536
-0.039926
-0.039258
-0.038532
-0.037749
-0.036909
-0.036014
-0.035065
-0.034064
-0.033012
-0.031911
-0.030764
-0.029573
-0.028341
-0.027071
-0.025767
-0.024432
-0.023072
-0.021690
-0.020292
-0.018882
-0.017468
-0.016054
-0.014648
-0.013257
-0.011887
-0.010548
-0.009247
-0.007992
-0.006793
-0.005659
-0.004600
-0.003625
-0.002744
-0.001969
-0.001310
-0.000777
-0.000372
-0.000186
-0.000187
-0.000374
-0.000779
-0.001307
-0.001955
-0.002713
-0.003568
-0.004509
-0.005526
-0.006608
-0.007748
-0.008935
-0.010162
-0.011421
-0.012705
-0.014007
-0.015321
-0.016642
-0.017965
-0.019285
-0.020597
-0.021898
-0.023183
-0.024450
-0.025696
-0.026918
-0.028113
-0.029278
-0.030413
-0.031514
-0.032580
-0.033609
-0.034600
-0.035551
-0.036460
-0.037327
-0.038149
-0.038927
-0.039658
-0.040341
-0.040976
-0.041562
-0.042097
-0.042581
-0.043012
-0.043390
-0.043714
-0.043983
-0.044196
-0.044353
-0.044453
-0.044495
-0.044479
-0.044403
-0.044269
-0.044074
-0.043819
-0.043504
-0.043127
-0.042690
-0.042192
-0.041633
-0.041014
-0.040334
-0.039595
-0.038796
-0.037939
-0.037026
-0.036056
-0.035032
-0.033955
-0.032828
-0.031652
-0.030431
-0.029167
-0.027864
-0.026525
-0.025154
-0.023756
-0.022335
-0.020897
-0.019446
-0.017990
-0.016535
-0.015087
-0.013654
-0.012243
-0.010863
-0.009523
-0.008230
-0.006994
-0.005826
-0.004734
-0.003730
-0.002823
-0.002025
-0.001347
-0.000799
-0.000382
-0.000191
-0.000192
-0.000384
-0.000798
-0.001339
-0.002003
-0.002780
-0.003657
-0.004622
-0.005665
-0.006775
-0.007943
-0.009161
-0.010418
-0.011709
-0.013024
-0.014359
-0.015705
-0.017059
-0.018413
-0.019765
-0.021108
-0.022440
-0.023756
-0.025053
-0.026328
-0.027578
-0.028801
-0.029994
-0.031155
-0.032282
-0.033373
-0.034426
-0.035441
-0.036415
-0.037346
-0.038234
-0.039077
-0.039875
-0.040625
-0.041327
-0.041979
-0.042581
-0.043132
-0.043631
-0.044076
-0.044467
-0.044803
-0.045083
-0.045306
-0.045472
-0.045580
-0.045629
-0.045618
-0.045547
-0.045415
-0.045222
-0.044967
-0.044651
-0.044272
-0.043830
-0.043326
-0.042760
-0.042131
-0.041440
-0.040687
-0.039874
-0.039000
-0.038067
-0.037077
-0.036030
-0.034928
-0.033774
-0.032570
-0.031318
-0.030021
-0.028684
-0.027309
-0.025900
-0.024463
-0.023002
-0.021522
-0.020030
-0.018531
-0.017033
-0.015541
-0.014065
-0.012612
-0.011190
-0.009808
-0.008475
-0.007202
-0.005998
-0.004873
-0.003838
-0.002905
-0.002083
-0.001385
-0.000821
-0.000392
-0.000196
-0.000196
-0.000393
-0.000817
-0.001371
-0.002053
-0.002849
-0.003748
-0.004737
-0.005806
-0.006944
-0.008142
-0.009389
-0.010678
-0.012000
-0.013348
-0.014715
-0.016095
-0.017481
-0.018868
-0.020251
-0.021627
-0.022990
-0.024337
-0.025664
-0.026969
-0.028249
-0.029500
-0.030721
-0.031909
-0.033062
-0.034179
-0.035258
-0.036296
-0.037294
-0.038248
-0.039158
-0.040022
-0.040840
-0.041610
-0.042331
-0.043001
-0.043621
-0.044188
-0.044702
-0.045162
-0.045567
-0.045916
-0.046208
-0.046442
-0.046617
-0.046734
-0.046790
-0.046786
-0.046720
-0.046592
-0.046401
-0.046148
-0.045831
-0.045450
-0.045004
-0.044495
-0.043921
-0.043283
-0.042582
-0.041816
-0.040988
-0.040097
-0.039146
-0.038134
-0.037064
-0.035937
-0.034756
-0.033522
-0.032239
-0.030909
-0.029536
-0.028124
-0.026676
-0.025199
-0.023696
-0.022174
-0.020637
-0.019094
-0.017550
-0.016014
-0.014493
-0.012995
-0.011529
-0.010104
-0.008731
-0.007418
-0.006177
-0.005018
-0.003952
-0.002989
-0.002143
-0.001424
-0.000844
-0.000403
-0.000202
-0.000201
-0.000402
-0.000837
-0.001405
-0.002103
-0.002919
-0.003840
-0.004854
-0.005950
-0.007117
-0.008344
-0.009623
-0.010943
-0.012298
-0.013679
-0.015079
-0.016492
-0.017912
-0.019332
-0.020748
-0.022156
-0.023552
-0.024930
-0.026289
-0.027624
-0.028933
-0.030214
-0.031463
-0.032679
-0.033860
-0.035003
-0.036107
-0.037171
-0.038192
-0.039170
-0.040103
-0.040989
-0.041828
-0.042618
-0.043359
-0.044048
-0.044686
-0.045270
-0.045801
-0.046276
-0.046695
-0.047058
-0.047362
-0.047608
-0.047795
-0.047921
-0.047985
-0.047988
-0.047928
-0.047805
-0.047618
-0.047366
-0.047049
-0.046666
-0.046218
-0.045704
-0.045124
-0.044477
-0.043765
-0.042987
-0.042144
-0.041237
-0.040266
-0.039233
-0.038140
-0.036987
-0.035778
-0.034514
-0.033199
-0.031834
-0.030425
-0.028974
-0.027487
-0.025967
-0.024421
-0.022854
-0.021272
-0.019683
-0.018092
-0.016509
-0.014940
-0.013396
-0.011884
-0.010415
-0.008998
-0.007645
-0.006365
-0.005169
-0.004070
-0.003078
-0.002206
-0.001466
-0.000868
-0.000415
-0.000207
-0.000206
-0.000412
-0.000857
-0.001439
-0.002154
-0.002991
-0.003935
-0.004975
-0.006098
-0.007294
-0.008552
-0.009862
-0.011215
-0.012604
-0.014018
-0.015453
-0.016900
-0.018353
-0.019808
-0.021258
-0.022699
-0.024128
-0.025539
-0.026929
-0.028296
-0.029636
-0.030946
-0.032225
-0.033469
-0.034678
-0.035848
-0.036979
-0.038068
-0.039115
-0.040117
-0.041073
-0.041982
-0.042843
-0.043654
-0.044415
-0.045124
-0.045781
-0.046383
-0.046931
-0.047422
-0.047857
-0.048234
-0.048553
-0.048811
-0.049009
-0.049145
-0.049219
-0.049230
-0.049177
-0.049059
-0.048876
-0.048627
-0.048311
-0.047928
-0.047477
-0.046959
-0.046373
-0.045718
-0.044996
-0.044206
-0.043348
-0.042424
-0.041435
-0.040381
-0.039263
-0.038085
-0.036847
-0.035552
-0.034203
-0.032803
-0.031356
-0.029866
-0.028337
-0.026774
-0.025182
-0.023569
-0.021939
-0.020301
-0.018661
-0.017028
-0.015410
-0.013817
-0.012257
-0.010741
-0.009280
-0.007883
-0.006562
-0.005329
-0.004195
-0.003172
-0.002272
-0.001509
-0.000894
-0.000427
-0.000213
-0.000211
-0.000422
-0.000878
-0.001475
-0.002208
-0.003065
-0.004033
-0.005099
-0.006250
-0.007476
-0.008766
-0.010109
-0.011496
-0.012918
-0.014368
-0.015837
-0.017319
-0.018808
-0.020298
-0.021783
-0.023258
-0.024720
-0.026165
-0.027588
-0.028987
-0.030359
-0.031700
-0.033009
-0.034283
-0.035520
-0.036719
-0.037876
-0.038992
-0.040064
-0.041091
-0.042072
-0.043005
-0.043888
-0.044722
-0.045504
-0.046234
-0.046910
-0.047531
-0.048097
-0.048606
-0.049057
-0.049450
-0.049782
-0.050054
-0.050265
-0.050413
-0.050497
-0.050517
-0.050472
-0.050360
-0.050182
-0.049936
-0.049622
-0.049239
-0.048787
-0.048265
-0.047674
-0.047012
-0.046280
-0.045478
-0.044606
-0.043665
-0.042657
-0.041581
-0.040440
-0.039234
-0.037967
-0.036641
-0.035257
-0.033821
-0.032335
-0.030803
-0.029230
-0.027622
-0.025983
-0.024321
-0.022641
-0.020952
-0.019261
-0.017576
-0.015906
-0.014262
-0.012651
-0.011086
-0.009577
-0.008134
-0.006770
-0.005497
-0.004326
-0.003271
-0.002343
-0.001556
-0.000921
-0.000440
-0.000220
-0.000216
-0.000432
-0.000900
-0.001511
-0.002263
-0.003142
-0.004135
-0.005228
-0.006408
-0.007665
-0.008987
-0.010364
-0.011785
-0.013243
-0.014729
-0.016234
-0.017753
-0.019278
-0.020804
-0.022325
-0.023836
-0.025333
-0.026812
-0.028269
-0.029701
-0.031105
-0.032478
-0.033818
-0.035123
-0.036389
-0.037617
-0.038803
-0.039946
-0.041045
-0.042098
-0.043103
-0.044061
-0.044968
-0.045825
-0.046629
-0.047380
-0.048077
-0.048718
-0.049303
-0.049830
-0.050298
-0.050707
-0.051056
-0.051342
-0.051566
-0.051727
-0.051822
-0.051852
-0.051816
-0.051712
-0.051539
-0.051298
-0.050987
-0.050605
-0.050152
-0.049628
-0.049031
-0.048362
-0.047621
-0.046807
-0.045922
-0.044965
-0.043937
-0.042840
-0.041674
-0.040441
-0.039144
-0.037785
-0.036366
-0.034892
-0.033365
-0.031790
-0.030172
-0.028516
-0.026828
-0.025115
-0.023383
-0.021640
-0.019895
-0.018155
-0.016431
-0.014732
-0.013068
-0.011451
-0.009891
-0.008400
-0.006991
-0.005675
-0.004466
-0.003376
-0.002417
-0.001605
-0.000950
-0.000453
-0.000227
-0.000221
-0.000443
-0.000923
-0.001550
-0.002321
-0.003223
-0.004241
-0.005361
-0.006572
-0.007861
-0.009217
-0.010628
-0.012086
-0.013581
-0.015103
-0.016646
-0.018202
-0.019765
-0.021328
-0.022886
-0.024434
-0.025967
-0.027481
-0.028973
-0.030440
-0.031877
-0.033283
-0.034655
-0.035991
-0.037289
-0.038546
-0.039761
-0.040933
-0.042059
-0.043139
-0.044171
-0.045153
-0.046085
-0.046966
-0.047793
-0.048566
-0.049285
-0.049947
-0.050552
-0.051098
-0.051585
-0.052012
-0.052376
-0.052679
-0.052917
-0.053091
-0.053199
-0.053240
-0.053214
-0.053118
-0.052953
-0.052717
-0.052409
-0.052030
-0.051577
-0.051050
-0.050450
-0.049774
-0.049025
-0.048200
-0.047301
-0.046328
-0.045281
-0.044161
-0.042971
-0.041711
-0.040383
-0.038990
-0.037535
-0.036021
-0.034452
-0.032833
-0.031167
-0.029462
-0.027722
-0.025956
-0.024169
-0.022369
-0.020567
-0.018770
-0.016988
-0.015231
-0.013511
-0.011838
-0.010225
-0.008683
-0.007226
-0.005865
-0.004615
-0.003487
-0.002497
-0.001657
-0.000981
-0.000468
-0.000234
-0.000227
-0.000455
-0.000947
-0.001590
-0.002381
-0.003306
-0.004351
-0.005501
-0.006743
-0.008065
-0.009456
-0.010904
-0.012399
-0.013931
-0.015492
-0.017074
-0.018669
-0.020271
-0.021872
-0.023468
-0.025054
-0.026624
-0.028176
-0.029704
-0.031206
-0.032678
-0.034118
-0.035523
-0.036891
-0.038221
-0.039509
-0.040754
-0.041955
-0.043110
-0.044217
-0.045276
-0.046285
-0.047243
-0.048148
-0.048999
-0.049796
-0.050537
-0.051221
-0.051847
-0.052414
-0.052920
-0.053365
-0.053748
-0.054067
-0.054321
-0.054509
-0.054631
-0.054684
-0.054669
-0.054583
-0.054426
-0.054196
-0.053894
-0.053517
-0.053065
-0.052538
-0.051934
-0.051253
-0.050495
-0.049660
-0.048748
-0.047758
-0.046693
-0.045551
-0.044336
-0.043048
-0.041689
-0.040261
-0.038769
-0.037214
-0.035601
-0.033935
-0.032221
-0.030463
-0.028670
-0.026846
-0.025001
-0.023143
-0.021280
-0.019422
-0.017579
-0.015762
-0.013981
-0.012250
-0.010580
-0.008984
-0.007476
-0.006067
-0.004773
-0.003606
-0.002581
-0.001713
-0.001013
-0.000483
-0.000242
-0.000233
-0.000466
-0.000972
-0.001632
-0.002444
-0.003394
-0.004466
-0.005646
-0.006921
-0.008278
-0.009705
-0.011191
-0.012725
-0.014296
-0.015898
-0.017520
-0.019155
-0.020797
-0.022438
-0.024074
-0.025699
-0.027308
-0.028897
-0.030463
-0.032001
-0.033509
-0.034984
-0.036424
-0.037826
-0.039187
-0.040507
-0.041784
-0.043015
-0.044200
-0.045336
-0.046423
-0.047459
-0.048443
-0.049374
-0.050251
-0.051072
-0.051837
-0.052543
-0.053191
-0.053780
-0.054306
-0.054771
-0.055173
-0.055509
-0.055781
-0.055985
-0.056121
-0.056188
-0.056185
-0.056110
-0.055962
-0.055740
-0.055443
-0.055071
-0.054621
-0.054094
-0.053488
-0.052802
-0.052037
-0.051192
-0.050267
-0.049262
-0.048178
-0.047014
-0.045774
-0.044457
-0.043066
-0.041603
-0.040072
-0.038475
-0.036817
-0.035103
-0.033337
-0.031525
-0.029675
-0.027792
-0.025886
-0.023965
-0.022038
-0.020116
-0.018208
-0.016327
-0.014483
-0.012690
-0.010959
-0.009306
-0.007742
-0.006283
-0.004942
-0.003733
-0.002672
-0.001773
-0.001048
-0.000500
-0.000250
-0.000239
-0.000479
-0.000998
-0.001676
-0.002510
-0.003486
-0.004587
-0.005799
-0.007108
-0.008501
-0.009966
-0.011491
-0.013065
-0.014678
-0.016320
-0.017984
-0.019661
-0.021344
-0.023027
-0.024704
-0.026370
-0.028019
-0.029647
-0.031252
-0.032828
-0.034373
-0.035884
-0.037359
-0.038796
-0.040191
-0.041544
-0.042853
-0.044115
-0.045331
-0.046497
-0.047613
-0.048677
-0.049689
-0.050647
-0.051550
-0.052396
-0.053185
-0.053916
-0.054587
-0.055198
-0.055746
-0.056232
-0.056653
-0.057009
-0.057299
-0.057520
-0.057672
-0.057754
-0.057764
-0.057701
-0.057564
-0.057351
-0.057062
-0.056695
-0.056249
-0.055722
-0.055115
-0.054426
-0.053655
-0.052801
-0.051863
-0.050843
-0.049740
-0.048555
-0.047289
-0.045944
-0.044520
-0.043022
-0.041450
-0.039810
-0.038105
-0.036340
-0.034521
-0.032652
-0.030742
-0.028798
-0.026828
-0.024840
-0.022846
-0.020855
-0.018879
-0.016929
-0.015018
-0.013158
-0.011364
-0.009649
-0.008027
-0.006514
-0.005123
-0.003870
-0.002769
-0.001836
-0.001086
-0.000518
-0.000259
-0.000246
-0.000492
-0.001025
-0.001722
-0.002579
-0.003582
-0.004713
-0.005958
-0.007303
-0.008734
-0.010238
-0.011804
-0.013420
-0.015075
-0.016761
-0.018468
-0.020189
-0.021916
-0.023642
-0.025361
-0.027069
-0.028759
-0.030428
-0.032072
-0.033688
-0.035271
-0.036820
-0.038332
-0.039804
-0.041234
-0.042621
-0.043963
-0.045258
-0.046505
-0.047702
-0.048848
-0.049942
-0.050982
-0.051968
-0.052897
-0.053770
-0.054585
-0.055341
-0.056037
-0.056671
-0.057242
-0.057750
-0.058193
-0.058569
-0.058878
-0.059117
-0.059287
-0.059385
-0.059410
-0.059361
-0.059236
-0.059033
-0.058753
-0.058392
-0.057951
-0.057427
-0.056820
-0.056129
-0.055352
-0.054490
-0.053541
-0.052506
-0.051385
-0.050179
-0.048888
-0.047513
-0.046057
-0.044521
-0.042909
-0.041224
-0.039471
-0.037653
-0.035778
-0.033850
-0.031877
-0.029868
-0.027830
-0.025773
-0.023708
-0.021644
-0.019595
-0.017573
-0.015590
-0.013660
-0.011797
-0.010016
-0.008332
-0.006761
-0.005316
-0.004015
-0.002873
-0.001905
-0.001126
-0.000537
-0.000268
-0.000253
-0.000506
-0.001054
-0.001771
-0.002652
-0.003682
-0.004845
-0.006125
-0.007507
-0.008978
-0.010524
-0.012132
-0.013791
-0.015491
-0.017222
-0.018974
-0.020740
-0.022512
-0.024282
-0.026046
-0.027797
-0.029530
-0.031242
-0.032927
-0.034583
-0.036206
-0.037793
-0.039343
-0.040852
-0.042318
-0.043741
-0.045117
-0.046445
-0.047724
-0.048953
-0.050130
-0.051254
-0.052324
-0.053339
-0.054297
-0.055197
-0.056039
-0.056821
-0.057542
-0.058201
-0.058796
-0.059327
-0.059792
-0.060190
-0.060520
-0.060779
-0.060968
-0.061083
-0.061125
-0.061090
-0.060979
-0.060789
-0.060519
-0.060166
-0.059731
-0.059211
-0.058606
-0.057913
-0.057133
-0.056263
-0.055305
-0.054256
-0.053118
-0.051890
-0.050574
-0.049170
-0.047680
-0.046107
-0.044454
-0.042723
-0.040919
-0.039047
-0.037113
-0.035124
-0.033086
-0.031007
-0.028898
-0.026768
-0.024627
-0.022487
-0.020361
-0.018261
-0.016202
-0.014196
-0.012261
-0.010410
-0.008659
-0.007025
-0.005524
-0.004172
-0.002984
-0.001979
-0.001169
-0.000557
-0.000279
-0.000260
-0.000521
-0.001085
-0.001822
-0.002728
-0.003788
-0.004984
-0.006301
-0.007722
-0.009234
-0.010822
-0.012475
-0.014180
-0.015926
-0.017704
-0.019503
-0.021316
-0.023134
-0.024951
-0.026760
-0.028556
-0.030334
-0.032089
-0.033817
-0.035515
-0.037179
-0.038806
-0.040394
-0.041941
-0.043445
-0.044903
-0.046315
-0.047678
-0.048990
-0.050252
-0.051461
-0.052616
-0.053717
-0.054761
-0.055749
-0.056678
-0.057547
-0.058356
-0.059104
-0.059789
-0.060409
-0.060965
-0.061454
-0.061875
-0.062226
-0.062507
-0.062716
-0.062851
-0.062911
-0.062893
-0.062797
-0.062620
-0.062362
-0.062020
-0.061593
-0.061079
-0.060476
-0.059784
-0.059001
-0.058126
-0.057158
-0.056097
-0.054942
-0.053694
-0.052353
-0.050920
-0.049397
-0.047786
-0.046090
-0.044312
-0.042456
-0.040528
-0.038534
-0.036479
-0.034373
-0.032223
-0.030038
-0.027830
-0.025610
-0.023389
-0.021180
-0.018998
-0.016857
-0.014772
-0.012758
-0.010832
-0.009010
-0.007310
-0.005747
-0.004340
-0.003104
-0.002058
-0.001216
-0.000579
-0.000290
-0.000268
-0.000536
-0.001117
-0.001875
-0.002808
-0.003899
-0.005130
-0.006485
-0.007947
-0.009501
-0.011135
-0.012834
-0.014587
-0.016382
-0.018208
-0.020056
-0.021917
-0.023784
-0.025649
-0.027505
-0.029348
-0.031172
-0.032972
-0.034744
-0.036485
-0.038191
-0.039859
-0.041488
-0.043074
-0.044616
-0.046111
-0.047559
-0.048957
-0.050305
-0.051600
-0.052842
-0.054030
-0.055162
-0.056237
-0.057255
-0.058213
-0.059112
-0.059949
-0.060725
-0.061437
-0.062084
-0.062665
-0.063179
-0.063625
-0.064000
-0.064304
-0.064534
-0.064690
-0.064769
-0.064770
-0.064691
-0.064531
-0.064286
-0.063956
-0.063538
-0.063032
-0.062434
-0.061744
-0.060960
-0.060081
-0.059106
-0.058033
-0.056863
-0.055595
-0.054230
-0.052769
-0.051212
-0.049563
-0.047823
-0.045997
-0.044088
-0.042102
-0.040045
-0.037923
-0.035745
-0.033519
-0.031256
-0.028966
-0.026661
-0.024354
-0.022058
-0.019789
-0.017560
-0.015389
-0.013292
-0.011286
-0.009388
-0.007616
-0.005987
-0.004520
-0.003233
-0.002143
-0.001266
-0.000603
-0.000301
-0.000276
-0.000552
-0.001150
-0.001932
-0.002893
-0.004016
-0.005283
-0.006678
-0.008182
-0.009782
-0.011463
-0.013211
-0.015013
-0.016858
-0.018735
-0.020633
-0.022545
-0.024462
-0.026377
-0.028283
-0.030174
-0.032045
-0.033892
-0.035709
-0.037495
-0.039244
-0.040955
-0.042625
-0.044251
-0.045832
-0.047366
-0.048851
-0.050286
-0.051669
-0.052999
-0.054275
-0.055496
-0.056661
-0.057768
-0.058816
-0.059806
-0.060734
-0.061601
-0.062405
-0.063145
-0.063820
-0.064429
-0.064970
-0.065441
-0.065841
-0.066170
-0.066424
-0.066602
-0.066703
-0.066725
-0.066665
-0.066521
-0.066293
-0.065977
-0.065571
-0.065074
-0.064483
-0.063797
-0.063015
-0.062133
-0.061152
-0.060069
-0.058885
-0.057599
-0.056211
-0.054722
-0.053132
-0.051444
-0.049661
-0.047786
-0.045822
-0.043776
-0.041654
-0.039462
-0.037209
-0.034904
-0.032557
-0.030181
-0.027786
-0.025388
-0.022999
-0.020637
-0.018316
-0.016053
-0.013866
-0.011774
-0.009794
-0.007945
-0.006246
-0.004715
-0.003372
-0.002234
-0.001320
-0.000628
-0.000314
-0.000284
-0.000569
-0.001186
-0.001991
-0.002981
-0.004139
-0.005444
-0.006880
-0.008430
-0.010077
-0.011807
-0.013605
-0.015459
-0.017356
-0.019286
-0.021238
-0.023202
-0.025171
-0.027138
-0.029095
-0.031036
-0.032956
-0.034850
-0.036715
-0.038546
-0.040340
-0.042095
-0.043807
-0.045475
-0.047096
-0.048669
-0.050193
-0.051665
-0.053084
-0.054450
-0.055761
-0.057016
-0.058214
-0.059354
-0.060434
-0.061455
-0.062415
-0.063312
-0.064146
-0.064916
-0.065620
-0.066257
-0.066826
-0.067324
-0.067752
-0.068106
-0.068386
-0.068589
-0.068713
-0.068757
-0.068718
-0.068595
-0.068384
-0.068084
-0.067693
-0.067208
-0.066626
-0.065947
-0.065168
-0.064286
-0.063301
-0.062210
-0.061014
-0.059711
-0.058301
-0.056784
-0.055162
-0.053436
-0.051609
-0.049684
-0.047665
-0.045557
-0.043367
-0.041102
-0.038771
-0.036383
-0.033949
-0.031481
-0.028992
-0.026497
-0.024010
-0.021548
-0.019128
-0.016767
-0.014485
-0.012300
-0.010232
-0.008300
-0.006525
-0.004925
-0.003522
-0.002333
-0.001378
-0.000656
-0.000328
-0.000293
-0.000587
-0.001223
-0.002053
-0.003075
-0.004268
-0.005614
-0.007093
-0.008690
-0.010386
-0.012168
-0.014019
-0.015927
-0.017878
-0.019863
-0.021869
-0.023889
-0.025912
-0.027932
-0.029941
-0.031934
-0.033905
-0.035849
-0.037762
-0.039640
-0.041480
-0.043279
-0.045035
-0.046746
-0.048408
-0.050022
-0.051584
-0.053095
-0.054552
-0.055954
-0.057300
-0.058590
-0.059822
-0.060996
-0.062110
-0.063163
-0.064155
-0.065084
-0.065949
-0.066749
-0.067484
-0.068151
-0.068749
-0.069276
-0.069732
-0.070114
-0.070421
-0.070650
-0.070800
-0.070869
-0.070854
-0.070752
-0.070562
-0.070281
-0.069906
-0.069436
-0.068866
-0.068196
-0.067423
-0.066543
-0.065557
-0.064461
-0.063254
-0.061936
-0.060505
-0.058963
-0.057309
-0.055545
-0.053674
-0.051699
-0.049623
-0.047452
-0.045193
-0.042853
-0.040440
-0.037965
-0.035439
-0.032875
-0.030286
-0.027688
-0.025096
-0.022528
-0.020002
-0.017536
-0.015151
-0.012867
-0.010704
-0.008684
-0.006826
-0.005153
-0.003684
-0.002440
-0.001441
-0.000686
-0.000343
-0.000303
-0.000606
-0.001262
-0.002119
-0.003173
-0.004404
-0.005791
-0.007317
-0.008963
-0.010711
-0.012546
-0.014452
-0.016416
-0.018425
-0.020467
-0.022530
-0.024606
-0.026686
-0.028761
-0.030825
-0.032871
-0.034894
-0.036889
-0.038852
-0.040778
-0.042666
-0.044511
-0.046311
-0.048065
-0.049770
-0.051425
-0.053027
-0.054577
-0.056072
-0.057511
-0.058894
-0.060220
-0.061487
-0.062695
-0.063843
-0.064930
-0.065954
-0.066916
-0.067814
-0.068646
-0.069412
-0.070110
-0.070739
-0.071297
-0.071783
-0.072195
-0.072530
-0.072788
-0.072966
-0.073061
-0.073072
-0.072995
-0.072828
-0.072569
-0.072214
-0.071760
-0.071206
-0.070548
-0.069783
-0.068909
-0.067923
-0.066824
-0.065610
-0.064279
-0.062830
-0.061263
-0.059579
-0.057778
-0.055864
-0.053838
-0.051705
-0.049470
-0.047139
-0.044721
-0.042223
-0.039658
-0.037036
-0.034370
-0.031676
-0.028968
-0.026265
-0.023584
-0.020944
-0.018367
-0.015871
-0.013480
-0.011215
-0.009098
-0.007152
-0.005399
-0.003859
-0.002556
-0.001509
-0.000718
-0.000359
-0.000313
-0.000626
-0.001303
-0.002188
-0.003276
-0.004546
-0.005978
-0.007552
-0.009249
-0.011052
-0.012943
-0.014907
-0.016929
-0.018997
-0.021098
-0.023221
-0.025356
-0.027494
-0.029626
-0.031746
-0.033848
-0.035924
-0.037972
-0.039986
-0.041962
-0.043898
-0.045790
-0.047636
-0.049434
-0.051183
-0.052879
-0.054523
-0.056112
-0.057646
-0.059124
-0.060544
-0.061906
-0.063209
-0.064452
-0.065635
-0.066756
-0.067814
-0.068809
-0.069740
-0.070605
-0.071404
-0.072135
-0.072796
-0.073386
-0.073904
-0.074347
-0.074714
-0.075003
-0.075210
-0.075335
-0.075374
-0.075324
-0.075183
-0.074948
-0.074616
-0.074183
-0.073647
-0.073004
-0.072251
-0.071386
-0.070405
-0.069306
-0.068086
-0.066745
-0.065280
-0.063691
-0.061979
-0.060142
-0.058185
-0.056109
-0.053918
-0.051618
-0.049214
-0.046715
-0.044130
-0.041470
-0.038747
-0.035975
-0.033169
-0.030346
-0.027524
-0.024722
-0.021962
-0.019263
-0.016650
-0.014143
-0.011768
-0.009548
-0.007506
-0.005665
-0.004050
-0.002682
-0.001583
-0.000753
-0.000376
-0.000323
-0.000647
-0.001347
-0.002261
-0.003384
-0.004696
-0.006175
-0.007799
-0.009550
-0.011409
-0.013359
-0.015383
-0.017467
-0.019597
-0.021760
-0.023944
-0.026140
-0.028338
-0.030530
-0.032708
-0.034866
-0.036998
-0.039100
-0.041166
-0.043193
-0.045179
-0.047119
-0.049012
-0.050855
-0.052647
-0.054386
-0.056072
-0.057701
-0.059275
-0.060791
-0.062249
-0.063648
-0.064988
-0.066267
-0.067485
-0.068641
-0.069734
-0.070764
-0.071729
-0.072628
-0.073460
-0.074225
-0.074920
-0.075544
-0.076095
-0.076572
-0.076972
-0.077293
-0.077533
-0.077690
-0.077760
-0.077740
-0.077629
-0.077421
-0.077115
-0.076706
-0.076192
-0.075567
-0.074830
-0.073977
-0.073004
-0.071909
-0.070688
-0.069339
-0.067862
-0.066253
-0.064514
-0.062644
-0.060645
-0.058520
-0.056271
-0.053905
-0.051427
-0.048845
-0.046170
-0.043411
-0.040583
-0.037698
-0.034775
-0.031829
-0.028881
-0.025951
-0.023061
-0.020233
-0.017492
-0.014862
-0.012368
-0.010036
-0.007890
-0.005955
-0.004257
-0.002819
-0.001664
-0.000791
-0.000396
-0.000334
-0.000669
-0.001392
-0.002338
-0.003499
-0.004854
-0.006381
-0.008059
-0.009866
-0.011785
-0.013796
-0.015883
-0.018031
-0.020225
-0.022452
-0.024700
-0.026959
-0.029220
-0.031473
-0.033711
-0.035927
-0.038116
-0.040273
-0.042393
-0.044473
-0.046509
-0.048498
-0.050438
-0.052328
-0.054165
-0.055947
-0.057675
-0.059346
-0.060959
-0.062514
-0.064011
-0.065448
-0.066824
-0.068140
-0.069394
-0.070585
-0.071714
-0.072779
-0.073779
-0.074713
-0.075581
-0.076380
-0.077110
-0.077769
-0.078356
-0.078868
-0.079303
-0.079660
-0.079935
-0.080126
-0.080230
-0.080243
-0.080164
-0.079988
-0.079711
-0.079330
-0.078841
-0.078240
-0.077522
-0.076685
-0.075725
-0.074637
-0.073418
-0.072067
-0.070580
-0.068955
-0.067192
-0.065291
-0.063253
-0.061079
-0.058773
-0.056340
-0.053787
-0.051121
-0.048352
-0.045491
-0.042552
-0.039551
-0.036503
-0.033428
-0.030345
-0.027278
-0.024249
-0.021283
-0.018405
-0.015642
-0.013020
-0.010566
-0.008308
-0.006271
-0.004482
-0.002969
-0.001752
-0.000833
-0.000416
-0.000346
-0.000692
-0.001441
-0.002418
-0.003619
-0.005021
-0.006599
-0.008332
-0.010199
-0.012179
-0.014255
-0.016408
-0.018622
-0.020883
-0.023177
-0.025491
-0.027816
-0.030141
-0.032457
-0.034756
-0.037033
-0.039281
-0.041494
-0.043669
-0.045802
-0.047890
-0.049929
-0.051918
-0.053854
-0.055736
-0.057563
-0.059333
-0.061045
-0.062699
-0.064294
-0.065829
-0.067304
-0.068718
-0.070070
-0.071360
-0.072588
-0.073753
-0.074854
-0.075890
-0.076860
-0.077764
-0.078599
-0.079366
-0.080062
-0.080685
-0.081234
-0.081707
-0.082101
-0.082413
-0.082641
-0.082782
-0.082833
-0.082789
-0.082647
-0.082404
-0.082055
-0.081596
-0.081022
-0.080329
-0.079513
-0.078569
-0.077493
-0.076282
-0.074932
-0.073439
-0.071802
-0.070019
-0.068090
-0.066014
-0.063794
-0.061432
-0.058933
-0.056304
-0.053552
-0.050687
-0.047721
-0.044667
-0.041542
-0.038364
-0.035151
-0.031927
-0.028714
-0.025537
-0.022422
-0.019397
-0.016489
-0.013728
-0.011143
-0.008763
-0.006615
-0.004729
-0.003132
-0.001848
-0.000879
-0.000439
-0.000358
-0.000716
-0.001492
-0.002504
-0.003746
-0.005196
-0.006828
-0.008620
-0.010549
-0.012594
-0.014736
-0.016958
-0.019241
-0.021572
-0.023935
-0.026319
-0.028711
-0.031102
-0.033484
-0.035847
-0.038185
-0.040493
-0.042765
-0.044996
-0.047183
-0.049323
-0.051413
-0.053450
-0.055434
-0.057362
-0.059233
-0.061046
-0.062800
-0.064495
-0.066129
-0.067703
-0.069216
-0.070668
-0.072057
-0.073385
-0.074649
-0.075850
-0.076987
-0.078060
-0.079067
-0.080008
-0.080881
-0.081685
-0.082419
-0.083081
-0.083669
-0.084181
-0.084614
-0.084967
-0.085235
-0.085416
-0.085506
-0.085502
-0.085399
-0.085194
-0.084881
-0.084456
-0.083914
-0.083250
-0.082460
-0.081538
-0.080480
-0.079281
-0.077937
-0.076444
-0.074799
-0.073001
-0.071047
-0.068937
-0.066673
-0.064257
-0.061693
-0.058988
-0.056149
-0.053185
-0.050110
-0.046938
-0.043684
-0.040369
-0.037012
-0.033636
-0.030267
-0.026932
-0.023657
-0.020473
-0.017411
-0.014500
-0.011772
-0.009259
-0.006991
-0.004998
-0.003310
-0.001953
-0.000928
-0.000464
-0.000371
-0.000742
-0.001545
-0.002593
-0.003880
-0.005381
-0.007069
-0.008922
-0.010916
-0.013030
-0.015242
-0.017535
-0.019891
-0.022294
-0.024729
-0.027184
-0.029647
-0.032107
-0.034555
-0.036984
-0.039385
-0.041754
-0.044085
-0.046374
-0.048616
-0.050810
-0.052951
-0.055038
-0.057069
-0.059043
-0.060959
-0.062815
-0.064611
-0.066346
-0.068021
-0.069634
-0.071185
-0.072674
-0.074101
-0.075465
-0.076766
-0.078004
-0.079178
-0.080288
-0.081332
-0.082311
-0.083222
-0.084065
-0.084839
-0.085541
-0.086170
-0.086723
-0.087198
-0.087593
-0.087905
-0.088129
-0.088262
-0.088301
-0.088241
-0.088077
-0.087805
-0.087420
-0.086915
-0.086287
-0.085528
-0.084634
-0.083599
-0.082418
-0.081086
-0.079598
-0.077951
-0.076142
-0.074168
-0.072028
-0.069723
-0.067256
-0.064629
-0.061848
-0.058921
-0.055859
-0.052672
-0.049376
-0.045989
-0.042529
-0.039019
-0.035484
-0.031949
-0.028444
-0.024999
-0.021645
-0.018414
-0.015341
-0.012459
-0.009801
-0.007402
-0.005292
-0.003505
-0.002068
-0.000983
-0.000491
-0.000385
-0.000770
-0.001602
-0.002688
-0.004021
-0.005575
-0.007324
-0.009241
-0.011303
-0.013488
-0.015774
-0.018142
-0.020573
-0.023051
-0.025561
-0.028089
-0.030625
-0.033155
-0.035673
-0.038168
-0.040635
-0.043067
-0.045458
-0.047805
-0.050104
-0.052351
-0.054544
-0.056680
-0.058760
-0.060780
-0.062740
-0.064639
-0.066477
-0.068254
-0.069968
-0.071619
-0.073209
-0.074735
-0.076199
-0.077600
-0.078938
-0.080213
-0.081424
-0.082571
-0.083653
-0.084670
-0.085621
-0.086504
-0.087318
-0.088061
-0.088733
-0.089329
-0.089849
-0.090289
-0.090646
-0.090917
-0.091097
-0.091183
-0.091170
-0.091053
-0.090827
-0.090486
-0.090024
-0.089436
-0.088715
-0.087855
-0.086850
-0.085694
-0.084380
-0.082904
-0.081261
-0.079446
-0.077458
-0.075293
-0.072953
-0.070437
-0.067749
-0.064895
-0.061881
-0.058717
-0.055417
-0.051994
-0.048468
-0.044857
-0.041187
-0.037482
-0.033772
-0.030086
-0.026457
-0.022919
-0.019508
-0.016259
-0.013209
-0.010395
-0.007852
-0.005615
-0.003719
-0.002195
-0.001043
-0.000521
-0.000399
-0.000798
-0.001662
-0.002789
-0.004170
-0.005781
-0.007592
-0.009577
-0.011711
-0.013970
-0.016333
-0.018778
-0.021288
-0.023844
-0.026432
-0.029037
-0.031647
-0.034250
-0.036839
-0.039403
-0.041936
-0.044432
-0.046885
-0.049291
-0.051646
-0.053947
-0.056192
-0.058379
-0.060506
-0.062573
-0.064577
-0.066520
-0.068399
-0.070215
-0.071969
-0.073659
-0.075286
-0.076850
-0.078350
-0.079788
-0.081163
-0.082474
-0.083722
-0.084907
-0.086027
-0.087083
-0.088073
-0.088996
-0.089852
-0.090638
-0.091354
-0.091995
-0.092562
-0.093049
-0.093455
-0.093775
-0.094006
-0.094143
-0.094181
-0.094115
-0.093940
-0.093649
-0.093237
-0.092696
-0.092019
-0.091200
-0.090232
-0.089107
-0.087819
-0.086362
-0.084730
-0.082918
-0.080921
-0.078738
-0.076366
-0.073807
-0.071062
-0.068136
-0.065036
-0.061772
-0.058356
-0.054803
-0.051133
-0.047366
-0.043527
-0.039644
-0.035746
-0.031867
-0.028042
-0.024307
-0.020700
-0.017261
-0.014030
-0.011045
-0.008345
-0.005969
-0.003955
-0.002334
-0.001109
-0.000554
-0.000415
-0.000829
-0.001726
-0.002895
-0.004328
-0.005998
-0.007875
-0.009931
-0.012140
-0.014478
-0.016920
-0.019447
-0.022038
-0.024676
-0.027344
-0.030027
-0.032715
-0.035394
-0.038055
-0.040689
-0.043290
-0.045851
-0.048366
-0.050832
-0.053244
-0.055600
-0.057897
-0.060134
-0.062309
-0.064421
-0.066470
-0.068455
-0.070375
-0.072231
-0.074023
-0.075751
-0.077415
-0.079015
-0.080552
-0.082025
-0.083436
-0.084784
-0.086069
-0.087290
-0.088449
-0.089543
-0.090573
-0.091538
-0.092436
-0.093266
-0.094027
-0.094715
-0.095330
-0.095867
-0.096324
-0.096697
-0.096982
-0.097174
-0.097268
-0.097259
-0.097140
-0.096905
-0.096548
-0.096060
-0.095435
-0.094664
-0.093741
-0.092656
-0.091402
-0.089972
-0.088359
-0.086557
-0.084560
-0.082365
-0.079969
-0.077372
-0.074574
-0.071581
-0.068397
-0.065033
-0.061500
-0.057815
-0.053997
-0.050067
-0.046052
-0.041981
-0.037885
-0.033801
-0.029766
-0.025819
-0.022001
-0.018357
-0.014927
-0.011756
-0.008886
-0.006358
-0.004214
-0.002488
-0.001182
-0.000591
-0.000431
-0.000862
-0.001793
-0.003007
-0.004495
-0.006228
-0.008174
-0.010305
-0.012593
-0.015012
-0.017538
-0.020150
-0.022826
-0.025548
-0.028299
-0.031064
-0.033831
-0.036587
-0.039322
-0.042029
-0.044698
-0.047325
-0.049903
-0.052429
-0.054899
-0.057309
-0.059659
-0.061945
-0.064168
-0.066325
-0.068417
-0.070443
-0.072404
-0.074299
-0.076128
-0.077893
-0.079593
-0.081228
-0.082800
-0.084309
-0.085755
-0.087138
-0.088459
-0.089717
-0.090913
-0.092047
-0.093117
-0.094123
-0.095064
-0.095938
-0.096745
-0.097482
-0.098147
-0.098736
-0.099247
-0.099675
-0.100017
-0.100268
-0.100423
-0.100475
-0.100418
-0.100245
-0.099949
-0.099522
-0.098956
-0.098242
-0.097371
-0.096335
-0.095124
-0.093731
-0.092146
-0.090363
-0.088375
-0.086176
-0.083764
-0.081135
-0.078291
-0.075235
-0.071971
-0.068509
-0.064860
-0.061042
-0.057071
-0.052974
-0.048775
-0.044506
-0.040202
-0.035899
-0.031639
-0.027465
-0.023421
-0.019554
-0.015910
-0.012537
-0.009481
-0.006786
-0.004499
-0.002656
-0.001263
-0.000631
-0.000448
-0.000896
-0.001864
-0.003126
-0.004671
-0.006470
-0.008489
-0.010699
-0.013070
-0.015575
-0.018189
-0.020888
-0.023653
-0.026462
-0.029299
-0.032149
-0.034997
-0.037832
-0.040644
-0.043423
-0.046163
-0.048856
-0.051498
-0.054084
-0.056611
-0.059076
-0.061477
-0.063813
-0.066082
-0.068283
-0.070418
-0.072484
-0.074484
-0.076416
-0.078282
-0.080082
-0.081816
-0.083486
-0.085092
-0.086634
-0.088114
-0.089531
-0.090887
-0.092181
-0.093414
-0.094586
-0.095695
-0.096742
-0.097726
-0.098646
-0.099500
-0.100286
-0.101002
-0.101645
-0.102212
-0.102699
-0.103102
-0.103416
-0.103635
-0.103753
-0.103763
-0.103659
-0.103432
-0.103073
-0.102573
-0.101924
-0.101116
-0.100137
-0.098979
-0.097632
-0.096086
-0.094332
-0.092362
-0.090170
-0.087750
-0.085099
-0.082216
-0.079103
-0.075764
-0.072207
-0.068445
-0.064491
-0.060367
-0.056097
-0.051707
-0.047232
-0.042708
-0.038174
-0.033675
-0.029257
-0.024969
-0.020862
-0.016986
-0.013393
-0.010133
-0.007257
-0.004813
-0.002843
-0.001352
-0.000676
-0.000467
-0.000933
-0.001940
-0.003252
-0.004858
-0.006727
-0.008823
-0.011115
-0.013573
-0.016168
-0.018873
-0.021665
-0.024521
-0.027421
-0.030347
-0.033283
-0.036215
-0.039131
-0.042020
-0.044874
-0.047684
-0.050444
-0.053150
-0.055797
-0.058380
-0.060899
-0.063351
-0.065735
-0.068050
-0.070294
-0.072470
-0.074575
-0.076612
-0.078580
-0.080480
-0.082313
-0.084081
-0.085783
-0.087420
-0.088995
-0.090507
-0.091957
-0.093346
-0.094675
-0.095944
-0.097152
-0.098300
-0.099388
-0.100415
-0.101380
-0.102281
-0.103117
-0.103885
-0.104584
-0.105209
-0.105757
-0.106224
-0.106604
-0.106891
-0.107080
-0.107164
-0.107133
-0.106981
-0.106698
-0.106274
-0.105698
-0.104961
-0.104051
-0.102956
-0.101666
-0.100169
-0.098456
-0.096516
-0.094341
-0.091925
-0.089262
-0.086349
-0.083187
-0.079780
-0.076134
-0.072260
-0.068173
-0.063894
-0.059447
-0.054862
-0.050172
-0.045416
-0.040639
-0.035885
-0.031207
-0.026657
-0.022291
-0.018163
-0.014331
-0.010850
-0.007774
-0.005159
-0.003048
-0.001450
-0.000725
-0.000486
-0.000971
-0.002020
-0.003386
-0.005056
-0.006999
-0.009176
-0.011555
-0.014104
-0.016793
-0.019594
-0.022481
-0.025432
-0.028426
-0.031444
-0.034469
-0.037487
-0.040486
-0.043454
-0.046382
-0.049264
-0.052092
-0.054861
-0.057567
-0.060207
-0.062779
-0.065281
-0.067711
-0.070070
-0.072356
-0.074570
-0.076713
-0.078785
-0.080786
-0.082719
-0.084583
-0.086381
-0.088113
-0.089780
-0.091385
-0.092927
-0.094408
-0.095828
-0.097190
-0.098492
-0.099736
-0.100922
-0.102049
-0.103118
-0.104127
-0.105075
-0.105961
-0.106783
-0.107537
-0.108222
-0.108833
-0.109366
-0.109815
-0.110176
-0.110440
-0.110602
-0.110652
-0.110582
-0.110382
-0.110041
-0.109548
-0.108892
-0.108060
-0.107040
-0.105819
-0.104384
-0.102724
-0.100827
-0.098682
-0.096281
-0.093618
-0.090686
-0.087486
-0.084019
-0.080290
-0.076310
-0.072093
-0.067660
-0.063034
-0.058247
-0.053335
-0.048339
-0.043304
-0.038282
-0.033326
-0.028496
-0.023850
-0.019450
-0.015359
-0.011636
-0.008343
-0.005539
-0.003275
-0.001559
-0.000779
-0.000507
-0.001013
-0.002106
-0.003528
-0.005267
-0.007287
-0.009550
-0.012021
-0.014665
-0.017452
-0.020353
-0.023340
-0.026390
-0.029480
-0.032593
-0.035709
-0.038815
-0.041897
-0.044945
-0.047950
-0.050903
-0.053798
-0.056630
-0.059395
-0.062091
-0.064714
-0.067264
-0.069739
-0.072140
-0.074465
-0.076716
-0.078893
-0.080997
-0.083030
-0.084992
-0.086884
-0.088710
-0.090469
-0.092163
-0.093794
-0.095364
-0.096872
-0.098322
-0.099713
-0.101047
-0.102325
-0.103546
-0.104711
-0.105820
-0.106872
-0.107867
-0.108803
-0.109677
-0.110489
-0.111234
-0.111910
-0.112511
-0.113032
-0.113469
-0.113813
-0.114058
-0.114194
-0.114212
-0.114103
-0.113854
-0.113453
-0.112889
-0.112147
-0.111213
-0.110073
-0.108714
-0.107120
-0.105279
-0.103179
-0.100808
-0.098157
-0.095220
-0.091994
-0.088477
-0.084675
-0.080596
-0.076254
-0.071668
-0.066864
-0.061873
-0.056732
-0.051485
-0.046182
-0.040875
-0.035626
-0.030495
-0.025549
-0.020856
-0.016484
-0.012499
-0.008969
-0.005959
-0.003525
-0.001679
-0.000839
-0.000529
-0.001057
-0.002197
-0.003679
-0.005490
-0.007593
-0.009946
-0.012513
-0.015258
-0.018148
-0.021152
-0.024243
-0.027395
-0.030586
-0.033795
-0.037005
-0.040200
-0.043368
-0.046496
-0.049577
-0.052601
-0.055563
-0.058457
-0.061280
-0.064029
-0.066702
-0.069298
-0.071816
-0.074255
-0.076617
-0.078902
-0.081110
-0.083243
-0.085303
-0.087291
-0.089209
-0.091059
-0.092841
-0.094559
-0.096214
-0.097807
-0.099340
-0.100815
-0.102234
-0.103596
-0.104904
-0.106158
-0.107359
-0.108506
-0.109599
-0.110639
-0.111623
-0.112550
-0.113418
-0.114224
-0.114965
-0.115636
-0.116232
-0.116747
-0.117175
-0.117507
-0.117734
-0.117848
-0.117836
-0.117687
-0.117388
-0.116925
-0.116284
-0.115449
-0.114404
-0.113134
-0.111622
-0.109853
-0.107813
-0.105487
-0.102865
-0.099938
-0.096699
-0.093146
-0.089283
-0.085114
-0.080654
-0.075921
-0.070940
-0.065744
-0.060370
-0.054865
-0.049281
-0.043677
-0.038116
-0.032666
-0.027399
-0.022390
-0.017714
-0.013444
-0.009655
-0.006420
-0.003801
-0.001811
-0.000905
-0.000552
-0.001104
-0.002294
-0.003839
-0.005727
-0.007917
-0.010366
-0.013034
-0.015884
-0.018882
-0.021994
-0.025193
-0.028451
-0.031744
-0.035053
-0.038358
-0.041644
-0.044898
-0.048107
-0.051263
-0.054358
-0.057386
-0.060341
-0.063220
-0.066020
-0.068741
-0.071379
-0.073937
-0.076412
-0.078807
-0.081121
-0.083357
-0.085516
-0.087599
-0.089609
-0.091548
-0.093417
-0.095219
-0.096956
-0.098630
-0.100243
-0.101797
-0.103293
-0.104735
-0.106122
-0.107457
-0.108740
-0.109973
-0.111155
-0.112288
-0.113370
-0.114400
-0.115378
-0.116302
-0.117168
-0.117974
-0.118715
-0.119387
-0.119983
-0.120496
-0.120920
-0.121243
-0.121458
-0.121550
-0.121510
-0.121321
-0.120970
-0.120442
-0.119718
-0.118782
-0.117615
-0.116201
-0.114520
-0.112557
-0.110294
-0.107719
-0.104818
-0.101584
-0.098011
-0.094100
-0.089855
-0.085288
-0.080415
-0.075262
-0.069861
-0.064252
-0.058484
-0.052610
-0.046694
-0.040805
-0.035017
-0.029408
-0.024060
-0.019056
-0.014478
-0.010408
-0.006927
-0.004104
-0.001957
-0.000978
-0.000578
-0.001154
-0.002397
-0.004010
-0.005980
-0.008262
-0.010811
-0.013585
-0.016546
-0.019656
-0.022881
-0.026191
-0.029558
-0.032958
-0.036368
-0.039770
-0.043148
-0.046488
-0.049778
-0.053010
-0.056174
-0.059265
-0.062279
-0.065212
-0.068061
-0.070825
-0.073503
-0.076096
-0.078603
-0.081026
-0.083366
-0.085625
-0.087805
-0.089907
-0.091934
-0.093888
-0.095773
-0.097589
-0.099340
-0.101028
-0.102655
-0.104225
-0.105738
-0.107198
-0.108606
-0.109963
-0.111271
-0.112532
-0.113746
-0.114913
-0.116034
-0.117109
-0.118135
-0.119112
-0.120037
-0.120907
-0.121718
-0.122465
-0.123144
-0.123745
-0.124263
-0.124687
-0.125006
-0.125210
-0.125284
-0.125215
-0.124986
-0.124581
-0.123981
-0.123168
-0.122121
-0.120820
-0.119246
-0.117378
-0.115198
-0.112688
-0.109834
-0.106624
-0.103050
-0.099109
-0.094804
-0.090142
-0.085141
-0.079824
-0.074223
-0.068380
-0.062344
-0.056173
-0.049935
-0.043703
-0.037557
-0.031585
-0.025875
-0.020518
-0.015607
-0.011232
-0.007482
-0.004438
-0.002118
-0.001058
-0.000604
-0.001207
-0.002507
-0.004193
-0.006248
-0.008628
-0.011283
-0.014170
-0.017246
-0.020473
-0.023816
-0.027241
-0.030721
-0.034229
-0.037743
-0.041243
-0.044713
-0.048139
-0.051510
-0.054814
-0.058046
-0.061199
-0.064268
-0.067251
-0.070145
-0.072949
-0.075663
-0.078286
-0.080821
-0.083267
-0.085628
-0.087904
-0.090098
-0.092214
-0.094252
-0.096216
-0.098109
-0.099934
-0.101693
-0.103390
-0.105026
-0.106605
-0.108129
-0.109602
-0.111024
-0.112398
-0.113726
-0.115010
-0.116250
-0.117448
-0.118604
-0.119718
-0.120789
-0.121816
-0.122797
-0.123729
-0.124609
-0.125432
-0.126192
-0.126882
-0.127496
-0.128022
-0.128452
-0.128771
-0.128968
-0.129026
-0.128928
-0.128658
-0.128195
-0.127518
-0.126606
-0.125436
-0.123986
-0.122234
-0.120157
-0.117735
-0.114949
-0.111786
-0.108232
-0.104283
-0.099936
-0.095198
-0.090083
-0.084614
-0.078821
-0.072748
-0.066444
-0.059971
-0.053401
-0.046813
-0.040293
-0.033936
-0.027841
-0.022107
-0.016837
-0.012131
-0.008091
-0.004804
-0.002295
-0.001147
-0.000633
-0.001265
-0.002625
-0.004388
-0.006535
-0.009017
-0.011785
-0.014789
-0.017986
-0.021336
-0.024800
-0.028345
-0.031940
-0.035558
-0.039177
-0.042776
-0.046339
-0.049851
-0.053299
-0.056676
-0.059972
-0.063183
-0.066305
-0.069333
-0.072267
-0.075106
-0.077850
-0.080498
-0.083054
-0.085518
-0.087892
-0.090180
-0.092383
-0.094504
-0.096547
-0.098514
-0.100409
-0.102235
-0.103996
-0.105693
-0.107332
-0.108914
-0.110442
-0.111920
-0.113350
-0.114735
-0.116077
-0.117377
-0.118638
-0.119861
-0.121046
-0.122194
-0.123305
-0.124378
-0.125411
-0.126402
-0.127347
-0.128243
-0.129084
-0.129863
-0.130573
-0.131204
-0.131746
-0.132185
-0.132509
-0.132701
-0.132744
-0.132618
-0.132303
-0.131777
-0.131016
-0.129995
-0.128689
-0.127072
-0.125121
-0.122810
-0.120118
-0.117026
-0.113518
-0.109584
-0.105219
-0.100427
-0.095217
-0.089612
-0.083641
-0.077345
-0.070777
-0.064002
-0.057094
-0.050138
-0.043229
-0.036468
-0.029964
-0.023828
-0.018173
-0.013111
-0.008755
-0.005205
-0.002489
-0.001244
-0.000664
-0.001326
-0.002751
-0.004595
-0.006840
-0.009432
-0.012317
-0.015445
-0.018769
-0.022246
-0.025836
-0.029503
-0.033217
-0.036948
-0.040673
-0.044371
-0.048025
-0.051621
-0.055145
-0.058590
-0.061948
-0.065213
-0.068382
-0.071451
-0.074419
-0.077287
-0.080053
-0.082721
-0.085290
-0.087765
-0.090145
-0.092436
-0.094640
-0.096760
-0.098799
-0.100761
-0.102650
-0.104470
-0.106223
-0.107914
-0.109546
-0.111123
-0.112647
-0.114123
-0.115554
-0.116941
-0.118289
-0.119599
-0.120873
-0.122113
-0.123321
-0.124497
-0.125642
-0.126755
-0.127835
-0.128879
-0.129886
-0.130852
-0.131771
-0.132636
-0.133442
-0.134177
-0.134832
-0.135395
-0.135850
-0.136181
-0.136371
-0.136400
-0.136245
-0.135882
-0.135287
-0.134432
-0.133290
-0.131832
-0.130029
-0.127855
-0.125283
-0.122290
-0.118856
-0.114966
-0.110611
-0.105790
-0.100511
-0.094790
-0.088658
-0.082154
-0.075331
-0.068256
-0.061008
-0.053677
-0.046365
-0.039183
-0.032249
-0.025686
-0.019620
-0.014176
-0.009479
-0.005642
-0.002702
-0.001350
-0.000697
-0.001392
-0.002886
-0.004818
-0.007165
-0.009873
-0.012883
-0.016141
-0.019597
-0.023206
-0.026926
-0.030720
-0.034553
-0.038398
-0.042230
-0.046026
-0.049770
-0.053447
-0.057045
-0.060554
-0.063968
-0.067282
-0.070491
-0.073594
-0.076590
-0.079479
-0.082261
-0.084939
-0.087514
-0.089990
-0.092369
-0.094654
-0.096849
-0.098958
-0.100985
-0.102933
-0.104807
-0.106610
-0.108347
-0.110022
-0.111638
-0.113201
-0.114712
-0.116177
-0.117598
-0.118980
-0.120324
-0.121635
-0.122914
-0.124164
-0.125387
-0.126583
-0.127754
-0.128899
-0.130019
-0.131111
-0.132174
-0.133204
-0.134196
-0.135145
-0.136043
-0.136881
-0.137649
-0.138335
-0.138924
-0.139399
-0.139742
-0.139933
-0.139947
-0.139761
-0.139347
-0.138675
-0.137716
-0.136438
-0.134809
-0.132799
-0.130376
-0.127512
-0.124183
-0.120369
-0.116056
-0.111238
-0.105919
-0.100111
-0.093841
-0.087147
-0.080084
-0.072719
-0.065133
-0.057424
-0.049700
-0.042081
-0.034698
-0.027685
-0.021183
-0.015329
-0.010266
-0.006119
-0.002934
-0.001466
-0.000733
-0.001462
-0.003030
-0.005055
-0.007513
-0.010343
-0.013484
-0.016878
-0.020473
-0.024219
-0.028073
-0.031995
-0.035951
-0.039910
-0.043847
-0.047740
-0.051572
-0.055326
-0.058992
-0.062560
-0.066025
-0.069380
-0.072622
-0.075751
-0.078766
-0.081667
-0.084456
-0.087135
-0.089706
-0.092173
-0.094539
-0.096809
-0.098985
-0.101073
-0.103076
-0.104999
-0.106847
-0.108624
-0.110334
-0.111982
-0.113573
-0.115110
-0.116598
-0.118041
-0.119443
-0.120808
-0.122140
-0.123441
-0.124715
-0.125965
-0.127192
-0.128399
-0.129588
-0.130757
-0.131908
-0.133040
-0.134151
-0.135238
-0.136297
-0.137323
-0.138309
-0.139247
-0.140126
-0.140934
-0.141657
-0.142278
-0.142778
-0.143137
-0.143330
-0.143330
-0.143110
-0.142638
-0.141882
-0.140806
-0.139377
-0.137558
-0.135314
-0.132613
-0.129424
-0.125723
-0.121488
-0.116710
-0.111385
-0.105523
-0.099146
-0.092290
-0.085007
-0.077366
-0.069452
-0.061367
-0.053226
-0.045161
-0.037311
-0.029827
-0.022862
-0.016573
-0.011117
-0.006637
-0.003187
-0.001592
-0.000771
-0.001538
-0.003185
-0.005310
-0.007884
-0.010844
-0.014123
-0.017660
-0.021398
-0.025286
-0.029278
-0.033331
-0.037410
-0.041483
-0.045524
-0.049511
-0.053426
-0.057253
-0.060981
-0.064601
-0.068107
-0.071496
-0.074763
-0.077908
-0.080931
-0.083834
-0.086618
-0.089287
-0.091842
-0.094289
-0.096631
-0.098873
-0.101018
-0.103073
-0.105040
-0.106927
-0.108736
-0.110474
-0.112145
-0.113754
-0.115307
-0.116807
-0.118260
-0.119669
-0.121041
-0.122378
-0.123685
-0.124965
-0.126223
-0.127461
-0.128683
-0.129890
-0.131084
-0.132268
-0.133440
-0.134602
-0.135752
-0.136887
-0.138005
-0.139101
-0.140168
-0.141199
-0.142184
-0.143111
-0.143966
-0.144733
-0.145392
-0.145923
-0.146300
-0.146497
-0.146483
-0.146226
-0.145690
-0.144839
-0.143634
-0.142035
-0.140003
-0.137500
-0.134489
-0.130940
-0.126826
-0.122130
-0.116842
-0.110966
-0.104519
-0.097534
-0.090061
-0.082167
-0.073941
-0.065489
-0.056932
-0.048413
-0.040084
-0.032110
-0.024661
-0.017910
-0.012035
-0.007197
-0.003462
-0.001730
-0.000812
-0.001620
-0.003352
-0.005582
-0.008281
-0.011378
-0.014802
-0.018488
-0.022376
-0.026411
-0.030542
-0.034728
-0.038930
-0.043116
-0.047259
-0.051335
-0.055327
-0.059219
-0.063002
-0.066665
-0.070204
-0.073615
-0.076895
-0.080045
-0.083065
-0.085957
-0.088724
-0.091369
-0.093895
-0.096309
-0.098613
-0.100812
-0.102913
-0.104920
-0.106839
-0.108674
-0.110432
-0.112117
-0.113735
-0.115292
-0.116793
-0.118243
-0.119647
-0.121010
-0.122337
-0.123633
-0.124902
-0.126149
-0.127378
-0.128592
-0.129795
-0.130990
-0.132178
-0.133363
-0.134546
-0.135726
-0.136903
-0.138076
-0.139243
-0.140398
-0.141538
-0.142654
-0.143738
-0.144778
-0.145761
-0.146670
-0.147488
-0.148193
-0.148759
-0.149158
-0.149361
-0.149332
-0.149034
-0.148428
-0.147472
-0.146123
-0.144335
-0.142067
-0.139275
-0.135922
-0.131975
-0.127407
-0.122205
-0.116362
-0.109892
-0.102820
-0.095194
-0.087080
-0.078567
-0.069763
-0.060800
-0.051827
-0.043011
-0.034532
-0.026578
-0.019341
-0.013022
-0.007802
-0.003759
-0.001878
-0.000856
-0.001708
-0.003531
-0.005874
-0.008705
-0.011948
-0.015525
-0.019367
-0.023409
-0.027594
-0.031868
-0.036187
-0.040511
-0.044807
-0.049046
-0.053206
-0.057268
-0.061217
-0.065044
-0.068740
-0.072300
-0.075720
-0.079001
-0.082141
-0.085143
-0.088009
-0.090744
-0.093350
-0.095832
-0.098196
-0.100446
-0.102588
-0.104629
-0.106573
-0.108426
-0.110195
-0.111885
-0.113503
-0.115053
-0.116542
-0.117976
-0.119360
-0.120701
-0.122002
-0.123271
-0.124511
-0.125728
-0.126927
-0.128113
-0.129288
-0.130459
-0.131627
-0.132796
-0.133969
-0.135148
-0.136332
-0.137524
-0.138723
-0.139925
-0.141129
-0.142330
-0.143521
-0.144694
-0.145839
-0.146942
-0.147990
-0.148962
-0.149839
-0.150595
-0.151202
-0.151628
-0.151838
-0.151793
-0.151452
-0.150769
-0.149698
-0.148188
-0.146193
-0.143662
-0.140552
-0.136822
-0.132438
-0.127375
-0.121622
-0.115182
-0.108076
-0.100344
-0.092052
-0.083285
-0.074157
-0.064804
-0.055385
-0.046080
-0.037086
-0.028609
-0.020866
-0.014079
-0.008451
-0.004080
-0.002038
-0.000904
-0.001803
-0.003723
-0.006188
-0.009159
-0.012555
-0.016293
-0.020297
-0.024500
-0.028837
-0.033256
-0.037708
-0.042151
-0.046552
-0.050881
-0.055116
-0.059239
-0.063234
-0.067093
-0.070807
-0.074373
-0.077789
-0.081053
-0.084168
-0.087135
-0.089959
-0.092643
-0.095192
-0.097612
-0.099909
-0.102087
-0.104155
-0.106117
-0.107980
-0.109751
-0.111435
-0.113041
-0.114573
-0.116038
-0.117443
-0.118793
-0.120095
-0.121355
-0.122579
-0.123773
-0.124941
-0.126091
-0.127226
-0.128352
-0.129474
-0.130596
-0.131723
-0.132857
-0.134003
-0.135162
-0.136337
-0.137528
-0.138737
-0.139961
-0.141199
-0.142447
-0.143700
-0.144951
-0.146189
-0.147404
-0.148581
-0.149702
-0.150747
-0.151690
-0.152505
-0.153160
-0.153617
-0.153838
-0.153779
-0.153391
-0.152625
-0.151427
-0.149743
-0.147519
-0.144702
-0.141243
-0.137099
-0.132238
-0.126638
-0.120292
-0.113212
-0.105434
-0.097016
-0.088042
-0.078627
-0.068911
-0.059062
-0.049275
-0.039761
-0.030751
-0.022482
-0.015204
-0.009146
-0.004425
-0.002211
-0.000955
-0.001905
-0.003931
-0.006526
-0.009646
-0.013205
-0.017111
-0.021284
-0.025650
-0.030144
-0.034706
-0.039288
-0.043847
-0.048346
-0.052757
-0.057057
-0.061227
-0.065255
-0.069130
-0.072847
-0.076402
-0.079794
-0.083024
-0.086093
-0.089006
-0.091767
-0.094380
-0.096853
-0.099190
-0.101399
-0.103485
-0.105457
-0.107321
-0.109083
-0.110751
-0.112333
-0.113834
-0.115261
-0.116622
-0.117924
-0.119172
-0.120374
-0.121536
-0.122665
-0.123766
-0.124845
-0.125909
-0.126964
-0.128014
-0.129065
-0.130122
-0.131189
-0.132272
-0.133373
-0.134497
-0.135645
-0.136819
-0.138022
-0.139252
-0.140508
-0.141788
-0.143088
-0.144401
-0.145720
-0.147033
-0.148328
-0.149588
-0.150793
-0.151919
-0.152940
-0.153824
-0.154534
-0.155030
-0.155266
-0.155194
-0.154759
-0.153904
-0.152570
-0.150697
-0.148224
-0.145094
-0.141256
-0.136664
-0.131287
-0.125108
-0.118128
-0.110372
-0.101893
-0.092770
-0.083117
-0.073077
-0.062827
-0.052573
-0.042545
-0.032994
-0.024185
-0.016396
-0.009887
-0.004794
-0.002395
-0.001011
-0.002016
-0.004156
-0.006889
-0.010169
-0.013898
-0.017980
-0.022328
-0.026863
-0.031513
-0.036219
-0.040927
-0.045594
-0.050182
-0.054663
-0.059014
-0.063217
-0.067260
-0.071133
-0.074833
-0.078356
-0.081703
-0.084876
-0.087878
-0.090713
-0.093388
-0.095908
-0.098280
-0.100511
-0.102609
-0.104580
-0.106434
-0.108176
-0.109815
-0.111359
-0.112815
-0.114190
-0.115493
-0.116729
-0.117907
-0.119033
-0.120115
-0.121160
-0.122173
-0.123163
-0.124134
-0.125094
-0.126049
-0.127004
-0.127966
-0.128940
-0.129931
-0.130944
-0.131983
-0.133052
-0.134155
-0.135295
-0.136473
-0.137690
-0.138947
-0.140241
-0.141571
-0.142930
-0.144312
-0.145709
-0.147107
-0.148493
-0.149848
-0.151149
-0.152370
-0.153480
-0.154444
-0.155221
-0.155764
-0.156023
-0.155942
-0.155461
-0.154515
-0.153037
-0.150962
-0.148221
-0.144755
-0.140506
-0.135431
-0.129500
-0.122702
-0.115052
-0.106590
-0.097390
-0.087562
-0.077251
-0.066640
-0.055945
-0.045416
-0.035327
-0.025969
-0.017653
-0.010672
-0.005187
-0.002591
-0.001072
-0.002137
-0.004399
-0.007281
-0.010730
-0.014641
-0.018907
-0.023435
-0.028140
-0.032947
-0.037793
-0.042621
-0.047386
-0.052051
-0.056588
-0.060973
-0.065189
-0.069226
-0.073075
-0.076734
-0.080201
-0.083478
-0.086567
-0.089475
-0.092206
-0.094768
-0.097168
-0.099413
-0.101512
-0.103472
-0.105303
-0.107012
-0.108608
-0.110100
-0.111495
-0.112802
-0.114028
-0.115181
-0.116271
-0.117303
-0.118285
-0.119226
-0.120131
-0.121009
-0.121867
-0.122710
-0.123546
-0.124382
-0.125224
-0.126077
-0.126948
-0.127843
-0.128766
-0.129724
-0.130720
-0.131759
-0.132844
-0.133978
-0.135164
-0.136401
-0.137691
-0.139030
-0.140416
-0.141844
-0.143306
-0.144791
-0.146287
-0.147777
-0.149240
-0.150652
-0.151983
-0.153198
-0.154257
-0.155114
-0.155718
-0.156011
-0.155929
-0.155406
-0.154368
-0.152743
-0.150454
-0.147429
-0.143602
-0.138914
-0.133321
-0.126800
-0.119349
-0.110997
-0.101807
-0.091883
-0.081369
-0.070450
-0.059355
-0.048350
-0.037733
-0.027824
-0.018970
-0.011500
-0.005604
-0.002800
-0.001138
-0.002268
-0.004662
-0.007705
-0.011334
-0.015435
-0.019893
-0.024606
-0.029484
-0.034446
-0.039425
-0.044364
-0.049215
-0.053942
-0.058515
-0.062912
-0.067118
-0.071124
-0.074922
-0.078512
-0.081894
-0.085071
-0.088047
-0.090830
-0.093427
-0.095846
-0.098094
-0.100182
-0.102119
-0.103913
-0.105574
-0.107111
-0.108533
-0.109849
-0.111068
-0.112199
-0.113251
-0.114231
-0.115148
-0.116011
-0.116826
-0.117602
-0.118347
-0.119067
-0.119771
-0.120465
-0.121157
-0.121853
-0.122560
-0.123284
-0.124033
-0.124811
-0.125626
-0.126482
-0.127385
-0.128339
-0.129350
-0.130420
-0.131552
-0.132750
-0.134013
-0.135342
-0.136734
-0.138187
-0.139694
-0.141247
-0.142834
-0.144442
-0.146052
-0.147641
-0.149182
-0.150641
-0.151980
-0.153154
-0.154111
-0.154793
-0.155135
-0.155066
-0.154510
-0.153385
-0.151609
-0.149099
-0.145775
-0.141565
-0.136410
-0.130269
-0.123124
-0.114988
-0.105912
-0.095987
-0.085353
-0.074198
-0.062758
-0.051316
-0.040192
-0.029739
-0.020342
-0.012369
-0.006044
-0.003020
-0.001210
-0.002412
-0.004949
-0.008164
-0.011986
-0.016288
-0.020945
-0.025847
-0.030897
-0.036009
-0.041113
-0.046150
-0.051070
-0.055838
-0.060423
-0.064807
-0.068975
-0.072919
-0.076634
-0.080122
-0.083384
-0.086427
-0.089256
-0.091879
-0.094306
-0.096547
-0.098610
-0.100507
-0.102248
-0.103843
-0.105302
-0.106635
-0.107852
-0.108963
-0.109977
-0.110905
-0.111754
-0.112534
-0.113253
-0.113920
-0.114543
-0.115131
-0.115691
-0.116231
-0.116758
-0.117281
-0.117806
-0.118341
-0.118893
-0.119468
-0.120073
-0.120715
-0.121399
-0.122133
-0.122922
-0.123771
-0.124686
-0.125671
-0.126730
-0.127865
-0.129081
-0.130377
-0.131754
-0.133209
-0.134739
-0.136338
-0.137996
-0.139702
-0.141440
-0.143190
-0.144926
-0.146618
-0.148230
-0.149718
-0.151032
-0.152113
-0.152897
-0.153311
-0.153273
-0.152699
-0.151496
-0.149572
-0.146836
-0.143200
-0.138588
-0.132941
-0.126220
-0.118422
-0.109578
-0.099766
-0.089116
-0.077814
-0.066101
-0.054274
-0.042679
-0.031699
-0.021759
-0.013274
-0.006507
-0.003251
-0.001289
-0.002569
-0.005262
-0.008663
-0.012689
-0.017203
-0.022066
-0.027160
-0.032380
-0.037635
-0.042852
-0.047969
-0.052937
-0.057719
-0.062289
-0.066627
-0.070722
-0.074568
-0.078163
-0.081509
-0.084613
-0.087481
-0.090122
-0.092546
-0.094764
-0.096787
-0.098626
-0.100294
-0.101802
-0.103161
-0.104383
-0.105477
-0.106456
-0.107329
-0.108108
-0.108800
-0.109417
-0.109968
-0.110461
-0.110906
-0.111311
-0.111685
-0.112035
-0.112371
-0.112699
-0.113028
-0.113364
-0.113716
-0.114091
-0.114495
-0.114936
-0.115420
-0.115955
-0.116546
-0.117200
-0.117924
-0.118722
-0.119600
-0.120563
-0.121615
-0.122761
-0.124002
-0.125339
-0.126774
-0.128304
-0.129925
-0.131631
-0.133413
-0.135258
-0.137148
-0.139062
-0.140972
-0.142845
-0.144640
-0.146309
-0.147796
-0.149035
-0.149953
-0.150467
-0.150487
-0.149915
-0.148649
-0.146585
-0.143621
-0.139664
-0.134632
-0.128467
-0.121140
-0.112664
-0.103097
-0.092554
-0.081214
-0.069320
-0.057180
-0.045162
-0.033684
-0.023213
-0.014213
-0.006991
-0.003492
-0.001377
-0.002742
-0.005606
-0.009207
-0.013452
-0.018188
-0.023263
-0.028549
-0.033934
-0.039322
-0.044634
-0.049808
-0.054796
-0.059562
-0.064080
-0.068334
-0.072314
-0.076019
-0.079449
-0.082609
-0.085508
-0.088155
-0.090562
-0.092741
-0.094705
-0.096467
-0.098040
-0.099437
-0.100670
-0.101754
-0.102699
-0.103517
-0.104221
-0.104822
-0.105330
-0.105755
-0.106108
-0.106399
-0.106638
-0.106832
-0.106992
-0.107125
-0.107241
-0.107348
-0.107453
-0.107565
-0.107690
-0.107837
-0.108014
-0.108226
-0.108482
-0.108789
-0.109153
-0.109581
-0.110080
-0.110657
-0.111317
-0.112068
-0.112914
-0.113862
-0.114915
-0.116078
-0.117354
-0.118744
-0.120250
-0.121870
-0.123600
-0.125434
-0.127361
-0.129370
-0.131440
-0.133549
-0.135668
-0.137758
-0.139775
-0.141666
-0.143367
-0.144806
-0.145899
-0.146552
-0.146663
-0.146122
-0.144814
-0.142621
-0.139432
-0.135144
-0.129674
-0.122969
-0.115013
-0.105841
-0.095549
-0.084302
-0.072340
-0.059978
-0.047605
-0.035670
-0.024689
-0.015178
-0.007494
-0.003743
-0.001473
-0.002933
-0.005984
-0.009802
-0.014281
-0.019249
-0.024542
-0.030019
-0.035560
-0.041064
-0.046449
-0.051652
-0.056625
-0.061334
-0.065757
-0.069880
-0.073697
-0.077210
-0.080423
-0.083344
-0.085986
-0.088360
-0.090481
-0.092364
-0.094023
-0.095474
-0.096732
-0.097811
-0.098726
-0.099490
-0.100116
-0.100619
-0.101009
-0.101299
-0.101500
-0.101624
-0.101681
-0.101680
-0.101633
-0.101548
-0.101434
-0.101301
-0.101156
-0.101009
-0.100868
-0.100739
-0.100632
-0.100553
-0.100510
-0.100510
-0.100561
-0.100670
-0.100844
-0.101090
-0.101415
-0.101825
-0.102329
-0.102932
-0.103641
-0.104463
-0.105402
-0.106465
-0.107657
-0.108980
-0.110438
-0.112032
-0.113761
-0.115621
-0.117607
-0.119709
-0.121913
-0.124199
-0.126543
-0.128911
-0.131264
-0.133553
-0.135717
-0.137685
-0.139376
-0.140695
-0.141536
-0.141782
-0.141309
-0.139984
-0.137678
-0.134267
-0.129641
-0.123717
-0.116449
-0.107842
-0.097967
-0.086968
-0.075074
-0.062604
-0.049962
-0.037631
-0.026173
-0.016162
-0.008013
-0.004002
-0.001581
-0.003147
-0.006402
-0.010457
-0.015185
-0.020397
-0.025911
-0.031574
-0.037257
-0.042854
-0.048282
-0.053477
-0.058392
-0.062997
-0.067272
-0.071208
-0.074805
-0.078066
-0.081001
-0.083623
-0.085947
-0.087988
-0.089765
-0.091293
-0.092592
-0.093678
-0.094568
-0.095279
-0.095825
-0.096222
-0.096485
-0.096628
-0.096663
-0.096603
-0.096460
-0.096246
-0.095971
-0.095647
-0.095283
-0.094888
-0.094473
-0.094046
-0.093616
-0.093191
-0.092779
-0.092388
-0.092026
-0.091700
-0.091418
-0.091187
-0.091014
-0.090907
-0.090872
-0.090918
-0.091050
-0.091277
-0.091605
-0.092042
-0.092596
-0.093272
-0.094078
-0.095021
-0.096106
-0.097340
-0.098728
-0.100272
-0.101975
-0.103837
-0.105856
-0.108026
-0.110337
-0.112775
-0.115321
-0.117948
-0.120620
-0.123293
-0.125914
-0.128414
-0.130715
-0.132723
-0.134332
-0.135420
-0.135854
-0.135490
-0.134182
-0.131781
-0.128152
-0.123179
-0.116782
-0.108929
-0.099658
-0.089086
-0.077422
-0.064982
-0.052182
-0.039533
-0.027645
-0.017157
-0.008545
-0.004268
-0.001702
-0.003386
-0.006869
-0.011180
-0.016175
-0.021640
-0.027376
-0.033216
-0.039022
-0.044683
-0.050115
-0.055255
-0.060059
-0.064500
-0.068564
-0.072248
-0.075555
-0.078495
-0.081083
-0.083336
-0.085273
-0.086915
-0.088280
-0.089391
-0.090268
-0.090929
-0.091393
-0.091680
-0.091805
-0.091785
-0.091637
-0.091373
-0.091009
-0.090558
-0.090032
-0.089443
-0.088802
-0.088121
-0.087409
-0.086676
-0.085931
-0.085184
-0.084443
-0.083716
-0.083011
-0.082336
-0.081699
-0.081107
-0.080567
-0.080087
-0.079673
-0.079333
-0.079074
-0.078903
-0.078827
-0.078854
-0.078991
-0.079246
-0.079627
-0.080140
-0.080795
-0.081599
-0.082560
-0.083684
-0.084980
-0.086452
-0.088106
-0.089945
-0.091972
-0.094183
-0.096576
-0.099141
-0.101863
-0.104723
-0.107692
-0.110733
-0.113797
-0.116823
-0.119737
-0.122450
-0.124855
-0.126830
-0.128235
-0.128918
-0.128716
-0.127458
-0.124982
-0.121137
-0.115805
-0.108913
-0.100456
-0.090514
-0.079271
-0.067027
-0.054203
-0.041336
-0.029084
-0.018152
-0.009086
-0.004538
-0.001839
-0.003656
-0.007391
-0.011984
-0.017263
-0.022991
-0.028945
-0.034947
-0.040848
-0.046535
-0.051921
-0.056947
-0.061574
-0.065780
-0.069558
-0.072910
-0.075848
-0.078388
-0.080549
-0.082354
-0.083827
-0.084993
-0.085875
-0.086497
-0.086883
-0.087054
-0.087031
-0.086835
-0.086482
-0.085992
-0.085381
-0.084665
-0.083857
-0.082972
-0.082022
-0.081021
-0.079979
-0.078907
-0.077816
-0.076715
-0.075614
-0.074522
-0.073446
-0.072395
-0.071377
-0.070399
-0.069468
-0.068593
-0.067779
-0.067033
-0.066364
-0.065776
-0.065279
-0.064878
-0.064580
-0.064394
-0.064326
-0.064386
-0.064580
-0.064917
-0.065405
-0.066055
-0.066874
-0.067871
-0.069056
-0.070436
-0.072020
-0.073814
-0.075824
-0.078052
-0.080500
-0.083164
-0.086036
-0.089103
-0.092344
-0.095728
-0.099217
-0.102755
-0.106278
-0.109699
-0.112918
-0.115814
-0.118244
-0.120050
-0.121053
-0.121066
-0.119897
-0.117362
-0.113298
-0.107587
-0.100175
-0.091094
-0.080490
-0.068638
-0.055954
-0.042995
-0.030464
-0.019134
-0.009633
-0.004811
-0.001994
-0.003963
-0.007981
-0.012882
-0.018465
-0.024461
-0.030627
-0.036767
-0.042725
-0.048385
-0.053663
-0.058502
-0.062871
-0.066757
-0.070159
-0.073088
-0.075564
-0.077610
-0.079253
-0.080521
-0.081444
-0.082050
-0.082368
-0.082425
-0.082247
-0.081858
-0.081282
-0.080539
-0.079650
-0.078635
-0.077509
-0.076290
-0.074992
-0.073631
-0.072218
-0.070768
-0.069290
-0.067796
-0.066296
-0.064800
-0.063317
-0.061856
-0.060423
-0.059028
-0.057678
-0.056380
-0.055140
-0.053966
-0.052864
-0.051841
-0.050904
-0.050058
-0.049311
-0.048669
-0.048140
-0.047730
-0.047448
-0.047301
-0.047298
-0.047448
-0.047759
-0.048241
-0.048905
-0.049761
-0.050820
-0.052091
-0.053586
-0.055315
-0.057286
-0.059508
-0.061986
-0.064723
-0.067717
-0.070963
-0.074447
-0.078149
-0.082037
-0.086068
-0.090183
-0.094308
-0.098347
-0.102185
-0.105680
-0.108670
-0.110969
-0.112370
-0.112657
-0.111611
-0.109025
-0.104730
-0.098612
-0.090649
-0.080933
-0.069702
-0.057354
-0.044456
-0.031753
-0.020090
-0.010181
-0.005084
-0.002173
-0.004315
-0.008652
-0.013891
-0.019796
-0.026065
-0.032426
-0.038670
-0.044635
-0.050201
-0.055290
-0.059852
-0.063866
-0.067327
-0.070247
-0.072647
-0.074554
-0.076001
-0.077023
-0.077654
-0.077930
-0.077885
-0.077551
-0.076960
-0.076139
-0.075116
-0.073917
-0.072563
-0.071077
-0.069478
-0.067785
-0.066015
-0.064182
-0.062302
-0.060388
-0.058452
-0.056506
-0.054560
-0.052624
-0.050708
-0.048820
-0.046969
-0.045162
-0.043406
-0.041708
-0.040075
-0.038514
-0.037030
-0.035630
-0.034320
-0.033106
-0.031994
-0.030990
-0.030101
-0.029333
-0.028694
-0.028191
-0.027832
-0.027625
-0.027580
-0.027706
-0.028013
-0.028513
-0.029217
-0.030138
-0.031287
-0.032679
-0.034325
-0.036240
-0.038434
-0.040919
-0.043704
-0.046793
-0.050189
-0.053887
-0.057875
-0.062134
-0.066630
-0.071316
-0.076128
-0.080982
-0.085768
-0.090354
-0.094575
-0.098242
-0.101136
-0.103018
-0.103636
-0.102739
-0.100101
-0.095545
-0.088980
-0.080433
-0.070087
-0.058307
-0.045658
-0.032918
-0.021002
-0.010723
-0.005355
-0.002380
-0.004724
-0.009420
-0.015031
-0.021277
-0.027814
-0.034345
-0.040645
-0.046546
-0.051932
-0.056731
-0.060905
-0.064444
-0.067359
-0.069672
-0.071417
-0.072633
-0.073362
-0.073647
-0.073532
-0.073056
-0.072260
-0.071181
-0.069852
-0.068306
-0.066572
-0.064678
-0.062647
-0.060502
-0.058263
-0.055951
-0.053581
-0.051170
-0.048732
-0.046280
-0.043826
-0.041381
-0.038957
-0.036561
-0.034203
-0.031892
-0.029634
-0.027436
-0.025306
-0.023250
-0.021273
-0.019382
-0.017581
-0.015877
-0.014274
-0.012779
-0.011397
-0.010133
-0.008994
-0.007986
-0.007115
-0.006389
-0.005815
-0.005403
-0.005160
-0.005098
-0.005226
-0.005557
-0.006104
-0.006879
-0.007898
-0.009175
-0.010727
-0.012570
-0.014720
-0.017192
-0.020001
-0.023160
-0.026678
-0.030560
-0.034803
-0.039400
-0.044328
-0.049555
-0.055028
-0.060677
-0.066406
-0.072089
-0.077571
-0.082661
-0.087135
-0.090735
-0.093180
-0.094178
-0.093443
-0.090730
-0.085868
-0.078802
-0.069642
-0.058703
-0.046526
-0.033915
-0.021852
-0.011255
-0.005619
-0.002623
-0.005202
-0.010307
-0.016326
-0.022926
-0.029720
-0.036380
-0.042667
-0.048411
-0.053505
-0.057887
-0.061536
-0.064459
-0.066681
-0.068242
-0.069189
-0.069575
-0.069452
-0.068874
-0.067890
-0.066549
-0.064896
-0.062971
-0.060814
-0.058458
-0.055934
-0.053272
-0.050498
-0.047634
-0.044701
-0.041720
-0.038706
-0.035676
-0.032643
-0.029621
-0.026621
-0.023653
-0.020728
-0.017853
-0.015038
-0.012288
-0.009612
-0.007015
-0.004503
-0.002081
0.000244
0.002469
0.004589
0.006599
0.008494
0.010269
0.011920
0.013442
0.014829
0.016076
0.017175
0.018122
0.018907
0.019523
0.019961
0.020210
0.020260
0.020098
0.019710
0.019082
0.018198
0.017041
0.015592
0.013831
0.011739
0.009296
0.006481
0.003275
-0.000338
-0.004374
-0.008840
-0.013738
-0.019062
-0.024792
-0.030892
-0.037306
-0.043954
-0.050725
-0.057476
-0.064023
-0.070141
-0.075563
-0.079983
-0.083070
-0.084483
-0.083901
-0.081064
-0.075822
-0.068192
-0.058409
-0.046975
-0.034696
-0.022618
-0.011770
-0.005876
-0.002910
-0.005767
-0.011337
-0.017801
-0.024765
-0.031787
-0.038512
-0.044690
-0.050156
-0.054813
-0.058621
-0.061578
-0.063712
-0.065071
-0.065711
-0.065698
-0.065098
-0.063976
-0.062395
-0.060413
-0.058086
-0.055464
-0.052592
-0.049512
-0.046260
-0.042870
-0.039371
-0.035789
-0.032150
-0.028472
-0.024777
-0.021080
-0.017396
-0.013739
-0.010121
-0.006552
-0.003043
0.000399
0.003765
0.007048
0.010243
0.013343
0.016343
0.019238
0.022025
0.024698
0.027254
0.029689
0.032000
0.034182
0.036231
0.038145
0.039917
0.041545
0.043022
0.044343
0.045502
0.046491
0.047303
0.047929
0.048359
0.048581
0.048583
0.048350
0.047867
0.047117
0.046081
0.044737
0.043065
0.041040
0.038637
0.035832
0.032599
0.028913
0.024752
0.020097
0.014933
0.009254
0.003064
-0.003619
-0.010755
-0.018286
-0.026118
-0.034125
-0.042138
-0.049939
-0.057258
-0.063777
-0.069130
-0.072924
-0.074764
-0.074293
-0.071248
-0.065530
-0.057271
-0.046899
-0.035202
-0.023274
-0.012261
-0.006120
-0.003252
-0.006439
-0.012540
-0.019486
-0.026808
-0.034009
-0.040704
-0.046641
-0.051665
-0.055703
-0.058739
-0.060801
-0.061944
-0.062239
-0.061767
-0.060610
-0.058852
-0.056569
-0.053837
-0.050721
-0.047283
-0.043579
-0.039657
-0.035562
-0.031332
-0.027001
-0.022600
-0.018155
-0.013690
-0.009225
-0.004778
-0.000366
0.003997
0.008300
0.012532
0.016682
0.020744
0.024708
0.028570
0.032322
0.035961
0.039482
0.042881
0.046153
0.049297
0.052309
0.055187
0.057927
0.060527
0.062984
0.065295
0.067458
0.069469
0.071323
0.073017
0.074546
0.075904
0.077085
0.078080
0.078882
0.079481
0.079864
0.080020
0.079934
0.079589
0.078967
0.078048
0.076808
0.075225
0.073270
0.070916
0.068133
0.064888
0.061151
0.056891
0.052077
0.046685
0.040693
0.034090
0.026876
0.019070
0.010709
0.001862
-0.007366
-0.016827
-0.026319
-0.035582
-0.044292
-0.052062
-0.058453
-0.062998
-0.065240
-0.064792
-0.061413
-0.055099
-0.046168
-0.035358
-0.023788
-0.012721
-0.006348
-0.003663
-0.007247
-0.013951
-0.021409
-0.029062
-0.036355
-0.042882
-0.048395
-0.052764
-0.055949
-0.057972
-0.058895
-0.058807
-0.057809
-0.056007
-0.053504
-0.050400
-0.046787
-0.042747
-0.038358
-0.033684
-0.028787
-0.023717
-0.018521
-0.013237
-0.007901
-0.002542
0.002813
0.008143
0.013427
0.018650
0.023797
0.028855
0.033814
0.038665
0.043399
0.048011
0.052495
0.056845
0.061058
0.065130
0.069059
0.072842
0.076477
0.079962
0.083296
0.086477
0.089503
0.092374
0.095087
0.097641
0.100034
0.102263
0.104325
0.106217
0.107935
0.109474
0.110827
0.111988
0.112949
0.113700
0.114229
0.114524
0.114571
0.114351
0.113847
0.113036
0.111895
0.110397
0.108512
0.106210
0.103455
0.100211
0.096441
0.092104
0.087163
0.081579
0.075318
0.068354
0.060666
0.052252
0.043126
0.033330
0.022940
0.012077
0.000917
-0.010299
-0.021254
-0.031555
-0.040729
-0.048245
-0.053549
-0.056117
-0.055546
-0.051659
-0.044621
-0.035070
-0.024119
-0.013144
-0.006556
-0.004161
-0.008224
-0.015608
-0.023591
-0.031511
-0.038758
-0.044915
-0.049755
-0.053192
-0.055230
-0.055941
-0.055435
-0.053838
-0.051288
-0.047915
-0.043848
-0.039201
-0.034081
-0.028579
-0.022778
-0.016750
-0.010557
-0.004251
0.002120
0.008518
0.014910
0.021267
0.027564
0.033782
0.039902
0.045912
0.051797
0.057549
0.063159
0.068620
0.073926
0.079073
0.084058
0.088877
0.093529
0.098012
0.102325
0.106467
0.110439
0.114239
0.117867
0.121325
0.124610
0.127725
0.130667
0.133436
0.136032
0.138454
0.140698
0.142763
0.144644
0.146339
0.147842
0.149146
0.150243
0.151124
0.151779
0.152195
0.152356
0.152245
0.151844
0.151129
0.150075
0.148655
0.146836
0.144585
0.141863
0.138629
0.134839
0.130447
0.125406
0.119667
0.113183
0.105911
0.097813
0.088863
0.079050
0.068387
0.056918
0.044730
0.031962
0.018827
0.005616
-0.007283
-0.019384
-0.030107
-0.038806
-0.044820
-0.047565
-0.046653
-0.042042
-0.034210
-0.024211
-0.013517
-0.006737
-0.004765
-0.009414
-0.017549
-0.026035
-0.034099
-0.041083
-0.046580
-0.050413
-0.052555
-0.053080
-0.052123
-0.049846
-0.046426
-0.042034
-0.036834
-0.030973
-0.024584
-0.017783
-0.010671
-0.003334
0.004153
0.011729
0.019339
0.026939
0.034493
0.041969
0.049343
0.056591
0.063699
0.070650
0.077434
0.084043
0.090468
0.096704
0.102748
0.108596
0.114246
0.119698
0.124951
0.130006
0.134862
0.139522
0.143986
0.148256
0.152333
0.156219
0.159915
0.163423
0.166745
0.169881
0.172831
0.175596
0.178176
0.180570
0.182775
0.184791
0.186612
0.188235
0.189653
0.190860
0.191847
0.192602
0.193115
0.193369
0.193347
0.193030
0.192395
0.191415
0.190062
0.188301
0.186097
0.183408
0.180190
0.176393
0.171966
0.166852
0.160994
0.154333
0.146810
0.138370
0.128964
0.118556
0.107127
0.094686
0.081278
0.067003
0.052028
0.036606
0.021098
0.005982
-0.008134
-0.020532
-0.030421
-0.037021
-0.039699
-0.038145
-0.032600
-0.023984
-0.013828
-0.006881
-0.005498
-0.010864
-0.019802
-0.028707
-0.036693
-0.043083
-0.047513
-0.049889
-0.050277
-0.048839
-0.045787
-0.041352
-0.035759
-0.029219
-0.021924
-0.014043
-0.005720
0.002919
0.011769
0.020744
0.029768
0.038782
0.047735
0.056588
0.065308
0.073868
0.082246
0.090426
0.098396
0.106146
0.113668
0.120956
0.128009
0.134824
0.141401
0.147739
0.153841
0.159707
0.165341
0.170744
0.175921
0.180875
0.185608
0.190125
0.194429
0.198523
0.202411
0.206095
0.209578
0.212862
0.215950
0.218843
0.221541
0.224045
0.226354
0.228466
0.230378
0.232087
0.233588
0.234873
0.235935
0.236764
0.237346
0.237668
0.237713
0.237459
0.236885
0.235963
0.234663
0.232951
0.230789
0.228132
0.224934
0.221141
0.216696
0.211536
0.205596
0.198805
0.191092
0.182384
0.172611
0.161711
0.149634
0.136351
0.121864
0.106222
0.089538
0.072012
0.053953
0.035808
0.018180
0.001833
-0.012331
-0.023341
-0.030290
-0.032535
-0.029982
-0.023312
-0.014047
-0.006967
-0.006380
-0.012627
-0.022361
-0.031491
-0.039029
-0.044328
-0.047125
-0.047455
-0.045510
-0.041568
-0.035935
-0.028910
-0.020774
-0.011775
-0.002129
0.007980
0.018399
0.028999
0.039678
0.050349
0.060945
0.071412
0.081705
0.091791
0.101644
0.111244
0.120577
0.129631
0.138401
0.146880
0.155068
0.162965
0.170571
0.177889
0.184922
0.191675
0.198151
0.204357
0.210298
0.215978
0.221405
0.226583
0.231519
0.236217
0.240684
0.244925
0.248944
0.252746
0.256335
0.259715
0.262889
0.265859
0.268628
0.271196
0.273564
0.275731
0.277694
0.279451
0.280998
0.282327
0.283432
0.284302
0.284925
0.285288
0.285373
0.285161
0.284627
0.283746
0.282486
0.280812
0.278684
0.276058
0.272884
0.269106
0.264662
0.259484
0.253500
0.246630
0.238791
0.229894
0.219852
0.208577
0.195988
0.182019
0.166626
0.149802
0.131597
0.112141
0.091673
0.070576
0.049414
0.028953
0.010169
-0.005796
-0.017747
-0.024652
-0.025968
-0.021989
-0.014120
-0.006954
-0.007417
-0.014741
-0.025145
-0.034115
-0.040609
-0.044093
-0.044484
-0.042008
-0.037028
-0.029956
-0.021201
-0.011138
-0.000094
0.011652
0.023867
0.036363
0.048984
0.061610
0.074143
0.086509
0.098649
0.110520
0.122088
0.133330
0.144229
0.154775
0.164960
0.174783
0.184244
0.193344
0.202088
0.210482
0.218532
0.226244
0.233628
0.240691
0.247442
0.253888
0.260040
0.265904
0.271490
0.276807
0.281861
0.286660
0.291213
0.295526
0.299605
0.303457
0.307087
0.310500
0.313700
0.316692
0.319477
0.322058
0.324436
0.326611
0.328581
0.330344
0.331896
0.333232
0.334344
0.335223
0.335857
0.336232
0.336332
0.336137
0.335624
0.334766
0.333531
0.331886
0.329788
0.327193
0.324049
0.320298
0.315876
0.310711
0.304725
0.297831
0.289935
0.280938
0.270734
0.259214
0.246269
0.231795
0.215703
0.197928
0.178451
0.157318
0.134678
0.110820
0.086224
0.061607
0.037963
0.016556
-0.001152
-0.013696
-0.019964
-0.019670
-0.013936
-0.006759
-0.008572
-0.017193
-0.027906
-0.036022
-0.040539
-0.041173
-0.038136
-0.031913
-0.023075
-0.012186
0.000241
0.013770
0.028037
0.042748
0.057670
0.072620
0.087459
0.102079
0.116401
0.130368
0.143937
0.157080
0.169780
0.182026
0.193813
0.205143
0.216019
0.226448
0.236439
0.246001
0.255146
0.263885
0.272231
0.280195
0.287790
0.295030
0.301925
0.308488
0.314731
0.320665
0.326302
0.331652
0.336724
0.341530
0.346078
0.350376
0.354434
0.358257
0.361854
0.365230
0.368390
0.371339
0.374081
0.376618
0.378953
0.381085
0.383014
0.384739
0.386255
0.387558
0.388641
0.389495
0.390108
0.390468
0.390558
0.390358
0.389846
0.388996
0.387776
0.386151
0.384081
0.381520
0.378415
0.374709
0.370335
0.365218
0.359277
0.352421
0.344548
0.335548
0.325303
0.313684
0.300558
0.285788
0.269241
0.250795
0.230358
0.207887
0.183422
0.157128
0.129358
0.100717
0.072136
0.044920
0.020741
0.001492
-0.011041
-0.015761
-0.013260
-0.006209
-0.009699
-0.019824
-0.030048
-0.036119
-0.037252
-0.033616
-0.025852
-0.014774
-0.001185
0.014204
0.030797
0.048121
0.065803
0.083561
0.101182
0.118513
0.135440
0.151887
0.167803
0.183153
0.197921
0.212098
0.225687
0.238693
0.251127
0.263003
0.274337
0.285145
0.295446
0.305257
0.314597
0.323485
0.331937
0.339972
0.347606
0.354857
0.361740
0.368270
0.374463
0.380332
0.385891
0.391153
0.396130
0.400833
0.405273
0.409461
0.413404
0.417113
0.420595
0.423857
0.426904
0.429743
0.432377
0.434811
0.437046
0.439083
0.440922
0.442562
0.444000
0.445231
0.446248
0.447044
0.447607
0.447924
0.447981
0.447757
0.447230
0.446375
0.445162
0.443555
0.441515
0.438996
0.435947
0.432309
0.428015
0.422991
0.417152
0.410405
0.402644
0.393752
0.383601
0.372049
0.358942
0.344114
0.327395
0.308611
0.287597
0.264220
0.238398
0.210152
0.179663
0.147358
0.114009
0.080845
0.049623
0.022589
0.002255
-0.009229
-0.011613
-0.004946
-0.010385
-0.022117
-0.030271
-0.032350
-0.028067
-0.018306
-0.004277
0.012841
0.032028
0.052468
0.073535
0.094767
0.115827
0.136482
0.156573
0.175993
0.194682
0.212603
0.229744
0.246105
0.261699
0.276543
0.290661
0.304078
0.316822
0.328920
0.340400
0.351290
0.361618
0.371409
0.380688
0.389481
0.397810
0.405698
0.413167
0.420235
0.426922
0.433247
0.439227
0.444879
0.450216
0.455255
0.460009
0.464490
0.468710
0.472681
0.476413
0.479915
0.483195
0.486261
0.489120
0.491778
0.494239
0.496507
0.498585
0.500473
0.502174
0.503684
0.505001
0.506122
0.507040
0.507747
0.508233
0.508485
0.508488
0.508224
0.507672
0.506806
0.505597
0.504012
0.502012
0.499553
0.496583
0.493046
0.488876
0.483999
0.478332
0.471779
0.464235
0.455580
0.445679
0.434381
0.421518
0.406906
0.390341
0.371606
0.350473
0.326720
0.300145
0.270611
0.238094
0.202779
0.165177
0.126284
0.087756
0.052007
0.022204
0.001721
-0.008020
-0.002245
-0.009611
-0.022705
-0.025874
-0.020940
-0.008494
0.009609
0.031507
0.055703
0.081055
0.106744
0.132208
0.157072
0.181101
0.204155
0.226160
0.247091
0.266949
0.285756
0.303546
0.320361
0.336243
0.351241
0.365400
0.378765
0.391380
0.403286
0.414523
0.425129
0.435139
0.444586
0.453502
0.461916
0.469857
0.477349
0.484417
0.491084
0.497373
0.503302
0.508891
0.514158
0.519119
0.523790
0.528185
0.532318
0.536201
0.539846
0.543263
0.546463
0.549453
0.552242
0.554837
0.557243
0.559465
0.561507
0.563372
0.565062
0.566576
0.567914
0.569074
0.570050
0.570838
0.571430
0.571817
0.571986
0.571923
0.571610
0.571028
0.570152
0.568955
0.567404
0.565464
0.563091
0.560237
0.556847
0.552858
0.548199
0.542788
0.536535
0.529333
0.521064
0.511592
0.500765
0.488408
0.474323
0.458287
0.440050
0.419335
0.395843
0.369265
0.339304
0.305722
0.268412
0.227529
0.183670
0.138132
0.093172
0.052338
0.020193
-0.000514
0.003384
-0.004951
-0.018279
-0.011438
0.004857
0.028787
0.057448
0.088433
0.120149
0.151549
0.181991
0.211110
0.238724
0.264766
0.289239
0.312188
0.333684
0.353807
0.372641
0.390271
0.406779
0.422241
0.436729
0.450312
0.463051
0.475004
0.486223
0.496758
0.506653
0.515949
0.524686
0.532897
0.540617
0.547875
0.554699
0.561115
0.567148
0.572821
0.578153
0.583165
0.587875
0.592300
0.596455
0.600355
0.604013
0.607441
0.610652
0.613655
0.616460
0.619075
0.621508
0.623766
0.625853
0.627776
0.629537
0.631139
0.632583
0.633870
0.635000
0.635968
0.636773
0.637408
0.637866
0.638139
0.638214
0.638079
0.637718
0.637112
0.636237
0.635070
0.633579
0.631730
0.629485
0.626798
0.623618
0.619886
0.615536
0.610490
0.604663
0.597955
0.590251
0.581423
0.571319
0.559768
0.546570
0.531494
0.514273
0.494599
0.472122
0.446444
0.417134
0.383749
0.345882
0.303267
0.255953
0.204595
0.150834
0.098030
0.051470
0.014803
0.014984
0.009279
-0.001041
0.023654
0.056712
0.095197
0.135668
0.175672
0.213996
0.250044
0.283592
0.314635
0.343275
0.369670
0.393997
0.416433
0.437148
0.456297
0.474024
0.490457
0.505709
0.519883
0.533071
0.545353
0.556804
0.567488
0.577465
0.586788
0.595506
0.603661
0.611294
0.618440
0.625134
0.631406
0.637283
0.642791
0.647954
0.652794
0.657331
0.661583
0.665568
0.669302
0.672799
0.676073
0.679137
0.682001
0.684677
0.687174
0.689499
0.691662
0.693669
0.695526
0.697238
0.698808
0.700241
0.701537
0.702700
0.703728
0.704620
0.705375
0.705989
0.706457
0.706772
0.706926
0.706909
0.706709
0.706311
0.705698
0.704850
0.703744
0.702354
0.700648
0.698591
0.696143
0.693258
0.689882
0.685957
0.681414
0.676173
0.670145
0.663225
0.655295
0.646215
0.635823
0.623930
0.610313
0.594707
0.576797
0.556210
0.532502
0.505149
0.473549
0.437034
0.394922
0.346637
0.291958
0.231397
0.167269
0.104446
0.045701
0.038884
0.046500
0.046803
0.099672
0.153956
0.207462
0.258006
0.304134
0.345712
0.383000
0.416403
0.446368
0.473316
0.497631
0.519642
0.539636
0.557856
0.574509
0.589771
0.603794
0.616707
0.628623
0.639638
0.649836
0.659292
0.668070
0.676229
0.683819
0.690886
0.697471
0.703612
0.709341
0.714688
0.719682
0.724346
0.728705
0.732778
0.736586
0.740145
0.743472
0.746582
0.749488
0.752204
0.754739
0.757106
0.759313
0.761369
0.763283
0.765062
0.766711
0.768236
0.769642
0.770934
0.772113
0.773184
0.774147
0.775003
0.775752
0.776393
0.776924
0.777342
0.777642
0.777818
0.777863
0.777769
0.777524
0.777117
0.776533
0.775755
0.774763
0.773535
0.772044
0.770261
0.768151
0.765676
0.762791
0.759445
0.755581
0.751130
0.746018
0.740155
0.733437
0.725747
0.716942
0.706855
0.695288
0.682001
0.666701
0.649031
0.628549
0.604708
0.576833
0.544095
0.505499
0.459914
0.406186
0.343333
0.271690
0.193803
0.107269
0.088479
0.139819
0.162258
0.250722
0.324389
0.386297
0.439171
0.483918
0.521994
0.554656
0.582908
0.607548
0.629210
0.648389
0.665482
0.680803
0.694607
0.707101
0.718453
0.728804
0.738271
0.746953
0.754933
0.762283
0.769065
0.775333
0.781134
0.786510
0.791495
0.796125
0.800426
0.804426
0.808148
0.811613
0.814839
0.817846
0.820648
0.823259
0.825694
0.827964
0.830080
0.832053
0.833891
0.835603
0.837197
0.838680
0.840058
0.841336
0.842520
0.843615
0.844623
0.845550
0.846396
0.847164
0.847857
0.848474
0.849017
0.849484
0.849875
0.850187
0.850419
0.850566
0.850623
0.850586
0.850447
0.850198
0.849829
0.849329
0.848686
0.847883
0.846904
0.845729
0.844335
0.842697
0.840784
0.838563
0.835995
0.833036
0.829635
0.825735
0.821266
0.816152
0.810298
0.803598
0.795919
0.787106
0.776966
0.765263
0.751700
0.735900
0.717379
0.695507
0.669460
0.638152
0.600161
0.553665
0.496295
0.425912
0.340469
0.226198
0.193035
0.380263
0.431302
0.529857
0.599759
0.649784
0.688448
0.718924
0.743497
0.763742
0.780720
0.795174
0.807639
0.818505
0.828066
0.836544
0.844113
0.850909
0.857041
0.862597
0.867650
0.872259
0.876476
0.880342
0.883894
0.887164
0.890178
0.892961
0.895533
0.897913
0.900117
0.902159
0.904054
0.905812
0.907444
0.908961
0.910370
0.911679
0.912897
0.914028
0.915080
0.916058
0.916966
0.917810
0.918592
0.919318
0.919990
0.920612
0.921185
0.921712
0.922195
0.922636
0.923036
0.923396
0.923716
0.923997
0.924239
0.924441
0.924602
0.924721
0.924797
0.924826
0.924806
0.924734
0.924605
0.924414
0.924155
0.923822
0.923407
0.922901
0.922293
0.921573
0.920725
0.919736
0.918588
0.917261
0.915732
0.913975
0.911960
0.909653
0.907015
0.903998
0.900547
0.896598
0.892073
0.886876
0.880891
0.873971
0.865929
0.856523
0.845434
0.832230
0.816319
0.796868
0.772682
0.742022
0.702202
0.649643
0.577856
0.463395
0.423126
