# v - 1000 ites
-0.000003
0.000001
0.000010
0.000022
0.000036
0.000050
0.000063
0.000075
0.000086
0.000095
0.000104
0.000111
0.000117
0.000122
0.000126
0.000129
0.000131
0.000133
0.000133
0.000133
0.000133
0.000132
0.000131
0.000129
0.000127
0.000124
0.000122
0.000119
0.000116
0.000112
0.000109
0.000105
0.000101
0.000097
0.000093
0.000088
0.000084
0.000079
0.000074
0.000069
0.000064
0.000059
0.000054
0.000048
0.000043
0.000037
0.000031
0.000026
0.000020
0.000014
0.000008
0.000002
-0.000005
-0.000011
-0.000017
-0.000023
-0.000030
-0.000036
-0.000043
-0.000049
-0.000055
-0.000062
-0.000068
-0.000074
-0.000080
-0.000086
-0.000092
-0.000098
-0.000104
-0.000109
-0.000114
-0.000119
-0.000124
-0.000129
-0.000133
-0.000136
-0.000140
-0.000142
-0.000145
-0.000146
-0.000147
-0.000147
-0.000147
-0.000145
-0.000143
-0.000140
-0.000135
-0.000130
-0.000123
-0.000115
-0.000105
-0.000094
-0.000082
-0.000069
-0.000054
-0.000039
-0.000025
-0.000011
-0.000001
0.000003
-0.000014
-0.000004
0.000017
0.000043
0.000071
0.000099
0.000126
0.000150
0.000172
0.000192
0.000209
0.000223
0.000235
0.000245
0.000253
0.000259
0.000263
0.000266
0.000267
0.000268
0.000267
0.000265
0.000262
0.000259
0.000254
0.000250
0.000244
0.000238
0.000232
0.000225
0.000218
0.000210
0.000202
0.000194
0.000186
0.000177
0.000168
0.000158
0.000149
0.000139
0.000129
0.000118
0.000108
0.000097
0.000086
0.000075
0.000063
0.000052
0.000040
0.000028
0.000016
0.000003
-0.000009
-0.000022
-0.000034
-0.000047
-0.000060
-0.000072
-0.000085
-0.000098
-0.000111
-0.000124
-0.000136
-0.000149
-0.000161
-0.000173
-0.000185
-0.000197
-0.000208
-0.000219
-0.000230
-0.000240
-0.000249
-0.000258
-0.000266
-0.000274
-0.000280
-0.000286
-0.000290
-0.000293
-0.000295
-0.000296
-0.000295
-0.000292
-0.000287
-0.000280
-0.000272
-0.000260
-0.000247
-0.000230
-0.000211
-0.000190
-0.000165
-0.000138
-0.000109
-0.000078
-0.000048
-0.000019
0.000003
0.000015
-0.000013
0.000011
0.000053
0.000105
0.000160
0.000215
0.000267
0.000316
0.000360
0.000399
0.000433
0.000462
0.000487
0.000507
0.000523
0.000536
0.000545
0.000551
0.000554
0.000554
0.000553
0.000549
0.000543
0.000536
0.000528
0.000518
0.000506
0.000494
0.000481
0.000467
0.000452
0.000436
0.000420
0.000403
0.000385
0.000367
0.000348
0.000328
0.000308
0.000287
0.000266
0.000245
0.000223
0.000200
0.000177
0.000154
0.000130
0.000106
0.000081
0.000056
0.000031
0.000006
-0.000020
-0.000046
-0.000072
-0.000099
-0.000125
-0.000152
-0.000178
-0.000205
-0.000231
-0.000257
-0.000283
-0.000309
-0.000335
-0.000360
-0.000384
-0.000408
-0.000432
-0.000454
-0.000476
-0.000497
-0.000516
-0.000534
-0.000551
-0.000566
-0.000579
-0.000591
-0.000599
-0.000606
-0.000610
-0.000611
-0.000608
-0.000602
-0.000592
-0.000579
-0.000560
-0.000537
-0.000509
-0.000476
-0.000438
-0.000394
-0.000346
-0.000292
-0.000235
-0.000175
-0.000115
-0.000060
-0.000014
0.000013
-0.000001
0.000046
0.000116
0.000199
0.000286
0.000374
0.000458
0.000536
0.000607
0.000670
0.000726
0.000774
0.000815
0.000848
0.000875
0.000896
0.000911
0.000921
0.000926
0.000928
0.000925
0.000919
0.000910
0.000898
0.000883
0.000867
0.000848
0.000828
0.000806
0.000782
0.000757
0.000730
0.000703
0.000674
0.000644
0.000613
0.000582
0.000549
0.000515
0.000480
0.000445
0.000409
0.000371
0.000334
0.000295
0.000256
0.000216
0.000175
0.000134
0.000092
0.000050
0.000007
-0.000036
-0.000079
-0.000123
-0.000167
-0.000211
-0.000256
-0.000300
-0.000344
-0.000388
-0.000432
-0.000476
-0.000519
-0.000561
-0.000603
-0.000644
-0.000684
-0.000723
-0.000760
-0.000796
-0.000831
-0.000863
-0.000893
-0.000921
-0.000946
-0.000967
-0.000986
-0.001000
-0.001011
-0.001017
-0.001018
-0.001014
-0.001004
-0.000988
-0.000965
-0.000934
-0.000897
-0.000851
-0.000797
-0.000735
-0.000664
-0.000585
-0.000500
-0.000408
-0.000312
-0.000217
-0.000127
-0.000051
0.000000
0.000023
0.000102
0.000207
0.000328
0.000455
0.000580
0.000701
0.000813
0.000916
0.001008
0.001089
0.001159
0.001219
0.001268
0.001308
0.001338
0.001361
0.001376
0.001384
0.001386
0.001382
0.001373
0.001360
0.001342
0.001321
0.001296
0.001268
0.001237
0.001204
0.001169
0.001131
0.001092
0.001050
0.001007
0.000963
0.000916
0.000868
0.000819
0.000769
0.000717
0.000663
0.000609
0.000553
0.000497
0.000439
0.000380
0.000320
0.000259
0.000198
0.000135
0.000072
0.000008
-0.000056
-0.000121
-0.000187
-0.000253
-0.000319
-0.000385
-0.000451
-0.000517
-0.000583
-0.000648
-0.000713
-0.000777
-0.000840
-0.000903
-0.000964
-0.001023
-0.001081
-0.001136
-0.001190
-0.001240
-0.001288
-0.001333
-0.001374
-0.001410
-0.001442
-0.001470
-0.001491
-0.001507
-0.001515
-0.001517
-0.001510
-0.001495
-0.001471
-0.001437
-0.001393
-0.001337
-0.001271
-0.001192
-0.001102
-0.000999
-0.000886
-0.000762
-0.000631
-0.000494
-0.000357
-0.000226
-0.000112
-0.000027
0.000061
0.000181
0.000329
0.000494
0.000665
0.000833
0.000995
0.001146
0.001284
0.001408
0.001517
0.001612
0.001693
0.001760
0.001814
0.001856
0.001887
0.001908
0.001919
0.001922
0.001917
0.001905
0.001886
0.001862
0.001832
0.001798
0.001759
0.001717
0.001671
0.001622
0.001570
0.001515
0.001457
0.001397
0.001335
0.001270
0.001204
0.001135
0.001065
0.000992
0.000918
0.000842
0.000765
0.000686
0.000606
0.000524
0.000441
0.000356
0.000270
0.000184
0.000096
0.000007
-0.000082
-0.000172
-0.000263
-0.000354
-0.000446
-0.000537
-0.000629
-0.000720
-0.000811
-0.000902
-0.000991
-0.001080
-0.001167
-0.001253
-0.001337
-0.001419
-0.001499
-0.001576
-0.001649
-0.001719
-0.001785
-0.001846
-0.001902
-0.001953
-0.001997
-0.002034
-0.002063
-0.002084
-0.002096
-0.002098
-0.002089
-0.002068
-0.002035
-0.001989
-0.001929
-0.001853
-0.001763
-0.001657
-0.001535
-0.001397
-0.001245
-0.001079
-0.000903
-0.000720
-0.000535
-0.000357
-0.000196
-0.000067
0.000112
0.000282
0.000482
0.000697
0.000916
0.001132
0.001338
0.001531
0.001707
0.001866
0.002007
0.002129
0.002233
0.002319
0.002389
0.002444
0.002484
0.002511
0.002526
0.002529
0.002522
0.002506
0.002482
0.002450
0.002411
0.002366
0.002315
0.002260
0.002199
0.002134
0.002065
0.001993
0.001917
0.001838
0.001755
0.001670
0.001582
0.001492
0.001399
0.001303
0.001205
0.001105
0.001003
0.000899
0.000793
0.000685
0.000576
0.000464
0.000352
0.000237
0.000122
0.000005
-0.000113
-0.000231
-0.000351
-0.000470
-0.000591
-0.000711
-0.000831
-0.000951
-0.001071
-0.001190
-0.001307
-0.001424
-0.001538
-0.001651
-0.001761
-0.001868
-0.001972
-0.002073
-0.002169
-0.002260
-0.002346
-0.002426
-0.002499
-0.002565
-0.002623
-0.002671
-0.002709
-0.002736
-0.002752
-0.002754
-0.002742
-0.002716
-0.002673
-0.002613
-0.002535
-0.002438
-0.002322
-0.002186
-0.002029
-0.001853
-0.001659
-0.001448
-0.001223
-0.000988
-0.000751
-0.000519
-0.000304
-0.000121
0.000174
0.000405
0.000663
0.000934
0.001208
0.001475
0.001729
0.001967
0.002184
0.002380
0.002554
0.002704
0.002833
0.002940
0.003027
0.003095
0.003145
0.003179
0.003197
0.003201
0.003192
0.003172
0.003141
0.003101
0.003052
0.002995
0.002930
0.002860
0.002783
0.002701
0.002613
0.002521
0.002425
0.002324
0.002220
0.002112
0.002000
0.001885
0.001767
0.001646
0.001522
0.001395
0.001266
0.001134
0.000999
0.000863
0.000724
0.000583
0.000440
0.000295
0.000149
0.000001
-0.000148
-0.000298
-0.000449
-0.000600
-0.000752
-0.000904
-0.001056
-0.001208
-0.001359
-0.001509
-0.001657
-0.001804
-0.001949
-0.002091
-0.002230
-0.002365
-0.002496
-0.002622
-0.002743
-0.002858
-0.002966
-0.003067
-0.003159
-0.003241
-0.003313
-0.003374
-0.003422
-0.003456
-0.003475
-0.003479
-0.003464
-0.003431
-0.003378
-0.003304
-0.003207
-0.003087
-0.002943
-0.002775
-0.002582
-0.002365
-0.002126
-0.001865
-0.001588
-0.001298
-0.001003
-0.000711
-0.000434
-0.000187
0.000248
0.000548
0.000871
0.001205
0.001537
0.001860
0.002166
0.002451
0.002712
0.002947
0.003155
0.003336
0.003490
0.003620
0.003724
0.003806
0.003866
0.003906
0.003928
0.003932
0.003921
0.003896
0.003858
0.003809
0.003748
0.003678
0.003599
0.003512
0.003418
0.003317
0.003209
0.003096
0.002977
0.002854
0.002725
0.002592
0.002454
0.002313
0.002168
0.002018
0.001866
0.001710
0.001550
0.001388
0.001222
0.001054
0.000883
0.000710
0.000534
0.000356
0.000177
-0.000005
-0.000188
-0.000372
-0.000557
-0.000743
-0.000929
-0.001116
-0.001302
-0.001488
-0.001673
-0.001857
-0.002039
-0.002219
-0.002396
-0.002569
-0.002739
-0.002905
-0.003065
-0.003220
-0.003368
-0.003508
-0.003640
-0.003763
-0.003875
-0.003976
-0.004064
-0.004138
-0.004196
-0.004238
-0.004262
-0.004266
-0.004248
-0.004209
-0.004145
-0.004055
-0.003939
-0.003795
-0.003622
-0.003420
-0.003189
-0.002929
-0.002642
-0.002330
-0.001997
-0.001647
-0.001289
-0.000930
-0.000585
-0.000265
0.000333
0.000710
0.001106
0.001507
0.001903
0.002285
0.002645
0.002980
0.003287
0.003562
0.003806
0.004019
0.004201
0.004352
0.004475
0.004571
0.004642
0.004689
0.004714
0.004719
0.004705
0.004675
0.004629
0.004569
0.004496
0.004412
0.004317
0.004213
0.004099
0.003978
0.003849
0.003712
0.003570
0.003421
0.003266
0.003106
0.002941
0.002771
0.002596
0.002417
0.002234
0.002046
0.001855
0.001659
0.001461
0.001259
0.001053
0.000845
0.000635
0.000421
0.000206
-0.000012
-0.000231
-0.000452
-0.000674
-0.000897
-0.001121
-0.001344
-0.001567
-0.001790
-0.002011
-0.002231
-0.002449
-0.002664
-0.002876
-0.003084
-0.003287
-0.003485
-0.003676
-0.003861
-0.004038
-0.004205
-0.004363
-0.004509
-0.004643
-0.004763
-0.004868
-0.004957
-0.005026
-0.005077
-0.005105
-0.005110
-0.005091
-0.005044
-0.004969
-0.004864
-0.004728
-0.004558
-0.004356
-0.004118
-0.003847
-0.003542
-0.003205
-0.002839
-0.002446
-0.002033
-0.001607
-0.001176
-0.000754
-0.000353
0.000426
0.000889
0.001364
0.001839
0.002303
0.002747
0.003166
0.003553
0.003907
0.004225
0.004506
0.004751
0.004961
0.005136
0.005277
0.005388
0.005469
0.005522
0.005551
0.005555
0.005539
0.005502
0.005448
0.005377
0.005292
0.005192
0.005080
0.004957
0.004823
0.004680
0.004528
0.004367
0.004199
0.004023
0.003841
0.003652
0.003458
0.003257
0.003051
0.002840
0.002624
0.002402
0.002177
0.001947
0.001713
0.001475
0.001233
0.000988
0.000740
0.000489
0.000235
-0.000021
-0.000279
-0.000539
-0.000800
-0.001062
-0.001325
-0.001587
-0.001850
-0.002111
-0.002371
-0.002630
-0.002885
-0.003138
-0.003386
-0.003630
-0.003869
-0.004101
-0.004326
-0.004542
-0.004750
-0.004946
-0.005131
-0.005302
-0.005459
-0.005600
-0.005723
-0.005827
-0.005909
-0.005968
-0.006002
-0.006008
-0.005986
-0.005933
-0.005847
-0.005726
-0.005569
-0.005374
-0.005140
-0.004866
-0.004553
-0.004202
-0.003813
-0.003389
-0.002934
-0.002453
-0.001954
-0.001446
-0.000941
-0.000450
0.000528
0.001084
0.001645
0.002199
0.002735
0.003245
0.003724
0.004166
0.004569
0.004931
0.005251
0.005530
0.005768
0.005966
0.006127
0.006252
0.006343
0.006404
0.006435
0.006439
0.006419
0.006376
0.006313
0.006230
0.006130
0.006015
0.005885
0.005742
0.005587
0.005420
0.005244
0.005057
0.004862
0.004658
0.004447
0.004228
0.004002
0.003769
0.003530
0.003285
0.003034
0.002777
0.002516
0.002249
0.001978
0.001702
0.001422
0.001138
0.000850
0.000559
0.000265
-0.000031
-0.000330
-0.000631
-0.000933
-0.001236
-0.001540
-0.001844
-0.002148
-0.002450
-0.002751
-0.003050
-0.003346
-0.003638
-0.003925
-0.004207
-0.004483
-0.004751
-0.005011
-0.005261
-0.005500
-0.005727
-0.005940
-0.006138
-0.006320
-0.006482
-0.006624
-0.006744
-0.006839
-0.006908
-0.006948
-0.006956
-0.006932
-0.006872
-0.006775
-0.006637
-0.006459
-0.006237
-0.005972
-0.005661
-0.005305
-0.004905
-0.004461
-0.003978
-0.003457
-0.002906
-0.002330
-0.001739
-0.001143
-0.000556
0.000638
0.001294
0.001946
0.002583
0.003196
0.003776
0.004318
0.004818
0.005272
0.005679
0.006039
0.006352
0.006618
0.006841
0.007021
0.007161
0.007263
0.007329
0.007363
0.007367
0.007342
0.007293
0.007219
0.007124
0.007010
0.006877
0.006728
0.006564
0.006387
0.006196
0.005993
0.005780
0.005556
0.005323
0.005081
0.004830
0.004571
0.004305
0.004031
0.003750
0.003463
0.003170
0.002870
0.002565
0.002255
0.001939
0.001619
0.001294
0.000965
0.000633
0.000297
-0.000042
-0.000384
-0.000728
-0.001073
-0.001419
-0.001767
-0.002114
-0.002460
-0.002806
-0.003150
-0.003490
-0.003828
-0.004161
-0.004489
-0.004811
-0.005125
-0.005431
-0.005728
-0.006013
-0.006286
-0.006545
-0.006788
-0.007014
-0.007221
-0.007407
-0.007569
-0.007706
-0.007815
-0.007894
-0.007940
-0.007951
-0.007925
-0.007858
-0.007749
-0.007596
-0.007396
-0.007147
-0.006849
-0.006500
-0.006099
-0.005649
-0.005149
-0.004603
-0.004014
-0.003388
-0.002730
-0.002051
-0.001360
-0.000669
0.000755
0.001517
0.002266
0.002992
0.003685
0.004338
0.004946
0.005505
0.006012
0.006466
0.006866
0.007214
0.007511
0.007757
0.007957
0.008111
0.008224
0.008297
0.008333
0.008335
0.008306
0.008249
0.008165
0.008057
0.007927
0.007776
0.007607
0.007421
0.007220
0.007004
0.006775
0.006533
0.006280
0.006015
0.005741
0.005457
0.005164
0.004863
0.004553
0.004235
0.003910
0.003578
0.003239
0.002894
0.002543
0.002186
0.001824
0.001457
0.001085
0.000709
0.000329
-0.000054
-0.000440
-0.000828
-0.001219
-0.001610
-0.002002
-0.002395
-0.002786
-0.003176
-0.003564
-0.003949
-0.004331
-0.004707
-0.005077
-0.005440
-0.005795
-0.006141
-0.006475
-0.006798
-0.007106
-0.007398
-0.007673
-0.007928
-0.008161
-0.008371
-0.008554
-0.008709
-0.008833
-0.008923
-0.008976
-0.008990
-0.008962
-0.008889
-0.008769
-0.008599
-0.008377
-0.008101
-0.007769
-0.007380
-0.006934
-0.006432
-0.005874
-0.005263
-0.004602
-0.003897
-0.003154
-0.002382
-0.001590
-0.000789
0.000879
0.001753
0.002604
0.003423
0.004200
0.004929
0.005606
0.006226
0.006788
0.007289
0.007732
0.008115
0.008442
0.008714
0.008933
0.009102
0.009224
0.009303
0.009342
0.009342
0.009308
0.009243
0.009147
0.009025
0.008879
0.008710
0.008520
0.008311
0.008085
0.007843
0.007585
0.007314
0.007030
0.006734
0.006426
0.006108
0.005780
0.005441
0.005094
0.004738
0.004374
0.004002
0.003622
0.003236
0.002842
0.002442
0.002037
0.001625
0.001209
0.000788
0.000363
-0.000066
-0.000498
-0.000933
-0.001370
-0.001808
-0.002247
-0.002686
-0.003124
-0.003561
-0.003995
-0.004426
-0.004852
-0.005273
-0.005687
-0.006093
-0.006491
-0.006877
-0.007251
-0.007612
-0.007956
-0.008283
-0.008591
-0.008876
-0.009138
-0.009373
-0.009578
-0.009752
-0.009891
-0.009993
-0.010054
-0.010071
-0.010042
-0.009963
-0.009831
-0.009645
-0.009400
-0.009096
-0.008730
-0.008301
-0.007808
-0.007252
-0.006633
-0.005955
-0.005220
-0.004433
-0.003600
-0.002730
-0.001831
-0.000915
0.001008
0.002000
0.002958
0.003873
0.004739
0.005548
0.006296
0.006979
0.007597
0.008148
0.008633
0.009054
0.009411
0.009707
0.009946
0.010130
0.010263
0.010348
0.010387
0.010386
0.010347
0.010272
0.010165
0.010028
0.009864
0.009676
0.009464
0.009232
0.008980
0.008710
0.008424
0.008122
0.007806
0.007477
0.007135
0.006781
0.006416
0.006040
0.005654
0.005259
0.004854
0.004440
0.004019
0.003589
0.003152
0.002708
0.002257
0.001800
0.001338
0.000871
0.000398
-0.000078
-0.000558
-0.001040
-0.001525
-0.002012
-0.002499
-0.002986
-0.003472
-0.003957
-0.004439
-0.004917
-0.005391
-0.005858
-0.006318
-0.006769
-0.007210
-0.007639
-0.008054
-0.008454
-0.008837
-0.009200
-0.009541
-0.009858
-0.010149
-0.010410
-0.010639
-0.010833
-0.010988
-0.011102
-0.011172
-0.011193
-0.011163
-0.011078
-0.010935
-0.010732
-0.010464
-0.010131
-0.009730
-0.009259
-0.008718
-0.008107
-0.007426
-0.006678
-0.005865
-0.004993
-0.004067
-0.003094
-0.002084
-0.001047
0.001143
0.002257
0.003327
0.004343
0.005300
0.006192
0.007013
0.007762
0.008438
0.009040
0.009569
0.010027
0.010415
0.010737
0.010996
0.011194
0.011337
0.011427
0.011469
0.011465
0.011419
0.011335
0.011215
0.011063
0.010882
0.010673
0.010439
0.010182
0.009903
0.009605
0.009289
0.008956
0.008607
0.008244
0.007866
0.007475
0.007072
0.006658
0.006232
0.005795
0.005349
0.004893
0.004428
0.003954
0.003472
0.002982
0.002485
0.001982
0.001472
0.000956
0.000436
-0.000089
-0.000618
-0.001150
-0.001684
-0.002221
-0.002758
-0.003295
-0.003831
-0.004365
-0.004896
-0.005424
-0.005945
-0.006460
-0.006967
-0.007465
-0.007951
-0.008424
-0.008882
-0.009323
-0.009745
-0.010146
-0.010523
-0.010873
-0.011194
-0.011482
-0.011736
-0.011950
-0.012123
-0.012250
-0.012328
-0.012354
-0.012323
-0.012232
-0.012079
-0.011858
-0.011568
-0.011206
-0.010768
-0.010255
-0.009664
-0.008996
-0.008250
-0.007430
-0.006537
-0.005575
-0.004552
-0.003473
-0.002347
-0.001184
0.001283
0.002524
0.003709
0.004831
0.005883
0.006860
0.007757
0.008575
0.009310
0.009964
0.010538
0.011033
0.011453
0.011801
0.012080
0.012293
0.012446
0.012541
0.012584
0.012577
0.012525
0.012430
0.012298
0.012130
0.011930
0.011700
0.011442
0.011160
0.010854
0.010527
0.010180
0.009814
0.009432
0.009033
0.008619
0.008190
0.007748
0.007294
0.006827
0.006349
0.005859
0.005359
0.004849
0.004330
0.003802
0.003266
0.002721
0.002170
0.001611
0.001046
0.000476
-0.000099
-0.000678
-0.001261
-0.001847
-0.002434
-0.003022
-0.003611
-0.004198
-0.004784
-0.005366
-0.005943
-0.006515
-0.007080
-0.007635
-0.008180
-0.008713
-0.009232
-0.009734
-0.010218
-0.010681
-0.011120
-0.011534
-0.011918
-0.012271
-0.012588
-0.012867
-0.013103
-0.013294
-0.013435
-0.013523
-0.013553
-0.013522
-0.013426
-0.013261
-0.013024
-0.012710
-0.012318
-0.011844
-0.011287
-0.010645
-0.009917
-0.009105
-0.008210
-0.007233
-0.006180
-0.005055
-0.003866
-0.002619
-0.001326
0.001427
0.002800
0.004105
0.005336
0.006486
0.007551
0.008527
0.009414
0.010211
0.010918
0.011538
0.012073
0.012525
0.012899
0.013198
0.013426
0.013588
0.013689
0.013732
0.013721
0.013662
0.013557
0.013411
0.013227
0.013007
0.012755
0.012474
0.012165
0.011831
0.011474
0.011095
0.010696
0.010279
0.009844
0.009392
0.008925
0.008444
0.007948
0.007439
0.006918
0.006384
0.005840
0.005284
0.004718
0.004143
0.003558
0.002965
0.002364
0.001756
0.001141
0.000519
-0.000107
-0.000738
-0.001373
-0.002011
-0.002651
-0.003292
-0.003933
-0.004574
-0.005212
-0.005846
-0.006476
-0.007099
-0.007714
-0.008320
-0.008915
-0.009496
-0.010062
-0.010610
-0.011138
-0.011643
-0.012123
-0.012574
-0.012995
-0.013380
-0.013727
-0.014032
-0.014292
-0.014501
-0.014657
-0.014755
-0.014791
-0.014760
-0.014659
-0.014483
-0.014228
-0.013891
-0.013468
-0.012956
-0.012354
-0.011659
-0.010871
-0.009990
-0.009017
-0.007954
-0.006806
-0.005576
-0.004272
-0.002901
-0.001472
0.001576
0.003085
0.004514
0.005857
0.007108
0.008264
0.009321
0.010280
0.011140
0.011902
0.012569
0.013143
0.013629
0.014029
0.014348
0.014591
0.014763
0.014868
0.014912
0.014898
0.014831
0.014715
0.014555
0.014353
0.014113
0.013839
0.013532
0.013197
0.012834
0.012446
0.012035
0.011602
0.011149
0.010677
0.010187
0.009680
0.009157
0.008620
0.008068
0.007503
0.006924
0.006334
0.005731
0.005118
0.004494
0.003861
0.003218
0.002566
0.001907
0.001240
0.000566
-0.000113
-0.000797
-0.001486
-0.002177
-0.002871
-0.003567
-0.004262
-0.004956
-0.005648
-0.006337
-0.007020
-0.007696
-0.008364
-0.009022
-0.009667
-0.010298
-0.010913
-0.011508
-0.012082
-0.012631
-0.013153
-0.013644
-0.014101
-0.014520
-0.014898
-0.015231
-0.015515
-0.015744
-0.015916
-0.016025
-0.016067
-0.016037
-0.015930
-0.015743
-0.015470
-0.015109
-0.014655
-0.014105
-0.013456
-0.012707
-0.011856
-0.010904
-0.009851
-0.008699
-0.007452
-0.006114
-0.004691
-0.003191
-0.001623
0.001729
0.003378
0.004935
0.006393
0.007749
0.008998
0.010139
0.011172
0.012097
0.012915
0.013630
0.014245
0.014764
0.015190
0.015530
0.015789
0.015970
0.016080
0.016123
0.016105
0.016030
0.015903
0.015728
0.015508
0.015248
0.014950
0.014618
0.014255
0.013862
0.013443
0.012998
0.012530
0.012041
0.011531
0.011002
0.010454
0.009890
0.009310
0.008714
0.008104
0.007479
0.006842
0.006192
0.005530
0.004857
0.004173
0.003479
0.002776
0.002064
0.001344
0.000617
-0.000116
-0.000855
-0.001598
-0.002344
-0.003094
-0.003845
-0.004596
-0.005346
-0.006093
-0.006837
-0.007575
-0.008306
-0.009028
-0.009739
-0.010437
-0.011120
-0.011784
-0.012429
-0.013049
-0.013644
-0.014209
-0.014741
-0.015237
-0.015692
-0.016102
-0.016464
-0.016773
-0.017023
-0.017211
-0.017332
-0.017380
-0.017351
-0.017240
-0.017042
-0.016751
-0.016365
-0.015879
-0.015289
-0.014593
-0.013788
-0.012873
-0.011847
-0.010712
-0.009468
-0.008118
-0.006668
-0.005123
-0.003490
-0.001778
0.001886
0.003679
0.005367
0.006945
0.008408
0.009753
0.010980
0.012089
0.013080
0.013956
0.014721
0.015377
0.015929
0.016384
0.016745
0.017018
0.017209
0.017323
0.017366
0.017344
0.017260
0.017121
0.016930
0.016692
0.016411
0.016089
0.015731
0.015339
0.014916
0.014464
0.013985
0.013482
0.012955
0.012406
0.011837
0.011248
0.010642
0.010017
0.009377
0.008721
0.008050
0.007364
0.006666
0.005954
0.005230
0.004495
0.003749
0.002993
0.002228
0.001455
0.000673
-0.000115
-0.000909
-0.001709
-0.002512
-0.003318
-0.004125
-0.004934
-0.005741
-0.006545
-0.007346
-0.008141
-0.008928
-0.009706
-0.010472
-0.011224
-0.011960
-0.012676
-0.013371
-0.014041
-0.014683
-0.015293
-0.015867
-0.016403
-0.016895
-0.017339
-0.017731
-0.018066
-0.018339
-0.018544
-0.018677
-0.018733
-0.018705
-0.018589
-0.018380
-0.018071
-0.017660
-0.017141
-0.016511
-0.015765
-0.014903
-0.013921
-0.012820
-0.011599
-0.010260
-0.008805
-0.007239
-0.005568
-0.003798
-0.001937
0.002047
0.003988
0.005811
0.007511
0.009084
0.010529
0.011844
0.013031
0.014090
0.015026
0.015840
0.016539
0.017126
0.017608
0.017990
0.018278
0.018479
0.018598
0.018641
0.018613
0.018521
0.018369
0.018162
0.017905
0.017602
0.017256
0.016871
0.016450
0.015995
0.015510
0.014997
0.014456
0.013891
0.013303
0.012693
0.012062
0.011412
0.010744
0.010057
0.009354
0.008635
0.007902
0.007153
0.006391
0.005616
0.004829
0.004030
0.003220
0.002400
0.001572
0.000734
-0.000110
-0.000961
-0.001818
-0.002679
-0.003543
-0.004409
-0.005275
-0.006141
-0.007004
-0.007863
-0.008716
-0.009561
-0.010396
-0.011219
-0.012027
-0.012818
-0.013588
-0.014335
-0.015056
-0.015746
-0.016403
-0.017022
-0.017599
-0.018130
-0.018609
-0.019033
-0.019395
-0.019691
-0.019915
-0.020061
-0.020125
-0.020099
-0.019978
-0.019758
-0.019431
-0.018994
-0.018442
-0.017769
-0.016974
-0.016052
-0.015002
-0.013822
-0.012513
-0.011075
-0.009512
-0.007827
-0.006025
-0.004114
-0.002101
0.002213
0.004305
0.006266
0.008092
0.009779
0.011325
0.012731
0.013998
0.015127
0.016123
0.016989
0.017731
0.018354
0.018864
0.019267
0.019571
0.019781
0.019904
0.019946
0.019913
0.019812
0.019647
0.019424
0.019147
0.018821
0.018450
0.018037
0.017586
0.017100
0.016581
0.016032
0.015454
0.014851
0.014222
0.013570
0.012897
0.012202
0.011488
0.010756
0.010005
0.009238
0.008454
0.007655
0.006841
0.006014
0.005173
0.004321
0.003456
0.002581
0.001696
0.000802
-0.000100
-0.001009
-0.001924
-0.002844
-0.003768
-0.004693
-0.005620
-0.006546
-0.007469
-0.008388
-0.009301
-0.010206
-0.011100
-0.011981
-0.012847
-0.013694
-0.014520
-0.015321
-0.016094
-0.016835
-0.017541
-0.018206
-0.018826
-0.019397
-0.019913
-0.020370
-0.020761
-0.021081
-0.021325
-0.021485
-0.021557
-0.021533
-0.021409
-0.021177
-0.020832
-0.020369
-0.019782
-0.019066
-0.018219
-0.017236
-0.016115
-0.014854
-0.013454
-0.011915
-0.010240
-0.008432
-0.006496
-0.004439
-0.002269
0.002382
0.004629
0.006733
0.008687
0.010491
0.012142
0.013641
0.014989
0.016190
0.017248
0.018167
0.018953
0.019612
0.020151
0.020576
0.020895
0.021115
0.021242
0.021283
0.021245
0.021134
0.020955
0.020715
0.020418
0.020069
0.019672
0.019231
0.018750
0.018231
0.017677
0.017092
0.016476
0.015833
0.015163
0.014469
0.013752
0.013012
0.012252
0.011472
0.010673
0.009856
0.009022
0.008172
0.007306
0.006425
0.005530
0.004623
0.003702
0.002771
0.001828
0.000876
-0.000085
-0.001053
-0.002028
-0.003008
-0.003992
-0.004979
-0.005967
-0.006954
-0.007939
-0.008920
-0.009894
-0.010860
-0.011816
-0.012757
-0.013682
-0.014588
-0.015472
-0.016329
-0.017157
-0.017950
-0.018706
-0.019419
-0.020084
-0.020697
-0.021252
-0.021743
-0.022164
-0.022510
-0.022774
-0.022950
-0.023031
-0.023010
-0.022882
-0.022639
-0.022275
-0.021785
-0.021163
-0.020403
-0.019502
-0.018456
-0.017262
-0.015918
-0.014424
-0.012780
-0.010989
-0.009054
-0.006979
-0.004773
-0.002441
0.002555
0.004962
0.007211
0.009298
0.011220
0.012979
0.014573
0.016006
0.017280
0.018401
0.019374
0.020205
0.020901
0.021470
0.021917
0.022252
0.022481
0.022612
0.022652
0.022608
0.022487
0.022295
0.022037
0.021719
0.021346
0.020923
0.020453
0.019940
0.019388
0.018799
0.018177
0.017522
0.016839
0.016127
0.015390
0.014628
0.013843
0.013036
0.012208
0.011359
0.010492
0.009607
0.008704
0.007785
0.006850
0.005900
0.004937
0.003960
0.002970
0.001970
0.000958
-0.000062
-0.001091
-0.002127
-0.003169
-0.004215
-0.005265
-0.006315
-0.007366
-0.008414
-0.009459
-0.010496
-0.011525
-0.012543
-0.013547
-0.014534
-0.015501
-0.016443
-0.017359
-0.018243
-0.019091
-0.019899
-0.020662
-0.021374
-0.022031
-0.022626
-0.023153
-0.023606
-0.023979
-0.024265
-0.024457
-0.024548
-0.024531
-0.024399
-0.024144
-0.023762
-0.023244
-0.022586
-0.021781
-0.020825
-0.019713
-0.018444
-0.017014
-0.015423
-0.013671
-0.011760
-0.009694
-0.007477
-0.005116
-0.002619
0.002733
0.005303
0.007701
0.009923
0.011968
0.013837
0.015529
0.017048
0.018397
0.019584
0.020612
0.021489
0.022223
0.022821
0.023291
0.023641
0.023880
0.024015
0.024054
0.024004
0.023872
0.023665
0.023390
0.023050
0.022653
0.022203
0.021703
0.021159
0.020572
0.019948
0.019287
0.018593
0.017869
0.017115
0.016333
0.015526
0.014695
0.013840
0.012963
0.012065
0.011146
0.010209
0.009253
0.008280
0.007290
0.006284
0.005263
0.004229
0.003181
0.002120
0.001049
-0.000033
-0.001123
-0.002222
-0.003326
-0.004436
-0.005550
-0.006665
-0.007780
-0.008894
-0.010003
-0.011106
-0.012200
-0.013283
-0.014351
-0.015401
-0.016431
-0.017435
-0.018411
-0.019353
-0.020258
-0.021121
-0.021936
-0.022697
-0.023400
-0.024037
-0.024602
-0.025089
-0.025491
-0.025800
-0.026009
-0.026110
-0.026097
-0.025962
-0.025696
-0.025294
-0.024749
-0.024053
-0.023201
-0.022188
-0.021010
-0.019662
-0.018143
-0.016452
-0.014589
-0.012555
-0.010353
-0.007989
-0.005469
-0.002801
0.002914
0.005651
0.008202
0.010564
0.012735
0.014716
0.016508
0.018116
0.019543
0.020795
0.021880
0.022805
0.023577
0.024205
0.024698
0.025065
0.025313
0.025452
0.025489
0.025433
0.025290
0.025068
0.024774
0.024413
0.023991
0.023513
0.022983
0.022406
0.021785
0.021123
0.020424
0.019690
0.018924
0.018126
0.017300
0.016447
0.015568
0.014665
0.013738
0.012789
0.011819
0.010829
0.009819
0.008791
0.007745
0.006682
0.005604
0.004510
0.003403
0.002282
0.001149
0.000005
-0.001148
-0.002310
-0.003480
-0.004654
-0.005833
-0.007015
-0.008197
-0.009377
-0.010553
-0.011723
-0.012884
-0.014034
-0.015168
-0.016284
-0.017378
-0.018447
-0.019485
-0.020489
-0.021453
-0.022372
-0.023241
-0.024054
-0.024804
-0.025486
-0.026091
-0.026613
-0.027045
-0.027379
-0.027606
-0.027720
-0.027711
-0.027573
-0.027296
-0.026875
-0.026300
-0.025566
-0.024666
-0.023595
-0.022347
-0.020919
-0.019309
-0.017514
-0.015535
-0.013373
-0.011032
-0.008516
-0.005833
-0.002988
0.003100
0.006009
0.008717
0.011221
0.013521
0.015617
0.017512
0.019210
0.020716
0.022037
0.023180
0.024153
0.024965
0.025624
0.026140
0.026523
0.026781
0.026923
0.026959
0.026895
0.026742
0.026505
0.026191
0.025808
0.025360
0.024853
0.024292
0.023682
0.023025
0.022327
0.021588
0.020813
0.020004
0.019163
0.018292
0.017392
0.016465
0.015512
0.014535
0.013534
0.012512
0.011468
0.010403
0.009319
0.008216
0.007096
0.005959
0.004805
0.003637
0.002455
0.001259
0.000052
-0.001165
-0.002393
-0.003627
-0.004869
-0.006115
-0.007364
-0.008614
-0.009863
-0.011108
-0.012347
-0.013577
-0.014795
-0.015998
-0.017183
-0.018344
-0.019479
-0.020582
-0.021649
-0.022675
-0.023654
-0.024579
-0.025446
-0.026247
-0.026974
-0.027622
-0.028181
-0.028645
-0.029004
-0.029252
-0.029378
-0.029375
-0.029234
-0.028947
-0.028505
-0.027902
-0.027128
-0.026179
-0.025047
-0.023727
-0.022216
-0.020511
-0.018609
-0.016511
-0.014217
-0.011732
-0.009060
-0.006207
-0.003181
0.003291
0.006375
0.009244
0.011894
0.014326
0.016541
0.018542
0.020333
0.021920
0.023311
0.024513
0.025535
0.026387
0.027077
0.027617
0.028016
0.028284
0.028430
0.028463
0.028393
0.028228
0.027975
0.027642
0.027235
0.026761
0.026225
0.025633
0.024988
0.024296
0.023559
0.022781
0.021964
0.021112
0.020226
0.019308
0.018361
0.017385
0.016382
0.015354
0.014301
0.013225
0.012126
0.011006
0.009865
0.008705
0.007526
0.006329
0.005115
0.003885
0.002640
0.001381
0.000110
-0.001174
-0.002467
-0.003769
-0.005079
-0.006393
-0.007712
-0.009032
-0.010351
-0.011667
-0.012977
-0.014278
-0.015568
-0.016842
-0.018096
-0.019328
-0.020531
-0.021702
-0.022835
-0.023925
-0.024966
-0.025951
-0.026874
-0.027727
-0.028504
-0.029196
-0.029794
-0.030292
-0.030679
-0.030948
-0.031088
-0.031092
-0.030949
-0.030651
-0.030189
-0.029555
-0.028742
-0.027741
-0.026547
-0.025153
-0.023556
-0.021752
-0.019740
-0.017518
-0.015089
-0.012454
-0.009620
-0.006593
-0.003380
0.003486
0.006750
0.009784
0.012585
0.015152
0.017489
0.019597
0.021484
0.023154
0.024616
0.025879
0.026951
0.027844
0.028567
0.029131
0.029547
0.029824
0.029974
0.030005
0.029927
0.029750
0.029481
0.029127
0.028697
0.028196
0.027630
0.027006
0.026326
0.025597
0.024821
0.024002
0.023143
0.022246
0.021315
0.020350
0.019355
0.018329
0.017276
0.016196
0.015090
0.013960
0.012806
0.011629
0.010431
0.009212
0.007973
0.006716
0.005440
0.004148
0.002839
0.001515
0.000178
-0.001172
-0.002533
-0.003904
-0.005282
-0.006668
-0.008057
-0.009449
-0.010840
-0.012229
-0.013612
-0.014987
-0.016350
-0.017697
-0.019025
-0.020329
-0.021604
-0.022845
-0.024048
-0.025204
-0.026310
-0.027357
-0.028339
-0.029248
-0.030076
-0.030815
-0.031455
-0.031989
-0.032406
-0.032697
-0.032853
-0.032863
-0.032719
-0.032411
-0.031929
-0.031265
-0.030410
-0.029356
-0.028097
-0.026627
-0.024941
-0.023036
-0.020909
-0.018559
-0.015989
-0.013200
-0.010199
-0.006991
-0.003585
0.003686
0.007135
0.010338
0.013293
0.015999
0.018461
0.020680
0.022664
0.024420
0.025955
0.027280
0.028404
0.029339
0.030095
0.030683
0.031115
0.031403
0.031555
0.031584
0.031499
0.031309
0.031023
0.030648
0.030194
0.029665
0.029069
0.028411
0.027696
0.026929
0.026114
0.025253
0.024351
0.023410
0.022432
0.021420
0.020375
0.019299
0.018194
0.017062
0.015902
0.014717
0.013507
0.012273
0.011017
0.009739
0.008439
0.007120
0.005782
0.004426
0.003052
0.001663
0.000259
-0.001159
-0.002589
-0.004030
-0.005480
-0.006937
-0.008399
-0.009864
-0.011330
-0.012794
-0.014253
-0.015703
-0.017142
-0.018565
-0.019969
-0.021348
-0.022697
-0.024012
-0.025286
-0.026513
-0.027686
-0.028799
-0.029843
-0.030810
-0.031692
-0.032480
-0.033165
-0.033737
-0.034186
-0.034502
-0.034674
-0.034693
-0.034549
-0.034230
-0.033728
-0.033032
-0.032135
-0.031027
-0.029702
-0.028153
-0.026375
-0.024364
-0.022118
-0.019636
-0.016919
-0.013971
-0.010797
-0.007402
-0.003797
0.003892
0.007531
0.010907
0.014019
0.016869
0.019458
0.021792
0.023876
0.025719
0.027329
0.028717
0.029894
0.030872
0.031661
0.032274
0.032724
0.033021
0.033177
0.033203
0.033109
0.032906
0.032602
0.032207
0.031727
0.031170
0.030543
0.029851
0.029100
0.028294
0.027438
0.026535
0.025589
0.024602
0.023577
0.022517
0.021422
0.020296
0.019139
0.017952
0.016738
0.015497
0.014231
0.012939
0.011624
0.010285
0.008925
0.007543
0.006142
0.004721
0.003282
0.001825
0.000353
-0.001134
-0.002635
-0.004147
-0.005669
-0.007200
-0.008736
-0.010277
-0.011819
-0.013360
-0.014897
-0.016426
-0.017943
-0.019445
-0.020927
-0.022384
-0.023811
-0.025202
-0.026551
-0.027852
-0.029096
-0.030277
-0.031386
-0.032415
-0.033355
-0.034195
-0.034927
-0.035540
-0.036023
-0.036365
-0.036556
-0.036585
-0.036440
-0.036112
-0.035589
-0.034862
-0.033921
-0.032757
-0.031363
-0.029732
-0.027859
-0.025739
-0.023370
-0.020751
-0.017883
-0.014769
-0.011415
-0.007828
-0.004016
0.004103
0.007936
0.011491
0.014766
0.017762
0.020482
0.022933
0.025120
0.027052
0.028739
0.030192
0.031423
0.032444
0.033268
0.033906
0.034373
0.034680
0.034839
0.034862
0.034760
0.034543
0.034221
0.033803
0.033298
0.032712
0.032052
0.031326
0.030538
0.029693
0.028795
0.027849
0.026858
0.025825
0.024753
0.023643
0.022498
0.021320
0.020110
0.018869
0.017600
0.016302
0.014978
0.013628
0.012253
0.010854
0.009431
0.007986
0.006520
0.005034
0.003528
0.002003
0.000462
-0.001096
-0.002668
-0.004253
-0.005849
-0.007455
-0.009068
-0.010686
-0.012307
-0.013927
-0.015544
-0.017154
-0.018752
-0.020335
-0.021899
-0.023437
-0.024945
-0.026416
-0.027844
-0.029221
-0.030540
-0.031793
-0.032971
-0.034065
-0.035065
-0.035961
-0.036743
-0.037399
-0.037919
-0.038290
-0.038501
-0.038541
-0.038398
-0.038060
-0.037517
-0.036757
-0.035772
-0.034550
-0.033085
-0.031370
-0.029397
-0.027164
-0.024667
-0.021906
-0.018881
-0.015595
-0.012055
-0.008268
-0.004243
0.004319
0.008353
0.012091
0.015532
0.018679
0.021535
0.024105
0.026397
0.028421
0.030187
0.031707
0.032993
0.034058
0.034916
0.035581
0.036065
0.036381
0.036543
0.036563
0.036451
0.036221
0.035880
0.035439
0.034907
0.034291
0.033599
0.032837
0.032011
0.031126
0.030187
0.029197
0.028160
0.027080
0.025959
0.024799
0.023603
0.022372
0.021108
0.019813
0.018488
0.017133
0.015751
0.014341
0.012905
0.011444
0.009959
0.008450
0.006919
0.005366
0.003792
0.002199
0.000587
-0.001042
-0.002687
-0.004347
-0.006019
-0.007702
-0.009393
-0.011091
-0.012792
-0.014494
-0.016193
-0.017886
-0.019569
-0.021236
-0.022884
-0.024507
-0.026099
-0.027653
-0.029163
-0.030621
-0.032018
-0.033347
-0.034598
-0.035760
-0.036825
-0.037780
-0.038615
-0.039318
-0.039877
-0.040280
-0.040513
-0.040566
-0.040425
-0.040079
-0.039515
-0.038723
-0.037691
-0.036411
-0.034873
-0.033069
-0.030994
-0.028643
-0.026014
-0.023104
-0.019916
-0.016453
-0.012719
-0.008725
-0.004477
0.004542
0.008781
0.012707
0.016320
0.019622
0.022616
0.025309
0.027710
0.029828
0.031674
0.033262
0.034605
0.035716
0.036609
0.037299
0.037801
0.038127
0.038291
0.038307
0.038186
0.037941
0.037581
0.037116
0.036557
0.035911
0.035185
0.034386
0.033521
0.032595
0.031613
0.030578
0.029495
0.028367
0.027196
0.025986
0.024738
0.023454
0.022136
0.020785
0.019403
0.017990
0.016549
0.015079
0.013582
0.012059
0.010510
0.008937
0.007339
0.005719
0.004076
0.002413
0.000729
-0.000973
-0.002692
-0.004427
-0.006176
-0.007938
-0.009709
-0.011488
-0.013272
-0.015058
-0.016843
-0.018622
-0.020391
-0.022146
-0.023882
-0.025593
-0.027272
-0.028914
-0.030510
-0.032052
-0.033532
-0.034940
-0.036268
-0.037503
-0.038636
-0.039654
-0.040546
-0.041299
-0.041901
-0.042337
-0.042596
-0.042664
-0.042527
-0.042173
-0.041589
-0.040763
-0.039685
-0.038343
-0.036729
-0.034834
-0.032653
-0.030180
-0.027412
-0.024349
-0.020991
-0.017343
-0.013409
-0.009198
-0.004721
0.004771
0.009222
0.013341
0.017131
0.020591
0.023728
0.026547
0.029059
0.031274
0.033203
0.034861
0.036261
0.037418
0.038347
0.039064
0.039583
0.039918
0.040085
0.040097
0.039966
0.039705
0.039325
0.038836
0.038248
0.037570
0.036810
0.035974
0.035070
0.034102
0.033075
0.031995
0.030865
0.029688
0.028467
0.027205
0.025904
0.024566
0.023193
0.021786
0.020346
0.018875
0.017374
0.015844
0.014285
0.012699
0.011086
0.009446
0.007782
0.006093
0.004381
0.002647
0.000891
-0.000885
-0.002680
-0.004492
-0.006320
-0.008162
-0.010015
-0.011878
-0.013747
-0.015619
-0.017491
-0.019359
-0.021218
-0.023064
-0.024892
-0.026694
-0.028465
-0.030197
-0.031883
-0.033514
-0.035081
-0.036574
-0.037982
-0.039295
-0.040500
-0.041586
-0.042539
-0.043346
-0.043993
-0.044467
-0.044753
-0.044837
-0.044706
-0.044345
-0.043742
-0.042883
-0.041756
-0.040352
-0.038659
-0.036670
-0.034379
-0.031779
-0.028867
-0.025644
-0.022110
-0.018268
-0.014125
-0.009691
-0.004974
0.005007
0.009675
0.013994
0.017964
0.021589
0.024872
0.027821
0.030447
0.032761
0.034775
0.036504
0.037963
0.039167
0.040133
0.040876
0.041412
0.041758
0.041926
0.041933
0.041792
0.041515
0.041113
0.040599
0.039983
0.039272
0.038476
0.037602
0.036657
0.035646
0.034575
0.033448
0.032269
0.031043
0.029771
0.028457
0.027102
0.025710
0.024280
0.022817
0.021319
0.019789
0.018228
0.016636
0.015015
0.013365
0.011686
0.009981
0.008249
0.006491
0.004709
0.002902
0.001073
-0.000778
-0.002650
-0.004541
-0.006449
-0.008373
-0.010310
-0.012258
-0.014214
-0.016175
-0.018137
-0.020097
-0.022049
-0.023989
-0.025911
-0.027809
-0.029675
-0.031503
-0.033283
-0.035008
-0.036666
-0.038248
-0.039742
-0.041137
-0.042420
-0.043577
-0.044595
-0.045460
-0.046157
-0.046672
-0.046988
-0.047092
-0.046968
-0.046602
-0.045979
-0.045086
-0.043911
-0.042442
-0.040669
-0.038582
-0.036175
-0.033443
-0.030383
-0.026992
-0.023274
-0.019231
-0.014871
-0.010203
-0.005237
0.005250
0.010142
0.014666
0.018823
0.022616
0.026049
0.029133
0.031876
0.034291
0.036392
0.038194
0.039713
0.040965
0.041968
0.042738
0.043292
0.043646
0.043817
0.043818
0.043665
0.043371
0.042948
0.042408
0.041761
0.041017
0.040185
0.039271
0.038284
0.037230
0.036113
0.034938
0.033711
0.032433
0.031110
0.029742
0.028334
0.026885
0.025400
0.023878
0.022322
0.020733
0.019110
0.017457
0.015772
0.014058
0.012314
0.010542
0.008742
0.006914
0.005060
0.003181
0.001277
-0.000650
-0.002600
-0.004570
-0.006560
-0.008567
-0.010590
-0.012626
-0.014671
-0.016723
-0.018779
-0.020833
-0.022882
-0.024919
-0.026940
-0.028937
-0.030903
-0.032830
-0.034710
-0.036532
-0.038287
-0.039963
-0.041548
-0.043030
-0.044395
-0.045629
-0.046718
-0.047646
-0.048397
-0.048956
-0.049306
-0.049433
-0.049318
-0.048948
-0.048307
-0.047380
-0.046155
-0.044620
-0.042763
-0.040575
-0.038049
-0.035179
-0.031963
-0.028398
-0.024488
-0.020236
-0.015648
-0.010736
-0.005511
0.005500
0.010623
0.015358
0.019708
0.023674
0.027262
0.030483
0.033346
0.035865
0.038055
0.039932
0.041513
0.042814
0.043854
0.044652
0.045223
0.045587
0.045758
0.045754
0.045589
0.045277
0.044831
0.044264
0.043586
0.042807
0.041937
0.040983
0.039953
0.038853
0.037690
0.036467
0.035189
0.033861
0.032484
0.031063
0.029599
0.028095
0.026552
0.024972
0.023357
0.021707
0.020023
0.018307
0.016559
0.014780
0.012970
0.011130
0.009261
0.007363
0.005438
0.003485
0.001506
-0.000499
-0.002528
-0.004579
-0.006652
-0.008745
-0.010855
-0.012979
-0.015116
-0.017262
-0.019414
-0.021565
-0.023713
-0.025852
-0.027975
-0.030075
-0.032146
-0.034177
-0.036161
-0.038087
-0.039943
-0.041719
-0.043401
-0.044976
-0.046429
-0.047745
-0.048910
-0.049905
-0.050715
-0.051323
-0.051712
-0.051863
-0.051761
-0.051389
-0.050730
-0.049770
-0.048495
-0.046891
-0.044948
-0.042655
-0.040005
-0.036992
-0.033612
-0.029866
-0.025755
-0.021284
-0.016460
-0.011293
-0.005797
0.005757
0.011119
0.016072
0.020620
0.024764
0.028512
0.031874
0.034861
0.037487
0.039769
0.041722
0.043365
0.044716
0.045795
0.046619
0.047208
0.047580
0.047752
0.047742
0.047563
0.047233
0.046763
0.046167
0.045457
0.044642
0.043733
0.042738
0.041664
0.040519
0.039307
0.038035
0.036706
0.035325
0.033895
0.032419
0.030899
0.029338
0.027738
0.026099
0.024424
0.022713
0.020968
0.019188
0.017376
0.015531
0.013655
0.011747
0.009809
0.007840
0.005842
0.003815
0.001760
-0.000323
-0.002431
-0.004565
-0.006722
-0.008902
-0.011101
-0.013317
-0.015548
-0.017790
-0.020039
-0.022292
-0.024543
-0.026786
-0.029015
-0.031223
-0.033402
-0.035543
-0.037636
-0.039671
-0.041635
-0.043516
-0.045301
-0.046974
-0.048522
-0.049927
-0.051173
-0.052242
-0.053116
-0.053778
-0.054208
-0.054389
-0.054302
-0.053930
-0.053256
-0.052263
-0.050936
-0.049263
-0.047230
-0.044828
-0.042049
-0.038886
-0.035337
-0.031401
-0.027081
-0.022380
-0.017308
-0.011875
-0.006095
0.006024
0.011630
0.016809
0.021560
0.025889
0.029801
0.033308
0.036422
0.039159
0.041533
0.043565
0.045272
0.046674
0.047791
0.048643
0.049249
0.049629
0.049801
0.049783
0.049591
0.049240
0.048746
0.048120
0.047377
0.046525
0.045576
0.044538
0.043419
0.042226
0.040966
0.039643
0.038262
0.036828
0.035343
0.033812
0.032235
0.030617
0.028958
0.027260
0.025524
0.023752
0.021944
0.020101
0.018225
0.016314
0.014371
0.012395
0.010387
0.008347
0.006276
0.004174
0.002042
-0.000119
-0.002309
-0.004526
-0.006769
-0.009036
-0.011326
-0.013635
-0.015962
-0.018302
-0.020653
-0.023009
-0.025366
-0.027718
-0.030058
-0.032378
-0.034671
-0.036926
-0.039134
-0.041283
-0.043361
-0.045354
-0.047248
-0.049027
-0.050675
-0.052175
-0.053509
-0.054658
-0.055603
-0.056324
-0.056801
-0.057016
-0.056948
-0.056579
-0.055890
-0.054865
-0.053487
-0.051742
-0.049617
-0.047102
-0.044188
-0.040870
-0.037143
-0.033009
-0.028468
-0.023527
-0.018195
-0.012484
-0.006408
0.006298
0.012158
0.017569
0.022531
0.027049
0.031131
0.034788
0.038032
0.040881
0.043352
0.045463
0.047235
0.048689
0.049845
0.050724
0.051348
0.051736
0.051907
0.051880
0.051673
0.051302
0.050781
0.050125
0.049346
0.048456
0.047466
0.046384
0.045219
0.043977
0.042667
0.041292
0.039858
0.038370
0.036830
0.035242
0.033608
0.031931
0.030213
0.028455
0.026658
0.024824
0.022954
0.021047
0.019106
0.017130
0.015119
0.013074
0.010996
0.008884
0.006740
0.004563
0.002354
0.000113
-0.002158
-0.004459
-0.006789
-0.009145
-0.011527
-0.013931
-0.016356
-0.018797
-0.021252
-0.023715
-0.026181
-0.028645
-0.031100
-0.033537
-0.035948
-0.038323
-0.040652
-0.042921
-0.045119
-0.047231
-0.049241
-0.051134
-0.052890
-0.054493
-0.055922
-0.057157
-0.058179
-0.058966
-0.059496
-0.059749
-0.059704
-0.059341
-0.058640
-0.057583
-0.056154
-0.054336
-0.052116
-0.049484
-0.046430
-0.042949
-0.039037
-0.034694
-0.029923
-0.024731
-0.019126
-0.013123
-0.006735
0.006582
0.012704
0.018354
0.023533
0.028247
0.032504
0.036314
0.039693
0.042658
0.045227
0.047420
0.049258
0.050764
0.051960
0.052867
0.053507
0.053902
0.054072
0.054036
0.053812
0.053418
0.052870
0.052182
0.051367
0.050437
0.049404
0.048277
0.047064
0.045773
0.044411
0.042983
0.041495
0.039951
0.038355
0.036710
0.035018
0.033282
0.031504
0.029685
0.027827
0.025931
0.023998
0.022027
0.020021
0.017978
0.015900
0.013787
0.011638
0.009455
0.007237
0.004984
0.002697
0.000377
-0.001977
-0.004363
-0.006780
-0.009226
-0.011701
-0.014202
-0.016727
-0.019271
-0.021832
-0.024405
-0.026985
-0.029564
-0.032138
-0.034696
-0.037231
-0.039732
-0.042187
-0.044584
-0.046909
-0.049147
-0.051281
-0.053294
-0.055167
-0.056880
-0.058412
-0.059742
-0.060848
-0.061707
-0.062297
-0.062594
-0.062577
-0.062224
-0.061514
-0.060427
-0.058946
-0.057054
-0.054737
-0.051983
-0.048784
-0.045132
-0.041026
-0.036465
-0.031452
-0.025995
-0.020104
-0.013793
-0.007079
0.006875
0.013268
0.019165
0.024569
0.029485
0.033921
0.037890
0.041408
0.044491
0.047161
0.049437
0.051343
0.052902
0.054137
0.055072
0.055728
0.056130
0.056297
0.056250
0.056009
0.055592
0.055015
0.054293
0.053440
0.052469
0.051391
0.050217
0.048955
0.047613
0.046198
0.044716
0.043173
0.041573
0.039919
0.038216
0.036465
0.034670
0.032832
0.030952
0.029032
0.027074
0.025077
0.023042
0.020970
0.018861
0.016716
0.014534
0.012315
0.010060
0.007768
0.005440
0.003075
0.000675
-0.001762
-0.004233
-0.006738
-0.009276
-0.011846
-0.014445
-0.017071
-0.019721
-0.022391
-0.025076
-0.027772
-0.030472
-0.033168
-0.035853
-0.038517
-0.041149
-0.043738
-0.046269
-0.048728
-0.051100
-0.053366
-0.055508
-0.057505
-0.059337
-0.060981
-0.062414
-0.063613
-0.064553
-0.065209
-0.065557
-0.065573
-0.065235
-0.064519
-0.063404
-0.061872
-0.059904
-0.057487
-0.054608
-0.051257
-0.047428
-0.043118
-0.038327
-0.033060
-0.027324
-0.021132
-0.014498
-0.007440
0.007179
0.013851
0.020005
0.025640
0.030764
0.035386
0.039519
0.043178
0.046384
0.049156
0.051518
0.053493
0.055106
0.056381
0.057342
0.058014
0.058421
0.058585
0.058526
0.058267
0.057824
0.057216
0.056459
0.055567
0.054553
0.053429
0.052206
0.050893
0.049499
0.048030
0.046493
0.044893
0.043236
0.041524
0.039761
0.037951
0.036095
0.034196
0.032255
0.030273
0.028252
0.026191
0.024092
0.021955
0.019780
0.017567
0.015316
0.013027
0.010700
0.008335
0.005931
0.003489
0.001008
-0.001511
-0.004068
-0.006662
-0.009292
-0.011957
-0.014655
-0.017385
-0.020142
-0.022923
-0.025723
-0.028539
-0.031362
-0.034186
-0.037003
-0.039801
-0.042571
-0.045299
-0.047972
-0.050573
-0.053087
-0.055494
-0.057773
-0.059905
-0.061866
-0.063631
-0.065177
-0.066478
-0.067506
-0.068237
-0.068644
-0.068700
-0.068381
-0.067663
-0.066523
-0.064941
-0.062898
-0.060378
-0.057369
-0.053860
-0.049845
-0.045321
-0.040289
-0.034755
-0.028726
-0.022216
-0.015241
-0.007821
0.007493
0.014455
0.020873
0.026749
0.032088
0.036901
0.041202
0.045008
0.048339
0.051217
0.053666
0.055711
0.057377
0.058692
0.059680
0.060368
0.060779
0.060937
0.060866
0.060586
0.060116
0.059476
0.058681
0.057748
0.056689
0.055518
0.054245
0.052880
0.051431
0.049907
0.048313
0.046656
0.044939
0.043168
0.041346
0.039475
0.037558
0.035598
0.033595
0.031551
0.029466
0.027342
0.025179
0.022976
0.020735
0.018455
0.016136
0.013777
0.011379
0.008940
0.006461
0.003941
0.001381
-0.001221
-0.003864
-0.006547
-0.009270
-0.012031
-0.014830
-0.017663
-0.020529
-0.023424
-0.026343
-0.029281
-0.032232
-0.035188
-0.038140
-0.041079
-0.043992
-0.046867
-0.049689
-0.052441
-0.055105
-0.057662
-0.060090
-0.062366
-0.064465
-0.066363
-0.068032
-0.069444
-0.070572
-0.071387
-0.071860
-0.071964
-0.071672
-0.070956
-0.069794
-0.068164
-0.066044
-0.063420
-0.060276
-0.056603
-0.052394
-0.047646
-0.042361
-0.036544
-0.030206
-0.023361
-0.016026
-0.008222
0.007818
0.015080
0.021772
0.027896
0.033457
0.038468
0.042942
0.046899
0.050358
0.053344
0.055882
0.057998
0.059720
0.061074
0.062089
0.062790
0.063205
0.063357
0.063271
0.062968
0.062470
0.061795
0.060962
0.059985
0.058880
0.057659
0.056334
0.054915
0.053410
0.051829
0.050177
0.048461
0.046684
0.044853
0.042970
0.041038
0.039060
0.037037
0.034972
0.032865
0.030717
0.028529
0.026302
0.024035
0.021728
0.019381
0.016994
0.014566
0.012096
0.009585
0.007031
0.004435
0.001794
-0.000890
-0.003618
-0.006390
-0.009206
-0.012064
-0.014964
-0.017903
-0.020879
-0.023889
-0.026929
-0.029993
-0.033074
-0.036166
-0.039260
-0.042344
-0.045408
-0.048437
-0.051415
-0.054326
-0.057151
-0.059867
-0.062454
-0.064885
-0.067135
-0.069176
-0.070980
-0.072516
-0.073754
-0.074663
-0.075213
-0.075373
-0.075114
-0.074407
-0.073228
-0.071551
-0.069356
-0.066624
-0.063342
-0.059498
-0.055086
-0.050102
-0.044551
-0.038437
-0.031772
-0.024571
-0.016856
-0.008647
0.008155
0.015728
0.022704
0.029084
0.034876
0.040090
0.044743
0.048855
0.052446
0.055543
0.058171
0.060359
0.062136
0.063530
0.064570
0.065285
0.065702
0.065846
0.065743
0.065416
0.064887
0.064176
0.063301
0.062279
0.061125
0.059852
0.058473
0.056998
0.055437
0.053796
0.052085
0.050308
0.048471
0.046578
0.044633
0.042639
0.040599
0.038514
0.036386
0.034216
0.032005
0.029754
0.027462
0.025131
0.022758
0.020345
0.017891
0.015394
0.012854
0.010271
0.007643
0.004970
0.002251
-0.000515
-0.003328
-0.006189
-0.009097
-0.012052
-0.015054
-0.018099
-0.021187
-0.024314
-0.027476
-0.030668
-0.033884
-0.037116
-0.040356
-0.043592
-0.046812
-0.050002
-0.053145
-0.056224
-0.059219
-0.062106
-0.064862
-0.067460
-0.069873
-0.072070
-0.074021
-0.075694
-0.077054
-0.078070
-0.078708
-0.078934
-0.078717
-0.078026
-0.076834
-0.075114
-0.072844
-0.070005
-0.066580
-0.062558
-0.057933
-0.052703
-0.046870
-0.040442
-0.033431
-0.025855
-0.017736
-0.009098
0.008505
0.016400
0.023670
0.030316
0.036345
0.041770
0.046608
0.050878
0.054605
0.057815
0.060536
0.062797
0.064629
0.066062
0.067128
0.067854
0.068271
0.068405
0.068284
0.067931
0.067369
0.066619
0.065700
0.064630
0.063425
0.062099
0.060664
0.059131
0.057510
0.055809
0.054037
0.052198
0.050299
0.048343
0.046336
0.044279
0.042176
0.040028
0.037837
0.035604
0.033330
0.031015
0.028660
0.026264
0.023827
0.021348
0.018827
0.016263
0.013654
0.011000
0.008299
0.005551
0.002754
-0.000093
-0.002991
-0.005939
-0.008940
-0.011991
-0.015094
-0.018246
-0.021447
-0.024692
-0.027978
-0.031302
-0.034655
-0.038031
-0.041421
-0.044814
-0.048197
-0.051556
-0.054873
-0.058129
-0.061304
-0.064372
-0.067310
-0.070088
-0.072677
-0.075044
-0.077157
-0.078980
-0.080477
-0.081612
-0.082350
-0.082653
-0.082489
-0.081823
-0.080624
-0.078866
-0.076523
-0.073574
-0.070002
-0.065797
-0.060950
-0.055460
-0.049330
-0.042570
-0.035193
-0.027218
-0.018671
-0.009576
0.008868
0.017098
0.024672
0.031593
0.037869
0.043512
0.048539
0.052974
0.056839
0.060165
0.062979
0.065314
0.067202
0.068674
0.069763
0.070500
0.070915
0.071038
0.070896
0.070513
0.069916
0.069125
0.068160
0.067040
0.065781
0.064399
0.062905
0.061312
0.059630
0.057867
0.056032
0.054130
0.052167
0.050148
0.048077
0.045956
0.043790
0.041578
0.039324
0.037028
0.034691
0.032313
0.029895
0.027435
0.024934
0.022391
0.019804
0.017173
0.014496
0.011773
0.009000
0.006178
0.003305
0.000378
-0.002602
-0.005638
-0.008729
-0.011877
-0.015081
-0.018340
-0.021653
-0.025017
-0.028430
-0.031886
-0.035380
-0.038904
-0.042449
-0.046004
-0.049557
-0.053091
-0.056590
-0.060033
-0.063398
-0.066661
-0.069793
-0.072765
-0.075544
-0.078096
-0.080385
-0.082374
-0.084023
-0.085293
-0.086145
-0.086539
-0.086439
-0.085807
-0.084610
-0.082819
-0.080405
-0.077346
-0.073625
-0.069229
-0.064150
-0.058387
-0.051945
-0.044833
-0.037067
-0.028669
-0.019666
-0.010086
0.009245
0.017822
0.025712
0.032919
0.039449
0.045317
0.050541
0.055144
0.059152
0.062595
0.065505
0.067915
0.069858
0.071368
0.072479
0.073225
0.073637
0.073746
0.073580
0.073166
0.072530
0.071695
0.070681
0.069508
0.068193
0.066752
0.065198
0.063543
0.061797
0.059970
0.058070
0.056103
0.054075
0.051991
0.049855
0.047671
0.045440
0.043165
0.040847
0.038488
0.036088
0.033648
0.031167
0.028644
0.026080
0.023473
0.020822
0.018126
0.015382
0.012591
0.009748
0.006854
0.003906
0.000901
-0.002161
-0.005282
-0.008463
-0.011705
-0.015009
-0.018374
-0.021800
-0.025284
-0.028823
-0.032414
-0.036051
-0.039726
-0.043430
-0.047153
-0.050881
-0.054599
-0.058288
-0.061928
-0.065495
-0.068964
-0.072303
-0.075483
-0.078468
-0.081222
-0.083705
-0.085876
-0.087694
-0.089116
-0.090098
-0.090598
-0.090575
-0.089989
-0.088804
-0.086986
-0.084505
-0.081338
-0.077464
-0.072871
-0.067550
-0.061501
-0.054728
-0.047244
-0.039065
-0.030217
-0.020728
-0.010629
0.009637
0.018575
0.026793
0.034296
0.041090
0.047190
0.052616
0.057392
0.061547
0.065111
0.068117
0.070602
0.072599
0.074147
0.075280
0.076032
0.076438
0.076530
0.076337
0.075889
0.075212
0.074329
0.073264
0.072035
0.070662
0.069159
0.067541
0.065821
0.064010
0.062117
0.060150
0.058117
0.056022
0.053872
0.051671
0.049421
0.047125
0.044786
0.042405
0.039983
0.037520
0.035017
0.032474
0.029890
0.027263
0.024594
0.021880
0.019120
0.016312
0.013454
0.010544
0.007580
0.004558
0.001478
-0.001663
-0.004867
-0.008136
-0.011472
-0.014875
-0.018345
-0.021882
-0.025486
-0.029152
-0.032879
-0.036660
-0.040489
-0.044356
-0.048251
-0.052161
-0.056069
-0.059958
-0.063805
-0.067585
-0.071272
-0.074834
-0.078237
-0.081444
-0.084416
-0.087111
-0.089484
-0.091490
-0.093082
-0.094213
-0.094836
-0.094906
-0.094380
-0.093217
-0.091381
-0.088839
-0.085565
-0.081536
-0.076740
-0.071167
-0.064817
-0.057695
-0.049816
-0.041198
-0.031870
-0.021863
-0.011211
0.010044
0.019358
0.027917
0.035727
0.042794
0.049135
0.054770
0.059724
0.064028
0.067714
0.070819
0.073379
0.075431
0.077014
0.078166
0.078923
0.079320
0.079392
0.079171
0.078685
0.077963
0.077030
0.075909
0.074621
0.073185
0.071618
0.069935
0.068147
0.066268
0.064306
0.062271
0.060169
0.058007
0.055789
0.053521
0.051205
0.048844
0.046440
0.043996
0.041510
0.038986
0.036421
0.033817
0.031171
0.028484
0.025754
0.022979
0.020157
0.017286
0.014364
0.011388
0.008356
0.005265
0.002111
-0.001107
-0.004392
-0.007746
-0.011173
-0.014672
-0.018246
-0.021894
-0.025616
-0.029410
-0.033272
-0.037199
-0.041184
-0.045217
-0.049289
-0.053386
-0.057492
-0.061588
-0.065652
-0.069657
-0.073576
-0.077374
-0.081017
-0.084464
-0.087674
-0.090600
-0.093196
-0.095410
-0.097193
-0.098493
-0.099258
-0.099440
-0.098989
-0.097862
-0.096018
-0.093422
-0.090044
-0.085860
-0.080855
-0.075019
-0.068353
-0.060864
-0.052565
-0.043481
-0.033640
-0.023078
-0.011833
0.010469
0.020172
0.029087
0.037215
0.044566
0.051155
0.057005
0.062142
0.066599
0.070411
0.073614
0.076249
0.078355
0.079973
0.081142
0.081900
0.082286
0.082335
0.082080
0.081553
0.080783
0.079796
0.078616
0.077266
0.075765
0.074130
0.072377
0.070520
0.068570
0.066537
0.064431
0.062259
0.060027
0.057740
0.055404
0.053021
0.050594
0.048126
0.045617
0.043069
0.040483
0.037857
0.035192
0.032487
0.029740
0.026951
0.024116
0.021235
0.018304
0.015320
0.012281
0.009184
0.006026
0.002802
-0.000490
-0.003853
-0.007290
-0.010804
-0.014398
-0.018072
-0.021829
-0.025668
-0.029588
-0.033586
-0.037660
-0.041801
-0.046004
-0.050256
-0.054546
-0.058856
-0.063168
-0.067458
-0.071700
-0.075863
-0.079913
-0.083813
-0.087518
-0.090986
-0.094165
-0.097005
-0.099451
-0.101448
-0.102939
-0.103869
-0.104182
-0.103826
-0.102751
-0.100912
-0.098270
-0.094793
-0.090453
-0.085235
-0.079127
-0.072130
-0.064251
-0.055509
-0.045926
-0.035538
-0.024383
-0.012502
0.010911
0.021021
0.030305
0.038764
0.046409
0.053255
0.059326
0.064652
0.069265
0.073204
0.076507
0.079217
0.081376
0.083026
0.084209
0.084966
0.085337
0.085359
0.085067
0.084495
0.083672
0.082627
0.081385
0.079968
0.078398
0.076692
0.074867
0.072936
0.070913
0.068807
0.066628
0.064383
0.062080
0.059723
0.057318
0.054867
0.052374
0.049840
0.047267
0.044657
0.042009
0.039323
0.036598
0.033835
0.031031
0.028184
0.025292
0.022353
0.019364
0.016321
0.013223
0.010064
0.006841
0.003551
0.000189
-0.003248
-0.006764
-0.010363
-0.014047
-0.017820
-0.021682
-0.025636
-0.029680
-0.033813
-0.038032
-0.042332
-0.046705
-0.051141
-0.055628
-0.060148
-0.064683
-0.069209
-0.073699
-0.078121
-0.082439
-0.086612
-0.090596
-0.094341
-0.097796
-0.100904
-0.103607
-0.105843
-0.107552
-0.108670
-0.109139
-0.108898
-0.107894
-0.106075
-0.103400
-0.099830
-0.095336
-0.089900
-0.083511
-0.076167
-0.067878
-0.058664
-0.048551
-0.037577
-0.025785
-0.013222
0.011373
0.021907
0.031574
0.040377
0.048326
0.055438
0.061738
0.067257
0.072031
0.076098
0.079502
0.082286
0.084496
0.086176
0.087370
0.088123
0.088475
0.088465
0.088133
0.087510
0.086631
0.085523
0.084214
0.082727
0.081083
0.079303
0.077402
0.075395
0.073295
0.071113
0.068859
0.066540
0.064163
0.061735
0.059259
0.056739
0.054179
0.051579
0.048943
0.046270
0.043561
0.040815
0.038033
0.035212
0.032352
0.029449
0.026503
0.023509
0.020465
0.017367
0.014212
0.010995
0.007712
0.004359
0.000931
-0.002576
-0.006167
-0.009846
-0.013617
-0.017484
-0.021448
-0.025513
-0.029679
-0.033945
-0.038309
-0.042766
-0.047310
-0.051932
-0.056619
-0.061355
-0.066121
-0.070892
-0.075641
-0.080334
-0.084935
-0.089400
-0.093682
-0.097729
-0.101483
-0.104886
-0.107872
-0.110376
-0.112329
-0.113664
-0.114314
-0.114213
-0.113301
-0.111522
-0.108826
-0.105173
-0.100529
-0.094873
-0.088193
-0.080487
-0.071766
-0.062051
-0.051372
-0.039771
-0.027296
-0.013997
0.011854
0.022830
0.032898
0.042059
0.050323
0.057711
0.064246
0.069964
0.074900
0.079098
0.082603
0.085460
0.087719
0.089425
0.090628
0.091371
0.091700
0.091655
0.091276
0.090599
0.089658
0.088483
0.087102
0.085540
0.083820
0.081961
0.079980
0.077893
0.075714
0.073453
0.071121
0.068725
0.066274
0.063771
0.061224
0.058634
0.056005
0.053340
0.050640
0.047905
0.045135
0.042331
0.039492
0.036616
0.033701
0.030745
0.027746
0.024700
0.021605
0.018455
0.015246
0.011975
0.008637
0.005225
0.001736
-0.001836
-0.005497
-0.009252
-0.013105
-0.017060
-0.021123
-0.025295
-0.029578
-0.033974
-0.038480
-0.043094
-0.047809
-0.052618
-0.057507
-0.062463
-0.067465
-0.072490
-0.077509
-0.082487
-0.087386
-0.092161
-0.096762
-0.101132
-0.105212
-0.108937
-0.112235
-0.115037
-0.117266
-0.118848
-0.119709
-0.119776
-0.118982
-0.117264
-0.114566
-0.110841
-0.106053
-0.100176
-0.093196
-0.085113
-0.075936
-0.065690
-0.054407
-0.042135
-0.028926
-0.014835
0.012357
0.023795
0.034279
0.043812
0.052405
0.060077
0.066855
0.072776
0.077879
0.082208
0.085813
0.088743
0.091047
0.092778
0.093984
0.094714
0.095014
0.094928
0.094498
0.093761
0.092753
0.091506
0.090048
0.088406
0.086604
0.084662
0.082598
0.080428
0.078165
0.075822
0.073409
0.070935
0.068406
0.065828
0.063208
0.060547
0.057850
0.055118
0.052353
0.049557
0.046728
0.043866
0.040971
0.038041
0.035074
0.032068
0.029019
0.025924
0.022780
0.019581
0.016324
0.013003
0.009613
0.006149
0.002603
-0.001029
-0.004754
-0.008578
-0.012507
-0.016547
-0.020701
-0.024976
-0.029372
-0.033893
-0.038538
-0.043305
-0.048190
-0.053185
-0.058279
-0.063458
-0.068702
-0.073987
-0.079285
-0.084561
-0.089773
-0.094876
-0.099817
-0.104535
-0.108967
-0.113042
-0.116684
-0.119816
-0.122355
-0.124218
-0.125324
-0.125591
-0.124944
-0.123311
-0.120631
-0.116850
-0.111926
-0.105830
-0.098545
-0.090069
-0.080414
-0.069604
-0.057678
-0.044686
-0.030687
-0.015741
0.012884
0.024803
0.035722
0.045643
0.054576
0.062542
0.069570
0.075699
0.080971
0.085434
0.089138
0.092137
0.094485
0.096235
0.097440
0.098151
0.098418
0.098285
0.097798
0.096995
0.095914
0.094588
0.093048
0.091322
0.089433
0.087403
0.085251
0.082993
0.080644
0.078216
0.075720
0.073164
0.070555
0.067901
0.065205
0.062473
0.059706
0.056907
0.054079
0.051220
0.048332
0.045414
0.042465
0.039483
0.036466
0.033411
0.030315
0.027175
0.023986
0.020743
0.017441
0.014076
0.010640
0.007127
0.003531
-0.000155
-0.003939
-0.007826
-0.011825
-0.015941
-0.020182
-0.024551
-0.029055
-0.033696
-0.038475
-0.043392
-0.048443
-0.053622
-0.058921
-0.064324
-0.069813
-0.075365
-0.080951
-0.086535
-0.092076
-0.097525
-0.102825
-0.107916
-0.112727
-0.117183
-0.121202
-0.124699
-0.127584
-0.129766
-0.131153
-0.131656
-0.131189
-0.129673
-0.127036
-0.123218
-0.118170
-0.111859
-0.104263
-0.095381
-0.085223
-0.073816
-0.061204
-0.047440
-0.032591
-0.016723
0.013435
0.025858
0.037231
0.047555
0.056841
0.065111
0.072397
0.078739
0.084182
0.088778
0.092581
0.095648
0.098035
0.099800
0.100998
0.101685
0.101911
0.101725
0.101173
0.100298
0.099138
0.097728
0.096100
0.094283
0.092302
0.090179
0.087935
0.085586
0.083146
0.080629
0.078046
0.075406
0.072715
0.069982
0.067210
0.064404
0.061568
0.058702
0.055809
0.052889
0.049943
0.046969
0.043968
0.040935
0.037871
0.034770
0.031631
0.028448
0.025218
0.021935
0.018594
0.015188
0.011711
0.008156
0.004516
0.000783
-0.003052
-0.006996
-0.011057
-0.015243
-0.019561
-0.024020
-0.028623
-0.033377
-0.038284
-0.043345
-0.048558
-0.053919
-0.059419
-0.065046
-0.070783
-0.076606
-0.082487
-0.088390
-0.094272
-0.100083
-0.105765
-0.111252
-0.116470
-0.121338
-0.125769
-0.129668
-0.132939
-0.135480
-0.137190
-0.137968
-0.137720
-0.136354
-0.133790
-0.129958
-0.124803
-0.118283
-0.110375
-0.101073
-0.090389
-0.078352
-0.065008
-0.050418
-0.034653
-0.017787
0.014012
0.026964
0.038811
0.049554
0.059207
0.067791
0.075342
0.081901
0.087518
0.092247
0.096147
0.099277
0.101699
0.103473
0.104659
0.105313
0.105492
0.105246
0.104623
0.103668
0.102421
0.100920
0.099198
0.097285
0.095206
0.092985
0.090643
0.088198
0.085664
0.083055
0.080382
0.077654
0.074879
0.072065
0.069215
0.066335
0.063427
0.060494
0.057537
0.054556
0.051552
0.048525
0.045471
0.042391
0.039281
0.036138
0.032958
0.029736
0.026469
0.023151
0.019775
0.016335
0.012823
0.009233
0.005555
0.001781
-0.002097
-0.006089
-0.010205
-0.014452
-0.018841
-0.023379
-0.028074
-0.032932
-0.037959
-0.043157
-0.048526
-0.054063
-0.059762
-0.065611
-0.071595
-0.077692
-0.083873
-0.090103
-0.096338
-0.102527
-0.108610
-0.114516
-0.120169
-0.125482
-0.130359
-0.134701
-0.138399
-0.141343
-0.143420
-0.144519
-0.144532
-0.143357
-0.140900
-0.137083
-0.131840
-0.125123
-0.116903
-0.107172
-0.095939
-0.083236
-0.069114
-0.053637
-0.036887
-0.018942
0.014618
0.028122
0.040464
0.051646
0.061679
0.070588
0.078410
0.085191
0.090983
0.095845
0.099838
0.103028
0.105479
0.107256
0.108422
0.109037
0.109160
0.108845
0.108143
0.107101
0.105760
0.104161
0.102337
0.100321
0.098138
0.095814
0.093369
0.090823
0.088190
0.085484
0.082718
0.079900
0.077039
0.074141
0.071212
0.068256
0.065276
0.062275
0.059253
0.056212
0.053152
0.050071
0.046968
0.043842
0.040688
0.037505
0.034288
0.031032
0.027733
0.024383
0.020978
0.017509
0.013969
0.010349
0.006641
0.002835
-0.001079
-0.005111
-0.009272
-0.013572
-0.018021
-0.022629
-0.027406
-0.032360
-0.037497
-0.042823
-0.048339
-0.054045
-0.059937
-0.066004
-0.072233
-0.078604
-0.085088
-0.091651
-0.098249
-0.104829
-0.111330
-0.117679
-0.123794
-0.129583
-0.134944
-0.139768
-0.143938
-0.147333
-0.149826
-0.151295
-0.151617
-0.150677
-0.148370
-0.144601
-0.139297
-0.132399
-0.123872
-0.113702
-0.101899
-0.088496
-0.073545
-0.057120
-0.039308
-0.020196
0.015255
0.029338
0.042198
0.053836
0.064264
0.073508
0.081609
0.088615
0.094583
0.099576
0.103660
0.106904
0.109377
0.111149
0.112286
0.112854
0.112913
0.112520
0.111730
0.110591
0.109149
0.107443
0.105511
0.103383
0.101090
0.098657
0.096104
0.093451
0.090715
0.087909
0.085045
0.082134
0.079184
0.076200
0.073190
0.070157
0.067104
0.064034
0.060948
0.057847
0.054731
0.051598
0.048448
0.045277
0.042084
0.038864
0.035613
0.032326
0.028999
0.025623
0.022194
0.018702
0.015140
0.011498
0.007767
0.003936
-0.000005
-0.004068
-0.008264
-0.012606
-0.017104
-0.021772
-0.026620
-0.031658
-0.036895
-0.042338
-0.047992
-0.053858
-0.059933
-0.066212
-0.072681
-0.079323
-0.086110
-0.093009
-0.099977
-0.106961
-0.113896
-0.120709
-0.127312
-0.133609
-0.139490
-0.144838
-0.149526
-0.153421
-0.156384
-0.158276
-0.158961
-0.158308
-0.156195
-0.152517
-0.147183
-0.140125
-0.131300
-0.120687
-0.108295
-0.094156
-0.078327
-0.060888
-0.041933
-0.021558
0.015924
0.030614
0.044017
0.056130
0.066968
0.076559
0.084945
0.092180
0.098324
0.103445
0.107615
0.110906
0.113394
0.115152
0.116252
0.116761
0.116746
0.116266
0.115378
0.114133
0.112580
0.110759
0.108709
0.106464
0.104054
0.101504
0.098837
0.096073
0.093228
0.090318
0.087353
0.084346
0.081303
0.078232
0.075138
0.072027
0.068900
0.065762
0.062611
0.059451
0.056279
0.053096
0.049899
0.046687
0.043456
0.040202
0.036921
0.033608
0.030256
0.026860
0.023412
0.019904
0.016326
0.012670
0.008924
0.005077
0.001118
-0.002965
-0.007187
-0.011560
-0.016097
-0.020813
-0.025719
-0.030829
-0.036153
-0.041701
-0.047480
-0.053494
-0.059743
-0.066224
-0.072925
-0.079832
-0.086920
-0.094156
-0.101497
-0.108892
-0.116275
-0.123569
-0.130685
-0.137519
-0.143957
-0.149872
-0.155125
-0.159572
-0.163060
-0.165434
-0.166541
-0.166232
-0.164369
-0.160828
-0.155503
-0.148314
-0.139206
-0.128150
-0.115152
-0.100244
-0.083485
-0.064962
-0.044778
-0.023039
0.016628
0.031957
0.045927
0.058536
0.069799
0.079747
0.088425
0.095891
0.102210
0.107456
0.111705
0.115036
0.117530
0.119264
0.120315
0.120755
0.120654
0.120075
0.119078
0.117718
0.116043
0.114098
0.111923
0.109552
0.107017
0.104344
0.101556
0.098675
0.095717
0.092698
0.089629
0.086521
0.083383
0.080222
0.077044
0.073853
0.070652
0.067443
0.064229
0.061009
0.057783
0.054551
0.051310
0.048058
0.044792
0.041508
0.038200
0.034865
0.031494
0.028083
0.024622
0.021103
0.017517
0.013854
0.010101
0.006248
0.002280
-0.001814
-0.006050
-0.010443
-0.015006
-0.019757
-0.024708
-0.029876
-0.035273
-0.040912
-0.046802
-0.052950
-0.059359
-0.066029
-0.072952
-0.080115
-0.087497
-0.095066
-0.102782
-0.110592
-0.118432
-0.126223
-0.133872
-0.141272
-0.148301
-0.154823
-0.160690
-0.165744
-0.169816
-0.172734
-0.174328
-0.174427
-0.172874
-0.169526
-0.164258
-0.156974
-0.147603
-0.136111
-0.122494
-0.106784
-0.089044
-0.069366
-0.047862
-0.024647
0.017370
0.033370
0.047935
0.061061
0.072765
0.083080
0.092056
0.099754
0.106246
0.111611
0.115932
0.119294
0.121782
0.123481
0.124470
0.124829
0.124630
0.123941
0.122823
0.121336
0.119529
0.117450
0.115139
0.112634
0.109966
0.107162
0.104248
0.101244
0.098168
0.095035
0.091857
0.088646
0.085411
0.082157
0.078892
0.075620
0.072343
0.069065
0.065787
0.062508
0.059230
0.055950
0.052666
0.049377
0.046079
0.042767
0.039437
0.036083
0.032699
0.029277
0.025810
0.022287
0.018700
0.015037
0.011286
0.007435
0.003469
-0.000626
-0.004865
-0.009265
-0.013842
-0.018613
-0.023595
-0.028806
-0.034260
-0.039974
-0.045958
-0.052224
-0.058778
-0.065622
-0.072752
-0.080159
-0.087823
-0.095717
-0.103803
-0.112029
-0.120331
-0.128629
-0.136829
-0.144819
-0.152471
-0.159642
-0.166170
-0.171885
-0.176602
-0.180132
-0.182281
-0.182860
-0.181686
-0.178595
-0.173440
-0.166104
-0.156502
-0.144585
-0.130342
-0.113802
-0.095029
-0.074122
-0.051202
-0.026394
0.018152
0.034859
0.050047
0.063713
0.075874
0.086566
0.095844
0.103775
0.110437
0.115915
0.120298
0.123679
0.126149
0.127798
0.128713
0.128977
0.128665
0.127852
0.126601
0.124974
0.123024
0.120799
0.118344
0.115695
0.112885
0.109944
0.106896
0.103763
0.100563
0.097312
0.094022
0.090704
0.087368
0.084020
0.080666
0.077312
0.073959
0.070611
0.067269
0.063932
0.060602
0.057276
0.053952
0.050628
0.047301
0.043965
0.040616
0.037249
0.033856
0.030429
0.026961
0.023441
0.019860
0.016205
0.012464
0.008624
0.004670
0.000587
-0.003644
-0.008038
-0.012615
-0.017393
-0.022391
-0.027628
-0.033122
-0.038892
-0.044953
-0.051318
-0.057997
-0.064996
-0.072316
-0.079950
-0.087882
-0.096090
-0.104536
-0.113173
-0.121937
-0.130748
-0.139512
-0.148112
-0.156415
-0.164270
-0.171506
-0.177937
-0.183362
-0.187572
-0.190352
-0.191486
-0.190769
-0.188007
-0.183031
-0.175698
-0.165903
-0.153582
-0.138713
-0.121319
-0.101464
-0.079253
-0.054816
-0.028290
0.018979
0.036429
0.052271
0.066499
0.079134
0.090214
0.099798
0.107961
0.114786
0.120368
0.124802
0.128189
0.130626
0.132211
0.133035
0.133187
0.132748
0.131795
0.130397
0.128616
0.126511
0.124130
0.121518
0.118716
0.115757
0.112670
0.109482
0.106214
0.102884
0.099510
0.096103
0.092676
0.089236
0.085791
0.082348
0.078910
0.075481
0.072063
0.068657
0.065263
0.061882
0.058512
0.055150
0.051794
0.048441
0.045085
0.041722
0.038345
0.034947
0.031521
0.028058
0.024548
0.020980
0.017342
0.013620
0.009801
0.005869
0.001807
-0.002402
-0.006778
-0.011341
-0.016110
-0.021106
-0.026353
-0.031869
-0.037676
-0.043793
-0.050236
-0.057019
-0.064152
-0.071640
-0.079480
-0.087661
-0.096165
-0.104957
-0.113993
-0.123213
-0.132538
-0.141871
-0.151096
-0.160074
-0.168646
-0.176632
-0.183831
-0.190027
-0.194989
-0.198478
-0.200252
-0.200076
-0.197726
-0.193004
-0.185740
-0.175803
-0.163109
-0.147621
-0.129354
-0.108371
-0.084780
-0.058723
-0.030346
0.019854
0.038088
0.054615
0.069430
0.082554
0.094030
0.103923
0.112315
0.119297
0.124971
0.129443
0.132819
0.135207
0.136709
0.137424
0.137447
0.136863
0.135755
0.134193
0.132246
0.129971
0.127421
0.124643
0.121677
0.118559
0.115318
0.111982
0.108573
0.105109
0.101607
0.098080
0.094539
0.090994
0.087451
0.083916
0.080394
0.076888
0.073400
0.069931
0.066482
0.063052
0.059640
0.056242
0.052857
0.049481
0.046109
0.042735
0.039353
0.035957
0.032537
0.029085
0.025591
0.022044
0.018430
0.014736
0.010947
0.007047
0.003019
-0.001158
-0.005502
-0.010035
-0.014780
-0.019759
-0.024996
-0.030514
-0.036338
-0.042488
-0.048986
-0.055849
-0.063092
-0.070722
-0.078744
-0.087150
-0.095926
-0.105044
-0.114463
-0.124125
-0.133955
-0.143858
-0.153714
-0.163384
-0.172701
-0.181475
-0.189493
-0.196521
-0.202307
-0.206586
-0.209088
-0.209545
-0.207701
-0.203321
-0.196203
-0.186186
-0.173161
-0.157072
-0.137921
-0.115769
-0.090725
-0.062940
-0.032573
0.020780
0.039841
0.057088
0.072515
0.086145
0.098025
0.108228
0.116843
0.123971
0.129724
0.134216
0.137564
0.139881
0.141280
0.141867
0.141740
0.140994
0.139711
0.137970
0.135839
0.133381
0.130649
0.127693
0.124553
0.121266
0.117864
0.114374
0.110817
0.107213
0.103579
0.099928
0.096271
0.092618
0.088974
0.085347
0.081741
0.078158
0.074601
0.071071
0.067568
0.064091
0.060638
0.057208
0.053797
0.050402
0.047017
0.043636
0.040255
0.036865
0.033457
0.030023
0.026552
0.023032
0.019450
0.015793
0.012044
0.008187
0.004202
0.000072
-0.004227
-0.008717
-0.013421
-0.018365
-0.023574
-0.029074
-0.034892
-0.041052
-0.047580
-0.054497
-0.061821
-0.069566
-0.077739
-0.086341
-0.095362
-0.104779
-0.114556
-0.124641
-0.134961
-0.145424
-0.155911
-0.166281
-0.176361
-0.185956
-0.194838
-0.202756
-0.209437
-0.214590
-0.217913
-0.219103
-0.217866
-0.213927
-0.207047
-0.197027
-0.183727
-0.167067
-0.147032
-0.123674
-0.097106
-0.067484
-0.034983
0.021762
0.041698
0.059701
0.075765
0.089915
0.102206
0.112718
0.121548
0.128810
0.134624
0.139116
0.142413
0.144637
0.145910
0.146345
0.146048
0.145117
0.143641
0.141702
0.139371
0.136714
0.133787
0.130640
0.127316
0.123852
0.120280
0.116627
0.112917
0.109169
0.105399
0.101620
0.097845
0.094081
0.090337
0.086617
0.082926
0.079268
0.075643
0.072052
0.068497
0.064975
0.061486
0.058026
0.054593
0.051182
0.047788
0.044407
0.041030
0.037651
0.034261
0.030851
0.027410
0.023925
0.020383
0.016771
0.013071
0.009267
0.005338
0.001265
-0.002975
-0.007406
-0.012054
-0.016945
-0.022106
-0.027567
-0.033356
-0.039502
-0.046033
-0.052974
-0.060349
-0.068177
-0.076470
-0.085234
-0.094465
-0.104147
-0.114251
-0.124730
-0.135516
-0.146521
-0.157629
-0.168697
-0.179553
-0.189990
-0.199773
-0.208635
-0.216280
-0.222390
-0.226630
-0.228659
-0.228140
-0.224755
-0.218217
-0.208287
-0.194784
-0.177597
-0.156689
-0.132100
-0.103940
-0.072373
-0.037585
0.022806
0.043666
0.062463
0.079191
0.093877
0.106583
0.117399
0.126433
0.133811
0.139666
0.144134
0.147353
0.149459
0.150580
0.150837
0.150344
0.149205
0.147515
0.145358
0.142811
0.139939
0.136803
0.133452
0.129933
0.126282
0.122532
0.118710
0.114841
0.110944
0.107034
0.103126
0.099230
0.095356
0.091510
0.087698
0.083923
0.080190
0.076499
0.072850
0.069245
0.065682
0.062159
0.058673
0.055221
0.051799
0.048402
0.045024
0.041658
0.038296
0.034930
0.031550
0.028145
0.024702
0.021209
0.017650
0.014009
0.010267
0.006405
0.002402
-0.001767
-0.006125
-0.010700
-0.015520
-0.020614
-0.026014
-0.031751
-0.037857
-0.044362
-0.051298
-0.058691
-0.066566
-0.074941
-0.083829
-0.093231
-0.103140
-0.113532
-0.124368
-0.135586
-0.147105
-0.158812
-0.170567
-0.182196
-0.193489
-0.204202
-0.214052
-0.222724
-0.229872
-0.235126
-0.238104
-0.238424
-0.235716
-0.229642
-0.219911
-0.206294
-0.188642
-0.166888
-0.141053
-0.111241
-0.077621
-0.040390
0.023917
0.045756
0.065387
0.082805
0.098041
0.111165
0.122277
0.131500
0.138972
0.144841
0.149256
0.152369
0.154325
0.155264
0.155315
0.154599
0.153228
0.151300
0.148905
0.146121
0.143019
0.139658
0.136092
0.132367
0.128519
0.124584
0.120588
0.116554
0.112504
0.108452
0.104412
0.100395
0.096410
0.092463
0.088559
0.084703
0.080896
0.077142
0.073439
0.069787
0.066186
0.062633
0.059126
0.055660
0.052232
0.048836
0.045467
0.042116
0.038778
0.035441
0.032098
0.028736
0.025343
0.021906
0.018409
0.014835
0.011166
0.007382
0.003460
-0.000624
-0.004895
-0.009381
-0.014113
-0.019121
-0.024438
-0.030099
-0.036138
-0.042589
-0.049487
-0.056864
-0.064749
-0.073166
-0.082134
-0.091663
-0.101752
-0.112386
-0.123533
-0.135141
-0.147133
-0.159406
-0.171823
-0.184212
-0.196362
-0.208021
-0.218895
-0.228648
-0.236909
-0.243273
-0.247315
-0.248601
-0.246707
-0.241233
-0.231828
-0.218207
-0.200171
-0.177615
-0.150533
-0.119018
-0.083241
-0.043410
0.025101
0.047978
0.068487
0.086621
0.102419
0.115959
0.127356
0.136747
0.144287
0.150138
0.154467
0.157438
0.159210
0.159932
0.159745
0.158777
0.157146
0.154956
0.152300
0.149261
0.145910
0.142311
0.138517
0.134575
0.130523
0.126394
0.122218
0.118017
0.113810
0.109614
0.105442
0.101304
0.097208
0.093161
0.089168
0.085233
0.081357
0.077542
0.073789
0.070095
0.066461
0.062883
0.059359
0.055885
0.052456
0.049068
0.045713
0.042384
0.039075
0.035775
0.032475
0.029163
0.025828
0.022454
0.019027
0.015530
0.011943
0.008246
0.004417
0.000431
-0.003739
-0.008121
-0.012747
-0.017650
-0.022863
-0.028424
-0.034369
-0.040736
-0.047563
-0.054887
-0.062742
-0.071158
-0.080161
-0.089767
-0.099984
-0.110806
-0.122210
-0.134154
-0.146571
-0.159364
-0.172405
-0.185526
-0.198517
-0.211124
-0.223042
-0.233921
-0.243363
-0.250928
-0.256148
-0.258534
-0.257600
-0.252877
-0.243946
-0.230453
-0.212138
-0.188844
-0.160533
-0.127277
-0.089244
-0.046652
0.026367
0.050346
0.071778
0.090655
0.107024
0.120975
0.132639
0.142171
0.149744
0.155541
0.159743
0.162532
0.164079
0.164547
0.164086
0.162834
0.160913
0.158434
0.155495
0.152180
0.148565
0.144713
0.140679
0.136509
0.132245
0.127918
0.123557
0.119185
0.114821
0.110480
0.106176
0.101918
0.097714
0.093571
0.089492
0.085481
0.081541
0.077671
0.073871
0.070141
0.066479
0.062883
0.059348
0.055872
0.052449
0.049073
0.045740
0.042440
0.039166
0.035910
0.032660
0.029407
0.026135
0.022833
0.019485
0.016072
0.012577
0.008978
0.005253
0.001377
-0.002679
-0.006943
-0.011446
-0.016224
-0.021313
-0.026750
-0.032574
-0.038828
-0.045551
-0.052785
-0.060569
-0.068938
-0.077926
-0.087556
-0.097844
-0.108794
-0.120393
-0.132609
-0.145387
-0.158642
-0.172253
-0.186062
-0.199863
-0.213403
-0.226372
-0.238406
-0.249084
-0.257934
-0.264443
-0.268065
-0.268246
-0.264443
-0.256153
-0.242944
-0.224478
-0.200538
-0.171035
-0.136016
-0.095638
-0.050126
0.027723
0.052875
0.075276
0.094923
0.111868
0.126220
0.138126
0.147765
0.155331
0.161026
0.165055
0.167614
0.168892
0.169064
0.168290
0.166717
0.164476
0.161681
0.158434
0.154824
0.150926
0.146807
0.142521
0.138117
0.133633
0.129103
0.124555
0.120010
0.115489
0.111005
0.106571
0.102196
0.097888
0.093653
0.089494
0.085413
0.081413
0.077495
0.073656
0.069897
0.066214
0.062606
0.059068
0.055596
0.052186
0.048832
0.045526
0.042262
0.039032
0.035826
0.032635
0.029446
0.026247
0.023025
0.019763
0.016444
0.013050
0.009558
0.005948
0.002192
-0.001736
-0.005867
-0.010233
-0.014868
-0.019811
-0.025101
-0.030780
-0.036890
-0.043476
-0.050582
-0.058252
-0.066529
-0.075449
-0.085045
-0.095343
-0.106354
-0.118078
-0.130495
-0.143561
-0.157204
-0.171317
-0.185753
-0.200315
-0.214754
-0.228759
-0.241959
-0.253913
-0.264120
-0.272022
-0.277016
-0.278475
-0.275771
-0.268312
-0.255567
-0.237110
-0.212641
-0.182012
-0.145227
-0.102427
-0.053838
0.029180
0.055582
0.079003
0.099442
0.116966
0.131700
0.143816
0.153517
0.161025
0.166566
0.170365
0.172641
0.173599
0.173427
0.172298
0.170366
0.167770
0.164630
0.161052
0.157126
0.152930
0.148530
0.143984
0.139337
0.134629
0.129894
0.125157
0.120441
0.115764
0.111141
0.106581
0.102095
0.097689
0.093368
0.089135
0.084993
0.080942
0.076982
0.073113
0.069332
0.065637
0.062025
0.058493
0.055035
0.051646
0.048320
0.045051
0.041832
0.038653
0.035506
0.032380
0.029265
0.026146
0.023011
0.019844
0.016628
0.013343
0.009969
0.006483
0.002859
-0.000930
-0.004914
-0.009127
-0.013603
-0.018381
-0.023502
-0.029009
-0.034947
-0.041363
-0.048304
-0.055819
-0.063954
-0.072754
-0.082257
-0.092498
-0.103500
-0.115272
-0.127808
-0.141078
-0.155024
-0.169556
-0.184540
-0.199793
-0.215075
-0.230081
-0.244435
-0.257686
-0.269305
-0.278693
-0.285189
-0.288090
-0.286680
-0.280258
-0.268186
-0.249927
-0.225082
-0.193422
-0.154894
-0.109611
-0.057795
0.030751
0.058486
0.082980
0.104234
0.122331
0.137420
0.149702
0.159411
0.166798
0.172120
0.175626
0.177558
0.178137
0.177569
0.176038
0.173708
0.170723
0.167209
0.163275
0.159014
0.154504
0.149814
0.144998
0.140104
0.135170
0.130229
0.125306
0.120422
0.115594
0.110836
0.106159
0.101569
0.097073
0.092675
0.088378
0.084184
0.080091
0.076101
0.072211
0.068419
0.064722
0.061117
0.057600
0.054165
0.050807
0.047520
0.044297
0.041130
0.038012
0.034932
0.031881
0.028847
0.025817
0.022778
0.019714
0.016608
0.013442
0.010194
0.006842
0.003361
-0.000277
-0.004102
-0.008148
-0.012448
-0.017044
-0.021975
-0.027286
-0.033024
-0.039238
-0.045978
-0.053295
-0.061241
-0.069866
-0.079216
-0.089333
-0.100250
-0.111988
-0.124554
-0.137933
-0.152086
-0.166937
-0.182373
-0.198226
-0.214273
-0.230219
-0.245692
-0.260234
-0.273297
-0.284247
-0.292366
-0.296874
-0.296957
-0.291800
-0.280637
-0.262800
-0.237768
-0.205208
-0.164991
-0.117185
-0.062000
0.032450
0.061613
0.087233
0.109320
0.127976
0.143381
0.155772
0.165420
0.172613
0.177638
0.180777
0.182294
0.182432
0.181411
0.179428
0.176656
0.173247
0.169331
0.165018
0.160404
0.155568
0.150578
0.145488
0.140345
0.135186
0.130042
0.124937
0.119892
0.114922
0.110039
0.105253
0.100570
0.095996
0.091533
0.087184
0.082949
0.078828
0.074819
0.070921
0.067130
0.063443
0.059857
0.056366
0.052965
0.049650
0.046412
0.043245
0.040142
0.037094
0.034091
0.031124
0.028180
0.025247
0.022313
0.019360
0.016374
0.013334
0.010222
0.007014
0.003685
0.000208
-0.003446
-0.007310
-0.011421
-0.015816
-0.020538
-0.025631
-0.031143
-0.037125
-0.043628
-0.050707
-0.058418
-0.066814
-0.075950
-0.085873
-0.096627
-0.108245
-0.120746
-0.134133
-0.148383
-0.163441
-0.179214
-0.195556
-0.212265
-0.229064
-0.245590
-0.261390
-0.275904
-0.288467
-0.298312
-0.304584
-0.306365
-0.302715
-0.292724
-0.275570
-0.250582
-0.217295
-0.175479
-0.125137
-0.066456
0.034297
0.064991
0.091792
0.114724
0.133914
0.149581
0.162008
0.171509
0.178417
0.183057
0.185743
0.186766
0.186391
0.184856
0.182369
0.179113
0.175244
0.170897
0.166186
0.161204
0.156033
0.150738
0.145373
0.139983
0.134603
0.129263
0.123986
0.118790
0.113690
0.108695
0.103814
0.099052
0.094414
0.089901
0.085515
0.081255
0.077120
0.073107
0.069215
0.065440
0.061777
0.058223
0.054772
0.051419
0.048158
0.044982
0.041883
0.038855
0.035887
0.032972
0.030098
0.027254
0.024428
0.021607
0.018775
0.015916
0.013013
0.010044
0.006988
0.003822
0.000517
-0.002956
-0.006627
-0.010534
-0.014714
-0.019208
-0.024062
-0.029324
-0.035044
-0.041278
-0.048080
-0.055510
-0.063626
-0.072486
-0.082147
-0.092660
-0.104068
-0.116407
-0.129693
-0.143921
-0.159060
-0.175039
-0.191740
-0.208984
-0.226518
-0.244002
-0.260992
-0.276929
-0.291128
-0.302779
-0.310955
-0.314637
-0.312748
-0.304218
-0.288045
-0.263380
-0.229588
-0.186306
-0.133450
-0.071163
0.036314
0.068654
0.096693
0.120471
0.140154
0.156010
0.168378
0.177629
0.184143
0.188293
0.190428
0.190870
0.189906
0.187791
0.184747
0.180963
0.176601
0.171799
0.166671
0.161311
0.155799
0.150199
0.144563
0.138933
0.133343
0.127819
0.122384
0.117052
0.111837
0.106747
0.101789
0.096967
0.092284
0.087739
0.083334
0.079067
0.074936
0.070938
0.067069
0.063326
0.059704
0.056198
0.052803
0.049512
0.046319
0.043218
0.040200
0.037259
0.034384
0.031567
0.028797
0.026064
0.023354
0.020656
0.017954
0.015232
0.012472
0.009656
0.006762
0.003766
0.000642
-0.002638
-0.006106
-0.009796
-0.013746
-0.017997
-0.022593
-0.027582
-0.033016
-0.038948
-0.045438
-0.052544
-0.060329
-0.068856
-0.078186
-0.088379
-0.099490
-0.111564
-0.124635
-0.138717
-0.153801
-0.169841
-0.186749
-0.204376
-0.222501
-0.240813
-0.258889
-0.276182
-0.292001
-0.305505
-0.315704
-0.321478
-0.321610
-0.314852
-0.299999
-0.275983
-0.241965
-0.197406
-0.142097
-0.076120
0.038530
0.072643
0.101974
0.126587
0.146701
0.162649
0.174839
0.183710
0.189703
0.193241
0.194715
0.194479
0.192845
0.190083
0.186427
0.182074
0.177189
0.171911
0.166355
0.160613
0.154761
0.148862
0.142964
0.137108
0.131323
0.125635
0.120060
0.114614
0.109306
0.104144
0.099131
0.094271
0.089565
0.085011
0.080609
0.076357
0.072251
0.068287
0.064462
0.060770
0.057208
0.053768
0.050445
0.047233
0.044125
0.041113
0.038191
0.035350
0.032581
0.029874
0.027220
0.024608
0.022025
0.019459
0.016896
0.014320
0.011713
0.009058
0.006333
0.003517
0.000583
-0.002496
-0.005750
-0.009212
-0.012920
-0.016912
-0.021233
-0.025929
-0.031052
-0.036656
-0.042799
-0.049542
-0.056949
-0.065087
-0.074021
-0.083819
-0.094543
-0.106252
-0.118992
-0.132798
-0.147682
-0.163627
-0.180574
-0.198410
-0.216953
-0.235927
-0.254945
-0.273484
-0.290864
-0.306225
-0.318531
-0.326566
-0.328975
-0.324319
-0.311161
-0.288179
-0.254276
-0.208691
-0.151043
-0.081321
0.040978
0.077008
0.107679
0.133098
0.153553
0.169463
0.181325
0.189660
0.194980
0.197768
0.198459
0.197441
0.195050
0.191574
0.187255
0.182296
0.176864
0.171098
0.165108
0.158986
0.152805
0.146621
0.140480
0.134419
0.128463
0.122634
0.116947
0.111414
0.106041
0.100833
0.095794
0.090923
0.086221
0.081685
0.077312
0.073099
0.069043
0.065138
0.061379
0.057761
0.054278
0.050925
0.047694
0.044578
0.041572
0.038667
0.035856
0.033129
0.030479
0.027897
0.025371
0.022891
0.020446
0.018022
0.015607
0.013186
0.010741
0.008255
0.005708
0.003079
0.000343
-0.002526
-0.005556
-0.008781
-0.012235
-0.015956
-0.019986
-0.024372
-0.029163
-0.034413
-0.040179
-0.046523
-0.053509
-0.061207
-0.069684
-0.079014
-0.089267
-0.100510
-0.112805
-0.126202
-0.140738
-0.156420
-0.173225
-0.191077
-0.209835
-0.229272
-0.249046
-0.268673
-0.287500
-0.304673
-0.319122
-0.329555
-0.334483
-0.332267
-0.321216
-0.299708
-0.266337
-0.220050
-0.160241
-0.086760
0.043705
0.081807
0.113858
0.140024
0.160693
0.176396
0.187742
0.195353
0.199825
0.201705
0.201479
0.199570
0.196337
0.192081
0.187054
0.181460
0.175466
0.169208
0.162792
0.156304
0.149812
0.143368
0.137012
0.130775
0.124681
0.118745
0.112980
0.107393
0.101990
0.096771
0.091739
0.086890
0.082224
0.077736
0.073422
0.069279
0.065300
0.061480
0.057813
0.054293
0.050913
0.047668
0.044549
0.041551
0.038665
0.035884
0.033200
0.030604
0.028088
0.025643
0.023257
0.020922
0.018625
0.016355
0.014098
0.011840
0.009565
0.007256
0.004895
0.002461
-0.000069
-0.002720
-0.005519
-0.008497
-0.011687
-0.015125
-0.018853
-0.022913
-0.027354
-0.032228
-0.037591
-0.043503
-0.050030
-0.057240
-0.065205
-0.073999
-0.083699
-0.094382
-0.106119
-0.118978
-0.133014
-0.148263
-0.164732
-0.182389
-0.201138
-0.220805
-0.241105
-0.261610
-0.281714
-0.300589
-0.317160
-0.330080
-0.337737
-0.338297
-0.329793
-0.310260
-0.277917
-0.231344
-0.169630
-0.092428
0.046765
0.087111
0.120561
0.147376
0.168081
0.183358
0.193957
0.200620
0.204041
0.204841
0.203556
0.200645
0.196487
0.191396
0.185625
0.179380
0.172822
0.166082
0.159259
0.152433
0.145663
0.138995
0.132463
0.126093
0.119902
0.113902
0.108101
0.102504
0.097111
0.091922
0.086936
0.082148
0.077554
0.073150
0.068930
0.064888
0.061017
0.057312
0.053765
0.050370
0.047119
0.044005
0.041022
0.038162
0.035416
0.032778
0.030238
0.027790
0.025422
0.023128
0.020897
0.018718
0.016581
0.014474
0.012384
0.010299
0.008202
0.006079
0.003911
0.001678
-0.000639
-0.003065
-0.005626
-0.008349
-0.011267
-0.014414
-0.017828
-0.021549
-0.025625
-0.030104
-0.035041
-0.040495
-0.046528
-0.053209
-0.060610
-0.068808
-0.077882
-0.087914
-0.098987
-0.111181
-0.124569
-0.139211
-0.155148
-0.172386
-0.190880
-0.210514
-0.231070
-0.252191
-0.273336
-0.293733
-0.312332
-0.327759
-0.338309
-0.341961
-0.336460
-0.319461
-0.288734
-0.242396
-0.179132
-0.098315
0.050230
0.093000
0.127837
0.155146
0.175645
0.190214
0.199781
0.205234
0.207378
0.206910
0.204423
0.200403
0.195250
0.189280
0.182748
0.175853
0.168748
0.161555
0.154362
0.147241
0.140241
0.133400
0.126746
0.120296
0.114061
0.108051
0.102266
0.096708
0.091375
0.086264
0.081369
0.076685
0.072207
0.067926
0.063837
0.059932
0.056205
0.052646
0.049249
0.046007
0.042912
0.039956
0.037132
0.034431
0.031846
0.029370
0.026993
0.024707
0.022505
0.020376
0.018311
0.016301
0.014334
0.012401
0.010488
0.008584
0.006673
0.004742
0.002774
0.000750
-0.001349
-0.003544
-0.005860
-0.008324
-0.010963
-0.013810
-0.016901
-0.020274
-0.023971
-0.028041
-0.032533
-0.037505
-0.043016
-0.049132
-0.055926
-0.063473
-0.071854
-0.081156
-0.091466
-0.102875
-0.115472
-0.129339
-0.144544
-0.161134
-0.179112
-0.198426
-0.218930
-0.240351
-0.262235
-0.283894
-0.304336
-0.322206
-0.335738
-0.342755
-0.340716
-0.326861
-0.298435
-0.252982
-0.188645
-0.104407
0.054189
0.099566
0.135724
0.163291
0.183255
0.196759
0.204952
0.208895
0.209513
0.207588
0.203759
0.198540
0.192338
0.185472
0.178185
0.170665
0.163055
0.155459
0.147957
0.140604
0.133441
0.126496
0.119786
0.113323
0.107112
0.101154
0.095447
0.089989
0.084773
0.079793
0.075041
0.070510
0.066193
0.062080
0.058163
0.054434
0.050885
0.047508
0.044294
0.041235
0.038323
0.035550
0.032909
0.030391
0.027988
0.025692
0.023495
0.021390
0.019366
0.017416
0.015531
0.013701
0.011915
0.010165
0.008438
0.006722
0.005005
0.003273
0.001510
-0.000300
-0.002175
-0.004135
-0.006202
-0.008400
-0.010755
-0.013298
-0.016059
-0.019075
-0.022386
-0.026034
-0.030067
-0.034538
-0.039504
-0.045027
-0.051177
-0.058027
-0.065658
-0.074157
-0.083616
-0.094132
-0.105805
-0.118734
-0.133014
-0.148725
-0.165921
-0.184608
-0.204720
-0.226077
-0.248331
-0.270904
-0.292905
-0.313041
-0.329546
-0.340126
-0.341981
-0.331916
-0.306580
-0.262807
-0.198036
-0.110690
0.058758
0.106905
0.144234
0.171709
0.190698
0.202691
0.209108
0.211206
0.210042
0.206475
0.201186
0.194705
0.187436
0.179687
0.171686
0.163602
0.155558
0.147641
0.139913
0.132417
0.125179
0.118215
0.111535
0.105141
0.099031
0.093201
0.087644
0.082352
0.077317
0.072528
0.067977
0.063652
0.059546
0.055647
0.051946
0.048434
0.045102
0.041941
0.038942
0.036096
0.033396
0.030833
0.028398
0.026085
0.023884
0.021788
0.019788
0.017878
0.016048
0.014290
0.012595
0.010955
0.009361
0.007802
0.006267
0.004747
0.003229
0.001701
0.000148
-0.001444
-0.003091
-0.004812
-0.006627
-0.008556
-0.010624
-0.012858
-0.015286
-0.017940
-0.020857
-0.024076
-0.027640
-0.031597
-0.036000
-0.040908
-0.046385
-0.052501
-0.059335
-0.066971
-0.075502
-0.085029
-0.095657
-0.107500
-0.120672
-0.135282
-0.151427
-0.169172
-0.188529
-0.209415
-0.231605
-0.254656
-0.277815
-0.299913
-0.319244
-0.333472
-0.339587
-0.333970
-0.312610
-0.271488
-0.207119
-0.117147
0.064083
0.115108
0.153321
0.180195
0.197635
0.207573
0.211754
0.211654
0.208459
0.203095
0.196269
0.188509
0.180204
0.171636
0.163008
0.154461
0.146093
0.137969
0.130132
0.122606
0.115403
0.108529
0.101980
0.095751
0.089833
0.084216
0.078889
0.073839
0.069054
0.064522
0.060231
0.056169
0.052325
0.048689
0.045249
0.041995
0.038918
0.036008
0.033256
0.030654
0.028193
0.025863
0.023659
0.021570
0.019590
0.017711
0.015924
0.014223
0.012599
0.011044
0.009550
0.008110
0.006714
0.005353
0.004017
0.002698
0.001384
0.000063
-0.001276
-0.002648
-0.004066
-0.005546
-0.007107
-0.008766
-0.010546
-0.012470
-0.014562
-0.016853
-0.019374
-0.022159
-0.025248
-0.028683
-0.032512
-0.036789
-0.041572
-0.046927
-0.052927
-0.059652
-0.067193
-0.075650
-0.085131
-0.095756
-0.107652
-0.120953
-0.135790
-0.152279
-0.170505
-0.190485
-0.212121
-0.235124
-0.258922
-0.282521
-0.304362
-0.322159
-0.332780
-0.332231
-0.315812
-0.278506
-0.215633
-0.123752
0.070344
0.124231
0.162831
0.188387
0.203538
0.210778
0.212227
0.209584
0.204150
0.196895
0.188524
0.179541
0.170299
0.161041
0.151931
0.143074
0.134538
0.126362
0.118563
0.111149
0.104117
0.097456
0.091156
0.085202
0.079578
0.074269
0.069258
0.064529
0.060068
0.055861
0.051892
0.048150
0.044622
0.041296
0.038160
0.035205
0.032420
0.029795
0.027321
0.024989
0.022792
0.020719
0.018764
0.016919
0.015176
0.013528
0.011968
0.010487
0.009079
0.007736
0.006451
0.005216
0.004024
0.002866
0.001733
0.000617
-0.000491
-0.001602
-0.002727
-0.003878
-0.005066
-0.006306
-0.007613
-0.009004
-0.010497
-0.012111
-0.013870
-0.015798
-0.017923
-0.020274
-0.022886
-0.025797
-0.029047
-0.032685
-0.036763
-0.041339
-0.046480
-0.052261
-0.058765
-0.066089
-0.074338
-0.083635
-0.094112
-0.105917
-0.119207
-0.134140
-0.150863
-0.169485
-0.190034
-0.212388
-0.236182
-0.260657
-0.284483
-0.305544
-0.320719
-0.325749
-0.315274
-0.283149
-0.223195
-0.130464
0.077753
0.134243
0.172419
0.195664
0.207609
0.211434
0.209659
0.204189
0.196400
0.187264
0.177447
0.167399
0.157412
0.147674
0.138297
0.129344
0.120846
0.112811
0.105233
0.098100
0.091393
0.085090
0.079170
0.073610
0.068389
0.063486
0.058881
0.054556
0.050493
0.046678
0.043093
0.039726
0.036563
0.033592
0.030802
0.028182
0.025721
0.023410
0.021241
0.019204
0.017290
0.015493
0.013805
0.012218
0.010725
0.009319
0.007993
0.006741
0.005556
0.004431
0.003359
0.002333
0.001347
0.000394
-0.000535
-0.001447
-0.002350
-0.003252
-0.004164
-0.005095
-0.006056
-0.007059
-0.008116
-0.009242
-0.010451
-0.011761
-0.013191
-0.014761
-0.016494
-0.018416
-0.020555
-0.022944
-0.025617
-0.028616
-0.031985
-0.035775
-0.040046
-0.044862
-0.050300
-0.056448
-0.063406
-0.071289
-0.080232
-0.090385
-0.101920
-0.115024
-0.129891
-0.146707
-0.165615
-0.186661
-0.209697
-0.234246
-0.259295
-0.283026
-0.302511
-0.313410
-0.309824
-0.284429
-0.229219
-0.137195
0.086539
0.144920
0.181397
0.201011
0.208677
0.208356
0.202953
0.194512
0.184416
0.173574
0.162564
0.151743
0.141320
0.131408
0.122059
0.113286
0.105080
0.097420
0.090276
0.083615
0.077405
0.071614
0.066212
0.061170
0.056462
0.052063
0.047953
0.044110
0.040516
0.037154
0.034009
0.031066
0.028313
0.025737
0.023326
0.021071
0.018962
0.016989
0.015144
0.013419
0.011806
0.010297
0.008886
0.007566
0.006330
0.005173
0.004087
0.003067
0.002107
0.001200
0.000342
-0.000475
-0.001255
-0.002006
-0.002733
-0.003444
-0.004145
-0.004843
-0.005546
-0.006263
-0.007002
-0.007773
-0.008587
-0.009453
-0.010387
-0.011400
-0.012508
-0.013728
-0.015078
-0.016580
-0.018255
-0.020131
-0.022237
-0.024604
-0.027272
-0.030281
-0.033682
-0.037531
-0.041892
-0.046843
-0.052474
-0.058889
-0.066215
-0.074599
-0.084212
-0.095255
-0.107952
-0.122544
-0.139267
-0.158315
-0.179758
-0.203418
-0.228667
-0.254126
-0.277266
-0.293943
-0.297981
-0.280965
-0.232789
-0.143758
0.096867
0.155640
0.188508
0.202834
0.205079
0.200007
0.190797
0.179507
0.167413
0.155276
0.143527
0.132392
0.121972
0.112295
0.103346
0.095087
0.087472
0.080449
0.073969
0.067983
0.062448
0.057325
0.052576
0.048171
0.044079
0.040277
0.036739
0.033447
0.030382
0.027526
0.024866
0.022387
0.020076
0.017923
0.015917
0.014048
0.012308
0.010687
0.009179
0.007775
0.006469
0.005255
0.004125
0.003075
0.002097
0.001188
0.000341
-0.000449
-0.001188
-0.001879
-0.002528
-0.003140
-0.003721
-0.004275
-0.004807
-0.005323
-0.005829
-0.006330
-0.006833
-0.007344
-0.007870
-0.008418
-0.008997
-0.009616
-0.010283
-0.011011
-0.011810
-0.012692
-0.013674
-0.014769
-0.015997
-0.017376
-0.018930
-0.020684
-0.022667
-0.024912
-0.027460
-0.030354
-0.033648
-0.037405
-0.041702
-0.046629
-0.052296
-0.058837
-0.066414
-0.075223
-0.085496
-0.097502
-0.111540
-0.127916
-0.146889
-0.168573
-0.192756
-0.218606
-0.244219
-0.265995
-0.277919
-0.270828
-0.232443
-0.149733
0.108671
0.165030
0.191577
0.198729
0.194582
0.184530
0.171780
0.158191
0.144780
0.132062
0.120264
0.109451
0.099605
0.090664
0.082549
0.075178
0.068473
0.062360
0.056775
0.051661
0.046968
0.042653
0.038678
0.035010
0.031621
0.028486
0.025583
0.022893
0.020398
0.018084
0.015937
0.013945
0.012096
0.010381
0.008790
0.007316
0.005949
0.004684
0.003513
0.002430
0.001429
0.000505
-0.000348
-0.001135
-0.001861
-0.002530
-0.003146
-0.003715
-0.004240
-0.004725
-0.005175
-0.005594
-0.005984
-0.006352
-0.006700
-0.007033
-0.007355
-0.007671
-0.007985
-0.008302
-0.008627
-0.008966
-0.009325
-0.009709
-0.010126
-0.010584
-0.011090
-0.011653
-0.012285
-0.012995
-0.013796
-0.014703
-0.015730
-0.016898
-0.018225
-0.019738
-0.021463
-0.023435
-0.025693
-0.028287
-0.031275
-0.034730
-0.038741
-0.043422
-0.048912
-0.055387
-0.063064
-0.072213
-0.083154
-0.096257
-0.111915
-0.130484
-0.152147
-0.176668
-0.202948
-0.228319
-0.247542
-0.251421
-0.225898
-0.154235
0.121143
0.170349
0.187078
0.185347
0.174471
0.159987
0.144695
0.129961
0.116378
0.104132
0.093210
0.083510
0.074901
0.067246
0.060419
0.054308
0.048816
0.043861
0.039373
0.035294
0.031576
0.028176
0.025060
0.022198
0.019566
0.017140
0.014903
0.012839
0.010932
0.009170
0.007543
0.006039
0.004651
0.003370
0.002188
0.001100
0.000097
-0.000824
-0.001670
-0.002446
-0.003156
-0.003804
-0.004396
-0.004935
-0.005424
-0.005868
-0.006270
-0.006633
-0.006961
-0.007256
-0.007522
-0.007762
-0.007980
-0.008176
-0.008356
-0.008522
-0.008676
-0.008822
-0.008964
-0.009104
-0.009245
-0.009392
-0.009548
-0.009717
-0.009904
-0.010112
-0.010348
-0.010616
-0.010923
-0.011275
-0.011681
-0.012147
-0.012684
-0.013304
-0.014019
-0.014843
-0.015796
-0.016899
-0.018179
-0.019668
-0.021408
-0.023450
-0.025860
-0.028724
-0.032150
-0.036281
-0.041300
-0.047445
-0.055014
-0.064386
-0.076009
-0.090389
-0.108015
-0.129196
-0.153708
-0.180128
-0.204715
-0.219388
-0.209529
-0.155256
0.131060
0.165805
0.169173
0.158135
0.141749
0.124761
0.108984
0.095006
0.082884
0.072455
0.063490
0.055758
0.049055
0.043207
0.038069
0.033525
0.029481
0.025861
0.022603
0.019657
0.016982
0.014546
0.012320
0.010282
0.008413
0.006696
0.005117
0.003664
0.002328
0.001099
-0.000032
-0.001070
-0.002024
-0.002898
-0.003697
-0.004428
-0.005093
-0.005698
-0.006247
-0.006742
-0.007188
-0.007587
-0.007943
-0.008258
-0.008536
-0.008779
-0.008989
-0.009170
-0.009322
-0.009450
-0.009554
-0.009636
-0.009700
-0.009746
-0.009777
-0.009795
-0.009801
-0.009798
-0.009786
-0.009768
-0.009746
-0.009722
-0.009697
-0.009673
-0.009652
-0.009637
-0.009628
-0.009629
-0.009642
-0.009670
-0.009715
-0.009781
-0.009872
-0.009992
-0.010147
-0.010342
-0.010588
-0.010893
-0.011271
-0.011741
-0.012324
-0.013050
-0.013961
-0.015110
-0.016570
-0.018439
-0.020851
-0.023984
-0.028081
-0.033461
-0.040543
-0.049859
-0.062043
-0.077771
-0.097568
-0.121340
-0.147414
-0.170283
-0.177223
-0.148032
0.133684
0.144038
0.131608
0.113625
0.095447
0.079612
0.066457
0.055684
0.046875
0.039628
0.033608
0.028550
0.024250
0.020550
0.017332
0.014505
0.011999
0.009760
0.007746
0.005925
0.004271
0.002763
0.001383
0.000120
-0.001039
-0.002103
-0.003080
-0.003977
-0.004799
-0.005552
-0.006241
-0.006869
-0.007440
-0.007959
-0.008426
-0.008847
-0.009223
-0.009557
-0.009852
-0.010110
-0.010332
-0.010522
-0.010680
-0.010810
-0.010912
-0.010989
-0.011042
-0.011072
-0.011081
-0.011071
-0.011043
-0.010998
-0.010937
-0.010862
-0.010772
-0.010670
-0.010556
-0.010431
-0.010295
-0.010149
-0.009993
-0.009828
-0.009654
-0.009470
-0.009278
-0.009076
-0.008864
-0.008642
-0.008408
-0.008163
-0.007905
-0.007633
-0.007347
-0.007043
-0.006723
-0.006384
-0.006027
-0.005652
-0.005260
-0.004855
-0.004442
-0.004033
-0.003641
-0.003291
-0.003017
-0.002870
-0.002925
-0.003289
-0.004113
-0.005615
-0.008101
-0.011997
-0.017883
-0.026518
-0.038821
-0.055718
-0.077658
-0.102946
-0.124637
-0.127789
0.108539
0.093984
0.070580
0.052919
0.039597
0.029818
0.022645
0.017283
0.013179
0.009956
0.007359
0.005214
0.003402
0.001840
0.000469
-0.000751
-0.001850
-0.002848
-0.003762
-0.004603
-0.005379
-0.006097
-0.006761
-0.007376
-0.007945
-0.008471
-0.008954
-0.009398
-0.009804
-0.010174
-0.010509
-0.010810
-0.011079
-0.011316
-0.011524
-0.011704
-0.011855
-0.011981
-0.012082
-0.012158
-0.012212
-0.012244
-0.012255
-0.012247
-0.012219
-0.012174
-0.012113
-0.012035
-0.011941
-0.011833
-0.011711
-0.011576
-0.011428
-0.011267
-0.011093
-0.010908
-0.010710
-0.010500
-0.010277
-0.010041
-0.009791
-0.009527
-0.009247
-0.008950
-0.008634
-0.008297
-0.007938
-0.007553
-0.007139
-0.006693
-0.006211
-0.005689
-0.005122
-0.004503
-0.003828
-0.003089
-0.002280
-0.001393
-0.000420
0.000647
0.001814
0.003089
0.004478
0.005982
0.007602
0.009328
0.011145
0.013019
0.014895
0.016684
0.018246
0.019361
0.019696
0.018741
0.015738
0.009573
-0.001262
-0.018546
-0.044036
-0.072693
-0.075385
-0.062252
-0.051205
-0.042536
-0.035604
-0.030489
-0.026704
-0.023879
-0.021768
-0.020194
-0.019030
-0.018182
-0.017581
-0.017174
-0.016920
-0.016786
-0.016747
-0.016781
-0.016871
-0.017003
-0.017165
-0.017347
-0.017542
-0.017742
-0.017941
-0.018136
-0.018322
-0.018496
-0.018655
-0.018798
-0.018923
-0.019029
-0.019114
-0.019178
-0.019221
-0.019243
-0.019243
-0.019222
-0.019180
-0.019117
-0.019034
-0.018931
-0.018809
-0.018668
-0.018509
-0.018332
-0.018138
-0.017927
-0.017700
-0.017456
-0.017196
-0.016920
-0.016628
-0.016320
-0.015995
-0.015653
-0.015293
-0.014913
-0.014513
-0.014091
-0.013644
-0.013171
-0.012668
-0.012132
-0.011560
-0.010946
-0.010285
-0.009572
-0.008800
-0.007961
-0.007046
-0.006045
-0.004948
-0.003743
-0.002414
-0.000947
0.000675
0.002472
0.004464
0.006677
0.009134
0.011867
0.014905
0.018285
0.022046
0.026230
0.030885
0.036064
0.041824
0.048231
0.055356
0.063280
0.072093
0.081896
0.092806
0.104940
0.118494
0.132940
0.145333
0.154486
