# p - 900 ites
-0.062686
-0.008514
-0.054899
-0.015058
-0.049424
-0.020181
-0.045717
-0.024321
-0.043377
-0.027801
-0.042106
-0.030851
-0.041675
-0.033630
-0.041906
-0.036251
-0.042662
-0.038784
-0.043829
-0.041272
-0.045314
-0.043736
-0.047037
-0.046181
-0.048931
-0.048601
-0.050933
-0.050981
-0.052991
-0.053303
-0.055057
-0.055545
-0.057090
-0.057687
-0.059054
-0.059710
-0.060923
-0.061599
-0.062673
-0.063341
-0.064291
-0.064931
-0.065766
-0.066365
-0.067096
-0.067646
-0.068280
-0.068779
-0.069325
-0.069772
-0.070239
-0.070635
-0.071031
-0.071381
-0.071712
-0.072021
-0.072295
-0.072568
-0.072791
-0.073036
-0.073212
-0.073434
-0.073569
-0.073775
-0.073870
-0.074069
-0.074125
-0.074324
-0.074342
-0.074549
-0.074526
-0.074751
-0.074682
-0.074937
-0.074817
-0.075114
-0.074932
-0.075288
-0.075030
-0.075464
-0.075112
-0.075650
-0.075178
-0.075852
-0.075227
-0.076078
-0.075257
-0.076337
-0.075263
-0.076640
-0.075238
-0.077000
-0.075172
-0.077434
-0.075054
-0.077963
-0.074864
-0.078614
-0.074577
-0.079423
-0.061139
-0.008158
-0.053472
-0.014462
-0.048078
-0.019432
-0.044440
-0.023486
-0.042170
-0.026927
-0.040972
-0.029975
-0.040621
-0.032783
-0.040942
-0.035456
-0.041797
-0.038061
-0.043071
-0.040639
-0.044673
-0.043206
-0.046520
-0.045766
-0.048543
-0.048307
-0.050677
-0.050811
-0.052866
-0.053258
-0.055060
-0.055621
-0.057214
-0.057877
-0.059291
-0.060004
-0.061259
-0.061983
-0.063095
-0.063803
-0.064783
-0.065455
-0.066314
-0.066936
-0.067683
-0.068248
-0.068892
-0.069398
-0.069949
-0.070396
-0.070862
-0.071254
-0.071643
-0.071984
-0.072306
-0.072603
-0.072864
-0.073123
-0.073331
-0.073558
-0.073719
-0.073923
-0.074041
-0.074229
-0.074307
-0.074486
-0.074527
-0.074705
-0.074708
-0.074895
-0.074858
-0.075063
-0.074983
-0.075217
-0.075087
-0.075363
-0.075173
-0.075506
-0.075244
-0.075654
-0.075301
-0.075813
-0.075344
-0.075988
-0.075372
-0.076188
-0.075383
-0.076421
-0.075372
-0.076697
-0.075332
-0.077030
-0.075255
-0.077435
-0.075128
-0.077931
-0.074934
-0.078544
-0.074650
-0.079307
-0.061897
-0.008393
-0.054198
-0.014851
-0.048789
-0.019918
-0.045140
-0.024027
-0.042852
-0.027494
-0.041630
-0.030543
-0.041246
-0.033335
-0.041525
-0.035976
-0.042329
-0.038538
-0.043546
-0.041061
-0.045083
-0.043566
-0.046860
-0.046057
-0.048808
-0.048525
-0.050865
-0.050954
-0.052975
-0.053323
-0.055091
-0.055611
-0.057170
-0.057794
-0.059175
-0.059853
-0.061078
-0.061771
-0.062856
-0.063537
-0.064494
-0.065143
-0.065982
-0.066586
-0.067318
-0.067871
-0.068504
-0.069001
-0.069545
-0.069987
-0.070450
-0.070841
-0.071230
-0.071574
-0.071898
-0.072200
-0.072467
-0.072732
-0.072948
-0.073184
-0.073354
-0.073568
-0.073696
-0.073894
-0.073983
-0.074174
-0.074225
-0.074416
-0.074429
-0.074629
-0.074602
-0.074820
-0.074749
-0.074996
-0.074874
-0.075163
-0.074981
-0.075328
-0.075071
-0.075496
-0.075147
-0.075674
-0.075207
-0.075868
-0.075252
-0.076086
-0.075277
-0.076337
-0.075280
-0.076631
-0.075253
-0.076982
-0.075186
-0.077406
-0.075068
-0.077924
-0.074879
-0.078561
-0.074598
-0.079351
-0.060417
-0.008084
-0.052850
-0.014333
-0.047536
-0.019265
-0.043964
-0.023296
-0.041749
-0.026727
-0.040601
-0.029775
-0.040297
-0.032592
-0.040662
-0.035281
-0.041560
-0.037910
-0.042880
-0.040517
-0.044526
-0.043117
-0.046419
-0.045713
-0.048486
-0.048292
-0.050664
-0.050835
-0.052896
-0.053317
-0.055128
-0.055714
-0.057316
-0.057999
-0.059421
-0.060150
-0.061411
-0.062147
-0.063263
-0.063978
-0.064960
-0.065636
-0.066494
-0.067117
-0.067861
-0.068424
-0.069064
-0.069566
-0.070110
-0.070552
-0.071011
-0.071396
-0.071779
-0.072112
-0.072427
-0.072716
-0.072970
-0.073221
-0.073423
-0.073643
-0.073798
-0.073995
-0.074108
-0.074289
-0.074363
-0.074536
-0.074573
-0.074745
-0.074746
-0.074927
-0.074888
-0.075088
-0.075007
-0.075235
-0.075105
-0.075374
-0.075187
-0.075513
-0.075254
-0.075656
-0.075308
-0.075810
-0.075349
-0.075980
-0.075375
-0.076176
-0.075384
-0.076404
-0.075372
-0.076674
-0.075332
-0.077001
-0.075256
-0.077398
-0.075131
-0.077886
-0.074940
-0.078488
-0.074661
-0.079238
-0.060526
-0.008212
-0.052995
-0.014542
-0.047720
-0.019525
-0.044181
-0.023584
-0.041992
-0.027029
-0.040859
-0.030078
-0.040560
-0.032888
-0.040922
-0.035564
-0.041811
-0.038174
-0.043113
-0.040756
-0.044739
-0.043330
-0.046606
-0.045895
-0.048644
-0.048441
-0.050791
-0.050949
-0.052988
-0.053396
-0.055185
-0.055755
-0.057336
-0.058003
-0.059404
-0.060116
-0.061358
-0.062077
-0.063175
-0.063874
-0.064839
-0.065499
-0.066342
-0.066950
-0.067681
-0.068232
-0.068861
-0.069353
-0.069888
-0.070322
-0.070774
-0.071154
-0.071532
-0.071862
-0.072174
-0.072462
-0.072716
-0.072968
-0.073171
-0.073393
-0.073551
-0.073751
-0.073869
-0.074054
-0.074133
-0.074312
-0.074355
-0.074534
-0.074540
-0.074728
-0.074697
-0.074902
-0.074829
-0.075063
-0.074941
-0.075217
-0.075036
-0.075369
-0.075117
-0.075525
-0.075184
-0.075691
-0.075237
-0.075874
-0.075275
-0.076081
-0.075296
-0.076320
-0.075295
-0.076602
-0.075265
-0.076939
-0.075199
-0.077347
-0.075082
-0.077846
-0.074898
-0.078461
-0.074624
-0.079224
-0.058996
-0.007932
-0.051621
-0.014069
-0.046461
-0.018927
-0.043016
-0.022912
-0.040912
-0.026322
-0.039862
-0.029370
-0.039649
-0.032205
-0.040102
-0.034929
-0.041088
-0.037605
-0.042496
-0.040270
-0.044232
-0.042938
-0.046215
-0.045607
-0.048374
-0.048263
-0.050641
-0.050883
-0.052957
-0.053440
-0.055267
-0.055904
-0.057523
-0.058248
-0.059685
-0.060446
-0.061720
-0.062479
-0.063604
-0.064334
-0.065319
-0.066001
-0.066859
-0.067482
-0.068221
-0.068779
-0.069410
-0.069903
-0.070436
-0.070865
-0.071311
-0.071682
-0.072050
-0.072368
-0.072668
-0.072942
-0.073182
-0.073418
-0.073606
-0.073812
-0.073955
-0.074138
-0.074240
-0.074408
-0.074473
-0.074634
-0.074663
-0.074825
-0.074820
-0.074990
-0.074948
-0.075136
-0.075054
-0.075270
-0.075141
-0.075398
-0.075214
-0.075526
-0.075274
-0.075660
-0.075322
-0.075804
-0.075357
-0.075966
-0.075380
-0.076152
-0.075386
-0.076370
-0.075373
-0.076630
-0.075333
-0.076944
-0.075258
-0.077326
-0.075136
-0.077797
-0.074951
-0.078379
-0.074682
-0.079103
-0.058551
-0.007968
-0.051270
-0.014125
-0.046195
-0.018992
-0.042823
-0.022982
-0.040778
-0.026395
-0.039776
-0.029444
-0.039600
-0.032280
-0.040084
-0.035004
-0.041093
-0.037682
-0.042520
-0.040349
-0.044272
-0.043020
-0.046269
-0.045693
-0.048438
-0.048351
-0.050713
-0.050973
-0.053034
-0.053529
-0.055345
-0.055989
-0.057599
-0.058326
-0.059754
-0.060513
-0.061777
-0.062531
-0.063645
-0.064367
-0.065341
-0.066013
-0.066858
-0.067470
-0.068197
-0.068744
-0.069363
-0.069844
-0.070366
-0.070785
-0.071220
-0.071581
-0.071941
-0.072251
-0.072544
-0.072811
-0.073046
-0.073277
-0.073462
-0.073664
-0.073805
-0.073986
-0.074088
-0.074255
-0.074321
-0.074482
-0.074515
-0.074676
-0.074675
-0.074846
-0.074809
-0.074998
-0.074922
-0.075139
-0.075017
-0.075275
-0.075098
-0.075410
-0.075166
-0.075551
-0.075222
-0.075702
-0.075267
-0.075871
-0.075298
-0.076063
-0.075313
-0.076287
-0.075308
-0.076552
-0.075276
-0.076870
-0.075209
-0.077257
-0.075096
-0.077730
-0.074918
-0.078314
-0.074656
-0.079041
-0.056891
-0.007699
-0.049794
-0.013670
-0.044860
-0.018415
-0.041604
-0.022332
-0.039661
-0.025710
-0.038756
-0.028758
-0.038678
-0.031620
-0.039262
-0.034394
-0.040378
-0.037142
-0.041918
-0.039896
-0.043790
-0.042667
-0.045911
-0.045448
-0.048208
-0.048222
-0.050611
-0.050961
-0.053056
-0.053631
-0.055486
-0.056200
-0.057847
-0.058634
-0.060096
-0.060905
-0.062199
-0.062992
-0.064129
-0.064879
-0.065870
-0.066561
-0.067416
-0.068038
-0.068768
-0.069318
-0.069934
-0.070412
-0.070926
-0.071336
-0.071761
-0.072109
-0.072455
-0.072750
-0.073028
-0.073277
-0.073496
-0.073708
-0.073877
-0.074060
-0.074185
-0.074347
-0.074433
-0.074582
-0.074634
-0.074776
-0.074796
-0.074940
-0.074927
-0.075080
-0.075033
-0.075205
-0.075121
-0.075320
-0.075193
-0.075432
-0.075253
-0.075545
-0.075302
-0.075664
-0.075341
-0.075795
-0.075369
-0.075944
-0.075386
-0.076116
-0.075389
-0.076319
-0.075373
-0.076563
-0.075333
-0.076859
-0.075260
-0.077221
-0.075143
-0.077666
-0.074967
-0.078218
-0.074710
-0.078906
-0.055954
-0.007656
-0.049005
-0.013591
-0.044198
-0.018309
-0.041048
-0.022209
-0.039195
-0.025580
-0.038365
-0.028627
-0.038352
-0.031496
-0.038994
-0.034283
-0.040163
-0.037051
-0.041754
-0.039830
-0.043675
-0.042631
-0.045844
-0.045447
-0.048188
-0.048256
-0.050635
-0.051029
-0.053121
-0.053731
-0.055585
-0.056327
-0.057975
-0.058781
-0.060243
-0.061064
-0.062356
-0.063155
-0.064287
-0.065037
-0.066020
-0.066706
-0.067551
-0.068164
-0.068882
-0.069420
-0.070023
-0.070487
-0.070988
-0.071384
-0.071795
-0.072130
-0.072463
-0.072745
-0.073011
-0.073249
-0.073458
-0.073660
-0.073821
-0.073996
-0.074115
-0.074270
-0.074353
-0.074496
-0.074546
-0.074684
-0.074702
-0.074843
-0.074831
-0.074981
-0.074938
-0.075106
-0.075026
-0.075222
-0.075101
-0.075336
-0.075165
-0.075451
-0.075218
-0.075573
-0.075261
-0.075707
-0.075295
-0.075858
-0.075318
-0.076032
-0.075327
-0.076237
-0.075317
-0.076481
-0.075284
-0.076776
-0.075219
-0.077135
-0.075109
-0.077576
-0.074941
-0.078122
-0.074694
-0.078802
-0.054105
-0.007386
-0.047373
-0.013132
-0.042736
-0.017725
-0.039727
-0.021549
-0.037996
-0.024885
-0.037280
-0.027931
-0.037378
-0.030829
-0.038135
-0.033671
-0.039424
-0.036514
-0.041142
-0.039389
-0.043196
-0.042300
-0.045505
-0.045237
-0.047991
-0.048174
-0.050581
-0.051076
-0.053205
-0.053904
-0.055798
-0.056616
-0.058304
-0.059174
-0.060672
-0.061545
-0.062866
-0.063703
-0.064857
-0.065634
-0.066630
-0.067331
-0.068182
-0.068800
-0.069516
-0.070050
-0.070646
-0.071100
-0.071588
-0.071969
-0.072364
-0.072680
-0.072995
-0.073257
-0.073503
-0.073719
-0.073909
-0.074089
-0.074230
-0.074383
-0.074484
-0.074618
-0.074683
-0.074806
-0.074840
-0.074959
-0.074964
-0.075086
-0.075063
-0.075195
-0.075142
-0.075292
-0.075206
-0.075383
-0.075258
-0.075473
-0.075301
-0.075566
-0.075336
-0.075668
-0.075363
-0.075782
-0.075383
-0.075913
-0.075393
-0.076068
-0.075390
-0.076253
-0.075372
-0.076477
-0.075332
-0.076749
-0.075262
-0.077084
-0.075151
-0.077497
-0.074985
-0.078009
-0.074746
-0.078650
-0.052717
-0.007271
-0.046184
-0.012932
-0.041712
-0.017465
-0.038840
-0.021252
-0.037225
-0.024568
-0.036609
-0.027611
-0.036796
-0.030519
-0.037635
-0.033385
-0.039004
-0.036264
-0.040800
-0.039186
-0.042935
-0.042153
-0.045325
-0.045152
-0.047892
-0.048156
-0.050562
-0.051125
-0.053261
-0.054017
-0.055922
-0.056787
-0.058485
-0.059391
-0.060899
-0.061796
-0.063122
-0.063974
-0.065129
-0.065911
-0.066904
-0.067602
-0.068444
-0.069053
-0.069756
-0.070278
-0.070857
-0.071295
-0.071766
-0.072129
-0.072506
-0.072804
-0.073102
-0.073346
-0.073577
-0.073777
-0.073952
-0.074118
-0.074247
-0.074387
-0.074479
-0.074601
-0.074660
-0.074773
-0.074802
-0.074913
-0.074915
-0.075030
-0.075006
-0.075131
-0.075080
-0.075223
-0.075140
-0.075311
-0.075191
-0.075398
-0.075234
-0.075490
-0.075271
-0.075591
-0.075300
-0.075704
-0.075322
-0.075834
-0.075336
-0.075987
-0.075338
-0.076170
-0.075324
-0.076389
-0.075289
-0.076656
-0.075226
-0.076983
-0.075123
-0.077386
-0.074966
-0.077886
-0.074737
-0.078509
-0.050635
-0.006989
-0.044356
-0.012451
-0.040085
-0.016851
-0.037379
-0.020557
-0.035908
-0.023835
-0.035425
-0.026878
-0.035741
-0.029818
-0.036710
-0.032744
-0.038215
-0.035709
-0.040156
-0.038738
-0.042443
-0.041831
-0.044993
-0.044970
-0.047725
-0.048121
-0.050558
-0.051239
-0.053416
-0.054275
-0.056225
-0.057177
-0.058919
-0.059896
-0.061442
-0.062395
-0.063751
-0.064643
-0.065817
-0.066624
-0.067627
-0.068336
-0.069178
-0.069787
-0.070482
-0.070993
-0.071557
-0.071978
-0.072429
-0.072770
-0.073124
-0.073397
-0.073669
-0.073887
-0.074092
-0.074265
-0.074416
-0.074555
-0.074661
-0.074776
-0.074845
-0.074944
-0.074983
-0.075074
-0.075087
-0.075176
-0.075164
-0.075258
-0.075223
-0.075328
-0.075268
-0.075392
-0.075303
-0.075454
-0.075332
-0.075519
-0.075355
-0.075589
-0.075374
-0.075669
-0.075388
-0.075763
-0.075397
-0.075874
-0.075398
-0.076009
-0.075391
-0.076171
-0.075369
-0.076370
-0.075329
-0.076615
-0.075262
-0.076916
-0.075159
-0.077290
-0.075007
-0.077755
-0.074787
-0.078338
-0.048822
-0.006809
-0.042791
-0.012139
-0.038722
-0.016448
-0.036182
-0.020094
-0.034851
-0.023341
-0.034489
-0.026376
-0.034915
-0.029329
-0.035988
-0.032287
-0.037596
-0.035303
-0.039642
-0.038399
-0.042039
-0.041573
-0.044702
-0.044804
-0.047550
-0.048054
-0.050499
-0.051273
-0.053468
-0.054406
-0.056379
-0.057395
-0.059161
-0.060189
-0.061754
-0.062743
-0.064113
-0.065027
-0.066207
-0.067024
-0.068024
-0.068733
-0.069565
-0.070164
-0.070844
-0.071338
-0.071883
-0.072283
-0.072712
-0.073030
-0.073362
-0.073611
-0.073862
-0.074056
-0.074242
-0.074393
-0.074526
-0.074646
-0.074736
-0.074834
-0.074891
-0.074975
-0.075004
-0.075082
-0.075087
-0.075165
-0.075149
-0.075232
-0.075195
-0.075291
-0.075231
-0.075346
-0.075260
-0.075401
-0.075284
-0.075460
-0.075305
-0.075526
-0.075323
-0.075603
-0.075337
-0.075693
-0.075346
-0.075800
-0.075350
-0.075929
-0.075345
-0.076086
-0.075327
-0.076278
-0.075291
-0.076513
-0.075231
-0.076803
-0.075135
-0.077161
-0.074993
-0.077608
-0.074785
-0.078166
-0.046475
-0.006506
-0.040738
-0.011621
-0.036902
-0.015784
-0.034554
-0.019342
-0.033388
-0.022547
-0.033177
-0.025581
-0.033749
-0.028569
-0.034971
-0.031595
-0.036734
-0.034709
-0.038946
-0.037929
-0.041519
-0.041249
-0.044369
-0.044644
-0.047409
-0.048067
-0.050552
-0.051463
-0.053709
-0.054766
-0.056793
-0.057911
-0.059727
-0.060837
-0.062445
-0.063495
-0.064897
-0.065852
-0.067051
-0.067890
-0.068896
-0.069610
-0.070436
-0.071026
-0.071690
-0.072165
-0.072686
-0.073059
-0.073459
-0.073745
-0.074045
-0.074260
-0.074479
-0.074638
-0.074792
-0.074909
-0.075012
-0.075099
-0.075162
-0.075230
-0.075262
-0.075318
-0.075326
-0.075378
-0.075365
-0.075419
-0.075387
-0.075449
-0.075400
-0.075475
-0.075406
-0.075501
-0.075410
-0.075530
-0.075411
-0.075566
-0.075412
-0.075610
-0.075413
-0.075667
-0.075412
-0.075737
-0.075409
-0.075826
-0.075402
-0.075937
-0.075388
-0.076074
-0.075364
-0.076245
-0.075324
-0.076457
-0.075261
-0.076721
-0.075167
-0.077049
-0.075030
-0.077460
-0.074834
-0.077975
-0.044255
-0.006265
-0.038813
-0.011203
-0.035214
-0.015243
-0.033059
-0.018720
-0.032054
-0.021879
-0.031983
-0.024898
-0.032682
-0.027899
-0.034026
-0.030964
-0.035913
-0.034141
-0.038255
-0.037448
-0.040966
-0.040875
-0.043963
-0.044392
-0.047156
-0.047950
-0.050454
-0.051484
-0.053761
-0.054921
-0.056985
-0.058188
-0.060040
-0.061217
-0.062855
-0.063953
-0.065376
-0.066361
-0.067569
-0.068421
-0.069425
-0.070138
-0.070952
-0.071529
-0.072173
-0.072626
-0.073123
-0.073469
-0.073841
-0.074098
-0.074369
-0.074554
-0.074745
-0.074875
-0.075003
-0.075094
-0.075174
-0.075238
-0.075282
-0.075329
-0.075345
-0.075383
-0.075378
-0.075415
-0.075393
-0.075433
-0.075396
-0.075445
-0.075393
-0.075457
-0.075387
-0.075471
-0.075382
-0.075490
-0.075377
-0.075518
-0.075374
-0.075556
-0.075372
-0.075607
-0.075370
-0.075672
-0.075366
-0.075754
-0.075360
-0.075858
-0.075348
-0.075987
-0.075326
-0.076148
-0.075290
-0.076347
-0.075233
-0.076595
-0.075147
-0.076905
-0.075020
-0.077291
-0.074838
-0.077776
-0.041619
-0.005934
-0.036512
-0.010635
-0.033179
-0.014514
-0.031241
-0.017891
-0.030423
-0.021002
-0.030520
-0.024017
-0.031382
-0.027055
-0.032892
-0.030197
-0.034955
-0.033485
-0.037486
-0.036936
-0.040403
-0.040537
-0.043620
-0.044250
-0.047043
-0.048017
-0.050574
-0.051764
-0.054107
-0.055407
-0.057540
-0.058860
-0.060776
-0.062046
-0.063735
-0.064901
-0.066358
-0.067385
-0.068612
-0.069481
-0.070486
-0.071195
-0.071995
-0.072552
-0.073170
-0.073591
-0.074053
-0.074359
-0.074691
-0.074903
-0.075133
-0.075272
-0.075421
-0.075507
-0.075595
-0.075644
-0.075687
-0.075713
-0.075723
-0.075735
-0.075723
-0.075729
-0.075700
-0.075708
-0.075665
-0.075680
-0.075626
-0.075652
-0.075587
-0.075629
-0.075551
-0.075613
-0.075519
-0.075606
-0.075492
-0.075610
-0.075469
-0.075627
-0.075450
-0.075658
-0.075434
-0.075704
-0.075419
-0.075768
-0.075403
-0.075853
-0.075383
-0.075963
-0.075355
-0.076102
-0.075315
-0.076278
-0.075258
-0.076499
-0.075175
-0.076777
-0.075055
-0.077126
-0.074886
-0.077565
-0.039003
-0.005633
-0.034239
-0.010113
-0.031176
-0.013835
-0.029455
-0.017107
-0.028815
-0.020157
-0.029067
-0.023148
-0.030069
-0.026196
-0.031717
-0.029381
-0.033923
-0.032744
-0.036607
-0.036300
-0.039691
-0.040034
-0.043089
-0.043904
-0.046706
-0.047845
-0.050435
-0.051773
-0.054165
-0.055594
-0.057781
-0.059209
-0.061177
-0.062531
-0.064264
-0.065489
-0.066976
-0.068038
-0.069278
-0.070161
-0.071164
-0.071867
-0.072652
-0.073188
-0.073780
-0.074171
-0.074600
-0.074869
-0.075166
-0.075339
-0.075533
-0.075634
-0.075749
-0.075799
-0.075856
-0.075873
-0.075889
-0.075886
-0.075874
-0.075861
-0.075830
-0.075816
-0.075773
-0.075763
-0.075710
-0.075709
-0.075648
-0.075661
-0.075592
-0.075621
-0.075542
-0.075592
-0.075500
-0.075574
-0.075466
-0.075569
-0.075438
-0.075578
-0.075415
-0.075602
-0.075397
-0.075641
-0.075381
-0.075697
-0.075365
-0.075773
-0.075346
-0.075873
-0.075320
-0.076000
-0.075285
-0.076161
-0.075233
-0.076364
-0.075157
-0.076619
-0.075049
-0.076939
-0.074894
-0.077343
-0.036061
-0.005268
-0.031674
-0.009485
-0.028909
-0.013026
-0.027430
-0.016184
-0.026994
-0.019175
-0.027430
-0.022157
-0.028611
-0.025245
-0.030442
-0.028513
-0.032843
-0.032003
-0.035744
-0.035728
-0.039067
-0.039668
-0.042725
-0.043774
-0.046619
-0.047971
-0.050633
-0.052163
-0.054641
-0.056237
-0.058513
-0.060081
-0.062128
-0.063591
-0.065386
-0.066686
-0.068213
-0.069317
-0.070572
-0.071466
-0.072461
-0.073150
-0.073908
-0.074409
-0.074960
-0.075302
-0.075681
-0.075894
-0.076136
-0.076250
-0.076388
-0.076430
-0.076491
-0.076486
-0.076494
-0.076459
-0.076431
-0.076382
-0.076331
-0.076278
-0.076214
-0.076165
-0.076093
-0.076052
-0.075977
-0.075949
-0.075870
-0.075858
-0.075776
-0.075781
-0.075694
-0.075721
-0.075625
-0.075677
-0.075568
-0.075649
-0.075521
-0.075636
-0.075483
-0.075640
-0.075451
-0.075661
-0.075424
-0.075699
-0.075398
-0.075757
-0.075372
-0.075837
-0.075342
-0.075943
-0.075304
-0.076080
-0.075252
-0.076255
-0.075181
-0.076477
-0.075081
-0.076758
-0.074941
-0.077114
-0.033059
-0.004907
-0.029060
-0.008859
-0.026597
-0.012209
-0.025355
-0.015235
-0.025112
-0.018145
-0.025712
-0.021090
-0.027043
-0.024180
-0.029021
-0.027491
-0.031580
-0.031066
-0.034654
-0.034914
-0.038173
-0.039015
-0.042051
-0.043317
-0.046185
-0.047735
-0.050451
-0.052160
-0.054710
-0.056465
-0.058820
-0.060521
-0.062642
-0.064209
-0.066063
-0.067436
-0.069001
-0.070145
-0.071416
-0.072321
-0.073311
-0.073986
-0.074721
-0.075190
-0.075706
-0.076004
-0.076340
-0.076503
-0.076699
-0.076762
-0.076855
-0.076848
-0.076868
-0.076818
-0.076789
-0.076716
-0.076657
-0.076575
-0.076499
-0.076417
-0.076333
-0.076260
-0.076174
-0.076113
-0.076027
-0.075982
-0.075897
-0.075870
-0.075784
-0.075776
-0.075689
-0.075703
-0.075610
-0.075647
-0.075545
-0.075610
-0.075493
-0.075589
-0.075451
-0.075585
-0.075417
-0.075598
-0.075388
-0.075628
-0.075363
-0.075676
-0.075337
-0.075744
-0.075309
-0.075836
-0.075275
-0.075957
-0.075229
-0.076111
-0.075166
-0.076308
-0.075077
-0.076557
-0.074953
-0.076873
-0.029802
-0.004503
-0.026223
-0.008161
-0.024087
-0.011306
-0.023108
-0.014200
-0.023085
-0.017037
-0.023882
-0.019966
-0.025402
-0.023093
-0.027577
-0.026494
-0.030352
-0.030211
-0.033671
-0.034256
-0.037467
-0.038602
-0.041655
-0.043192
-0.046126
-0.047927
-0.050742
-0.052681
-0.055348
-0.057306
-0.059777
-0.061647
-0.063870
-0.065566
-0.067496
-0.068953
-0.070563
-0.071747
-0.073030
-0.073934
-0.074905
-0.075547
-0.076238
-0.076650
-0.077105
-0.077331
-0.077597
-0.077681
-0.077804
-0.077788
-0.077808
-0.077726
-0.077679
-0.077560
-0.077471
-0.077336
-0.077225
-0.077089
-0.076968
-0.076841
-0.076720
-0.076607
-0.076490
-0.076396
-0.076286
-0.076211
-0.076107
-0.076054
-0.075955
-0.075924
-0.075828
-0.075819
-0.075722
-0.075737
-0.075636
-0.075676
-0.075565
-0.075635
-0.075508
-0.075612
-0.075461
-0.075607
-0.075422
-0.075619
-0.075388
-0.075649
-0.075357
-0.075698
-0.075325
-0.075769
-0.075289
-0.075865
-0.075244
-0.075991
-0.075185
-0.076154
-0.075107
-0.076362
-0.074998
-0.076629
-0.026424
-0.004083
-0.023278
-0.007429
-0.021472
-0.010346
-0.020746
-0.013079
-0.020924
-0.015810
-0.021888
-0.018682
-0.023560
-0.021800
-0.025888
-0.025239
-0.028829
-0.029045
-0.032339
-0.033229
-0.036359
-0.037768
-0.040808
-0.042597
-0.045573
-0.047610
-0.050506
-0.052664
-0.055435
-0.057589
-0.060170
-0.062207
-0.064531
-0.066355
-0.068365
-0.069908
-0.071567
-0.072794
-0.074094
-0.075002
-0.075961
-0.076575
-0.077231
-0.077593
-0.077997
-0.078161
-0.078368
-0.078385
-0.078448
-0.078365
-0.078329
-0.078187
-0.078089
-0.077917
-0.077785
-0.077604
-0.077458
-0.077284
-0.077136
-0.076978
-0.076835
-0.076698
-0.076566
-0.076451
-0.076330
-0.076239
-0.076129
-0.076061
-0.075960
-0.075915
-0.075820
-0.075797
-0.075705
-0.075705
-0.075611
-0.075636
-0.075536
-0.075587
-0.075476
-0.075556
-0.075427
-0.075543
-0.075387
-0.075546
-0.075353
-0.075566
-0.075323
-0.075602
-0.075293
-0.075658
-0.075260
-0.075736
-0.075222
-0.075840
-0.075172
-0.075975
-0.075105
-0.076149
-0.075014
-0.076372
-0.022851
-0.003637
-0.020165
-0.006654
-0.018714
-0.009338
-0.018268
-0.011914
-0.018676
-0.014555
-0.019842
-0.017398
-0.021710
-0.020546
-0.024244
-0.024078
-0.027417
-0.028041
-0.031200
-0.032451
-0.035540
-0.037283
-0.040359
-0.042464
-0.045536
-0.047874
-0.050908
-0.053346
-0.056275
-0.058679
-0.061418
-0.063661
-0.066121
-0.068098
-0.070205
-0.071841
-0.073551
-0.074811
-0.076115
-0.077004
-0.077925
-0.078478
-0.079065
-0.079339
-0.079655
-0.079715
-0.079825
-0.079734
-0.079699
-0.079512
-0.079384
-0.079146
-0.078965
-0.078708
-0.078504
-0.078251
-0.078043
-0.077808
-0.077609
-0.077400
-0.077217
-0.077036
-0.076872
-0.076721
-0.076575
-0.076454
-0.076325
-0.076230
-0.076116
-0.076047
-0.075944
-0.075899
-0.075803
-0.075781
-0.075689
-0.075689
-0.075596
-0.075621
-0.075522
-0.075572
-0.075461
-0.075542
-0.075412
-0.075528
-0.075371
-0.075529
-0.075335
-0.075547
-0.075302
-0.075582
-0.075269
-0.075635
-0.075232
-0.075710
-0.075188
-0.075811
-0.075132
-0.075943
-0.075058
-0.076115
-0.019111
-0.003156
-0.016900
-0.005814
-0.015802
-0.008230
-0.015621
-0.010610
-0.016231
-0.013115
-0.017560
-0.015874
-0.019573
-0.018992
-0.022253
-0.022550
-0.025593
-0.026600
-0.029578
-0.031163
-0.034170
-0.036218
-0.039295
-0.041691
-0.044831
-0.047450
-0.050602
-0.053308
-0.056385
-0.059034
-0.061927
-0.064379
-0.066979
-0.069114
-0.071328
-0.073065
-0.074838
-0.076140
-0.077459
-0.078338
-0.079234
-0.079736
-0.080268
-0.080465
-0.080708
-0.080678
-0.080708
-0.080525
-0.080413
-0.080140
-0.079943
-0.079628
-0.079388
-0.079067
-0.078814
-0.078509
-0.078263
-0.077987
-0.077759
-0.077517
-0.077313
-0.077108
-0.076928
-0.076758
-0.076603
-0.076466
-0.076332
-0.076224
-0.076108
-0.076027
-0.075926
-0.075868
-0.075778
-0.075742
-0.075659
-0.075644
-0.075563
-0.075568
-0.075487
-0.075513
-0.075425
-0.075475
-0.075376
-0.075452
-0.075335
-0.075444
-0.075301
-0.075449
-0.075271
-0.075468
-0.075241
-0.075503
-0.075211
-0.075554
-0.075176
-0.075625
-0.075133
-0.075721
-0.075077
-0.075846
-0.015229
-0.002663
-0.013517
-0.004954
-0.012797
-0.007105
-0.012906
-0.009300
-0.013749
-0.011690
-0.015279
-0.014400
-0.017483
-0.017535
-0.020371
-0.021181
-0.023955
-0.025400
-0.028238
-0.030220
-0.033196
-0.035621
-0.038761
-0.041526
-0.044806
-0.047787
-0.051132
-0.054185
-0.057482
-0.060443
-0.063553
-0.066264
-0.069045
-0.071367
-0.073705
-0.075545
-0.077374
-0.078696
-0.080005
-0.080832
-0.081661
-0.082061
-0.082487
-0.082549
-0.082665
-0.082487
-0.082385
-0.082055
-0.081815
-0.081407
-0.081093
-0.080659
-0.080318
-0.079895
-0.079558
-0.079168
-0.078853
-0.078507
-0.078224
-0.077926
-0.077679
-0.077428
-0.077215
-0.077008
-0.076828
-0.076659
-0.076507
-0.076373
-0.076245
-0.076140
-0.076033
-0.075953
-0.075860
-0.075802
-0.075722
-0.075683
-0.075611
-0.075590
-0.075522
-0.075518
-0.075450
-0.075464
-0.075393
-0.075425
-0.075346
-0.075400
-0.075307
-0.075386
-0.075274
-0.075385
-0.075245
-0.075395
-0.075218
-0.075417
-0.075189
-0.075454
-0.075157
-0.075507
-0.075119
-0.075581
-0.011148
-0.002123
-0.009949
-0.004004
-0.009601
-0.005843
-0.009978
-0.007803
-0.011014
-0.010018
-0.012691
-0.012609
-0.015022
-0.015681
-0.018037
-0.019328
-0.021776
-0.023622
-0.026262
-0.028601
-0.031493
-0.034256
-0.037412
-0.040512
-0.043893
-0.047212
-0.050726
-0.054110
-0.057617
-0.060890
-0.064219
-0.067195
-0.070173
-0.072694
-0.075177
-0.077135
-0.079040
-0.080398
-0.081715
-0.082507
-0.083288
-0.083599
-0.083938
-0.083882
-0.083892
-0.083586
-0.083375
-0.082922
-0.082581
-0.082063
-0.081663
-0.081137
-0.080725
-0.080229
-0.079837
-0.079390
-0.079035
-0.078646
-0.078334
-0.078004
-0.077737
-0.077463
-0.077238
-0.077014
-0.076827
-0.076645
-0.076491
-0.076345
-0.076219
-0.076103
-0.076000
-0.075909
-0.075824
-0.075753
-0.075684
-0.075630
-0.075572
-0.075532
-0.075482
-0.075454
-0.075411
-0.075394
-0.075354
-0.075347
-0.075309
-0.075312
-0.075272
-0.075286
-0.075242
-0.075269
-0.075218
-0.075259
-0.075196
-0.075257
-0.075177
-0.075263
-0.075159
-0.075279
-0.075139
-0.075304
-0.006974
-0.001582
-0.006309
-0.003056
-0.006356
-0.004592
-0.007027
-0.006333
-0.008289
-0.008400
-0.010153
-0.010911
-0.012661
-0.013977
-0.015873
-0.017699
-0.019854
-0.022164
-0.024657
-0.027427
-0.030301
-0.033490
-0.036743
-0.040277
-0.043855
-0.047616
-0.051401
-0.055222
-0.059038
-0.062712
-0.066343
-0.069652
-0.072879
-0.075631
-0.078276
-0.080346
-0.082310
-0.083663
-0.084942
-0.085632
-0.086298
-0.086442
-0.086619
-0.086361
-0.086189
-0.085675
-0.085283
-0.084633
-0.084127
-0.083434
-0.082890
-0.082217
-0.081687
-0.081070
-0.080582
-0.080039
-0.079608
-0.079143
-0.078773
-0.078384
-0.078073
-0.077752
-0.077495
-0.077233
-0.077022
-0.076811
-0.076640
-0.076469
-0.076332
-0.076194
-0.076086
-0.075974
-0.075888
-0.075797
-0.075731
-0.075655
-0.075606
-0.075541
-0.075506
-0.075449
-0.075426
-0.075374
-0.075363
-0.075312
-0.075312
-0.075260
-0.075272
-0.075217
-0.075241
-0.075179
-0.075217
-0.075146
-0.075200
-0.075115
-0.075188
-0.075087
-0.075181
-0.075060
-0.075179
-0.075033
-0.002584
-0.000982
-0.002465
-0.001995
-0.002894
-0.003173
-0.003827
-0.004631
-0.005263
-0.006477
-0.007245
-0.008820
-0.009842
-0.011776
-0.013145
-0.015458
-0.017249
-0.019968
-0.022239
-0.025382
-0.028165
-0.031723
-0.035009
-0.038929
-0.042651
-0.046820
-0.050843
-0.055083
-0.059198
-0.063277
-0.067222
-0.070881
-0.074386
-0.077395
-0.080237
-0.082446
-0.084503
-0.085875
-0.087144
-0.087753
-0.088330
-0.088325
-0.088365
-0.087928
-0.087602
-0.086905
-0.086364
-0.085549
-0.084914
-0.084082
-0.083434
-0.082651
-0.082041
-0.081341
-0.080796
-0.080193
-0.079722
-0.079215
-0.078820
-0.078402
-0.078075
-0.077735
-0.077470
-0.077194
-0.076982
-0.076760
-0.076591
-0.076412
-0.076280
-0.076134
-0.076033
-0.075912
-0.075837
-0.075734
-0.075681
-0.075591
-0.075558
-0.075475
-0.075460
-0.075380
-0.075383
-0.075300
-0.075321
-0.075231
-0.075273
-0.075171
-0.075236
-0.075115
-0.075208
-0.075062
-0.075189
-0.075009
-0.075178
-0.074954
-0.075176
-0.074895
-0.075183
-0.074829
-0.075201
-0.074754
0.001849
-0.000392
0.001405
-0.000955
0.000572
-0.001791
-0.000648
-0.002989
-0.002291
-0.004644
-0.004432
-0.006866
-0.007175
-0.009775
-0.010644
-0.013501
-0.014972
-0.018170
-0.020282
-0.023887
-0.026662
-0.030697
-0.034121
-0.038554
-0.042548
-0.047267
-0.051669
-0.056474
-0.061027
-0.065638
-0.070015
-0.074115
-0.077970
-0.081274
-0.084330
-0.086656
-0.088768
-0.090087
-0.091267
-0.091689
-0.092073
-0.091801
-0.091594
-0.090858
-0.090272
-0.089284
-0.088499
-0.087424
-0.086577
-0.085526
-0.084704
-0.083745
-0.082997
-0.082159
-0.081508
-0.080800
-0.080250
-0.079663
-0.079210
-0.078732
-0.078363
-0.077977
-0.077682
-0.077372
-0.077138
-0.076889
-0.076707
-0.076505
-0.076365
-0.076200
-0.076095
-0.075956
-0.075881
-0.075760
-0.075712
-0.075602
-0.075579
-0.075472
-0.075473
-0.075364
-0.075388
-0.075271
-0.075322
-0.075189
-0.075270
-0.075114
-0.075231
-0.075041
-0.075203
-0.074969
-0.075185
-0.074893
-0.075178
-0.074810
-0.075184
-0.074717
-0.075203
-0.074609
-0.075239
-0.074481
0.006504
0.000265
0.005489
0.000214
0.004271
-0.000213
0.002806
-0.001076
0.001022
-0.002452
-0.001189
-0.004443
-0.003964
-0.007175
-0.007460
-0.010794
-0.011852
-0.015452
-0.017306
-0.021287
-0.023955
-0.028385
-0.031854
-0.036727
-0.040919
-0.046135
-0.050872
-0.056217
-0.061201
-0.066354
-0.071190
-0.075767
-0.080026
-0.083673
-0.087003
-0.089494
-0.091713
-0.093014
-0.094144
-0.094405
-0.094629
-0.094110
-0.093687
-0.092678
-0.091868
-0.090622
-0.089637
-0.088343
-0.087333
-0.086111
-0.085167
-0.084081
-0.083247
-0.082321
-0.081614
-0.080846
-0.080262
-0.079638
-0.079166
-0.078665
-0.078289
-0.077890
-0.077594
-0.077277
-0.077047
-0.076794
-0.076618
-0.076413
-0.076282
-0.076112
-0.076018
-0.075873
-0.075812
-0.075682
-0.075649
-0.075527
-0.075521
-0.075398
-0.075420
-0.075289
-0.075340
-0.075193
-0.075277
-0.075106
-0.075229
-0.075023
-0.075193
-0.074939
-0.075169
-0.074852
-0.075157
-0.074757
-0.075157
-0.074650
-0.075173
-0.074526
-0.075206
-0.074379
-0.075261
-0.074203
0.011149
0.000900
0.009550
0.001342
0.007929
0.001302
0.006196
0.000747
0.004238
-0.000386
0.001912
-0.002197
-0.000954
-0.004822
-0.004561
-0.008430
-0.009129
-0.013209
-0.014879
-0.019342
-0.022004
-0.026963
-0.030613
-0.036095
-0.040655
-0.046564
-0.051832
-0.057925
-0.063542
-0.069425
-0.074892
-0.080079
-0.084846
-0.088882
-0.092498
-0.095104
-0.097356
-0.098515
-0.099463
-0.099395
-0.099297
-0.098355
-0.097554
-0.096106
-0.094925
-0.093277
-0.091967
-0.090334
-0.089059
-0.087568
-0.086418
-0.085127
-0.084142
-0.083064
-0.082246
-0.081369
-0.080707
-0.080005
-0.079478
-0.078921
-0.078508
-0.078069
-0.077748
-0.077401
-0.077155
-0.076879
-0.076694
-0.076470
-0.076334
-0.076149
-0.076054
-0.075894
-0.075835
-0.075689
-0.075663
-0.075523
-0.075528
-0.075383
-0.075421
-0.075264
-0.075337
-0.075157
-0.075271
-0.075058
-0.075220
-0.074961
-0.075183
-0.074863
-0.075160
-0.074757
-0.075149
-0.074640
-0.075155
-0.074506
-0.075178
-0.074349
-0.075223
-0.074161
-0.075297
-0.073933
0.016006
0.001609
0.013820
0.002611
0.011822
0.003031
0.009875
0.002870
0.007825
0.002087
0.005496
0.000588
0.002682
-0.001767
-0.000857
-0.005168
-0.005388
-0.009840
-0.011191
-0.016017
-0.018532
-0.023899
-0.027594
-0.033573
-0.038389
-0.044910
-0.050643
-0.057449
-0.063695
-0.070329
-0.076486
-0.082353
-0.087726
-0.092241
-0.096247
-0.099046
-0.101411
-0.102477
-0.103291
-0.102921
-0.102535
-0.101189
-0.100044
-0.098184
-0.096678
-0.094670
-0.093092
-0.091176
-0.089702
-0.088006
-0.086721
-0.085291
-0.084221
-0.083055
-0.082191
-0.081262
-0.080578
-0.079848
-0.079316
-0.078748
-0.078338
-0.077896
-0.077584
-0.077239
-0.077005
-0.076731
-0.076560
-0.076338
-0.076217
-0.076032
-0.075952
-0.075789
-0.075746
-0.075595
-0.075586
-0.075436
-0.075460
-0.075301
-0.075361
-0.075184
-0.075283
-0.075076
-0.075223
-0.074973
-0.075177
-0.074870
-0.075144
-0.074761
-0.075125
-0.074642
-0.075121
-0.074507
-0.075134
-0.074349
-0.075167
-0.074162
-0.075226
-0.073937
-0.075319
-0.073661
0.020796
0.002285
0.018017
0.003821
0.015628
0.004672
0.013442
0.004872
0.011267
0.004396
0.008890
0.003155
0.006065
0.000993
0.002507
-0.002306
-0.002108
-0.007017
-0.008138
-0.013445
-0.015937
-0.021876
-0.025787
-0.032483
-0.037783
-0.045187
-0.051665
-0.059489
-0.066667
-0.074343
-0.081455
-0.088206
-0.094340
-0.099392
-0.103790
-0.106681
-0.109019
-0.109775
-0.110231
-0.109289
-0.108365
-0.106348
-0.104626
-0.102121
-0.100093
-0.097536
-0.095533
-0.093187
-0.091391
-0.089376
-0.087861
-0.086204
-0.084975
-0.083653
-0.082683
-0.081649
-0.080896
-0.080096
-0.079520
-0.078904
-0.078468
-0.077994
-0.077666
-0.077298
-0.077056
-0.076766
-0.076590
-0.076356
-0.076234
-0.076037
-0.075960
-0.075785
-0.075748
-0.075583
-0.075583
-0.075417
-0.075454
-0.075275
-0.075352
-0.075150
-0.075272
-0.075034
-0.075210
-0.074921
-0.075163
-0.074806
-0.075130
-0.074683
-0.075113
-0.074547
-0.075111
-0.074391
-0.075129
-0.074208
-0.075170
-0.073989
-0.075241
-0.073724
-0.075352
-0.073398
0.025774
0.003036
0.022404
0.005176
0.019658
0.006537
0.017300
0.007195
0.015098
0.007148
0.012806
0.006320
0.010147
0.004551
0.006795
0.001603
0.002373
-0.002845
-0.003553
-0.009173
-0.011438
-0.017771
-0.021693
-0.028936
-0.034543
-0.042701
-0.049816
-0.058601
-0.066709
-0.075472
-0.083653
-0.091426
-0.098509
-0.104268
-0.109237
-0.112352
-0.114778
-0.115285
-0.115433
-0.113934
-0.112492
-0.109811
-0.107542
-0.104420
-0.101923
-0.098872
-0.096521
-0.093820
-0.091793
-0.089546
-0.087893
-0.086098
-0.084799
-0.083403
-0.082406
-0.081338
-0.080585
-0.079776
-0.079213
-0.078602
-0.078186
-0.077722
-0.077417
-0.077062
-0.076841
-0.076563
-0.076409
-0.076183
-0.076081
-0.075890
-0.075832
-0.075660
-0.075641
-0.075474
-0.075493
-0.075320
-0.075377
-0.075187
-0.075286
-0.075066
-0.075214
-0.074951
-0.075159
-0.074836
-0.075118
-0.074716
-0.075091
-0.074584
-0.075078
-0.074435
-0.075083
-0.074262
-0.075108
-0.074057
-0.075159
-0.073810
-0.075244
-0.073508
-0.075373
-0.073136
0.030622
0.003744
0.026662
0.006451
0.023549
0.008288
0.020996
0.009363
0.018734
0.009698
0.016482
0.009222
0.013923
0.007766
0.010689
0.005058
0.006332
0.000716
0.000326
-0.005742
-0.007921
-0.014844
-0.018986
-0.027056
-0.033270
-0.042557
-0.050713
-0.060918
-0.070426
-0.080741
-0.090424
-0.099559
-0.107836
-0.114382
-0.119895
-0.123031
-0.125279
-0.125152
-0.124605
-0.122109
-0.119760
-0.116015
-0.112865
-0.108806
-0.105583
-0.101799
-0.098909
-0.095680
-0.093284
-0.090678
-0.088786
-0.086758
-0.085311
-0.083770
-0.082685
-0.081529
-0.080727
-0.079865
-0.079277
-0.078635
-0.078206
-0.077725
-0.077415
-0.077048
-0.076828
-0.076542
-0.076391
-0.076159
-0.076062
-0.075864
-0.075813
-0.075632
-0.075622
-0.075445
-0.075474
-0.075288
-0.075358
-0.075151
-0.075267
-0.075025
-0.075196
-0.074904
-0.075141
-0.074782
-0.075100
-0.074651
-0.075074
-0.074507
-0.075063
-0.074343
-0.075071
-0.074150
-0.075101
-0.073921
-0.075160
-0.073644
-0.075257
-0.073305
-0.075404
-0.072886
0.035616
0.004524
0.031075
0.007868
0.027638
0.010260
0.024966
0.011855
0.022756
0.012706
0.020697
0.012762
0.018450
0.011856
0.015608
0.009698
0.011672
0.005854
0.006028
-0.000252
-0.002054
-0.009305
-0.013351
-0.021985
-0.028515
-0.038717
-0.047721
-0.059246
-0.070150
-0.082102
-0.093512
-0.104279
-0.114122
-0.121786
-0.128169
-0.131546
-0.133771
-0.133066
-0.131840
-0.128312
-0.125029
-0.120190
-0.116168
-0.111193
-0.107307
-0.102866
-0.099544
-0.095896
-0.093255
-0.090412
-0.088405
-0.086262
-0.084781
-0.083197
-0.082123
-0.080966
-0.080196
-0.079354
-0.078806
-0.078191
-0.077803
-0.077349
-0.077078
-0.076736
-0.076550
-0.076285
-0.076163
-0.075948
-0.075877
-0.075690
-0.075662
-0.075487
-0.075498
-0.075322
-0.075372
-0.075182
-0.075274
-0.075057
-0.075196
-0.074939
-0.075135
-0.074821
-0.075088
-0.074698
-0.075055
-0.074564
-0.075034
-0.074412
-0.075029
-0.074236
-0.075043
-0.074028
-0.075081
-0.073779
-0.075150
-0.073475
-0.075259
-0.073102
-0.075424
-0.072639
0.040414
0.005248
0.035300
0.009184
0.031531
0.012088
0.028720
0.014156
0.026527
0.015470
0.024615
0.015990
0.022612
0.015550
0.020073
0.013828
0.016433
0.010323
0.010965
0.004332
0.002759
-0.005041
-0.009230
-0.018772
-0.026002
-0.037631
-0.048060
-0.061602
-0.074656
-0.089032
-0.102921
-0.115938
-0.127768
-0.136667
-0.143821
-0.147029
-0.148711
-0.146722
-0.144143
-0.138854
-0.134023
-0.127494
-0.122133
-0.115816
-0.110945
-0.105560
-0.101591
-0.097335
-0.094303
-0.091094
-0.088871
-0.086520
-0.084930
-0.083235
-0.082114
-0.080902
-0.080117
-0.079251
-0.078704
-0.078081
-0.077701
-0.077247
-0.076986
-0.076646
-0.076472
-0.076208
-0.076098
-0.075882
-0.075822
-0.075634
-0.075616
-0.075438
-0.075460
-0.075277
-0.075339
-0.075139
-0.075245
-0.075014
-0.075170
-0.074893
-0.075111
-0.074772
-0.075066
-0.074642
-0.075034
-0.074500
-0.075015
-0.074337
-0.075013
-0.074148
-0.075030
-0.073923
-0.075073
-0.073651
-0.075149
-0.073320
-0.075271
-0.072912
-0.075452
-0.072406
0.045299
0.006036
0.039630
0.010628
0.035579
0.014122
0.032711
0.016765
0.030656
0.018682
0.029060
0.019864
0.027539
0.020159
0.025627
0.019243
0.022721
0.016573
0.018007
0.011339
0.010411
0.002443
-0.001404
-0.011439
-0.018876
-0.031557
-0.043049
-0.058405
-0.073575
-0.090518
-0.107330
-0.123156
-0.137752
-0.148571
-0.157108
-0.160511
-0.161813
-0.158519
-0.154460
-0.147228
-0.140700
-0.132358
-0.125623
-0.117973
-0.112203
-0.105988
-0.101527
-0.096827
-0.093583
-0.090177
-0.087905
-0.085500
-0.083943
-0.082266
-0.081213
-0.080050
-0.079343
-0.078534
-0.078061
-0.077493
-0.077178
-0.076772
-0.076566
-0.076266
-0.076136
-0.075904
-0.075831
-0.075640
-0.075610
-0.075439
-0.075448
-0.075280
-0.075325
-0.075147
-0.075230
-0.075029
-0.075156
-0.074918
-0.075096
-0.074807
-0.075049
-0.074690
-0.075014
-0.074562
-0.074989
-0.074417
-0.074977
-0.074248
-0.074980
-0.074049
-0.075004
-0.073810
-0.075054
-0.073520
-0.075139
-0.073164
-0.075273
-0.072725
-0.075470
-0.072178
0.049916
0.006757
0.043708
0.011949
0.039371
0.015979
0.036425
0.019143
0.034473
0.021600
0.033142
0.023368
0.032033
0.024309
0.030660
0.024085
0.028367
0.022099
0.024237
0.017403
0.016982
0.008623
0.004877
-0.006041
-0.014134
-0.028540
-0.041896
-0.060127
-0.078654
-0.099557
-0.120713
-0.140591
-0.158735
-0.171664
-0.181325
-0.184058
-0.183918
-0.177982
-0.171226
-0.160821
-0.151626
-0.140598
-0.131857
-0.122335
-0.115294
-0.107937
-0.102770
-0.097441
-0.093855
-0.090138
-0.087729
-0.085190
-0.083602
-0.081883
-0.080846
-0.079683
-0.079009
-0.078217
-0.077780
-0.077233
-0.076952
-0.076565
-0.076387
-0.076103
-0.075997
-0.075777
-0.075723
-0.075539
-0.075526
-0.075358
-0.075381
-0.075213
-0.075271
-0.075090
-0.075186
-0.074978
-0.075119
-0.074870
-0.075065
-0.074759
-0.075022
-0.074640
-0.074989
-0.074508
-0.074966
-0.074356
-0.074957
-0.074179
-0.074963
-0.073967
-0.074990
-0.073713
-0.075045
-0.073403
-0.075138
-0.073022
-0.075282
-0.072552
-0.075494
-0.071965
0.054545
0.007529
0.047825
0.013373
0.043256
0.018008
0.040316
0.021787
0.038588
0.024922
0.037697
0.027477
0.037251
0.029352
0.036774
0.030237
0.035609
0.029528
0.032785
0.026199
0.026857
0.018648
0.015743
0.004596
-0.003310
-0.018770
-0.033260
-0.053916
-0.075632
-0.100690
-0.127082
-0.152227
-0.175692
-0.192259
-0.204239
-0.206869
-0.205276
-0.196340
-0.186323
-0.172166
-0.159859
-0.145834
-0.134979
-0.123596
-0.115426
-0.107123
-0.101497
-0.095794
-0.092118
-0.088328
-0.086001
-0.083524
-0.082079
-0.080469
-0.079581
-0.078533
-0.077993
-0.077304
-0.076978
-0.076517
-0.076326
-0.076008
-0.075901
-0.075670
-0.075620
-0.075440
-0.075430
-0.075276
-0.075298
-0.075151
-0.075203
-0.075048
-0.075131
-0.074956
-0.075075
-0.074867
-0.075029
-0.074776
-0.074992
-0.074676
-0.074961
-0.074563
-0.074938
-0.074433
-0.074924
-0.074280
-0.074920
-0.074097
-0.074933
-0.073878
-0.074966
-0.073611
-0.075027
-0.073285
-0.075129
-0.072882
-0.075284
-0.072384
-0.075511
-0.071761
0.058835
0.008220
0.051626
0.014650
0.046824
0.019826
0.043869
0.024154
0.042324
0.027892
0.041812
0.031146
0.041952
0.033855
0.042277
0.035734
0.042125
0.036166
0.040467
0.034026
0.035668
0.027426
0.025178
0.013429
0.005278
-0.012024
-0.028669
-0.053309
-0.080281
-0.112060
-0.146641
-0.179890
-0.210251
-0.230780
-0.244459
-0.245072
-0.239739
-0.225144
-0.209584
-0.189550
-0.172604
-0.154334
-0.140565
-0.126709
-0.117041
-0.107516
-0.101265
-0.095057
-0.091209
-0.087272
-0.084971
-0.082502
-0.081151
-0.079605
-0.078823
-0.077848
-0.077401
-0.076778
-0.076529
-0.076121
-0.075989
-0.075711
-0.075649
-0.075449
-0.075432
-0.075274
-0.075290
-0.075149
-0.075192
-0.075053
-0.075121
-0.074970
-0.075068
-0.074892
-0.075025
-0.074813
-0.074989
-0.074726
-0.074958
-0.074628
-0.074932
-0.074515
-0.074913
-0.074382
-0.074901
-0.074224
-0.074901
-0.074034
-0.074916
-0.073805
-0.074952
-0.073525
-0.075019
-0.073181
-0.075127
-0.072757
-0.075291
-0.072231
-0.075532
-0.071573
0.063049
0.008944
0.055385
0.015996
0.050405
0.021764
0.047513
0.026720
0.046262
0.031180
0.046293
0.035317
0.047260
0.039140
0.048750
0.042440
0.050162
0.044668
0.050505
0.044712
0.048086
0.040538
0.040032
0.028681
0.021717
0.003776
-0.013501
-0.041084
-0.072629
-0.111210
-0.155794
-0.200007
-0.241748
-0.269986
-0.287784
-0.287036
-0.276984
-0.255207
-0.232280
-0.204764
-0.182095
-0.158932
-0.142074
-0.125833
-0.114962
-0.104586
-0.098116
-0.091795
-0.088130
-0.084364
-0.082361
-0.080135
-0.079076
-0.077760
-0.077222
-0.076439
-0.076186
-0.075713
-0.075612
-0.075319
-0.075297
-0.075106
-0.075128
-0.074991
-0.075037
-0.074926
-0.074989
-0.074883
-0.074962
-0.074847
-0.074944
-0.074809
-0.074930
-0.074764
-0.074917
-0.074707
-0.074903
-0.074638
-0.074889
-0.074551
-0.074876
-0.074445
-0.074866
-0.074315
-0.074862
-0.074156
-0.074868
-0.073963
-0.074888
-0.073726
-0.074930
-0.073436
-0.075003
-0.073079
-0.075118
-0.072636
-0.075292
-0.072086
-0.075546
-0.071397
0.066855
0.009575
0.058768
0.017172
0.053611
0.023457
0.050755
0.028960
0.049749
0.034052
0.050249
0.038965
0.051946
0.043781
0.054487
0.048369
0.057341
0.052258
0.059572
0.054365
0.059441
0.052503
0.053708
0.042547
0.036559
0.017294
-0.001610
-0.034180
-0.073608
-0.123744
-0.185331
-0.247995
-0.304421
-0.340813
-0.361422
-0.354816
-0.334683
-0.300094
-0.265320
-0.226509
-0.195713
-0.165967
-0.145131
-0.125958
-0.113653
-0.102305
-0.095587
-0.089141
-0.085663
-0.082063
-0.080347
-0.078344
-0.077549
-0.076432
-0.076105
-0.075478
-0.075380
-0.075023
-0.075035
-0.074825
-0.074884
-0.074751
-0.074830
-0.074735
-0.074822
-0.074738
-0.074832
-0.074744
-0.074846
-0.074742
-0.074857
-0.074728
-0.074864
-0.074699
-0.074865
-0.074653
-0.074862
-0.074590
-0.074855
-0.074507
-0.074848
-0.074401
-0.074842
-0.074270
-0.074841
-0.074107
-0.074850
-0.073908
-0.074873
-0.073663
-0.074918
-0.073362
-0.074995
-0.072991
-0.075116
-0.072530
-0.075298
-0.071956
-0.075563
-0.071238
0.070487
0.010215
0.062019
0.018370
0.056735
0.025202
0.053981
0.031303
0.053310
0.037113
0.054408
0.042944
0.057034
0.048982
0.060939
0.055235
0.065744
0.061409
0.070708
0.066625
0.074275
0.068826
0.073202
0.063644
0.060940
0.042431
0.025059
-0.010112
-0.054918
-0.115718
-0.198081
-0.286750
-0.370580
-0.425057
-0.453062
-0.439900
-0.404669
-0.352123
-0.300411
-0.246185
-0.204929
-0.167496
-0.142611
-0.120929
-0.107846
-0.096235
-0.089910
-0.083909
-0.081078
-0.078028
-0.076900
-0.075368
-0.075032
-0.074275
-0.074284
-0.073920
-0.074064
-0.073895
-0.074079
-0.074003
-0.074185
-0.074149
-0.074316
-0.074289
-0.074441
-0.074406
-0.074547
-0.074493
-0.074631
-0.074551
-0.074694
-0.074580
-0.074738
-0.074582
-0.074768
-0.074560
-0.074785
-0.074512
-0.074794
-0.074440
-0.074799
-0.074341
-0.074802
-0.074212
-0.074808
-0.074050
-0.074822
-0.073849
-0.074850
-0.073599
-0.074900
-0.073289
-0.074982
-0.072906
-0.075109
-0.072430
-0.075299
-0.071836
-0.075575
-0.071092
0.073652
0.010754
0.064841
0.019380
0.059431
0.026672
0.056749
0.033276
0.056349
0.039692
0.057951
0.046307
0.061377
0.053406
0.066489
0.061143
0.073075
0.069427
0.080632
0.077638
0.087882
0.083967
0.091715
0.083920
0.084884
0.067132
0.051231
0.011624
-0.042630
-0.122567
-0.245922
-0.383308
-0.499663
-0.569945
-0.601996
-0.570501
-0.506559
-0.424473
-0.347833
-0.271708
-0.216454
-0.169399
-0.139771
-0.115455
-0.101743
-0.090105
-0.084391
-0.079012
-0.076942
-0.074515
-0.074003
-0.072948
-0.073052
-0.072628
-0.072940
-0.072801
-0.073148
-0.073131
-0.073451
-0.073476
-0.073751
-0.073782
-0.074012
-0.074030
-0.074226
-0.074221
-0.074392
-0.074359
-0.074519
-0.074451
-0.074611
-0.074504
-0.074676
-0.074523
-0.074720
-0.074511
-0.074748
-0.074470
-0.074764
-0.074401
-0.074774
-0.074304
-0.074780
-0.074175
-0.074789
-0.074010
-0.074806
-0.073804
-0.074837
-0.073548
-0.074889
-0.073230
-0.074975
-0.072835
-0.075107
-0.072345
-0.075304
-0.071733
-0.075589
-0.070965
0.076543
0.011275
0.067436
0.020361
0.061945
0.028113
0.059380
0.035236
0.059306
0.042295
0.061486
0.049766
0.065830
0.058059
0.072345
0.067517
0.081061
0.078347
0.091857
0.090385
0.104032
0.102475
0.115225
0.110831
0.118675
0.104881
0.096397
0.057572
0.002544
-0.092548
-0.265549
-0.469592
-0.648956
-0.753090
-0.789919
-0.730771
-0.623508
-0.504084
-0.396498
-0.292215
-0.220094
-0.162842
-0.129352
-0.103823
-0.090799
-0.080301
-0.076054
-0.071979
-0.071145
-0.069712
-0.070075
-0.069700
-0.070392
-0.070420
-0.071121
-0.071281
-0.071888
-0.072071
-0.072566
-0.072726
-0.073120
-0.073244
-0.073558
-0.073640
-0.073894
-0.073934
-0.074148
-0.074145
-0.074337
-0.074290
-0.074474
-0.074381
-0.074572
-0.074427
-0.074640
-0.074434
-0.074685
-0.074407
-0.074715
-0.074348
-0.074734
-0.074256
-0.074748
-0.074130
-0.074763
-0.073966
-0.074784
-0.073758
-0.074818
-0.073498
-0.074875
-0.073173
-0.074965
-0.072770
-0.075102
-0.072268
-0.075304
-0.071640
-0.075597
-0.070853
0.078923
0.011688
0.069564
0.021140
0.063993
0.029257
0.061508
0.036790
0.061684
0.044361
0.064323
0.052520
0.069412
0.061793
0.077101
0.072706
0.087665
0.085777
0.101408
0.101374
0.118358
0.119228
0.137308
0.136864
0.152893
0.144637
0.146446
0.110141
0.055205
-0.071177
-0.354739
-0.668863
-0.867671
-0.954762
-0.982290
-0.878327
-0.713850
-0.560218
-0.434242
-0.306718
-0.218741
-0.151955
-0.115375
-0.089872
-0.078560
-0.070046
-0.067789
-0.065352
-0.065918
-0.065554
-0.066801
-0.067087
-0.068324
-0.068757
-0.069795
-0.070206
-0.071024
-0.071363
-0.071992
-0.072253
-0.072734
-0.072922
-0.073293
-0.073417
-0.073710
-0.073777
-0.074018
-0.074033
-0.074243
-0.074208
-0.074406
-0.074319
-0.074521
-0.074379
-0.074601
-0.074396
-0.074655
-0.074374
-0.074691
-0.074318
-0.074714
-0.074228
-0.074732
-0.074102
-0.074749
-0.073936
-0.074772
-0.073725
-0.074808
-0.073460
-0.074867
-0.073130
-0.074959
-0.072718
-0.075100
-0.072206
-0.075307
-0.071565
-0.075607
-0.070760
0.080937
0.012057
0.071375
0.021838
0.065759
0.030289
0.063374
0.038207
0.063812
0.046269
0.066916
0.055100
0.072757
0.065345
0.081636
0.077728
0.094102
0.093110
0.110958
0.112487
0.133157
0.136765
0.161223
0.165652
0.192865
0.193180
0.213626
0.189604
0.157435
0.020786
-0.308118
-0.615463
-0.780334
-0.847831
-0.926311
-0.864110
-0.674561
-0.515100
-0.409975
-0.286341
-0.197598
-0.129593
-0.093979
-0.071236
-0.063178
-0.057795
-0.058174
-0.057840
-0.060056
-0.060945
-0.063173
-0.064196
-0.066019
-0.066894
-0.068291
-0.068973
-0.070017
-0.070528
-0.071303
-0.071675
-0.072253
-0.072515
-0.072952
-0.073126
-0.073464
-0.073566
-0.073839
-0.073877
-0.074111
-0.074092
-0.074307
-0.074231
-0.074446
-0.074311
-0.074544
-0.074341
-0.074611
-0.074330
-0.074656
-0.074281
-0.074686
-0.074195
-0.074709
-0.074071
-0.074730
-0.073905
-0.074756
-0.073693
-0.074796
-0.073426
-0.074857
-0.073091
-0.074952
-0.072674
-0.075096
-0.072154
-0.075308
-0.071502
-0.075613
-0.070684
0.082416
0.012318
0.072700
0.022331
0.067040
0.031017
0.064718
0.039206
0.065333
0.047612
0.068762
0.056921
0.075141
0.067869
0.084897
0.081345
0.098814
0.098518
0.118167
0.120997
0.144879
0.150986
0.181589
0.191102
0.230806
0.242210
0.289175
0.290439
0.315355
0.225971
-0.065153
-0.371596
-0.598741
-0.640281
-0.691789
-0.666299
-0.528831
-0.411660
-0.342343
-0.243391
-0.164742
-0.103236
-0.071959
-0.053596
-0.049311
-0.047177
-0.050115
-0.051743
-0.055447
-0.057431
-0.060492
-0.062122
-0.064415
-0.065634
-0.067303
-0.068186
-0.069392
-0.070024
-0.070898
-0.071345
-0.071985
-0.072294
-0.072771
-0.072975
-0.073340
-0.073461
-0.073752
-0.073803
-0.074049
-0.074038
-0.074262
-0.074191
-0.074413
-0.074280
-0.074519
-0.074316
-0.074591
-0.074309
-0.074640
-0.074262
-0.074674
-0.074177
-0.074698
-0.074053
-0.074721
-0.073887
-0.074749
-0.073673
-0.074789
-0.073403
-0.074852
-0.073065
-0.074949
-0.072643
-0.075095
-0.072116
-0.075310
-0.071456
-0.075619
-0.070628
0.083450
0.012509
0.073631
0.022694
0.067952
0.031556
0.065688
0.039951
0.066450
0.048624
0.070139
0.058305
0.076946
0.069804
0.087395
0.084140
0.102463
0.102720
0.123802
0.127636
0.154141
0.162114
0.197924
0.211116
0.261978
0.281233
0.353689
0.373326
0.458712
0.407034
0.052704
-0.322604
-0.585532
-0.585598
-0.558612
-0.495503
-0.400374
-0.318025
-0.271178
-0.198572
-0.130278
-0.078220
-0.052260
-0.038730
-0.037856
-0.038564
-0.043576
-0.046810
-0.051692
-0.054557
-0.058275
-0.060392
-0.063059
-0.064555
-0.066443
-0.067490
-0.068829
-0.069561
-0.070519
-0.071029
-0.071724
-0.072074
-0.072587
-0.072819
-0.073209
-0.073348
-0.073656
-0.073720
-0.073979
-0.073976
-0.074210
-0.074144
-0.074374
-0.074244
-0.074489
-0.074288
-0.074568
-0.074286
-0.074622
-0.074243
-0.074659
-0.074160
-0.074687
-0.074037
-0.074712
-0.073871
-0.074741
-0.073657
-0.074783
-0.073386
-0.074847
-0.073046
-0.074945
-0.072620
-0.075093
-0.072089
-0.075310
-0.071425
-0.075622
-0.070590
0.083952
0.012598
0.074081
0.022863
0.068388
0.031807
0.066148
0.040296
0.066974
0.049091
0.070781
0.058943
0.077785
0.070700
0.088562
0.085445
0.104189
0.104718
0.126530
0.130886
0.158792
0.167802
0.206562
0.221947
0.279541
0.303793
0.392440
0.424224
0.548279
0.511427
0.106929
-0.253197
-0.477908
-0.490692
-0.486341
-0.439200
-0.349790
-0.266992
-0.232084
-0.171017
-0.109813
-0.063284
-0.041168
-0.030562
-0.031791
-0.034085
-0.040254
-0.044345
-0.049855
-0.053178
-0.057235
-0.059598
-0.062451
-0.064083
-0.066076
-0.067200
-0.068601
-0.069378
-0.070373
-0.070910
-0.071628
-0.071995
-0.072523
-0.072765
-0.073165
-0.073311
-0.073626
-0.073694
-0.073957
-0.073958
-0.074194
-0.074130
-0.074363
-0.074233
-0.074480
-0.074280
-0.074562
-0.074279
-0.074617
-0.074236
-0.074655
-0.074154
-0.074683
-0.074031
-0.074709
-0.073865
-0.074738
-0.073650
-0.074781
-0.073378
-0.074845
-0.073037
-0.074944
-0.072610
-0.075092
-0.072077
-0.075310
-0.071409
-0.075624
-0.070571
0.083952
0.012598
0.074081
0.022863
0.068388
0.031807
0.066148
0.040296
0.066974
0.049091
0.070781
0.058943
0.077785
0.070700
0.088562
0.085445
0.104189
0.104718
0.126530
0.130886
0.158792
0.167802
0.206562
0.221947
0.279541
0.303793
0.392440
0.424224
0.548279
0.511427
0.106929
-0.253197
-0.477908
-0.490692
-0.486341
-0.439200
-0.349790
-0.266992
-0.232084
-0.171017
-0.109813
-0.063284
-0.041168
-0.030562
-0.031791
-0.034085
-0.040254
-0.044345
-0.049855
-0.053178
-0.057235
-0.059598
-0.062451
-0.064083
-0.066076
-0.067200
-0.068601
-0.069378
-0.070373
-0.070910
-0.071628
-0.071995
-0.072523
-0.072765
-0.073165
-0.073311
-0.073626
-0.073694
-0.073957
-0.073958
-0.074194
-0.074130
-0.074363
-0.074233
-0.074480
-0.074280
-0.074562
-0.074279
-0.074617
-0.074236
-0.074655
-0.074154
-0.074683
-0.074031
-0.074709
-0.073865
-0.074738
-0.073650
-0.074781
-0.073378
-0.074845
-0.073037
-0.074944
-0.072610
-0.075092
-0.072077
-0.075310
-0.071409
-0.075624
-0.070571
0.083450
0.012509
0.073631
0.022694
0.067952
0.031556
0.065688
0.039951
0.066450
0.048624
0.070139
0.058305
0.076946
0.069804
0.087395
0.084140
0.102463
0.102720
0.123802
0.127636
0.154141
0.162114
0.197924
0.211116
0.261978
0.281233
0.353689
0.373326
0.458712
0.407034
0.052704
-0.322604
-0.585532
-0.585598
-0.558612
-0.495503
-0.400374
-0.318025
-0.271178
-0.198572
-0.130278
-0.078220
-0.052260
-0.038730
-0.037856
-0.038564
-0.043576
-0.046810
-0.051692
-0.054557
-0.058275
-0.060392
-0.063059
-0.064555
-0.066443
-0.067490
-0.068829
-0.069561
-0.070519
-0.071029
-0.071724
-0.072074
-0.072587
-0.072819
-0.073209
-0.073348
-0.073656
-0.073720
-0.073979
-0.073976
-0.074210
-0.074144
-0.074374
-0.074244
-0.074489
-0.074288
-0.074568
-0.074286
-0.074622
-0.074243
-0.074659
-0.074160
-0.074687
-0.074037
-0.074712
-0.073871
-0.074741
-0.073657
-0.074783
-0.073386
-0.074847
-0.073046
-0.074945
-0.072620
-0.075093
-0.072089
-0.075310
-0.071425
-0.075622
-0.070590
0.082416
0.012318
0.072700
0.022331
0.067040
0.031017
0.064718
0.039206
0.065333
0.047612
0.068762
0.056921
0.075141
0.067869
0.084897
0.081345
0.098814
0.098518
0.118167
0.120997
0.144879
0.150986
0.181589
0.191102
0.230806
0.242210
0.289175
0.290439
0.315355
0.225971
-0.065153
-0.371596
-0.598741
-0.640281
-0.691789
-0.666299
-0.528831
-0.411660
-0.342343
-0.243391
-0.164742
-0.103236
-0.071959
-0.053596
-0.049311
-0.047177
-0.050115
-0.051743
-0.055447
-0.057431
-0.060492
-0.062122
-0.064415
-0.065634
-0.067303
-0.068186
-0.069392
-0.070024
-0.070898
-0.071345
-0.071985
-0.072294
-0.072771
-0.072975
-0.073340
-0.073461
-0.073752
-0.073803
-0.074049
-0.074038
-0.074262
-0.074191
-0.074413
-0.074280
-0.074519
-0.074316
-0.074591
-0.074309
-0.074640
-0.074262
-0.074674
-0.074177
-0.074698
-0.074053
-0.074721
-0.073887
-0.074749
-0.073673
-0.074789
-0.073403
-0.074852
-0.073065
-0.074949
-0.072643
-0.075095
-0.072116
-0.075310
-0.071456
-0.075619
-0.070628
0.080937
0.012057
0.071375
0.021838
0.065759
0.030289
0.063374
0.038207
0.063812
0.046269
0.066916
0.055100
0.072757
0.065345
0.081636
0.077728
0.094102
0.093110
0.110958
0.112487
0.133157
0.136765
0.161223
0.165652
0.192865
0.193180
0.213626
0.189604
0.157435
0.020786
-0.308118
-0.615463
-0.780334
-0.847831
-0.926311
-0.864110
-0.674561
-0.515100
-0.409975
-0.286341
-0.197598
-0.129593
-0.093979
-0.071236
-0.063178
-0.057795
-0.058174
-0.057840
-0.060056
-0.060945
-0.063173
-0.064196
-0.066019
-0.066894
-0.068291
-0.068973
-0.070017
-0.070528
-0.071303
-0.071675
-0.072253
-0.072515
-0.072952
-0.073126
-0.073464
-0.073566
-0.073839
-0.073877
-0.074111
-0.074092
-0.074307
-0.074231
-0.074446
-0.074311
-0.074544
-0.074341
-0.074611
-0.074330
-0.074656
-0.074281
-0.074686
-0.074195
-0.074709
-0.074071
-0.074730
-0.073905
-0.074756
-0.073693
-0.074796
-0.073426
-0.074857
-0.073091
-0.074952
-0.072674
-0.075096
-0.072154
-0.075308
-0.071502
-0.075613
-0.070684
0.078923
0.011688
0.069564
0.021140
0.063993
0.029257
0.061508
0.036790
0.061684
0.044361
0.064323
0.052520
0.069412
0.061793
0.077101
0.072706
0.087665
0.085777
0.101408
0.101374
0.118358
0.119228
0.137308
0.136864
0.152893
0.144637
0.146446
0.110141
0.055205
-0.071177
-0.354739
-0.668863
-0.867671
-0.954762
-0.982290
-0.878327
-0.713850
-0.560218
-0.434242
-0.306718
-0.218741
-0.151955
-0.115375
-0.089872
-0.078560
-0.070046
-0.067789
-0.065352
-0.065918
-0.065554
-0.066801
-0.067087
-0.068324
-0.068757
-0.069795
-0.070206
-0.071024
-0.071363
-0.071992
-0.072253
-0.072734
-0.072922
-0.073293
-0.073417
-0.073710
-0.073777
-0.074018
-0.074033
-0.074243
-0.074208
-0.074406
-0.074319
-0.074521
-0.074379
-0.074601
-0.074396
-0.074655
-0.074374
-0.074691
-0.074318
-0.074714
-0.074228
-0.074732
-0.074102
-0.074749
-0.073936
-0.074772
-0.073725
-0.074808
-0.073460
-0.074867
-0.073130
-0.074959
-0.072718
-0.075100
-0.072206
-0.075307
-0.071565
-0.075607
-0.070760
0.076543
0.011275
0.067436
0.020361
0.061945
0.028113
0.059380
0.035236
0.059306
0.042295
0.061486
0.049766
0.065830
0.058059
0.072345
0.067517
0.081061
0.078347
0.091857
0.090385
0.104032
0.102475
0.115225
0.110831
0.118675
0.104881
0.096397
0.057572
0.002544
-0.092548
-0.265549
-0.469592
-0.648956
-0.753090
-0.789919
-0.730771
-0.623508
-0.504084
-0.396498
-0.292215
-0.220094
-0.162842
-0.129352
-0.103823
-0.090799
-0.080301
-0.076054
-0.071979
-0.071145
-0.069712
-0.070075
-0.069700
-0.070392
-0.070420
-0.071121
-0.071281
-0.071888
-0.072071
-0.072566
-0.072726
-0.073120
-0.073244
-0.073558
-0.073640
-0.073894
-0.073934
-0.074148
-0.074145
-0.074337
-0.074290
-0.074474
-0.074381
-0.074572
-0.074427
-0.074640
-0.074434
-0.074685
-0.074407
-0.074715
-0.074348
-0.074734
-0.074256
-0.074748
-0.074130
-0.074763
-0.073966
-0.074784
-0.073758
-0.074818
-0.073498
-0.074875
-0.073173
-0.074965
-0.072770
-0.075102
-0.072268
-0.075304
-0.071640
-0.075597
-0.070853
0.073652
0.010754
0.064841
0.019380
0.059431
0.026672
0.056749
0.033276
0.056349
0.039692
0.057951
0.046307
0.061377
0.053406
0.066489
0.061143
0.073075
0.069427
0.080632
0.077638
0.087882
0.083967
0.091715
0.083920
0.084884
0.067132
0.051231
0.011624
-0.042630
-0.122567
-0.245922
-0.383308
-0.499663
-0.569945
-0.601996
-0.570501
-0.506559
-0.424473
-0.347833
-0.271708
-0.216454
-0.169399
-0.139771
-0.115455
-0.101743
-0.090105
-0.084391
-0.079012
-0.076942
-0.074515
-0.074003
-0.072948
-0.073052
-0.072628
-0.072940
-0.072801
-0.073148
-0.073131
-0.073451
-0.073476
-0.073751
-0.073782
-0.074012
-0.074030
-0.074226
-0.074221
-0.074392
-0.074359
-0.074519
-0.074451
-0.074611
-0.074504
-0.074676
-0.074523
-0.074720
-0.074511
-0.074748
-0.074470
-0.074764
-0.074401
-0.074774
-0.074304
-0.074780
-0.074175
-0.074789
-0.074010
-0.074806
-0.073804
-0.074837
-0.073548
-0.074889
-0.073230
-0.074975
-0.072835
-0.075107
-0.072345
-0.075304
-0.071733
-0.075589
-0.070965
0.070487
0.010215
0.062019
0.018370
0.056735
0.025202
0.053981
0.031303
0.053310
0.037113
0.054408
0.042944
0.057034
0.048982
0.060939
0.055235
0.065744
0.061409
0.070708
0.066625
0.074275
0.068826
0.073202
0.063644
0.060940
0.042431
0.025059
-0.010112
-0.054918
-0.115718
-0.198081
-0.286750
-0.370580
-0.425057
-0.453062
-0.439900
-0.404669
-0.352123
-0.300411
-0.246185
-0.204929
-0.167496
-0.142611
-0.120929
-0.107846
-0.096235
-0.089910
-0.083909
-0.081078
-0.078028
-0.076900
-0.075368
-0.075032
-0.074275
-0.074284
-0.073920
-0.074064
-0.073895
-0.074079
-0.074003
-0.074185
-0.074149
-0.074316
-0.074289
-0.074441
-0.074406
-0.074547
-0.074493
-0.074631
-0.074551
-0.074694
-0.074580
-0.074738
-0.074582
-0.074768
-0.074560
-0.074785
-0.074512
-0.074794
-0.074440
-0.074799
-0.074341
-0.074802
-0.074212
-0.074808
-0.074050
-0.074822
-0.073849
-0.074850
-0.073599
-0.074900
-0.073289
-0.074982
-0.072906
-0.075109
-0.072430
-0.075299
-0.071836
-0.075575
-0.071092
0.066855
0.009575
0.058768
0.017172
0.053611
0.023457
0.050755
0.028960
0.049749
0.034052
0.050249
0.038965
0.051946
0.043781
0.054487
0.048369
0.057341
0.052258
0.059572
0.054365
0.059441
0.052503
0.053708
0.042547
0.036559
0.017294
-0.001610
-0.034180
-0.073608
-0.123744
-0.185331
-0.247995
-0.304421
-0.340813
-0.361422
-0.354816
-0.334683
-0.300094
-0.265320
-0.226509
-0.195713
-0.165967
-0.145131
-0.125958
-0.113653
-0.102305
-0.095587
-0.089141
-0.085663
-0.082063
-0.080347
-0.078344
-0.077549
-0.076432
-0.076105
-0.075478
-0.075380
-0.075023
-0.075035
-0.074825
-0.074884
-0.074751
-0.074830
-0.074735
-0.074822
-0.074738
-0.074832
-0.074744
-0.074846
-0.074742
-0.074857
-0.074728
-0.074864
-0.074699
-0.074865
-0.074653
-0.074862
-0.074590
-0.074855
-0.074507
-0.074848
-0.074401
-0.074842
-0.074270
-0.074841
-0.074107
-0.074850
-0.073908
-0.074873
-0.073663
-0.074918
-0.073362
-0.074995
-0.072991
-0.075116
-0.072530
-0.075298
-0.071956
-0.075563
-0.071238
0.063049
0.008944
0.055385
0.015996
0.050405
0.021764
0.047513
0.026720
0.046262
0.031180
0.046293
0.035317
0.047260
0.039140
0.048750
0.042440
0.050162
0.044668
0.050505
0.044712
0.048086
0.040538
0.040032
0.028681
0.021717
0.003776
-0.013501
-0.041084
-0.072629
-0.111210
-0.155794
-0.200007
-0.241748
-0.269986
-0.287784
-0.287036
-0.276984
-0.255207
-0.232280
-0.204764
-0.182095
-0.158932
-0.142074
-0.125833
-0.114962
-0.104586
-0.098116
-0.091795
-0.088130
-0.084364
-0.082361
-0.080135
-0.079076
-0.077760
-0.077222
-0.076439
-0.076186
-0.075713
-0.075612
-0.075319
-0.075297
-0.075106
-0.075128
-0.074991
-0.075037
-0.074926
-0.074989
-0.074883
-0.074962
-0.074847
-0.074944
-0.074809
-0.074930
-0.074764
-0.074917
-0.074707
-0.074903
-0.074638
-0.074889
-0.074551
-0.074876
-0.074445
-0.074866
-0.074315
-0.074862
-0.074156
-0.074868
-0.073963
-0.074888
-0.073726
-0.074930
-0.073436
-0.075003
-0.073079
-0.075118
-0.072636
-0.075292
-0.072086
-0.075546
-0.071397
0.058835
0.008220
0.051626
0.014650
0.046824
0.019826
0.043869
0.024154
0.042324
0.027892
0.041812
0.031146
0.041952
0.033855
0.042277
0.035734
0.042125
0.036166
0.040467
0.034026
0.035668
0.027426
0.025178
0.013429
0.005278
-0.012024
-0.028669
-0.053309
-0.080281
-0.112060
-0.146641
-0.179890
-0.210251
-0.230780
-0.244459
-0.245072
-0.239739
-0.225144
-0.209584
-0.189550
-0.172604
-0.154334
-0.140565
-0.126709
-0.117041
-0.107516
-0.101265
-0.095057
-0.091209
-0.087272
-0.084971
-0.082502
-0.081151
-0.079605
-0.078823
-0.077848
-0.077401
-0.076778
-0.076529
-0.076121
-0.075989
-0.075711
-0.075649
-0.075449
-0.075432
-0.075274
-0.075290
-0.075149
-0.075192
-0.075053
-0.075121
-0.074970
-0.075068
-0.074892
-0.075025
-0.074813
-0.074989
-0.074726
-0.074958
-0.074628
-0.074932
-0.074515
-0.074913
-0.074382
-0.074901
-0.074224
-0.074901
-0.074034
-0.074916
-0.073805
-0.074952
-0.073525
-0.075019
-0.073181
-0.075127
-0.072757
-0.075291
-0.072231
-0.075532
-0.071573
0.054545
0.007529
0.047825
0.013373
0.043256
0.018008
0.040316
0.021787
0.038588
0.024922
0.037697
0.027477
0.037251
0.029352
0.036774
0.030237
0.035609
0.029528
0.032785
0.026199
0.026857
0.018648
0.015743
0.004596
-0.003310
-0.018770
-0.033260
-0.053916
-0.075632
-0.100690
-0.127082
-0.152227
-0.175692
-0.192259
-0.204239
-0.206869
-0.205276
-0.196340
-0.186323
-0.172166
-0.159859
-0.145834
-0.134979
-0.123596
-0.115426
-0.107123
-0.101497
-0.095794
-0.092118
-0.088328
-0.086001
-0.083524
-0.082079
-0.080469
-0.079581
-0.078533
-0.077993
-0.077304
-0.076978
-0.076517
-0.076326
-0.076008
-0.075901
-0.075670
-0.075620
-0.075440
-0.075430
-0.075276
-0.075298
-0.075151
-0.075203
-0.075048
-0.075131
-0.074956
-0.075075
-0.074867
-0.075029
-0.074776
-0.074992
-0.074676
-0.074961
-0.074563
-0.074938
-0.074433
-0.074924
-0.074280
-0.074920
-0.074097
-0.074933
-0.073878
-0.074966
-0.073611
-0.075027
-0.073285
-0.075129
-0.072882
-0.075284
-0.072384
-0.075511
-0.071761
0.049916
0.006757
0.043708
0.011949
0.039371
0.015979
0.036425
0.019143
0.034473
0.021600
0.033142
0.023368
0.032033
0.024309
0.030660
0.024085
0.028367
0.022099
0.024237
0.017403
0.016982
0.008623
0.004877
-0.006041
-0.014134
-0.028540
-0.041896
-0.060127
-0.078654
-0.099557
-0.120713
-0.140591
-0.158735
-0.171664
-0.181325
-0.184058
-0.183918
-0.177982
-0.171226
-0.160821
-0.151626
-0.140598
-0.131857
-0.122335
-0.115294
-0.107937
-0.102770
-0.097441
-0.093855
-0.090138
-0.087729
-0.085190
-0.083602
-0.081883
-0.080846
-0.079683
-0.079009
-0.078217
-0.077780
-0.077233
-0.076952
-0.076565
-0.076387
-0.076103
-0.075997
-0.075777
-0.075723
-0.075539
-0.075526
-0.075358
-0.075381
-0.075213
-0.075271
-0.075090
-0.075186
-0.074978
-0.075119
-0.074870
-0.075065
-0.074759
-0.075022
-0.074640
-0.074989
-0.074508
-0.074966
-0.074356
-0.074957
-0.074179
-0.074963
-0.073967
-0.074990
-0.073713
-0.075045
-0.073403
-0.075138
-0.073022
-0.075282
-0.072552
-0.075494
-0.071965
0.045299
0.006036
0.039630
0.010628
0.035579
0.014122
0.032711
0.016765
0.030656
0.018682
0.029060
0.019864
0.027539
0.020159
0.025627
0.019243
0.022721
0.016573
0.018007
0.011339
0.010411
0.002443
-0.001404
-0.011439
-0.018876
-0.031557
-0.043049
-0.058405
-0.073575
-0.090518
-0.107330
-0.123156
-0.137752
-0.148571
-0.157108
-0.160511
-0.161813
-0.158519
-0.154460
-0.147228
-0.140700
-0.132358
-0.125623
-0.117973
-0.112203
-0.105988
-0.101527
-0.096827
-0.093583
-0.090177
-0.087905
-0.085500
-0.083943
-0.082266
-0.081213
-0.080050
-0.079343
-0.078534
-0.078061
-0.077493
-0.077178
-0.076772
-0.076566
-0.076266
-0.076136
-0.075904
-0.075831
-0.075640
-0.075610
-0.075439
-0.075448
-0.075280
-0.075325
-0.075147
-0.075230
-0.075029
-0.075156
-0.074918
-0.075096
-0.074807
-0.075049
-0.074690
-0.075014
-0.074562
-0.074989
-0.074417
-0.074977
-0.074248
-0.074980
-0.074049
-0.075004
-0.073810
-0.075054
-0.073520
-0.075139
-0.073164
-0.075273
-0.072725
-0.075470
-0.072178
0.040414
0.005248
0.035300
0.009184
0.031531
0.012088
0.028720
0.014156
0.026527
0.015470
0.024615
0.015990
0.022612
0.015550
0.020073
0.013828
0.016433
0.010323
0.010965
0.004332
0.002759
-0.005041
-0.009230
-0.018772
-0.026002
-0.037631
-0.048060
-0.061602
-0.074656
-0.089032
-0.102921
-0.115938
-0.127768
-0.136667
-0.143821
-0.147029
-0.148711
-0.146722
-0.144143
-0.138854
-0.134023
-0.127494
-0.122133
-0.115816
-0.110945
-0.105560
-0.101591
-0.097335
-0.094303
-0.091094
-0.088871
-0.086520
-0.084930
-0.083235
-0.082114
-0.080902
-0.080117
-0.079251
-0.078704
-0.078081
-0.077701
-0.077247
-0.076986
-0.076646
-0.076472
-0.076208
-0.076098
-0.075882
-0.075822
-0.075634
-0.075616
-0.075438
-0.075460
-0.075277
-0.075339
-0.075139
-0.075245
-0.075014
-0.075170
-0.074893
-0.075111
-0.074772
-0.075066
-0.074642
-0.075034
-0.074500
-0.075015
-0.074337
-0.075013
-0.074148
-0.075030
-0.073923
-0.075073
-0.073651
-0.075149
-0.073320
-0.075271
-0.072912
-0.075452
-0.072406
0.035616
0.004524
0.031075
0.007868
0.027638
0.010260
0.024966
0.011855
0.022756
0.012706
0.020697
0.012762
0.018450
0.011856
0.015608
0.009698
0.011672
0.005854
0.006028
-0.000252
-0.002054
-0.009305
-0.013351
-0.021985
-0.028515
-0.038717
-0.047721
-0.059246
-0.070150
-0.082102
-0.093512
-0.104279
-0.114122
-0.121786
-0.128169
-0.131546
-0.133771
-0.133066
-0.131840
-0.128312
-0.125029
-0.120190
-0.116168
-0.111193
-0.107307
-0.102866
-0.099544
-0.095896
-0.093255
-0.090412
-0.088405
-0.086262
-0.084781
-0.083197
-0.082123
-0.080966
-0.080196
-0.079354
-0.078806
-0.078191
-0.077803
-0.077349
-0.077078
-0.076736
-0.076550
-0.076285
-0.076163
-0.075948
-0.075877
-0.075690
-0.075662
-0.075487
-0.075498
-0.075322
-0.075372
-0.075182
-0.075274
-0.075057
-0.075196
-0.074939
-0.075135
-0.074821
-0.075088
-0.074698
-0.075055
-0.074564
-0.075034
-0.074412
-0.075029
-0.074236
-0.075043
-0.074028
-0.075081
-0.073779
-0.075150
-0.073475
-0.075259
-0.073102
-0.075424
-0.072639
0.030622
0.003744
0.026662
0.006451
0.023549
0.008288
0.020996
0.009363
0.018734
0.009698
0.016482
0.009222
0.013923
0.007766
0.010689
0.005058
0.006332
0.000716
0.000326
-0.005742
-0.007921
-0.014844
-0.018986
-0.027056
-0.033270
-0.042557
-0.050713
-0.060918
-0.070426
-0.080741
-0.090424
-0.099559
-0.107836
-0.114382
-0.119895
-0.123031
-0.125279
-0.125152
-0.124605
-0.122109
-0.119760
-0.116015
-0.112865
-0.108806
-0.105583
-0.101799
-0.098909
-0.095680
-0.093284
-0.090678
-0.088786
-0.086758
-0.085311
-0.083770
-0.082685
-0.081529
-0.080727
-0.079865
-0.079277
-0.078635
-0.078206
-0.077725
-0.077415
-0.077048
-0.076828
-0.076542
-0.076391
-0.076159
-0.076062
-0.075864
-0.075813
-0.075632
-0.075622
-0.075445
-0.075474
-0.075288
-0.075358
-0.075151
-0.075267
-0.075025
-0.075196
-0.074904
-0.075141
-0.074782
-0.075100
-0.074651
-0.075074
-0.074507
-0.075063
-0.074343
-0.075071
-0.074150
-0.075101
-0.073921
-0.075160
-0.073644
-0.075257
-0.073305
-0.075404
-0.072886
0.025774
0.003036
0.022404
0.005176
0.019658
0.006537
0.017300
0.007195
0.015098
0.007148
0.012806
0.006320
0.010147
0.004551
0.006795
0.001603
0.002373
-0.002845
-0.003553
-0.009173
-0.011438
-0.017771
-0.021693
-0.028936
-0.034543
-0.042701
-0.049816
-0.058601
-0.066709
-0.075472
-0.083653
-0.091426
-0.098509
-0.104268
-0.109237
-0.112352
-0.114778
-0.115285
-0.115433
-0.113934
-0.112492
-0.109811
-0.107542
-0.104420
-0.101923
-0.098872
-0.096521
-0.093820
-0.091793
-0.089546
-0.087893
-0.086098
-0.084799
-0.083403
-0.082406
-0.081338
-0.080585
-0.079776
-0.079213
-0.078602
-0.078186
-0.077722
-0.077417
-0.077062
-0.076841
-0.076563
-0.076409
-0.076183
-0.076081
-0.075890
-0.075832
-0.075660
-0.075641
-0.075474
-0.075493
-0.075320
-0.075377
-0.075187
-0.075286
-0.075066
-0.075214
-0.074951
-0.075159
-0.074836
-0.075118
-0.074716
-0.075091
-0.074584
-0.075078
-0.074435
-0.075083
-0.074262
-0.075108
-0.074057
-0.075159
-0.073810
-0.075244
-0.073508
-0.075373
-0.073136
0.020796
0.002285
0.018017
0.003821
0.015628
0.004672
0.013442
0.004872
0.011267
0.004396
0.008890
0.003155
0.006065
0.000993
0.002507
-0.002306
-0.002108
-0.007017
-0.008138
-0.013445
-0.015937
-0.021876
-0.025787
-0.032483
-0.037783
-0.045187
-0.051665
-0.059489
-0.066667
-0.074343
-0.081455
-0.088206
-0.094340
-0.099392
-0.103790
-0.106681
-0.109019
-0.109775
-0.110231
-0.109289
-0.108365
-0.106348
-0.104626
-0.102121
-0.100093
-0.097536
-0.095533
-0.093187
-0.091391
-0.089376
-0.087861
-0.086204
-0.084975
-0.083653
-0.082683
-0.081649
-0.080896
-0.080096
-0.079520
-0.078904
-0.078468
-0.077994
-0.077666
-0.077298
-0.077056
-0.076766
-0.076590
-0.076356
-0.076234
-0.076037
-0.075960
-0.075785
-0.075748
-0.075583
-0.075583
-0.075417
-0.075454
-0.075275
-0.075352
-0.075150
-0.075272
-0.075034
-0.075210
-0.074921
-0.075163
-0.074806
-0.075130
-0.074683
-0.075113
-0.074547
-0.075111
-0.074391
-0.075129
-0.074208
-0.075170
-0.073989
-0.075241
-0.073724
-0.075352
-0.073398
0.016006
0.001609
0.013820
0.002611
0.011822
0.003031
0.009875
0.002870
0.007825
0.002087
0.005496
0.000588
0.002682
-0.001767
-0.000857
-0.005168
-0.005388
-0.009840
-0.011191
-0.016017
-0.018532
-0.023899
-0.027594
-0.033573
-0.038389
-0.044910
-0.050643
-0.057449
-0.063695
-0.070329
-0.076486
-0.082353
-0.087726
-0.092241
-0.096247
-0.099046
-0.101411
-0.102477
-0.103291
-0.102921
-0.102535
-0.101189
-0.100044
-0.098184
-0.096678
-0.094670
-0.093092
-0.091176
-0.089702
-0.088006
-0.086721
-0.085291
-0.084221
-0.083055
-0.082191
-0.081262
-0.080578
-0.079848
-0.079316
-0.078748
-0.078338
-0.077896
-0.077584
-0.077239
-0.077005
-0.076731
-0.076560
-0.076338
-0.076217
-0.076032
-0.075952
-0.075789
-0.075746
-0.075595
-0.075586
-0.075436
-0.075460
-0.075301
-0.075361
-0.075184
-0.075283
-0.075076
-0.075223
-0.074973
-0.075177
-0.074870
-0.075144
-0.074761
-0.075125
-0.074642
-0.075121
-0.074507
-0.075134
-0.074349
-0.075167
-0.074162
-0.075226
-0.073937
-0.075319
-0.073661
0.011149
0.000900
0.009550
0.001342
0.007929
0.001302
0.006196
0.000747
0.004238
-0.000386
0.001912
-0.002197
-0.000954
-0.004822
-0.004561
-0.008430
-0.009129
-0.013209
-0.014879
-0.019342
-0.022004
-0.026963
-0.030613
-0.036095
-0.040655
-0.046564
-0.051832
-0.057925
-0.063542
-0.069425
-0.074892
-0.080079
-0.084846
-0.088882
-0.092498
-0.095104
-0.097356
-0.098515
-0.099463
-0.099395
-0.099297
-0.098355
-0.097554
-0.096106
-0.094925
-0.093277
-0.091967
-0.090334
-0.089059
-0.087568
-0.086418
-0.085127
-0.084142
-0.083064
-0.082246
-0.081369
-0.080707
-0.080005
-0.079478
-0.078921
-0.078508
-0.078069
-0.077748
-0.077401
-0.077155
-0.076879
-0.076694
-0.076470
-0.076334
-0.076149
-0.076054
-0.075894
-0.075835
-0.075689
-0.075663
-0.075523
-0.075528
-0.075383
-0.075421
-0.075264
-0.075337
-0.075157
-0.075271
-0.075058
-0.075220
-0.074961
-0.075183
-0.074863
-0.075160
-0.074757
-0.075149
-0.074640
-0.075155
-0.074506
-0.075178
-0.074349
-0.075223
-0.074161
-0.075297
-0.073933
0.006504
0.000265
0.005489
0.000214
0.004271
-0.000213
0.002806
-0.001076
0.001022
-0.002452
-0.001189
-0.004443
-0.003964
-0.007175
-0.007460
-0.010794
-0.011852
-0.015452
-0.017306
-0.021287
-0.023955
-0.028385
-0.031854
-0.036727
-0.040919
-0.046135
-0.050872
-0.056217
-0.061201
-0.066354
-0.071190
-0.075767
-0.080026
-0.083673
-0.087003
-0.089494
-0.091713
-0.093014
-0.094144
-0.094405
-0.094629
-0.094110
-0.093687
-0.092678
-0.091868
-0.090622
-0.089637
-0.088343
-0.087333
-0.086111
-0.085167
-0.084081
-0.083247
-0.082321
-0.081614
-0.080846
-0.080262
-0.079638
-0.079166
-0.078665
-0.078289
-0.077890
-0.077594
-0.077277
-0.077047
-0.076794
-0.076618
-0.076413
-0.076282
-0.076112
-0.076018
-0.075873
-0.075812
-0.075682
-0.075649
-0.075527
-0.075521
-0.075398
-0.075420
-0.075289
-0.075340
-0.075193
-0.075277
-0.075106
-0.075229
-0.075023
-0.075193
-0.074939
-0.075169
-0.074852
-0.075157
-0.074757
-0.075157
-0.074650
-0.075173
-0.074526
-0.075206
-0.074379
-0.075261
-0.074203
0.001849
-0.000392
0.001405
-0.000955
0.000572
-0.001791
-0.000648
-0.002989
-0.002291
-0.004644
-0.004432
-0.006866
-0.007175
-0.009775
-0.010644
-0.013501
-0.014972
-0.018170
-0.020282
-0.023887
-0.026662
-0.030697
-0.034121
-0.038554
-0.042548
-0.047267
-0.051669
-0.056474
-0.061027
-0.065638
-0.070015
-0.074115
-0.077970
-0.081274
-0.084330
-0.086656
-0.088768
-0.090087
-0.091267
-0.091689
-0.092073
-0.091801
-0.091594
-0.090858
-0.090272
-0.089284
-0.088499
-0.087424
-0.086577
-0.085526
-0.084704
-0.083745
-0.082997
-0.082159
-0.081508
-0.080800
-0.080250
-0.079663
-0.079210
-0.078732
-0.078363
-0.077977
-0.077682
-0.077372
-0.077138
-0.076889
-0.076707
-0.076505
-0.076365
-0.076200
-0.076095
-0.075956
-0.075881
-0.075760
-0.075712
-0.075602
-0.075579
-0.075472
-0.075473
-0.075364
-0.075388
-0.075271
-0.075322
-0.075189
-0.075270
-0.075114
-0.075231
-0.075041
-0.075203
-0.074969
-0.075185
-0.074893
-0.075178
-0.074810
-0.075184
-0.074717
-0.075203
-0.074609
-0.075239
-0.074481
-0.002584
-0.000982
-0.002465
-0.001995
-0.002894
-0.003173
-0.003827
-0.004631
-0.005263
-0.006477
-0.007245
-0.008820
-0.009842
-0.011776
-0.013145
-0.015458
-0.017249
-0.019968
-0.022239
-0.025382
-0.028165
-0.031723
-0.035009
-0.038929
-0.042651
-0.046820
-0.050843
-0.055083
-0.059198
-0.063277
-0.067222
-0.070881
-0.074386
-0.077395
-0.080237
-0.082446
-0.084503
-0.085875
-0.087144
-0.087753
-0.088330
-0.088325
-0.088365
-0.087928
-0.087602
-0.086905
-0.086364
-0.085549
-0.084914
-0.084082
-0.083434
-0.082651
-0.082041
-0.081341
-0.080796
-0.080193
-0.079722
-0.079215
-0.078820
-0.078402
-0.078075
-0.077735
-0.077470
-0.077194
-0.076982
-0.076760
-0.076591
-0.076412
-0.076280
-0.076134
-0.076033
-0.075912
-0.075837
-0.075734
-0.075681
-0.075591
-0.075558
-0.075475
-0.075460
-0.075380
-0.075383
-0.075300
-0.075321
-0.075231
-0.075273
-0.075171
-0.075236
-0.075115
-0.075208
-0.075062
-0.075189
-0.075009
-0.075178
-0.074954
-0.075176
-0.074895
-0.075183
-0.074829
-0.075201
-0.074754
-0.006974
-0.001582
-0.006309
-0.003056
-0.006356
-0.004592
-0.007027
-0.006333
-0.008289
-0.008400
-0.010153
-0.010911
-0.012661
-0.013977
-0.015873
-0.017699
-0.019854
-0.022164
-0.024657
-0.027427
-0.030301
-0.033490
-0.036743
-0.040277
-0.043855
-0.047616
-0.051401
-0.055222
-0.059038
-0.062712
-0.066343
-0.069652
-0.072879
-0.075631
-0.078276
-0.080346
-0.082310
-0.083663
-0.084942
-0.085632
-0.086298
-0.086442
-0.086619
-0.086361
-0.086189
-0.085675
-0.085283
-0.084633
-0.084127
-0.083434
-0.082890
-0.082217
-0.081687
-0.081070
-0.080582
-0.080039
-0.079608
-0.079143
-0.078773
-0.078384
-0.078073
-0.077752
-0.077495
-0.077233
-0.077022
-0.076811
-0.076640
-0.076469
-0.076332
-0.076194
-0.076086
-0.075974
-0.075888
-0.075797
-0.075731
-0.075655
-0.075606
-0.075541
-0.075506
-0.075449
-0.075426
-0.075374
-0.075363
-0.075312
-0.075312
-0.075260
-0.075272
-0.075217
-0.075241
-0.075179
-0.075217
-0.075146
-0.075200
-0.075115
-0.075188
-0.075087
-0.075181
-0.075060
-0.075179
-0.075033
-0.011148
-0.002123
-0.009949
-0.004004
-0.009601
-0.005843
-0.009978
-0.007803
-0.011014
-0.010018
-0.012691
-0.012609
-0.015022
-0.015681
-0.018037
-0.019328
-0.021776
-0.023622
-0.026262
-0.028601
-0.031493
-0.034256
-0.037412
-0.040512
-0.043893
-0.047212
-0.050726
-0.054110
-0.057617
-0.060890
-0.064219
-0.067195
-0.070173
-0.072694
-0.075177
-0.077135
-0.079040
-0.080398
-0.081715
-0.082507
-0.083288
-0.083599
-0.083938
-0.083882
-0.083892
-0.083586
-0.083375
-0.082922
-0.082581
-0.082063
-0.081663
-0.081137
-0.080725
-0.080229
-0.079837
-0.079390
-0.079035
-0.078646
-0.078334
-0.078004
-0.077737
-0.077463
-0.077238
-0.077014
-0.076827
-0.076645
-0.076491
-0.076345
-0.076219
-0.076103
-0.076000
-0.075909
-0.075824
-0.075753
-0.075684
-0.075630
-0.075572
-0.075532
-0.075482
-0.075454
-0.075411
-0.075394
-0.075354
-0.075347
-0.075309
-0.075312
-0.075272
-0.075286
-0.075242
-0.075269
-0.075218
-0.075259
-0.075196
-0.075257
-0.075177
-0.075263
-0.075159
-0.075279
-0.075139
-0.075304
-0.015229
-0.002663
-0.013517
-0.004954
-0.012797
-0.007105
-0.012906
-0.009300
-0.013749
-0.011690
-0.015279
-0.014400
-0.017483
-0.017535
-0.020371
-0.021181
-0.023955
-0.025400
-0.028238
-0.030220
-0.033196
-0.035621
-0.038761
-0.041526
-0.044806
-0.047787
-0.051132
-0.054185
-0.057482
-0.060443
-0.063553
-0.066264
-0.069045
-0.071367
-0.073705
-0.075545
-0.077374
-0.078696
-0.080005
-0.080832
-0.081661
-0.082061
-0.082487
-0.082549
-0.082665
-0.082487
-0.082385
-0.082055
-0.081815
-0.081407
-0.081093
-0.080659
-0.080318
-0.079895
-0.079558
-0.079168
-0.078853
-0.078507
-0.078224
-0.077926
-0.077679
-0.077428
-0.077215
-0.077008
-0.076828
-0.076659
-0.076507
-0.076373
-0.076245
-0.076140
-0.076033
-0.075953
-0.075860
-0.075802
-0.075722
-0.075683
-0.075611
-0.075590
-0.075522
-0.075518
-0.075450
-0.075464
-0.075393
-0.075425
-0.075346
-0.075400
-0.075307
-0.075386
-0.075274
-0.075385
-0.075245
-0.075395
-0.075218
-0.075417
-0.075189
-0.075454
-0.075157
-0.075507
-0.075119
-0.075581
-0.019111
-0.003156
-0.016900
-0.005814
-0.015802
-0.008230
-0.015621
-0.010610
-0.016231
-0.013115
-0.017560
-0.015874
-0.019573
-0.018992
-0.022253
-0.022550
-0.025593
-0.026600
-0.029578
-0.031163
-0.034170
-0.036218
-0.039295
-0.041691
-0.044831
-0.047450
-0.050602
-0.053308
-0.056385
-0.059034
-0.061927
-0.064379
-0.066979
-0.069114
-0.071328
-0.073065
-0.074838
-0.076140
-0.077459
-0.078338
-0.079234
-0.079736
-0.080268
-0.080465
-0.080708
-0.080678
-0.080708
-0.080525
-0.080413
-0.080140
-0.079943
-0.079628
-0.079388
-0.079067
-0.078814
-0.078509
-0.078263
-0.077987
-0.077759
-0.077517
-0.077313
-0.077108
-0.076928
-0.076758
-0.076603
-0.076466
-0.076332
-0.076224
-0.076108
-0.076027
-0.075926
-0.075868
-0.075778
-0.075742
-0.075659
-0.075644
-0.075563
-0.075568
-0.075487
-0.075513
-0.075425
-0.075475
-0.075376
-0.075452
-0.075335
-0.075444
-0.075301
-0.075449
-0.075271
-0.075468
-0.075241
-0.075503
-0.075211
-0.075554
-0.075176
-0.075625
-0.075133
-0.075721
-0.075077
-0.075846
-0.022851
-0.003637
-0.020165
-0.006654
-0.018714
-0.009338
-0.018268
-0.011914
-0.018676
-0.014555
-0.019842
-0.017398
-0.021710
-0.020546
-0.024244
-0.024078
-0.027417
-0.028041
-0.031200
-0.032451
-0.035540
-0.037283
-0.040359
-0.042464
-0.045536
-0.047874
-0.050908
-0.053346
-0.056275
-0.058679
-0.061418
-0.063661
-0.066121
-0.068098
-0.070205
-0.071841
-0.073551
-0.074811
-0.076115
-0.077004
-0.077925
-0.078478
-0.079065
-0.079339
-0.079655
-0.079715
-0.079825
-0.079734
-0.079699
-0.079512
-0.079384
-0.079146
-0.078965
-0.078708
-0.078504
-0.078251
-0.078043
-0.077808
-0.077609
-0.077400
-0.077217
-0.077036
-0.076872
-0.076721
-0.076575
-0.076454
-0.076325
-0.076230
-0.076116
-0.076047
-0.075944
-0.075899
-0.075803
-0.075781
-0.075689
-0.075689
-0.075596
-0.075621
-0.075522
-0.075572
-0.075461
-0.075542
-0.075412
-0.075528
-0.075371
-0.075529
-0.075335
-0.075547
-0.075302
-0.075582
-0.075269
-0.075635
-0.075232
-0.075710
-0.075188
-0.075811
-0.075132
-0.075943
-0.075058
-0.076115
-0.026424
-0.004083
-0.023278
-0.007429
-0.021472
-0.010346
-0.020746
-0.013079
-0.020924
-0.015810
-0.021888
-0.018682
-0.023560
-0.021800
-0.025888
-0.025239
-0.028829
-0.029045
-0.032339
-0.033229
-0.036359
-0.037768
-0.040808
-0.042597
-0.045573
-0.047610
-0.050506
-0.052664
-0.055435
-0.057589
-0.060170
-0.062207
-0.064531
-0.066355
-0.068365
-0.069908
-0.071567
-0.072794
-0.074094
-0.075002
-0.075961
-0.076575
-0.077231
-0.077593
-0.077997
-0.078161
-0.078368
-0.078385
-0.078448
-0.078365
-0.078329
-0.078187
-0.078089
-0.077917
-0.077785
-0.077604
-0.077458
-0.077284
-0.077136
-0.076978
-0.076835
-0.076698
-0.076566
-0.076451
-0.076330
-0.076239
-0.076129
-0.076061
-0.075960
-0.075915
-0.075820
-0.075797
-0.075705
-0.075705
-0.075611
-0.075636
-0.075536
-0.075587
-0.075476
-0.075556
-0.075427
-0.075543
-0.075387
-0.075546
-0.075353
-0.075566
-0.075323
-0.075602
-0.075293
-0.075658
-0.075260
-0.075736
-0.075222
-0.075840
-0.075172
-0.075975
-0.075105
-0.076149
-0.075014
-0.076372
-0.029802
-0.004503
-0.026223
-0.008161
-0.024087
-0.011306
-0.023108
-0.014200
-0.023085
-0.017037
-0.023882
-0.019966
-0.025402
-0.023093
-0.027577
-0.026494
-0.030352
-0.030211
-0.033671
-0.034256
-0.037467
-0.038602
-0.041655
-0.043192
-0.046126
-0.047927
-0.050742
-0.052681
-0.055348
-0.057306
-0.059777
-0.061647
-0.063870
-0.065566
-0.067496
-0.068953
-0.070563
-0.071747
-0.073030
-0.073934
-0.074905
-0.075547
-0.076238
-0.076650
-0.077105
-0.077331
-0.077597
-0.077681
-0.077804
-0.077788
-0.077808
-0.077726
-0.077679
-0.077560
-0.077471
-0.077336
-0.077225
-0.077089
-0.076968
-0.076841
-0.076720
-0.076607
-0.076490
-0.076396
-0.076286
-0.076211
-0.076107
-0.076054
-0.075955
-0.075924
-0.075828
-0.075819
-0.075722
-0.075737
-0.075636
-0.075676
-0.075565
-0.075635
-0.075508
-0.075612
-0.075461
-0.075607
-0.075422
-0.075619
-0.075388
-0.075649
-0.075357
-0.075698
-0.075325
-0.075769
-0.075289
-0.075865
-0.075244
-0.075991
-0.075185
-0.076154
-0.075107
-0.076362
-0.074998
-0.076629
-0.033059
-0.004907
-0.029060
-0.008859
-0.026597
-0.012209
-0.025355
-0.015235
-0.025112
-0.018145
-0.025712
-0.021090
-0.027043
-0.024180
-0.029021
-0.027491
-0.031580
-0.031066
-0.034654
-0.034914
-0.038173
-0.039015
-0.042051
-0.043317
-0.046185
-0.047735
-0.050451
-0.052160
-0.054710
-0.056465
-0.058820
-0.060521
-0.062642
-0.064209
-0.066063
-0.067436
-0.069001
-0.070145
-0.071416
-0.072321
-0.073311
-0.073986
-0.074721
-0.075190
-0.075706
-0.076004
-0.076340
-0.076503
-0.076699
-0.076762
-0.076855
-0.076848
-0.076868
-0.076818
-0.076789
-0.076716
-0.076657
-0.076575
-0.076499
-0.076417
-0.076333
-0.076260
-0.076174
-0.076113
-0.076027
-0.075982
-0.075897
-0.075870
-0.075784
-0.075776
-0.075689
-0.075703
-0.075610
-0.075647
-0.075545
-0.075610
-0.075493
-0.075589
-0.075451
-0.075585
-0.075417
-0.075598
-0.075388
-0.075628
-0.075363
-0.075676
-0.075337
-0.075744
-0.075309
-0.075836
-0.075275
-0.075957
-0.075229
-0.076111
-0.075166
-0.076308
-0.075077
-0.076557
-0.074953
-0.076873
-0.036061
-0.005268
-0.031674
-0.009485
-0.028909
-0.013026
-0.027430
-0.016184
-0.026994
-0.019175
-0.027430
-0.022157
-0.028611
-0.025245
-0.030442
-0.028513
-0.032843
-0.032003
-0.035744
-0.035728
-0.039067
-0.039668
-0.042725
-0.043774
-0.046619
-0.047971
-0.050633
-0.052163
-0.054641
-0.056237
-0.058513
-0.060081
-0.062128
-0.063591
-0.065386
-0.066686
-0.068213
-0.069317
-0.070572
-0.071466
-0.072461
-0.073150
-0.073908
-0.074409
-0.074960
-0.075302
-0.075681
-0.075894
-0.076136
-0.076250
-0.076388
-0.076430
-0.076491
-0.076486
-0.076494
-0.076459
-0.076431
-0.076382
-0.076331
-0.076278
-0.076214
-0.076165
-0.076093
-0.076052
-0.075977
-0.075949
-0.075870
-0.075858
-0.075776
-0.075781
-0.075694
-0.075721
-0.075625
-0.075677
-0.075568
-0.075649
-0.075521
-0.075636
-0.075483
-0.075640
-0.075451
-0.075661
-0.075424
-0.075699
-0.075398
-0.075757
-0.075372
-0.075837
-0.075342
-0.075943
-0.075304
-0.076080
-0.075252
-0.076255
-0.075181
-0.076477
-0.075081
-0.076758
-0.074941
-0.077114
-0.039003
-0.005633
-0.034239
-0.010113
-0.031176
-0.013835
-0.029455
-0.017107
-0.028815
-0.020157
-0.029067
-0.023148
-0.030069
-0.026196
-0.031717
-0.029381
-0.033923
-0.032744
-0.036607
-0.036300
-0.039691
-0.040034
-0.043089
-0.043904
-0.046706
-0.047845
-0.050435
-0.051773
-0.054165
-0.055594
-0.057781
-0.059209
-0.061177
-0.062531
-0.064264
-0.065489
-0.066976
-0.068038
-0.069278
-0.070161
-0.071164
-0.071867
-0.072652
-0.073188
-0.073780
-0.074171
-0.074600
-0.074869
-0.075166
-0.075339
-0.075533
-0.075634
-0.075749
-0.075799
-0.075856
-0.075873
-0.075889
-0.075886
-0.075874
-0.075861
-0.075830
-0.075816
-0.075773
-0.075763
-0.075710
-0.075709
-0.075648
-0.075661
-0.075592
-0.075621
-0.075542
-0.075592
-0.075500
-0.075574
-0.075466
-0.075569
-0.075438
-0.075578
-0.075415
-0.075602
-0.075397
-0.075641
-0.075381
-0.075697
-0.075365
-0.075773
-0.075346
-0.075873
-0.075320
-0.076000
-0.075285
-0.076161
-0.075233
-0.076364
-0.075157
-0.076619
-0.075049
-0.076939
-0.074894
-0.077343
-0.041619
-0.005934
-0.036512
-0.010635
-0.033179
-0.014514
-0.031241
-0.017891
-0.030423
-0.021002
-0.030520
-0.024017
-0.031382
-0.027055
-0.032892
-0.030197
-0.034955
-0.033485
-0.037486
-0.036936
-0.040403
-0.040537
-0.043620
-0.044250
-0.047043
-0.048017
-0.050574
-0.051764
-0.054107
-0.055407
-0.057540
-0.058860
-0.060776
-0.062046
-0.063735
-0.064901
-0.066358
-0.067385
-0.068612
-0.069481
-0.070486
-0.071195
-0.071995
-0.072552
-0.073170
-0.073591
-0.074053
-0.074359
-0.074691
-0.074903
-0.075133
-0.075272
-0.075421
-0.075507
-0.075595
-0.075644
-0.075687
-0.075713
-0.075723
-0.075735
-0.075723
-0.075729
-0.075700
-0.075708
-0.075665
-0.075680
-0.075626
-0.075652
-0.075587
-0.075629
-0.075551
-0.075613
-0.075519
-0.075606
-0.075492
-0.075610
-0.075469
-0.075627
-0.075450
-0.075658
-0.075434
-0.075704
-0.075419
-0.075768
-0.075403
-0.075853
-0.075383
-0.075963
-0.075355
-0.076102
-0.075315
-0.076278
-0.075258
-0.076499
-0.075175
-0.076777
-0.075055
-0.077126
-0.074886
-0.077565
-0.044255
-0.006265
-0.038813
-0.011203
-0.035214
-0.015243
-0.033059
-0.018720
-0.032054
-0.021879
-0.031983
-0.024898
-0.032682
-0.027899
-0.034026
-0.030964
-0.035913
-0.034141
-0.038255
-0.037448
-0.040966
-0.040875
-0.043963
-0.044392
-0.047156
-0.047950
-0.050454
-0.051484
-0.053761
-0.054921
-0.056985
-0.058188
-0.060040
-0.061217
-0.062855
-0.063953
-0.065376
-0.066361
-0.067569
-0.068421
-0.069425
-0.070138
-0.070952
-0.071529
-0.072173
-0.072626
-0.073123
-0.073469
-0.073841
-0.074098
-0.074369
-0.074554
-0.074745
-0.074875
-0.075003
-0.075094
-0.075174
-0.075238
-0.075282
-0.075329
-0.075345
-0.075383
-0.075378
-0.075415
-0.075393
-0.075433
-0.075396
-0.075445
-0.075393
-0.075457
-0.075387
-0.075471
-0.075382
-0.075490
-0.075377
-0.075518
-0.075374
-0.075556
-0.075372
-0.075607
-0.075370
-0.075672
-0.075366
-0.075754
-0.075360
-0.075858
-0.075348
-0.075987
-0.075326
-0.076148
-0.075290
-0.076347
-0.075233
-0.076595
-0.075147
-0.076905
-0.075020
-0.077291
-0.074838
-0.077776
-0.046475
-0.006506
-0.040738
-0.011621
-0.036902
-0.015784
-0.034554
-0.019342
-0.033388
-0.022547
-0.033177
-0.025581
-0.033749
-0.028569
-0.034971
-0.031595
-0.036734
-0.034709
-0.038946
-0.037929
-0.041519
-0.041249
-0.044369
-0.044644
-0.047409
-0.048067
-0.050552
-0.051463
-0.053709
-0.054766
-0.056793
-0.057911
-0.059727
-0.060837
-0.062445
-0.063495
-0.064897
-0.065852
-0.067051
-0.067890
-0.068896
-0.069610
-0.070436
-0.071026
-0.071690
-0.072165
-0.072686
-0.073059
-0.073459
-0.073745
-0.074045
-0.074260
-0.074479
-0.074638
-0.074792
-0.074909
-0.075012
-0.075099
-0.075162
-0.075230
-0.075262
-0.075318
-0.075326
-0.075378
-0.075365
-0.075419
-0.075387
-0.075449
-0.075400
-0.075475
-0.075406
-0.075501
-0.075410
-0.075530
-0.075411
-0.075566
-0.075412
-0.075610
-0.075413
-0.075667
-0.075412
-0.075737
-0.075409
-0.075826
-0.075402
-0.075937
-0.075388
-0.076074
-0.075364
-0.076245
-0.075324
-0.076457
-0.075261
-0.076721
-0.075167
-0.077049
-0.075030
-0.077460
-0.074834
-0.077975
-0.048822
-0.006809
-0.042791
-0.012139
-0.038722
-0.016448
-0.036182
-0.020094
-0.034851
-0.023341
-0.034489
-0.026376
-0.034915
-0.029329
-0.035988
-0.032287
-0.037596
-0.035303
-0.039642
-0.038399
-0.042039
-0.041573
-0.044702
-0.044804
-0.047550
-0.048054
-0.050499
-0.051273
-0.053468
-0.054406
-0.056379
-0.057395
-0.059161
-0.060189
-0.061754
-0.062743
-0.064113
-0.065027
-0.066207
-0.067024
-0.068024
-0.068733
-0.069565
-0.070164
-0.070844
-0.071338
-0.071883
-0.072283
-0.072712
-0.073030
-0.073362
-0.073611
-0.073862
-0.074056
-0.074242
-0.074393
-0.074526
-0.074646
-0.074736
-0.074834
-0.074891
-0.074975
-0.075004
-0.075082
-0.075087
-0.075165
-0.075149
-0.075232
-0.075195
-0.075291
-0.075231
-0.075346
-0.075260
-0.075401
-0.075284
-0.075460
-0.075305
-0.075526
-0.075323
-0.075603
-0.075337
-0.075693
-0.075346
-0.075800
-0.075350
-0.075929
-0.075345
-0.076086
-0.075327
-0.076278
-0.075291
-0.076513
-0.075231
-0.076803
-0.075135
-0.077161
-0.074993
-0.077608
-0.074785
-0.078166
-0.050635
-0.006989
-0.044356
-0.012451
-0.040085
-0.016851
-0.037379
-0.020557
-0.035908
-0.023835
-0.035425
-0.026878
-0.035741
-0.029818
-0.036710
-0.032744
-0.038215
-0.035709
-0.040156
-0.038738
-0.042443
-0.041831
-0.044993
-0.044970
-0.047725
-0.048121
-0.050558
-0.051239
-0.053416
-0.054275
-0.056225
-0.057177
-0.058919
-0.059896
-0.061442
-0.062395
-0.063751
-0.064643
-0.065817
-0.066624
-0.067627
-0.068336
-0.069178
-0.069787
-0.070482
-0.070993
-0.071557
-0.071978
-0.072429
-0.072770
-0.073124
-0.073397
-0.073669
-0.073887
-0.074092
-0.074265
-0.074416
-0.074555
-0.074661
-0.074776
-0.074845
-0.074944
-0.074983
-0.075074
-0.075087
-0.075176
-0.075164
-0.075258
-0.075223
-0.075328
-0.075268
-0.075392
-0.075303
-0.075454
-0.075332
-0.075519
-0.075355
-0.075589
-0.075374
-0.075669
-0.075388
-0.075763
-0.075397
-0.075874
-0.075398
-0.076009
-0.075391
-0.076171
-0.075369
-0.076370
-0.075329
-0.076615
-0.075262
-0.076916
-0.075159
-0.077290
-0.075007
-0.077755
-0.074787
-0.078338
-0.052717
-0.007271
-0.046184
-0.012932
-0.041712
-0.017465
-0.038840
-0.021252
-0.037225
-0.024568
-0.036609
-0.027611
-0.036796
-0.030519
-0.037635
-0.033385
-0.039004
-0.036264
-0.040800
-0.039186
-0.042935
-0.042153
-0.045325
-0.045152
-0.047892
-0.048156
-0.050562
-0.051125
-0.053261
-0.054017
-0.055922
-0.056787
-0.058485
-0.059391
-0.060899
-0.061796
-0.063122
-0.063974
-0.065129
-0.065911
-0.066904
-0.067602
-0.068444
-0.069053
-0.069756
-0.070278
-0.070857
-0.071295
-0.071766
-0.072129
-0.072506
-0.072804
-0.073102
-0.073346
-0.073577
-0.073777
-0.073952
-0.074118
-0.074247
-0.074387
-0.074479
-0.074601
-0.074660
-0.074773
-0.074802
-0.074913
-0.074915
-0.075030
-0.075006
-0.075131
-0.075080
-0.075223
-0.075140
-0.075311
-0.075191
-0.075398
-0.075234
-0.075490
-0.075271
-0.075591
-0.075300
-0.075704
-0.075322
-0.075834
-0.075336
-0.075987
-0.075338
-0.076170
-0.075324
-0.076389
-0.075289
-0.076656
-0.075226
-0.076983
-0.075123
-0.077386
-0.074966
-0.077886
-0.074737
-0.078509
-0.054105
-0.007386
-0.047373
-0.013132
-0.042736
-0.017725
-0.039727
-0.021549
-0.037996
-0.024885
-0.037280
-0.027931
-0.037378
-0.030829
-0.038135
-0.033671
-0.039424
-0.036514
-0.041142
-0.039389
-0.043196
-0.042300
-0.045505
-0.045237
-0.047991
-0.048174
-0.050581
-0.051076
-0.053205
-0.053904
-0.055798
-0.056616
-0.058304
-0.059174
-0.060672
-0.061545
-0.062866
-0.063703
-0.064857
-0.065634
-0.066630
-0.067331
-0.068182
-0.068800
-0.069516
-0.070050
-0.070646
-0.071100
-0.071588
-0.071969
-0.072364
-0.072680
-0.072995
-0.073257
-0.073503
-0.073719
-0.073909
-0.074089
-0.074230
-0.074383
-0.074484
-0.074618
-0.074683
-0.074806
-0.074840
-0.074959
-0.074964
-0.075086
-0.075063
-0.075195
-0.075142
-0.075292
-0.075206
-0.075383
-0.075258
-0.075473
-0.075301
-0.075566
-0.075336
-0.075668
-0.075363
-0.075782
-0.075383
-0.075913
-0.075393
-0.076068
-0.075390
-0.076253
-0.075372
-0.076477
-0.075332
-0.076749
-0.075262
-0.077084
-0.075151
-0.077497
-0.074985
-0.078009
-0.074746
-0.078650
-0.055954
-0.007656
-0.049005
-0.013591
-0.044198
-0.018309
-0.041048
-0.022209
-0.039195
-0.025580
-0.038365
-0.028627
-0.038352
-0.031496
-0.038994
-0.034283
-0.040163
-0.037051
-0.041754
-0.039830
-0.043675
-0.042631
-0.045844
-0.045447
-0.048188
-0.048256
-0.050635
-0.051029
-0.053121
-0.053731
-0.055585
-0.056327
-0.057975
-0.058781
-0.060243
-0.061064
-0.062356
-0.063155
-0.064287
-0.065037
-0.066020
-0.066706
-0.067551
-0.068164
-0.068882
-0.069420
-0.070023
-0.070487
-0.070988
-0.071384
-0.071795
-0.072130
-0.072463
-0.072745
-0.073011
-0.073249
-0.073458
-0.073660
-0.073821
-0.073996
-0.074115
-0.074270
-0.074353
-0.074496
-0.074546
-0.074684
-0.074702
-0.074843
-0.074831
-0.074981
-0.074938
-0.075106
-0.075026
-0.075222
-0.075101
-0.075336
-0.075165
-0.075451
-0.075218
-0.075573
-0.075261
-0.075707
-0.075295
-0.075858
-0.075318
-0.076032
-0.075327
-0.076237
-0.075317
-0.076481
-0.075284
-0.076776
-0.075219
-0.077135
-0.075109
-0.077576
-0.074941
-0.078122
-0.074694
-0.078802
-0.056891
-0.007699
-0.049794
-0.013670
-0.044860
-0.018415
-0.041604
-0.022332
-0.039661
-0.025710
-0.038756
-0.028758
-0.038678
-0.031620
-0.039262
-0.034394
-0.040378
-0.037142
-0.041918
-0.039896
-0.043790
-0.042667
-0.045911
-0.045448
-0.048208
-0.048222
-0.050611
-0.050961
-0.053056
-0.053631
-0.055486
-0.056200
-0.057847
-0.058634
-0.060096
-0.060905
-0.062199
-0.062992
-0.064129
-0.064879
-0.065870
-0.066561
-0.067416
-0.068038
-0.068768
-0.069318
-0.069934
-0.070412
-0.070926
-0.071336
-0.071761
-0.072109
-0.072455
-0.072750
-0.073028
-0.073277
-0.073496
-0.073708
-0.073877
-0.074060
-0.074185
-0.074347
-0.074433
-0.074582
-0.074634
-0.074776
-0.074796
-0.074940
-0.074927
-0.075080
-0.075033
-0.075205
-0.075121
-0.075320
-0.075193
-0.075432
-0.075253
-0.075545
-0.075302
-0.075664
-0.075341
-0.075795
-0.075369
-0.075944
-0.075386
-0.076116
-0.075389
-0.076319
-0.075373
-0.076563
-0.075333
-0.076859
-0.075260
-0.077221
-0.075143
-0.077666
-0.074967
-0.078218
-0.074710
-0.078906
-0.058551
-0.007968
-0.051270
-0.014125
-0.046195
-0.018992
-0.042823
-0.022982
-0.040778
-0.026395
-0.039776
-0.029444
-0.039600
-0.032280
-0.040084
-0.035004
-0.041093
-0.037682
-0.042520
-0.040349
-0.044272
-0.043020
-0.046269
-0.045693
-0.048438
-0.048351
-0.050713
-0.050973
-0.053034
-0.053529
-0.055345
-0.055989
-0.057599
-0.058326
-0.059754
-0.060513
-0.061777
-0.062531
-0.063645
-0.064367
-0.065341
-0.066013
-0.066858
-0.067470
-0.068197
-0.068744
-0.069363
-0.069844
-0.070366
-0.070785
-0.071220
-0.071581
-0.071941
-0.072251
-0.072544
-0.072811
-0.073046
-0.073277
-0.073462
-0.073664
-0.073805
-0.073986
-0.074088
-0.074255
-0.074321
-0.074482
-0.074515
-0.074676
-0.074675
-0.074846
-0.074809
-0.074998
-0.074922
-0.075139
-0.075017
-0.075275
-0.075098
-0.075410
-0.075166
-0.075551
-0.075222
-0.075702
-0.075267
-0.075871
-0.075298
-0.076063
-0.075313
-0.076287
-0.075308
-0.076552
-0.075276
-0.076870
-0.075209
-0.077257
-0.075096
-0.077730
-0.074918
-0.078314
-0.074656
-0.079041
-0.058996
-0.007932
-0.051621
-0.014069
-0.046461
-0.018927
-0.043016
-0.022912
-0.040912
-0.026322
-0.039862
-0.029370
-0.039649
-0.032205
-0.040102
-0.034929
-0.041088
-0.037605
-0.042496
-0.040270
-0.044232
-0.042938
-0.046215
-0.045607
-0.048374
-0.048263
-0.050641
-0.050883
-0.052957
-0.053440
-0.055267
-0.055904
-0.057523
-0.058248
-0.059685
-0.060446
-0.061720
-0.062479
-0.063604
-0.064334
-0.065319
-0.066001
-0.066859
-0.067482
-0.068221
-0.068779
-0.069410
-0.069903
-0.070436
-0.070865
-0.071311
-0.071682
-0.072050
-0.072368
-0.072668
-0.072942
-0.073182
-0.073418
-0.073606
-0.073812
-0.073955
-0.074138
-0.074240
-0.074408
-0.074473
-0.074634
-0.074663
-0.074825
-0.074820
-0.074990
-0.074948
-0.075136
-0.075054
-0.075270
-0.075141
-0.075398
-0.075214
-0.075526
-0.075274
-0.075660
-0.075322
-0.075804
-0.075357
-0.075966
-0.075380
-0.076152
-0.075386
-0.076370
-0.075373
-0.076630
-0.075333
-0.076944
-0.075258
-0.077326
-0.075136
-0.077797
-0.074951
-0.078379
-0.074682
-0.079103
-0.060526
-0.008212
-0.052995
-0.014542
-0.047720
-0.019525
-0.044181
-0.023584
-0.041992
-0.027029
-0.040859
-0.030078
-0.040560
-0.032888
-0.040922
-0.035564
-0.041811
-0.038174
-0.043113
-0.040756
-0.044739
-0.043330
-0.046606
-0.045895
-0.048644
-0.048441
-0.050791
-0.050949
-0.052988
-0.053396
-0.055185
-0.055755
-0.057336
-0.058003
-0.059404
-0.060116
-0.061358
-0.062077
-0.063175
-0.063874
-0.064839
-0.065499
-0.066342
-0.066950
-0.067681
-0.068232
-0.068861
-0.069353
-0.069888
-0.070322
-0.070774
-0.071154
-0.071532
-0.071862
-0.072174
-0.072462
-0.072716
-0.072968
-0.073171
-0.073393
-0.073551
-0.073751
-0.073869
-0.074054
-0.074133
-0.074312
-0.074355
-0.074534
-0.074540
-0.074728
-0.074697
-0.074902
-0.074829
-0.075063
-0.074941
-0.075217
-0.075036
-0.075369
-0.075117
-0.075525
-0.075184
-0.075691
-0.075237
-0.075874
-0.075275
-0.076081
-0.075296
-0.076320
-0.075295
-0.076602
-0.075265
-0.076939
-0.075199
-0.077347
-0.075082
-0.077846
-0.074898
-0.078461
-0.074624
-0.079224
-0.060417
-0.008084
-0.052850
-0.014333
-0.047536
-0.019265
-0.043964
-0.023296
-0.041749
-0.026727
-0.040601
-0.029775
-0.040297
-0.032592
-0.040662
-0.035281
-0.041560
-0.037910
-0.042880
-0.040517
-0.044526
-0.043117
-0.046419
-0.045713
-0.048486
-0.048292
-0.050664
-0.050835
-0.052896
-0.053317
-0.055128
-0.055714
-0.057316
-0.057999
-0.059421
-0.060150
-0.061411
-0.062147
-0.063263
-0.063978
-0.064960
-0.065636
-0.066494
-0.067117
-0.067861
-0.068424
-0.069064
-0.069566
-0.070110
-0.070552
-0.071011
-0.071396
-0.071779
-0.072112
-0.072427
-0.072716
-0.072970
-0.073221
-0.073423
-0.073643
-0.073798
-0.073995
-0.074108
-0.074289
-0.074363
-0.074536
-0.074573
-0.074745
-0.074746
-0.074927
-0.074888
-0.075088
-0.075007
-0.075235
-0.075105
-0.075374
-0.075187
-0.075513
-0.075254
-0.075656
-0.075308
-0.075810
-0.075349
-0.075980
-0.075375
-0.076176
-0.075384
-0.076404
-0.075372
-0.076674
-0.075332
-0.077001
-0.075256
-0.077398
-0.075131
-0.077886
-0.074940
-0.078488
-0.074661
-0.079238
-0.061897
-0.008393
-0.054198
-0.014851
-0.048789
-0.019918
-0.045140
-0.024027
-0.042852
-0.027494
-0.041630
-0.030543
-0.041246
-0.033335
-0.041525
-0.035976
-0.042329
-0.038538
-0.043546
-0.041061
-0.045083
-0.043566
-0.046860
-0.046057
-0.048808
-0.048525
-0.050865
-0.050954
-0.052975
-0.053323
-0.055091
-0.055611
-0.057170
-0.057794
-0.059175
-0.059853
-0.061078
-0.061771
-0.062856
-0.063537
-0.064494
-0.065143
-0.065982
-0.066586
-0.067318
-0.067871
-0.068504
-0.069001
-0.069545
-0.069987
-0.070450
-0.070841
-0.071230
-0.071574
-0.071898
-0.072200
-0.072467
-0.072732
-0.072948
-0.073184
-0.073354
-0.073568
-0.073696
-0.073894
-0.073983
-0.074174
-0.074225
-0.074416
-0.074429
-0.074629
-0.074602
-0.074820
-0.074749
-0.074996
-0.074874
-0.075163
-0.074981
-0.075328
-0.075071
-0.075496
-0.075147
-0.075674
-0.075207
-0.075868
-0.075252
-0.076086
-0.075277
-0.076337
-0.075280
-0.076631
-0.075253
-0.076982
-0.075186
-0.077406
-0.075068
-0.077924
-0.074879
-0.078561
-0.074598
-0.079351
-0.061139
-0.008158
-0.053472
-0.014462
-0.048078
-0.019432
-0.044440
-0.023486
-0.042170
-0.026927
-0.040972
-0.029975
-0.040621
-0.032783
-0.040942
-0.035456
-0.041797
-0.038061
-0.043071
-0.040639
-0.044673
-0.043206
-0.046520
-0.045766
-0.048543
-0.048307
-0.050677
-0.050811
-0.052866
-0.053258
-0.055060
-0.055621
-0.057214
-0.057877
-0.059291
-0.060004
-0.061259
-0.061983
-0.063095
-0.063803
-0.064783
-0.065455
-0.066314
-0.066936
-0.067683
-0.068248
-0.068892
-0.069398
-0.069949
-0.070396
-0.070862
-0.071254
-0.071643
-0.071984
-0.072306
-0.072603
-0.072864
-0.073123
-0.073331
-0.073558
-0.073719
-0.073923
-0.074041
-0.074229
-0.074307
-0.074486
-0.074527
-0.074705
-0.074708
-0.074895
-0.074858
-0.075063
-0.074983
-0.075217
-0.075087
-0.075363
-0.075173
-0.075506
-0.075244
-0.075654
-0.075301
-0.075813
-0.075344
-0.075988
-0.075372
-0.076188
-0.075383
-0.076421
-0.075372
-0.076697
-0.075332
-0.077030
-0.075255
-0.077435
-0.075128
-0.077931
-0.074934
-0.078544
-0.074650
-0.079307
-0.062686
-0.008514
-0.054899
-0.015058
-0.049424
-0.020181
-0.045717
-0.024321
-0.043377
-0.027801
-0.042106
-0.030851
-0.041675
-0.033630
-0.041906
-0.036251
-0.042662
-0.038784
-0.043829
-0.041272
-0.045314
-0.043736
-0.047037
-0.046181
-0.048931
-0.048601
-0.050933
-0.050981
-0.052991
-0.053303
-0.055057
-0.055545
-0.057090
-0.057687
-0.059054
-0.059710
-0.060923
-0.061599
-0.062673
-0.063341
-0.064291
-0.064931
-0.065766
-0.066365
-0.067096
-0.067646
-0.068280
-0.068779
-0.069325
-0.069772
-0.070239
-0.070635
-0.071031
-0.071381
-0.071712
-0.072021
-0.072295
-0.072568
-0.072791
-0.073036
-0.073212
-0.073434
-0.073569
-0.073775
-0.073870
-0.074069
-0.074125
-0.074324
-0.074342
-0.074549
-0.074526
-0.074751
-0.074682
-0.074937
-0.074817
-0.075114
-0.074932
-0.075288
-0.075030
-0.075464
-0.075112
-0.075650
-0.075178
-0.075852
-0.075227
-0.076078
-0.075257
-0.076337
-0.075263
-0.076640
-0.075238
-0.077000
-0.075172
-0.077434
-0.075054
-0.077963
-0.074864
-0.078614
-0.074577
-0.079423
