# u - 900 ites
1.012768
1.002185
1.011902
1.004353
1.011825
1.006515
1.012295
1.008598
1.013092
1.010568
1.014096
1.012429
1.015236
1.014196
1.016461
1.015876
1.017728
1.017466
1.018998
1.018958
1.020234
1.020339
1.021404
1.021592
1.022474
1.022697
1.023417
1.023636
1.024206
1.024391
1.024819
1.024948
1.025240
1.025297
1.025458
1.025433
1.025469
1.025355
1.025274
1.025071
1.024882
1.024594
1.024307
1.023940
1.023567
1.023130
1.022685
1.022189
1.021686
1.021142
1.020595
1.020016
1.019438
1.018836
1.018239
1.017626
1.017023
1.016407
1.015808
1.015198
1.014613
1.014016
1.013451
1.012873
1.012335
1.011779
1.011273
1.010742
1.010272
1.009767
1.009336
1.008856
1.008468
1.008010
1.007667
1.007229
1.006935
1.006512
1.006269
1.005855
1.005668
1.005256
1.005131
1.004710
1.004654
1.004212
1.004237
1.003758
1.003877
1.003343
1.003574
1.002959
1.003328
1.002601
1.003140
1.002260
1.003014
1.001924
1.002963
1.001566
1.012520
1.002130
1.011693
1.004285
1.011665
1.006462
1.012185
1.008570
1.013027
1.010563
1.014068
1.012448
1.015241
1.014239
1.016496
1.015942
1.017792
1.017556
1.019089
1.019073
1.020352
1.020477
1.021547
1.021751
1.022639
1.022876
1.023601
1.023831
1.024405
1.024598
1.025028
1.025162
1.025454
1.025512
1.025671
1.025643
1.025675
1.025556
1.025468
1.025258
1.025060
1.024762
1.024464
1.024086
1.023701
1.023252
1.022795
1.022286
1.021770
1.021215
1.020655
1.020065
1.019475
1.018862
1.018255
1.017632
1.017020
1.016395
1.015788
1.015171
1.014579
1.013977
1.013407
1.012824
1.012282
1.011723
1.011214
1.010681
1.010209
1.009702
1.009270
1.008790
1.008401
1.007944
1.007600
1.007164
1.006869
1.006448
1.006205
1.005794
1.005606
1.005197
1.005071
1.004654
1.004597
1.004160
1.004182
1.003710
1.003824
1.003298
1.003522
1.002919
1.003277
1.002565
1.003090
1.002229
1.002962
1.001899
1.002909
1.001547
1.012585
1.002134
1.011724
1.004278
1.011670
1.006447
1.012175
1.008549
1.013009
1.010540
1.014046
1.012424
1.015218
1.014216
1.016476
1.015924
1.017776
1.017544
1.019081
1.019068
1.020353
1.020482
1.021557
1.021767
1.022661
1.022903
1.023634
1.023870
1.024449
1.024648
1.025083
1.025222
1.025518
1.025580
1.025741
1.025716
1.025750
1.025632
1.025544
1.025334
1.025134
1.024835
1.024535
1.024154
1.023766
1.023313
1.022851
1.022338
1.021818
1.021257
1.020692
1.020097
1.019502
1.018885
1.018273
1.017645
1.017029
1.016400
1.015789
1.015169
1.014573
1.013968
1.013395
1.012810
1.012266
1.011705
1.011195
1.010660
1.010187
1.009680
1.009247
1.008766
1.008377
1.007920
1.007576
1.007140
1.006845
1.006425
1.006182
1.005772
1.005585
1.005177
1.005051
1.004635
1.004578
1.004142
1.004165
1.003694
1.003809
1.003283
1.003509
1.002905
1.003266
1.002552
1.003080
1.002217
1.002955
1.001888
1.002903
1.001537
1.012358
1.002100
1.011538
1.004233
1.011526
1.006408
1.012070
1.008525
1.012941
1.010534
1.014012
1.012439
1.015216
1.014255
1.016506
1.015987
1.017837
1.017635
1.019173
1.019187
1.020477
1.020629
1.021711
1.021942
1.022843
1.023103
1.023842
1.024091
1.024677
1.024886
1.025326
1.025471
1.025768
1.025833
1.025993
1.025967
1.025996
1.025873
1.025778
1.025559
1.025349
1.025039
1.024726
1.024331
1.023929
1.023462
1.022985
1.022457
1.021921
1.021345
1.020765
1.020156
1.019547
1.018916
1.018291
1.017651
1.017023
1.016384
1.015764
1.015135
1.014532
1.013920
1.013340
1.012750
1.012201
1.011637
1.011122
1.010586
1.010110
1.009602
1.009168
1.008687
1.008297
1.007841
1.007497
1.007063
1.006768
1.006350
1.006107
1.005700
1.005512
1.005108
1.004982
1.004571
1.004512
1.004083
1.004102
1.003638
1.003749
1.003232
1.003451
1.002859
1.003210
1.002511
1.003025
1.002181
1.002900
1.001858
1.002847
1.001514
1.012332
1.002101
1.011504
1.004228
1.011486
1.006395
1.012030
1.008510
1.012904
1.010520
1.013982
1.012430
1.015197
1.014255
1.016500
1.016000
1.017849
1.017663
1.019205
1.019235
1.020530
1.020699
1.021788
1.022034
1.022944
1.023218
1.023965
1.024227
1.024821
1.025041
1.025486
1.025640
1.025942
1.026012
1.026174
1.026149
1.026177
1.026053
1.025954
1.025731
1.025514
1.025197
1.024876
1.024472
1.024060
1.023582
1.023094
1.022554
1.022006
1.021419
1.020828
1.020206
1.019586
1.018945
1.018310
1.017661
1.017024
1.016377
1.015749
1.015113
1.014503
1.013886
1.013301
1.012707
1.012154
1.011587
1.011070
1.010532
1.010055
1.009546
1.009111
1.008630
1.008239
1.007784
1.007440
1.007007
1.006713
1.006297
1.006054
1.005650
1.005462
1.005061
1.004935
1.004527
1.004468
1.004042
1.004061
1.003601
1.003711
1.003199
1.003416
1.002828
1.003177
1.002484
1.002994
1.002157
1.002871
1.001836
1.002820
1.001495
1.012079
1.002067
1.011294
1.004181
1.011318
1.006352
1.011903
1.008479
1.012817
1.010509
1.013934
1.012443
1.015188
1.014296
1.016530
1.016073
1.017920
1.017773
1.019318
1.019383
1.020686
1.020885
1.021986
1.022259
1.023182
1.023480
1.024239
1.024521
1.025125
1.025360
1.025814
1.025977
1.026283
1.026357
1.026518
1.026493
1.026515
1.026385
1.026275
1.026041
1.025811
1.025478
1.025139
1.024717
1.024285
1.023787
1.023278
1.022717
1.022148
1.021539
1.020927
1.020285
1.019646
1.018985
1.018333
1.017667
1.017015
1.016353
1.015712
1.015065
1.014444
1.013817
1.013224
1.012624
1.012064
1.011492
1.010971
1.010430
1.009949
1.009439
1.009002
1.008522
1.008130
1.007677
1.007333
1.006903
1.006608
1.006196
1.005953
1.005553
1.005366
1.004970
1.004842
1.004442
1.004381
1.003963
1.003978
1.003528
1.003632
1.003131
1.003341
1.002768
1.003105
1.002429
1.002924
1.002109
1.002802
1.001796
1.002749
1.001463
1.011966
1.002059
1.011188
1.004163
1.011221
1.006328
1.011819
1.008456
1.012750
1.010492
1.013886
1.012438
1.015163
1.014309
1.016534
1.016111
1.017955
1.017839
1.019388
1.019482
1.020794
1.021021
1.022134
1.022433
1.023369
1.023690
1.024463
1.024766
1.025383
1.025634
1.026097
1.026273
1.026585
1.026666
1.026829
1.026805
1.026824
1.026690
1.026573
1.026330
1.026087
1.025742
1.025387
1.024949
1.024498
1.023981
1.023452
1.022872
1.022282
1.021654
1.021022
1.020361
1.019703
1.019025
1.018356
1.017674
1.017007
1.016333
1.015679
1.015021
1.014390
1.013755
1.013154
1.012547
1.011982
1.011406
1.010881
1.010337
1.009854
1.009343
1.008905
1.008425
1.008033
1.007581
1.007237
1.006810
1.006516
1.006107
1.005865
1.005469
1.005282
1.004891
1.004764
1.004368
1.004307
1.003895
1.003909
1.003466
1.003567
1.003075
1.003280
1.002717
1.003048
1.002384
1.002870
1.002069
1.002750
1.001760
1.002699
1.001432
1.011677
1.002022
1.010944
1.004110
1.011022
1.006276
1.011664
1.008416
1.012639
1.010472
1.013820
1.012446
1.015143
1.014352
1.016562
1.016194
1.018036
1.017968
1.019524
1.019662
1.020986
1.021254
1.022382
1.022718
1.023672
1.024026
1.024817
1.025147
1.025779
1.026052
1.026526
1.026717
1.027034
1.027123
1.027285
1.027260
1.027272
1.027130
1.026999
1.026741
1.026479
1.026113
1.025735
1.025272
1.024794
1.024250
1.023692
1.023083
1.022464
1.021808
1.021147
1.020460
1.019775
1.019073
1.018380
1.017677
1.016989
1.016296
1.015626
1.014952
1.014308
1.013661
1.013049
1.012434
1.011861
1.011279
1.010748
1.010201
1.009715
1.009203
1.008763
1.008283
1.007891
1.007441
1.007097
1.006674
1.006380
1.005976
1.005734
1.005345
1.005157
1.004774
1.004646
1.004259
1.004195
1.003793
1.003803
1.003372
1.003467
1.002990
1.003186
1.002639
1.002957
1.002315
1.002782
1.002008
1.002664
1.001709
1.002613
1.001390
1.011480
1.002004
1.010768
1.004077
1.010867
1.006237
1.011535
1.008380
1.012537
1.010447
1.013749
1.012440
1.015108
1.014372
1.016568
1.016249
1.018087
1.018065
1.019626
1.019807
1.021144
1.021452
1.022598
1.022972
1.023945
1.024333
1.025144
1.025504
1.026153
1.026451
1.026939
1.027147
1.027472
1.027571
1.027735
1.027712
1.027718
1.027570
1.027427
1.027155
1.026875
1.026488
1.026086
1.025599
1.025094
1.024522
1.023935
1.023297
1.022649
1.021963
1.021274
1.020559
1.019848
1.019121
1.018404
1.017679
1.016971
1.016259
1.015571
1.014883
1.014225
1.013566
1.012944
1.012320
1.011740
1.011153
1.010617
1.010067
1.009578
1.009065
1.008623
1.008145
1.007752
1.007306
1.006962
1.006542
1.006249
1.005851
1.005610
1.005227
1.005040
1.004663
1.004535
1.004156
1.004091
1.003699
1.003706
1.003286
1.003376
1.002911
1.003100
1.002568
1.002876
1.002251
1.002705
1.001952
1.002590
1.001660
1.002541
1.001349
1.011147
1.001963
1.010484
1.004015
1.010631
1.006173
1.011346
1.008327
1.012397
1.010416
1.013660
1.012440
1.015073
1.014413
1.016591
1.016339
1.018175
1.018213
1.019783
1.020019
1.021373
1.021733
1.022901
1.023322
1.024321
1.024752
1.025586
1.025983
1.026654
1.026980
1.027484
1.027712
1.028046
1.028154
1.028318
1.028295
1.028292
1.028133
1.027972
1.027681
1.027374
1.026961
1.026527
1.026007
1.025467
1.024858
1.024233
1.023557
1.022871
1.022148
1.021423
1.020673
1.019929
1.019170
1.018423
1.017670
1.016937
1.016202
1.015494
1.014787
1.014112
1.013439
1.012805
1.012171
1.011581
1.010987
1.010445
1.009892
1.009399
1.008886
1.008443
1.007966
1.007573
1.007130
1.006787
1.006372
1.006080
1.005689
1.005448
1.005073
1.004887
1.004519
1.004390
1.004022
1.003955
1.003575
1.003578
1.003172
1.003256
1.002807
1.002986
1.002475
1.002768
1.002167
1.002601
1.001878
1.002487
1.001597
1.002438
1.001298
1.010871
1.001934
1.010240
1.003966
1.010418
1.006116
1.011169
1.008273
1.012257
1.010375
1.013560
1.012424
1.015020
1.014431
1.016591
1.016404
1.018236
1.018334
1.019912
1.020205
1.021576
1.021990
1.023182
1.023654
1.024680
1.025157
1.026020
1.026457
1.027153
1.027513
1.028036
1.028287
1.028633
1.028754
1.028921
1.028899
1.028889
1.028720
1.028542
1.028231
1.027898
1.027457
1.026990
1.026435
1.025857
1.025210
1.024546
1.023830
1.023104
1.022342
1.021578
1.020791
1.020011
1.019219
1.018442
1.017660
1.016900
1.016142
1.015411
1.014686
1.013994
1.013307
1.012660
1.012016
1.011417
1.010817
1.010269
1.009714
1.009217
1.008704
1.008259
1.007785
1.007392
1.006953
1.006611
1.006202
1.005912
1.005527
1.005288
1.004921
1.004735
1.004377
1.004248
1.003891
1.003822
1.003454
1.003454
1.003062
1.003140
1.002707
1.002877
1.002384
1.002665
1.002087
1.002502
1.001807
1.002393
1.001535
1.002345
1.001246
1.010488
1.001887
1.009909
1.003893
1.010139
1.006036
1.010941
1.008202
1.012082
1.010327
1.013442
1.012409
1.014963
1.014464
1.016604
1.016496
1.018326
1.018497
1.020087
1.020448
1.021842
1.022321
1.023543
1.024075
1.025134
1.025667
1.026562
1.027047
1.027773
1.028170
1.028716
1.028993
1.029351
1.029486
1.029653
1.029630
1.029608
1.029426
1.029224
1.028886
1.028521
1.028043
1.027535
1.026936
1.026312
1.025617
1.024904
1.024139
1.023364
1.022555
1.021745
1.020915
1.020093
1.019262
1.018447
1.017632
1.016841
1.016056
1.015300
1.014553
1.013841
1.013138
1.012477
1.011822
1.011213
1.010607
1.010053
1.009494
1.008995
1.008482
1.008036
1.007565
1.007173
1.006738
1.006398
1.005996
1.005708
1.005331
1.005094
1.004736
1.004552
1.004205
1.004076
1.003731
1.003661
1.003307
1.003303
1.002927
1.002998
1.002585
1.002743
1.002275
1.002538
1.001989
1.002381
1.001721
1.002274
1.001461
1.002227
1.001186
1.010133
1.001848
1.009597
1.003826
1.009867
1.005956
1.010710
1.008124
1.011896
1.010263
1.013305
1.012374
1.014882
1.014471
1.016589
1.016560
1.018386
1.018632
1.020234
1.020667
1.022085
1.022632
1.023887
1.024485
1.025582
1.026175
1.027109
1.027648
1.028408
1.028849
1.029422
1.029731
1.030106
1.030257
1.030428
1.030407
1.030375
1.030179
1.029954
1.029589
1.029188
1.028671
1.028119
1.027474
1.026799
1.026054
1.025287
1.024470
1.023643
1.022782
1.021923
1.021045
1.020178
1.019305
1.018452
1.017601
1.016777
1.015963
1.015181
1.014411
1.013679
1.012960
1.012284
1.011618
1.010999
1.010387
1.009827
1.009266
1.008764
1.008251
1.007806
1.007338
1.006947
1.006518
1.006181
1.005786
1.005500
1.005132
1.004898
1.004550
1.004368
1.004032
1.003904
1.003571
1.003500
1.003161
1.003153
1.002794
1.002858
1.002465
1.002612
1.002166
1.002414
1.001892
1.002263
1.001636
1.002160
1.001388
1.002115
1.001125
1.009694
1.001794
1.009215
1.003739
1.009539
1.005857
1.010437
1.008030
1.011678
1.010190
1.013149
1.012337
1.014796
1.014487
1.016581
1.016645
1.018470
1.018802
1.020421
1.020936
1.022385
1.023012
1.024307
1.024981
1.026122
1.026786
1.027765
1.028365
1.029165
1.029655
1.030259
1.030603
1.030995
1.031163
1.031336
1.031314
1.031267
1.031052
1.030796
1.030396
1.029951
1.029387
1.028780
1.028078
1.027343
1.026536
1.025706
1.024827
1.023938
1.023018
1.022101
1.021169
1.020250
1.019329
1.018432
1.017541
1.016681
1.015834
1.015024
1.014229
1.013476
1.012740
1.012048
1.011371
1.010742
1.010123
1.009558
1.008995
1.008491
1.007981
1.007535
1.007072
1.006683
1.006262
1.005927
1.005541
1.005259
1.004901
1.004670
1.004334
1.004154
1.003832
1.003704
1.003387
1.003314
1.002991
1.002979
1.002640
1.002695
1.002325
1.002459
1.002040
1.002270
1.001780
1.002125
1.001538
1.002026
1.001304
1.001982
1.001056
1.009262
1.001743
1.008834
1.003650
1.009204
1.005749
1.010148
1.007920
1.011438
1.010093
1.012963
1.012271
1.014674
1.014469
1.016537
1.016695
1.018518
1.018939
1.020575
1.021177
1.022659
1.023371
1.024711
1.025468
1.026661
1.027402
1.028433
1.029104
1.029951
1.030500
1.031141
1.031526
1.031942
1.032133
1.032312
1.032292
1.032231
1.031997
1.031710
1.031273
1.030781
1.030165
1.029499
1.028736
1.027934
1.027060
1.026162
1.025214
1.024258
1.023273
1.022293
1.021301
1.020327
1.019355
1.018410
1.017476
1.016578
1.015697
1.014856
1.014036
1.013260
1.012505
1.011798
1.011109
1.010471
1.009846
1.009275
1.008712
1.008206
1.007698
1.007254
1.006796
1.006410
1.005996
1.005665
1.005289
1.005011
1.004664
1.004437
1.004114
1.003936
1.003628
1.003501
1.003199
1.003126
1.002820
1.002804
1.002484
1.002532
1.002184
1.002307
1.001914
1.002126
1.001668
1.001988
1.001439
1.001894
1.001219
1.001852
1.000986
1.008761
1.001680
1.008396
1.003546
1.008821
1.005624
1.009820
1.007794
1.011169
1.009985
1.012758
1.012199
1.014544
1.014455
1.016497
1.016760
1.018584
1.019105
1.020764
1.021465
1.022987
1.023797
1.025189
1.026041
1.027293
1.028124
1.029216
1.029966
1.030868
1.031481
1.032165
1.032596
1.033036
1.033250
1.033431
1.033410
1.033330
1.033070
1.032743
1.032259
1.031708
1.031029
1.030292
1.029454
1.028573
1.027620
1.026641
1.025614
1.024580
1.023521
1.022469
1.021411
1.020375
1.019346
1.018348
1.017368
1.016428
1.015510
1.014638
1.013791
1.012992
1.012219
1.011497
1.010797
1.010150
1.009520
1.008946
1.008382
1.007876
1.007372
1.006931
1.006480
1.006099
1.005694
1.005369
1.005004
1.004731
1.004397
1.004174
1.003865
1.003691
1.003399
1.003274
1.002989
1.002915
1.002629
1.002608
1.002310
1.002350
1.002027
1.002137
1.001774
1.001965
1.001543
1.001835
1.001330
1.001746
1.001125
1.001705
1.000909
1.008252
1.001616
1.007944
1.003434
1.008418
1.005483
1.009465
1.007642
1.010863
1.009842
1.012510
1.012086
1.014367
1.014395
1.016406
1.016778
1.018600
1.019226
1.020909
1.021714
1.023280
1.024195
1.025646
1.026602
1.027923
1.028855
1.030017
1.030858
1.031826
1.032516
1.033252
1.033739
1.034212
1.034456
1.034646
1.034626
1.034530
1.034245
1.033875
1.033341
1.032728
1.031979
1.031164
1.030244
1.029277
1.028235
1.027168
1.026054
1.024934
1.023793
1.022664
1.021533
1.020428
1.019337
1.018284
1.017253
1.016268
1.015312
1.014405
1.013530
1.012707
1.011915
1.011177
1.010467
1.009811
1.009177
1.008599
1.008036
1.007531
1.007032
1.006594
1.006151
1.005775
1.005381
1.005062
1.004709
1.004442
1.004122
1.003905
1.003611
1.003441
1.003164
1.003042
1.002775
1.002700
1.002434
1.002410
1.002134
1.002166
1.001868
1.001965
1.001632
1.001804
1.001417
1.001681
1.001220
1.001598
1.001030
1.001560
1.000831
1.007687
1.001543
1.007445
1.003308
1.007975
1.005325
1.009075
1.007474
1.010529
1.009684
1.012241
1.011963
1.014176
1.014333
1.016315
1.016805
1.018630
1.019372
1.021085
1.022007
1.023626
1.024658
1.026179
1.027254
1.028655
1.029700
1.030944
1.031888
1.032930
1.033706
1.034500
1.035048
1.035555
1.035830
1.036026
1.036003
1.035881
1.035561
1.035137
1.034540
1.033849
1.033015
1.032106
1.031088
1.030019
1.028874
1.027704
1.026489
1.025272
1.024038
1.022822
1.021610
1.020432
1.019273
1.018159
1.017076
1.016043
1.015047
1.014107
1.013204
1.012358
1.011549
1.010796
1.010077
1.009414
1.008779
1.008199
1.007640
1.007138
1.006646
1.006214
1.005781
1.005412
1.005031
1.004719
1.004381
1.004121
1.003818
1.003607
1.003330
1.003165
1.002907
1.002787
1.002540
1.002465
1.002220
1.002193
1.001941
1.001965
1.001695
1.001778
1.001477
1.001628
1.001280
1.001514
1.001100
1.001436
1.000928
1.001400
1.000747
1.007099
1.001465
1.006920
1.003167
1.007500
1.005142
1.008644
1.007268
1.010146
1.009479
1.011914
1.011784
1.013921
1.014208
1.016154
1.016766
1.018591
1.019453
1.021198
1.022242
1.023919
1.025079
1.026679
1.027883
1.029376
1.030550
1.031890
1.032954
1.034086
1.034963
1.035831
1.036453
1.037008
1.037323
1.037532
1.037512
1.037368
1.037013
1.036533
1.035867
1.035092
1.034164
1.033152
1.032025
1.030842
1.029584
1.028299
1.026973
1.025648
1.024312
1.023000
1.021700
1.020440
1.019208
1.018029
1.016888
1.015805
1.014767
1.013790
1.012858
1.011987
1.011160
1.010394
1.009665
1.008996
1.008359
1.007780
1.007224
1.006726
1.006243
1.005817
1.005396
1.005035
1.004668
1.004365
1.004042
1.003791
1.003504
1.003301
1.003041
1.002882
1.002643
1.002527
1.002300
1.002226
1.002003
1.001972
1.001745
1.001761
1.001519
1.001588
1.001320
1.001450
1.001142
1.001346
1.000979
1.001274
1.000824
1.001241
1.000662
1.006465
1.001380
1.006355
1.003015
1.006988
1.004943
1.008180
1.007045
1.009732
1.009256
1.011561
1.011589
1.013648
1.014074
1.015986
1.016730
1.018560
1.019554
1.021337
1.022518
1.024264
1.025566
1.027258
1.028610
1.030209
1.031528
1.032979
1.034178
1.035413
1.036404
1.037354
1.038057
1.038661
1.039017
1.039236
1.039211
1.039034
1.038629
1.038076
1.037324
1.036444
1.035402
1.034265
1.033008
1.031691
1.030299
1.028883
1.027429
1.025983
1.024533
1.023115
1.021718
1.020370
1.019061
1.017813
1.016613
1.015480
1.014399
1.013387
1.012428
1.011536
1.010694
1.009917
1.009183
1.008511
1.007876
1.007300
1.006753
1.006261
1.005790
1.005374
1.004968
1.004618
1.004267
1.003975
1.003670
1.003430
1.003161
1.002967
1.002728
1.002576
1.002358
1.002246
1.002041
1.001968
1.001769
1.001735
1.001535
1.001543
1.001331
1.001386
1.001153
1.001261
1.000994
1.001166
1.000850
1.001101
1.000714
1.001070
1.000572
1.005799
1.001286
1.005755
1.002842
1.006434
1.004709
1.007663
1.006771
1.009253
1.008968
1.011132
1.011317
1.013289
1.013853
1.015725
1.016601
1.018433
1.019561
1.021385
1.022709
1.024529
1.025986
1.027780
1.029295
1.031016
1.032501
1.034083
1.035440
1.036799
1.037928
1.038980
1.039786
1.040457
1.040869
1.041108
1.041087
1.040880
1.040426
1.039796
1.038950
1.037955
1.036787
1.035510
1.034109
1.032643
1.031101
1.029538
1.027942
1.026361
1.024784
1.023250
1.021746
1.020303
1.018909
1.017587
1.016323
1.015136
1.014010
1.012962
1.011974
1.011060
1.010202
1.009414
1.008676
1.008002
1.007370
1.006798
1.006259
1.005777
1.005318
1.004913
1.004523
1.004185
1.003852
1.003573
1.003286
1.003058
1.002809
1.002625
1.002406
1.002263
1.002066
1.001959
1.001777
1.001705
1.001531
1.001495
1.001321
1.001322
1.001140
1.001181
1.000983
1.001069
1.000844
1.000985
1.000719
1.000927
1.000602
1.000899
1.000481
1.005095
1.001186
1.005121
1.002658
1.005848
1.004459
1.007114
1.006477
1.008743
1.008657
1.010673
1.011023
1.012904
1.013616
1.015448
1.016466
1.018304
1.019580
1.021453
1.022936
1.024844
1.026473
1.028387
1.030086
1.031949
1.033622
1.035355
1.036891
1.038393
1.039675
1.040842
1.041760
1.042502
1.042969
1.043224
1.043195
1.042942
1.042420
1.041690
1.040723
1.039586
1.038262
1.036817
1.035242
1.033600
1.031884
1.030152
1.028395
1.026663
1.024946
1.023284
1.021665
1.020122
1.018639
1.017242
1.015915
1.014675
1.013508
1.012426
1.011415
1.010483
1.009616
1.008822
1.008085
1.007414
1.006791
1.006228
1.005703
1.005234
1.004793
1.004403
1.004032
1.003710
1.003398
1.003134
1.002870
1.002655
1.002429
1.002257
1.002061
1.001927
1.001754
1.001653
1.001496
1.001427
1.001279
1.001240
1.001095
1.001088
1.000939
1.000965
1.000804
1.000868
1.000687
1.000795
1.000583
1.000744
1.000486
1.000719
1.000387
1.004349
1.001074
1.004444
1.002446
1.005208
1.004163
1.006498
1.006118
1.008150
1.008263
1.010115
1.010628
1.012406
1.013262
1.015045
1.016203
1.018044
1.019467
1.021390
1.023038
1.025039
1.026853
1.028901
1.030803
1.032830
1.034717
1.036628
1.038374
1.040050
1.041519
1.042833
1.043893
1.044732
1.045278
1.045564
1.045539
1.045246
1.044654
1.043818
1.042719
1.041424
1.039925
1.038292
1.036522
1.034682
1.032770
1.030848
1.028911
1.027010
1.025138
1.023335
1.021591
1.019937
1.018359
1.016880
1.015485
1.014190
1.012978
1.011862
1.010826
1.009877
1.009000
1.008201
1.007466
1.006800
1.006186
1.005634
1.005125
1.004670
1.004248
1.003874
1.003525
1.003220
1.002931
1.002683
1.002442
1.002242
1.002040
1.001881
1.001709
1.001585
1.001436
1.001342
1.001210
1.001144
1.001023
1.000982
1.000866
1.000852
1.000735
1.000747
1.000624
1.000665
1.000529
1.000604
1.000445
1.000561
1.000369
1.000540
1.000291
1.003574
1.000958
1.003738
1.002225
1.004540
1.003850
1.005849
1.005735
1.007521
1.007839
1.009522
1.010202
1.011875
1.012880
1.014616
1.015923
1.017771
1.019355
1.021338
1.023166
1.025279
1.027300
1.029502
1.031635
1.033852
1.035983
1.038100
1.040087
1.041963
1.043643
1.045123
1.046338
1.047282
1.047905
1.048215
1.048178
1.047823
1.047132
1.046154
1.044886
1.043393
1.041678
1.039817
1.037812
1.035739
1.033599
1.031461
1.029319
1.027231
1.025188
1.023235
1.021358
1.019590
1.017916
1.016357
1.014897
1.013552
1.012302
1.011159
1.010106
1.009148
1.008269
1.007474
1.006748
1.006094
1.005498
1.004964
1.004477
1.004042
1.003645
1.003293
1.002970
1.002687
1.002424
1.002196
1.001981
1.001800
1.001624
1.001480
1.001334
1.001222
1.001099
1.001014
1.000909
1.000847
1.000754
1.000712
1.000627
1.000605
1.000523
1.000520
1.000436
1.000455
1.000364
1.000405
1.000302
1.000371
1.000247
1.000353
1.000192
1.002751
1.000827
1.002982
1.001969
1.003808
1.003480
1.005120
1.005271
1.006792
1.007310
1.008804
1.009645
1.011196
1.012344
1.014020
1.015469
1.017316
1.019058
1.021099
1.023113
1.025341
1.027582
1.029956
1.032342
1.034776
1.037186
1.039548
1.041818
1.043940
1.045879
1.047571
1.048988
1.050074
1.050810
1.051168
1.051137
1.050725
1.049933
1.048804
1.047347
1.045633
1.043674
1.041554
1.039283
1.036946
1.034548
1.032165
1.029793
1.027497
1.025265
1.023146
1.021123
1.019231
1.017452
1.015808
1.014280
1.012881
1.011592
1.010422
1.009351
1.008385
1.007506
1.006716
1.006001
1.005361
1.004784
1.004269
1.003806
1.003394
1.003023
1.002695
1.002400
1.002139
1.001904
1.001698
1.001511
1.001348
1.001199
1.001072
1.000953
1.000854
1.000758
1.000682
1.000604
1.000546
1.000482
1.000440
1.000385
1.000357
1.000309
1.000293
1.000248
1.000244
1.000199
1.000207
1.000159
1.000181
1.000125
1.000167
1.000093
1.001906
1.000692
1.002203
1.001704
1.003051
1.003092
1.004359
1.004779
1.006024
1.006744
1.008043
1.009047
1.010473
1.011768
1.013383
1.014982
1.016833
1.018744
1.020855
1.023072
1.025436
1.027923
1.030496
1.033172
1.035857
1.038588
1.041234
1.043832
1.046237
1.048473
1.050405
1.052045
1.053287
1.054135
1.054531
1.054481
1.053980
1.053042
1.051711
1.050010
1.048015
1.045753
1.043317
1.040727
1.038079
1.035381
1.032720
1.030091
1.027565
1.025129
1.022834
1.020661
1.018647
1.016767
1.015045
1.013456
1.012015
1.010697
1.009511
1.008436
1.007473
1.006606
1.005833
1.005141
1.004525
1.003977
1.003490
1.003059
1.002677
1.002340
1.002041
1.001780
1.001547
1.001344
1.001164
1.001008
1.000868
1.000750
1.000641
1.000551
1.000467
1.000400
1.000335
1.000286
1.000234
1.000200
1.000158
1.000135
1.000101
1.000088
1.000058
1.000053
1.000026
1.000029
1.000003
1.000012
0.999987
1.000001
0.999976
0.999992
1.001009
1.000539
1.001368
1.001398
1.002222
1.002636
1.003504
1.004188
1.005134
1.006048
1.007129
1.008284
1.009564
1.010991
1.012529
1.014264
1.016105
1.018177
1.020349
1.022769
1.025271
1.028016
1.030804
1.033796
1.036768
1.039864
1.042847
1.045833
1.048588
1.051192
1.053436
1.055368
1.056825
1.057838
1.058310
1.058266
1.057683
1.056594
1.055042
1.053065
1.050752
1.048142
1.045345
1.042389
1.039385
1.036346
1.033370
1.030452
1.027670
1.025007
1.022520
1.020183
1.018036
1.016047
1.014242
1.012591
1.011106
1.009760
1.008560
1.007482
1.006525
1.005671
1.004917
1.004250
1.003661
1.003144
1.002689
1.002292
1.001942
1.001640
1.001373
1.001146
1.000943
1.000775
1.000621
1.000498
1.000381
1.000294
1.000205
1.000146
1.000077
1.000040
0.999985
0.999966
0.999920
0.999916
0.999875
0.999884
0.999844
0.999866
0.999823
0.999859
0.999810
0.999859
0.999800
0.999865
0.999793
0.999876
0.999786
0.999891
1.000098
1.000384
1.000517
1.001084
1.001371
1.002161
1.002618
1.003566
1.004202
1.005308
1.006164
1.007468
1.008598
1.010158
1.011616
1.013491
1.015326
1.017569
1.019814
1.022456
1.025119
1.028151
1.031190
1.034543
1.037848
1.041367
1.044744
1.048182
1.051345
1.054374
1.056975
1.059236
1.060930
1.062111
1.062642
1.062569
1.061853
1.060546
1.058694
1.056357
1.053639
1.050595
1.047356
1.043961
1.040538
1.037105
1.033772
1.030533
1.027474
1.024573
1.021889
1.019391
1.017117
1.015032
1.013158
1.011460
1.009950
1.008595
1.007398
1.006334
1.005401
1.004578
1.003859
1.003230
1.002682
1.002209
1.001795
1.001443
1.001135
1.000877
1.000648
1.000463
1.000295
1.000166
1.000044
0.999957
0.999868
0.999815
0.999748
0.999722
0.999671
0.999665
0.999623
0.999635
0.999596
0.999624
0.999584
0.999627
0.999581
0.999640
0.999584
0.999660
0.999589
0.999686
0.999594
0.999716
0.999596
0.999750
0.999594
0.999790
0.999133
1.000207
0.999606
1.000723
1.000442
1.001607
1.001624
1.002828
1.003128
1.004410
1.005015
1.006449
1.007402
1.009072
1.010425
1.012417
1.014222
1.016616
1.018918
1.021771
1.024588
1.027915
1.031218
1.034961
1.038640
1.042640
1.046481
1.050458
1.054126
1.057688
1.060756
1.063453
1.065480
1.066910
1.067562
1.067495
1.066656
1.065115
1.062928
1.060177
1.056990
1.053441
1.049690
1.045786
1.041882
1.037998
1.034261
1.030661
1.027294
1.024129
1.021231
1.018558
1.016151
1.013964
1.012020
1.010276
1.008741
1.007378
1.006189
1.005144
1.004237
1.003449
1.002768
1.002183
1.001678
1.001251
1.000883
1.000578
1.000313
1.000100
0.999913
0.999771
0.999640
0.999551
0.999461
0.999413
0.999351
0.999333
0.999290
0.999296
0.999264
0.999289
0.999261
0.999304
0.999273
0.999332
0.999295
0.999370
0.999320
0.999414
0.999346
0.999463
0.999370
0.999514
0.999389
0.999568
0.999402
0.999625
0.999404
0.999689
0.998163
1.000030
0.998686
1.000354
0.999496
1.001034
1.000602
1.002057
1.002010
1.003464
1.003809
1.005366
1.006136
1.007911
1.009154
1.011262
1.013039
1.015589
1.017957
1.021038
1.024034
1.027688
1.031297
1.035486
1.039602
1.044162
1.048549
1.053160
1.057423
1.061609
1.065221
1.068417
1.070814
1.072503
1.073253
1.073139
1.072095
1.070214
1.067572
1.064274
1.060487
1.056306
1.051927
1.047412
1.042945
1.038543
1.034354
1.030361
1.026670
1.023235
1.020129
1.017295
1.014774
1.012509
1.010521
1.008758
1.007227
1.005885
1.004729
1.003728
1.002872
1.002140
1.001518
1.000993
1.000550
1.000184
0.999874
0.999628
0.999417
0.999260
0.999121
0.999030
0.998942
0.998899
0.998847
0.998840
0.998810
0.998831
0.998814
0.998856
0.998844
0.998903
0.998889
0.998965
0.998943
0.999035
0.999000
0.999109
0.999055
0.999186
0.999106
0.999263
0.999150
0.999341
0.999184
0.999419
0.999206
0.999500
0.999213
0.999588
0.997141
0.999831
0.997707
0.999935
0.998467
1.000373
0.999462
1.001153
1.000732
1.002334
1.002389
1.004040
1.004592
1.006438
1.007536
1.009721
1.011433
1.014103
1.016504
1.019786
1.022939
1.026914
1.030831
1.035492
1.040086
1.045279
1.050304
1.055673
1.060674
1.065651
1.069979
1.073848
1.076774
1.078857
1.079801
1.079692
1.078451
1.076195
1.073027
1.069088
1.064592
1.059663
1.054546
1.049318
1.044197
1.039201
1.034502
1.030068
1.026018
1.022291
1.018962
1.015957
1.013319
1.010976
1.008948
1.007170
1.005650
1.004334
1.003219
1.002268
1.001469
1.000798
1.000240
0.999781
0.999402
0.999101
0.998852
0.998668
0.998513
0.998413
0.998325
0.998286
0.998243
0.998247
0.998233
0.998269
0.998271
0.998330
0.998340
0.998418
0.998426
0.998519
0.998521
0.998629
0.998616
0.998740
0.998709
0.998852
0.998794
0.998961
0.998869
0.999067
0.998932
0.999170
0.998982
0.999273
0.999014
0.999376
0.999026
0.999488
0.996125
0.999632
0.996728
0.999510
0.997429
0.999695
0.998298
1.000217
0.999413
1.001153
1.000908
1.002642
1.002967
1.004872
1.005816
1.008070
1.009712
1.012499
1.014937
1.018429
1.021759
1.026088
1.030359
1.035559
1.040712
1.046643
1.052425
1.058693
1.064576
1.070492
1.075669
1.080324
1.083850
1.086349
1.087458
1.087271
1.085701
1.082897
1.079007
1.074217
1.068808
1.062940
1.056919
1.050836
1.044955
1.039288
1.034029
1.029129
1.024718
1.020710
1.017183
1.014042
1.011328
1.008949
1.006924
1.005175
1.003707
1.002457
1.001419
1.000552
0.999841
0.999260
0.998790
0.998419
0.998124
0.997905
0.997734
0.997624
0.997538
0.997505
0.997476
0.997496
0.997505
0.997562
0.997591
0.997674
0.997712
0.997814
0.997852
0.997968
0.998000
0.998128
0.998146
0.998287
0.998286
0.998443
0.998415
0.998592
0.998532
0.998734
0.998632
0.998870
0.998716
0.999000
0.998780
0.999127
0.998823
0.999253
0.998840
0.999390
0.995061
0.999409
0.995691
0.999031
0.996308
0.998923
0.997013
0.999136
0.997919
0.999766
0.999186
1.000963
1.001020
1.002934
1.003674
1.005939
1.007454
1.010297
1.012714
1.016361
1.019819
1.024465
1.029070
1.034816
1.040561
1.047311
1.053964
1.061305
1.068281
1.075397
1.081704
1.087435
1.091835
1.094978
1.096414
1.096225
1.094322
1.090888
1.086139
1.080321
1.073808
1.066809
1.059711
1.052623
1.045860
1.039424
1.033536
1.028121
1.023317
1.019011
1.015281
1.012004
1.009220
1.006815
1.004805
1.003097
1.001692
1.000519
0.999570
0.998796
0.998181
0.997696
0.997321
0.997043
0.996837
0.996704
0.996612
0.996579
0.996564
0.996599
0.996632
0.996712
0.996773
0.996883
0.996956
0.997085
0.997160
0.997303
0.997372
0.997525
0.997580
0.997743
0.997778
0.997952
0.997962
0.998151
0.998128
0.998338
0.998275
0.998513
0.998401
0.998678
0.998504
0.998834
0.998584
0.998984
0.998637
0.999133
0.998658
0.999293
0.994015
0.999190
0.994667
0.998552
0.995189
0.998140
0.995713
0.998028
0.996391
0.998331
0.997407
0.999210
0.998985
1.000889
1.001411
1.003667
1.005043
1.007923
1.010312
1.014107
1.017702
1.022689
1.027666
1.034031
1.040461
1.048171
1.055860
1.064486
1.072785
1.081352
1.089026
1.096042
1.101454
1.105302
1.107027
1.106700
1.104240
1.099883
1.093945
1.086755
1.078814
1.070393
1.061980
1.053698
1.045924
1.038637
1.032085
1.026153
1.020987
1.016429
1.012557
1.009211
1.006428
1.004067
1.002140
1.000537
0.999255
0.998213
0.997400
0.996762
0.996281
0.995927
0.995676
0.995517
0.995421
0.995393
0.995398
0.995457
0.995524
0.995638
0.995741
0.995890
0.996009
0.996177
0.996299
0.996480
0.996595
0.996782
0.996883
0.997076
0.997155
0.997354
0.997408
0.997616
0.997637
0.997859
0.997841
0.998085
0.998020
0.998293
0.998171
0.998487
0.998295
0.998670
0.998390
0.998844
0.998454
0.999015
0.998480
0.999199
0.992930
0.998947
0.993592
0.998020
0.993991
0.997263
0.994293
0.996773
0.994685
0.996679
0.995372
0.997149
0.996592
0.998420
0.998658
1.000821
1.001975
1.004796
1.007061
1.010903
1.014537
1.019775
1.025052
1.031999
1.039108
1.047848
1.056698
1.066841
1.076769
1.087201
1.096715
1.105525
1.112442
1.117401
1.119697
1.119346
1.116284
1.110815
1.103403
1.094504
1.084795
1.074634
1.064638
1.054947
1.046004
1.037754
1.030470
1.023982
1.018439
1.013631
1.009631
1.006236
1.003477
1.001183
0.999363
0.997886
0.996747
0.995852
0.995190
0.994700
0.994365
0.994148
0.994029
0.993993
0.994012
0.994092
0.994196
0.994348
0.994499
0.994693
0.994866
0.995082
0.995260
0.995487
0.995657
0.995888
0.996042
0.996274
0.996406
0.996638
0.996742
0.996977
0.997048
0.997289
0.997322
0.997576
0.997564
0.997839
0.997773
0.998080
0.997949
0.998303
0.998093
0.998511
0.998203
0.998708
0.998278
0.998901
0.998309
0.999108
0.991878
0.998711
0.992544
0.997494
0.992811
0.996384
0.992875
0.995502
0.992963
0.994991
0.993293
0.995022
0.994120
0.995843
0.995776
0.997813
0.998718
1.001442
1.003554
1.007409
1.011063
1.016547
1.022139
1.029725
1.037603
1.047541
1.057769
1.069743
1.081671
1.094399
1.106191
1.117197
1.125907
1.132124
1.134954
1.134349
1.130286
1.123181
1.113714
1.102519
1.090516
1.078168
1.066253
1.054915
1.044669
1.035400
1.027397
1.020412
1.014585
1.009637
1.005628
1.002303
0.999685
0.997567
0.995952
0.994690
0.993772
0.993094
0.992644
0.992354
0.992207
0.992168
0.992212
0.992328
0.992485
0.992694
0.992913
0.993172
0.993419
0.993703
0.993955
0.994246
0.994489
0.994779
0.995002
0.995286
0.995483
0.995761
0.995927
0.996199
0.996329
0.996600
0.996691
0.996965
0.997010
0.997297
0.997290
0.997597
0.997530
0.997871
0.997732
0.998123
0.997896
0.998356
0.998021
0.998576
0.998106
0.998791
0.998142
0.999020
0.990800
0.998454
0.991457
0.996919
0.991565
0.995418
0.991349
0.994092
0.991072
0.993090
0.990961
0.992581
0.991274
0.992810
0.992356
0.994154
0.994698
0.997180
0.998995
1.002689
1.006192
1.011739
1.017473
1.025560
1.034101
1.045242
1.056930
1.071014
1.085369
1.101050
1.115937
1.130075
1.141518
1.149764
1.153646
1.152947
1.147712
1.138525
1.126397
1.112248
1.097338
1.082282
1.068052
1.054783
1.043056
1.032668
1.023908
1.016426
1.010345
1.005298
1.001330
0.998126
0.995696
0.993797
0.992427
0.991411
0.990743
0.990303
0.990082
0.990006
0.990059
0.990204
0.990418
0.990689
0.990987
0.991325
0.991661
0.992027
0.992370
0.992742
0.993072
0.993438
0.993744
0.994096
0.994370
0.994707
0.994945
0.995267
0.995466
0.995777
0.995933
0.996239
0.996348
0.996654
0.996712
0.997029
0.997028
0.997366
0.997299
0.997672
0.997525
0.997950
0.997708
0.998207
0.997847
0.998449
0.997942
0.998685
0.997983
0.998935
0.989771
0.998209
0.990414
0.996360
0.990355
0.994467
0.989851
0.992689
0.989193
0.991182
0.988618
0.990103
0.988379
0.989691
0.988824
0.990335
0.990476
0.992651
0.994110
0.997566
1.000849
1.006391
1.012218
1.020803
1.030043
1.042547
1.055939
1.072568
1.089935
1.109319
1.128143
1.146233
1.161023
1.171666
1.176601
1.175403
1.168240
1.155972
1.140101
1.121957
1.103267
1.084823
1.067832
1.052375
1.039091
1.027624
1.018245
1.010449
1.004327
0.999399
0.995684
0.992795
0.990730
0.989204
0.988212
0.987559
0.987236
0.987118
0.987195
0.987391
0.987692
0.988061
0.988478
0.988932
0.989394
0.989881
0.990348
0.990835
0.991284
0.991754
0.992169
0.992614
0.992988
0.993406
0.993736
0.994127
0.994409
0.994777
0.995010
0.995361
0.995543
0.995884
0.996012
0.996350
0.996421
0.996768
0.996774
0.997142
0.997074
0.997478
0.997325
0.997784
0.997527
0.998065
0.997681
0.998328
0.997785
0.998584
0.997830
0.998855
0.988733
0.997946
0.989351
0.995763
0.989102
0.993447
0.988271
0.991170
0.987175
0.989087
0.986051
0.987335
0.985132
0.986125
0.984751
0.985835
0.985431
0.987101
0.987999
0.990948
0.993735
0.998938
1.004517
1.013261
1.022865
1.036542
1.051524
1.070928
1.091824
1.115925
1.140132
1.163998
1.184070
1.198669
1.205654
1.204143
1.194500
1.178075
1.157125
1.133680
1.110118
1.087471
1.067192
1.049243
1.034276
1.021713
1.011772
1.003758
0.997707
0.993010
0.989654
0.987174
0.985554
0.984469
0.983910
0.983660
0.983717
0.983944
0.984337
0.984817
0.985375
0.985974
0.986596
0.987234
0.987860
0.988493
0.989091
0.989695
0.990247
0.990812
0.991310
0.991832
0.992272
0.992752
0.993134
0.993577
0.993901
0.994313
0.994579
0.994967
0.995175
0.995548
0.995695
0.996064
0.996147
0.996522
0.996534
0.996930
0.996863
0.997296
0.997136
0.997627
0.997356
0.997931
0.997524
0.998214
0.997637
0.998488
0.997687
0.998779
0.987762
0.997701
0.988351
0.995195
0.987910
0.992464
0.986750
0.989692
0.985214
0.987031
0.983527
0.984585
0.981898
0.982534
0.980629
0.981225
0.980226
0.981295
0.981543
0.983843
0.985995
0.990681
0.995839
1.004584
1.014418
1.029309
1.046010
1.068702
1.093993
1.124072
1.155362
1.186794
1.213514
1.232997
1.242186
1.239568
1.225884
1.203265
1.175116
1.144449
1.114565
1.086732
1.062675
1.042099
1.025600
1.012254
1.002159
0.994355
0.988796
0.984712
0.982052
0.980269
0.979337
0.978893
0.978931
0.979220
0.979766
0.980426
0.981206
0.982028
0.982889
0.983754
0.984611
0.985457
0.986266
0.987061
0.987802
0.988534
0.989197
0.989863
0.990448
0.991051
0.991560
0.992105
0.992542
0.993038
0.993405
0.993861
0.994160
0.994586
0.994819
0.995225
0.995391
0.995789
0.995884
0.996287
0.996306
0.996729
0.996662
0.997123
0.996958
0.997479
0.997195
0.997804
0.997376
0.998106
0.997498
0.998398
0.997552
0.998707
0.986804
0.997445
0.987354
0.994605
0.986704
0.991439
0.985189
0.988141
0.983167
0.984845
0.980845
0.981615
0.978388
0.978570
0.976038
0.975992
0.974239
0.974462
0.973803
0.975080
0.976194
0.979815
0.983957
0.992000
1.001282
1.016718
1.034419
1.060259
1.090278
1.127644
1.168630
1.211638
1.249416
1.276983
1.290029
1.286096
1.266664
1.235311
1.197098
1.156723
1.118746
1.084658
1.056340
1.033016
1.015097
1.001187
0.991206
0.983881
0.979064
0.975811
0.974030
0.973090
0.972961
0.973244
0.973944
0.974817
0.975882
0.976996
0.978176
0.979345
0.980511
0.981642
0.982731
0.983780
0.984767
0.985719
0.986596
0.987449
0.988219
0.988979
0.989647
0.990325
0.990899
0.991506
0.991993
0.992539
0.992945
0.993442
0.993772
0.994233
0.994490
0.994926
0.995109
0.995534
0.995641
0.996069
0.996094
0.996542
0.996477
0.996963
0.996793
0.997342
0.997046
0.997686
0.997239
0.998006
0.997370
0.998315
0.997428
0.998641
0.985930
0.997213
0.986440
0.994060
0.985588
0.990481
0.983729
0.986676
0.981234
0.982762
0.978286
0.978752
0.974993
0.974694
0.971525
0.970780
0.968228
0.967495
0.965821
0.965869
0.965733
0.967952
0.970714
0.977592
0.985806
1.001435
1.019681
1.049043
1.084718
1.131002
1.185668
1.244973
1.296701
1.333619
1.349825
1.341995
1.313425
1.269682
1.217850
1.164697
1.116603
1.075209
1.042522
1.016930
0.998438
0.984922
0.976002
0.970005
0.966652
0.964823
0.964395
0.964673
0.965638
0.966874
0.968409
0.970001
0.971688
0.973335
0.974975
0.976539
0.978045
0.979469
0.980811
0.982080
0.983256
0.984374
0.985395
0.986375
0.987254
0.988113
0.988866
0.989621
0.990260
0.990927
0.991465
0.992060
0.992506
0.993044
0.993405
0.993899
0.994179
0.994645
0.994844
0.995296
0.995414
0.995866
0.995898
0.996369
0.996304
0.996815
0.996640
0.997215
0.996908
0.997578
0.997113
0.997915
0.997251
0.998239
0.997313
0.998581
0.985094
0.996979
0.985557
0.993514
0.984496
0.989520
0.982282
0.985198
0.979292
0.980637
0.975674
0.975787
0.971464
0.970601
0.966723
0.965136
0.961646
0.959698
0.956746
0.955109
0.953235
0.953265
0.953766
0.958211
0.963848
0.977977
0.994465
1.026120
1.065919
1.121371
1.196064
1.282032
1.355360
1.402688
1.419283
1.403343
1.362210
1.303818
1.235991
1.168212
1.109265
1.060591
1.024057
0.996866
0.978527
0.966102
0.958880
0.954757
0.953315
0.953259
0.954446
0.956132
0.958322
0.960600
0.963026
0.965368
0.967694
0.969879
0.971976
0.973927
0.975763
0.977468
0.979051
0.980526
0.981881
0.983153
0.984307
0.985404
0.986384
0.987332
0.988162
0.988986
0.989685
0.990407
0.990991
0.991630
0.992112
0.992686
0.993074
0.993599
0.993900
0.994391
0.994607
0.995081
0.995210
0.995684
0.995721
0.996213
0.996149
0.996681
0.996502
0.997100
0.996785
0.997480
0.996999
0.997832
0.997145
0.998170
0.997210
0.998526
0.984359
0.996775
0.984778
0.993029
0.983524
0.988658
0.980983
0.983860
0.977533
0.978697
0.973285
0.973051
0.968197
0.966769
0.962205
0.959751
0.955316
0.952068
0.947765
0.944220
0.940383
0.937730
0.935435
0.936498
0.938463
0.949686
0.962410
0.996012
1.037633
1.104659
1.213275
1.331025
1.411651
1.449735
1.452022
1.419770
1.367563
1.302822
1.226837
1.148597
1.081465
1.028016
0.990606
0.964866
0.949472
0.940472
0.936783
0.935932
0.937431
0.939901
0.943241
0.946721
0.950411
0.953926
0.957379
0.960570
0.963602
0.966373
0.968961
0.971322
0.973504
0.975501
0.977332
0.979018
0.980553
0.981980
0.983267
0.984479
0.985559
0.986595
0.987500
0.988392
0.989148
0.989923
0.990552
0.991233
0.991749
0.992357
0.992772
0.993325
0.993645
0.994161
0.994391
0.994887
0.995025
0.995519
0.995561
0.996072
0.996010
0.996562
0.996379
0.996998
0.996674
0.997393
0.996898
0.997758
0.997050
0.998108
0.997118
0.998477
0.983686
0.996580
0.984058
0.992568
0.982618
0.987838
0.979759
0.982582
0.975859
0.976827
0.970982
0.970381
0.964997
0.962966
0.957695
0.954287
0.948841
0.944099
0.938277
0.932402
0.926199
0.919954
0.913915
0.909670
0.905837
0.910272
0.914667
0.944669
0.977186
1.058261
1.208655
1.335478
1.372367
1.350156
1.313424
1.267398
1.228447
1.196954
1.151259
1.090039
1.031403
0.981688
0.947718
0.925933
0.915323
0.911281
0.912365
0.915747
0.920872
0.926335
0.932125
0.937578
0.942862
0.947657
0.952148
0.956177
0.959894
0.963224
0.966273
0.969015
0.971514
0.973776
0.975830
0.977705
0.979400
0.980964
0.982368
0.983682
0.984848
0.985960
0.986930
0.987881
0.988687
0.989507
0.990174
0.990891
0.991437
0.992074
0.992511
0.993089
0.993426
0.993963
0.994205
0.994719
0.994866
0.995376
0.995423
0.995951
0.995889
0.996458
0.996272
0.996909
0.996578
0.997317
0.996810
0.997694
0.996968
0.998055
0.997039
0.998435
0.983128
0.996419
0.983460
0.992184
0.981860
0.987148
0.978728
0.981498
0.974438
0.975230
0.969011
0.968079
0.962231
0.959644
0.953739
0.949424
0.943045
0.936823
0.929540
0.921219
0.912609
0.902285
0.892133
0.881116
0.870271
0.863972
0.857267
0.875107
0.890020
0.994961
1.148514
1.130695
0.943662
0.782273
0.718064
0.711011
0.752470
0.827604
0.885802
0.902837
0.899319
0.885039
0.874361
0.868607
0.870021
0.875371
0.883940
0.893238
0.903018
0.912107
0.920726
0.928377
0.935385
0.941532
0.947095
0.951976
0.956379
0.960262
0.963762
0.966873
0.969678
0.972193
0.974458
0.976511
0.978356
0.980048
0.981560
0.982967
0.984213
0.985396
0.986426
0.987429
0.988280
0.989142
0.989843
0.990593
0.991165
0.991828
0.992285
0.992884
0.993237
0.993792
0.994045
0.994575
0.994729
0.995255
0.995306
0.995848
0.995787
0.996370
0.996182
0.996834
0.996497
0.997253
0.996736
0.997640
0.996898
0.998010
0.996972
0.998400
0.982656
0.996278
0.982951
0.991849
0.981209
0.986546
0.977837
0.980552
0.973201
0.973826
0.967278
0.966034
0.959771
0.956655
0.950171
0.944975
0.937725
0.930010
0.921331
0.910408
0.899414
0.884402
0.869924
0.850144
0.831078
0.807668
0.785209
0.768822
0.751102
0.814157
0.757606
0.382295
0.018548
-0.083565
-0.011402
0.118632
0.222121
0.356083
0.507784
0.610684
0.682541
0.727582
0.761343
0.787735
0.811892
0.833229
0.852987
0.870182
0.885585
0.898735
0.910328
0.920188
0.928859
0.936273
0.942815
0.948459
0.953463
0.957825
0.961710
0.965133
0.968193
0.970917
0.973357
0.975555
0.977522
0.979317
0.980916
0.982399
0.983709
0.984947
0.986024
0.987070
0.987957
0.988852
0.989580
0.990356
0.990948
0.991632
0.992105
0.992721
0.993086
0.993655
0.993917
0.994460
0.994620
0.995157
0.995212
0.995765
0.995705
0.996299
0.996109
0.996774
0.996432
0.997202
0.996676
0.997597
0.996843
0.997974
0.996918
0.998371
0.982307
0.996175
0.982574
0.991601
0.980726
0.986099
0.977172
0.979842
0.972272
0.972768
0.965972
0.964484
0.957902
0.954364
0.947431
0.941511
0.933574
0.924580
0.914775
0.901484
0.888508
0.868853
0.850584
0.821099
0.794021
0.748829
0.707472
0.637324
0.573023
0.478961
0.155960
-0.272296
-0.415772
-0.353506
-0.210551
-0.055776
0.012872
0.085366
0.220427
0.346958
0.463207
0.558942
0.638015
0.700539
0.750995
0.790690
0.822895
0.848525
0.869679
0.886821
0.901238
0.913136
0.923307
0.931842
0.939238
0.945538
0.951056
0.955822
0.960032
0.963715
0.966986
0.969885
0.972468
0.974786
0.976853
0.978732
0.980403
0.981947
0.983309
0.984592
0.985708
0.986788
0.987703
0.988624
0.989374
0.990170
0.990779
0.991480
0.991966
0.992595
0.992969
0.993550
0.993819
0.994371
0.994536
0.995082
0.995140
0.995701
0.995642
0.996245
0.996054
0.996728
0.996382
0.997163
0.996631
0.997564
0.996800
0.997947
0.996877
0.998350
0.982063
0.996102
0.982309
0.991425
0.980385
0.985780
0.976701
0.979337
0.971613
0.972012
0.965039
0.963368
0.956558
0.952704
0.945446
0.938975
0.930543
0.920550
0.909945
0.894728
0.880388
0.856758
0.835960
0.797714
0.765190
0.699686
0.643768
0.523872
0.416281
0.167075
-0.110045
-0.150671
-0.016071
0.009621
-0.019008
-0.037710
-0.006254
0.016371
0.077060
0.184908
0.311781
0.436198
0.545382
0.634177
0.704391
0.758229
0.800098
0.832314
0.857936
0.878160
0.894727
0.908156
0.919436
0.928787
0.936794
0.943559
0.949437
0.954483
0.958914
0.962775
0.966190
0.969205
0.971884
0.974281
0.976414
0.978349
0.980067
0.981651
0.983046
0.984359
0.985500
0.986602
0.987537
0.988475
0.989239
0.990049
0.990668
0.991380
0.991874
0.992512
0.992892
0.993480
0.993754
0.994313
0.994481
0.995033
0.995092
0.995659
0.995600
0.996209
0.996017
0.996697
0.996349
0.997137
0.996601
0.997542
0.996772
0.997929
0.996850
0.998335
0.981944
0.996066
0.982181
0.991339
0.980219
0.985625
0.976471
0.979090
0.971290
0.971641
0.964580
0.962820
0.955896
0.951883
0.944463
0.937708
0.929029
0.918505
0.907500
0.891222
0.876196
0.850273
0.828179
0.784681
0.749137
0.671262
0.606237
0.456963
0.317584
0.003158
-0.064137
0.190806
0.367434
0.309025
0.146399
-0.009750
-0.006160
0.005848
0.020781
0.111829
0.240043
0.376348
0.499312
0.600509
0.680338
0.741212
0.788014
0.823658
0.851645
0.873514
0.891238
0.905491
0.917367
0.927158
0.935493
0.942507
0.948577
0.953773
0.958322
0.962277
0.965768
0.968846
0.971576
0.974015
0.976183
0.978148
0.979891
0.981496
0.982910
0.984238
0.985392
0.986506
0.987451
0.988397
0.989169
0.989986
0.990611
0.991328
0.991826
0.992469
0.992853
0.993445
0.993720
0.994283
0.994452
0.995008
0.995067
0.995638
0.995579
0.996191
0.995999
0.996682
0.996333
0.997124
0.996586
0.997531
0.996758
0.997919
0.996836
0.998328
0.981944
0.996066
0.982181
0.991339
0.980219
0.985625
0.976471
0.979090
0.971290
0.971641
0.964580
0.962820
0.955896
0.951883
0.944463
0.937708
0.929029
0.918505
0.907500
0.891222
0.876196
0.850273
0.828179
0.784681
0.749137
0.671262
0.606237
0.456963
0.317584
0.003158
-0.064137
0.190806
0.367434
0.309025
0.146399
-0.009750
-0.006160
0.005848
0.020781
0.111829
0.240043
0.376348
0.499312
0.600509
0.680338
0.741212
0.788014
0.823658
0.851645
0.873514
0.891238
0.905491
0.917367
0.927158
0.935493
0.942507
0.948577
0.953773
0.958322
0.962277
0.965768
0.968846
0.971576
0.974015
0.976183
0.978148
0.979891
0.981496
0.982910
0.984238
0.985392
0.986506
0.987451
0.988397
0.989169
0.989986
0.990611
0.991328
0.991826
0.992469
0.992853
0.993445
0.993720
0.994283
0.994452
0.995008
0.995067
0.995638
0.995579
0.996191
0.995999
0.996682
0.996333
0.997124
0.996586
0.997531
0.996758
0.997919
0.996836
0.998328
0.982063
0.996102
0.982309
0.991425
0.980385
0.985780
0.976701
0.979337
0.971613
0.972012
0.965039
0.963368
0.956558
0.952704
0.945446
0.938975
0.930543
0.920550
0.909945
0.894728
0.880388
0.856758
0.835960
0.797714
0.765190
0.699686
0.643768
0.523872
0.416281
0.167075
-0.110045
-0.150671
-0.016071
0.009621
-0.019008
-0.037710
-0.006254
0.016371
0.077060
0.184908
0.311781
0.436198
0.545382
0.634177
0.704391
0.758229
0.800098
0.832314
0.857936
0.878160
0.894727
0.908156
0.919436
0.928787
0.936794
0.943559
0.949437
0.954483
0.958914
0.962775
0.966190
0.969205
0.971884
0.974281
0.976414
0.978349
0.980067
0.981651
0.983046
0.984359
0.985500
0.986602
0.987537
0.988475
0.989239
0.990049
0.990668
0.991380
0.991874
0.992512
0.992892
0.993480
0.993754
0.994313
0.994481
0.995033
0.995092
0.995659
0.995600
0.996209
0.996017
0.996697
0.996349
0.997137
0.996601
0.997542
0.996772
0.997929
0.996850
0.998335
0.982307
0.996175
0.982574
0.991601
0.980726
0.986099
0.977172
0.979842
0.972272
0.972768
0.965972
0.964484
0.957902
0.954364
0.947431
0.941511
0.933574
0.924580
0.914775
0.901484
0.888508
0.868853
0.850584
0.821099
0.794021
0.748829
0.707472
0.637324
0.573023
0.478961
0.155960
-0.272296
-0.415772
-0.353506
-0.210551
-0.055776
0.012872
0.085366
0.220427
0.346958
0.463207
0.558942
0.638015
0.700539
0.750995
0.790690
0.822895
0.848525
0.869679
0.886821
0.901238
0.913136
0.923307
0.931842
0.939238
0.945538
0.951056
0.955822
0.960032
0.963715
0.966986
0.969885
0.972468
0.974786
0.976853
0.978732
0.980403
0.981947
0.983309
0.984592
0.985708
0.986788
0.987703
0.988624
0.989374
0.990170
0.990779
0.991480
0.991966
0.992595
0.992969
0.993550
0.993819
0.994371
0.994536
0.995082
0.995140
0.995701
0.995642
0.996245
0.996054
0.996728
0.996382
0.997163
0.996631
0.997564
0.996800
0.997947
0.996877
0.998350
0.982656
0.996278
0.982951
0.991849
0.981209
0.986546
0.977837
0.980552
0.973201
0.973826
0.967278
0.966034
0.959771
0.956655
0.950171
0.944975
0.937725
0.930010
0.921331
0.910408
0.899414
0.884402
0.869924
0.850144
0.831078
0.807668
0.785209
0.768822
0.751102
0.814157
0.757606
0.382295
0.018548
-0.083565
-0.011402
0.118632
0.222121
0.356083
0.507784
0.610684
0.682541
0.727582
0.761343
0.787735
0.811892
0.833229
0.852987
0.870182
0.885585
0.898735
0.910328
0.920188
0.928859
0.936273
0.942815
0.948459
0.953463
0.957825
0.961710
0.965133
0.968193
0.970917
0.973357
0.975555
0.977522
0.979317
0.980916
0.982399
0.983709
0.984947
0.986024
0.987070
0.987957
0.988852
0.989580
0.990356
0.990948
0.991632
0.992105
0.992721
0.993086
0.993655
0.993917
0.994460
0.994620
0.995157
0.995212
0.995765
0.995705
0.996299
0.996109
0.996774
0.996432
0.997202
0.996676
0.997597
0.996843
0.997974
0.996918
0.998371
0.983128
0.996419
0.983460
0.992184
0.981860
0.987148
0.978728
0.981498
0.974438
0.975230
0.969011
0.968079
0.962231
0.959644
0.953739
0.949424
0.943045
0.936823
0.929540
0.921219
0.912609
0.902285
0.892133
0.881116
0.870271
0.863972
0.857267
0.875107
0.890020
0.994961
1.148514
1.130695
0.943662
0.782273
0.718064
0.711011
0.752470
0.827604
0.885802
0.902837
0.899319
0.885039
0.874361
0.868607
0.870021
0.875371
0.883940
0.893238
0.903018
0.912107
0.920726
0.928377
0.935385
0.941532
0.947095
0.951976
0.956379
0.960262
0.963762
0.966873
0.969678
0.972193
0.974458
0.976511
0.978356
0.980048
0.981560
0.982967
0.984213
0.985396
0.986426
0.987429
0.988280
0.989142
0.989843
0.990593
0.991165
0.991828
0.992285
0.992884
0.993237
0.993792
0.994045
0.994575
0.994729
0.995255
0.995306
0.995848
0.995787
0.996370
0.996182
0.996834
0.996497
0.997253
0.996736
0.997640
0.996898
0.998010
0.996972
0.998400
0.983686
0.996580
0.984058
0.992568
0.982618
0.987838
0.979759
0.982582
0.975859
0.976827
0.970982
0.970381
0.964997
0.962966
0.957695
0.954287
0.948841
0.944099
0.938277
0.932402
0.926199
0.919954
0.913915
0.909670
0.905837
0.910272
0.914667
0.944669
0.977186
1.058261
1.208655
1.335478
1.372367
1.350156
1.313424
1.267398
1.228447
1.196954
1.151259
1.090039
1.031403
0.981688
0.947718
0.925933
0.915323
0.911281
0.912365
0.915747
0.920872
0.926335
0.932125
0.937578
0.942862
0.947657
0.952148
0.956177
0.959894
0.963224
0.966273
0.969015
0.971514
0.973776
0.975830
0.977705
0.979400
0.980964
0.982368
0.983682
0.984848
0.985960
0.986930
0.987881
0.988687
0.989507
0.990174
0.990891
0.991437
0.992074
0.992511
0.993089
0.993426
0.993963
0.994205
0.994719
0.994866
0.995376
0.995423
0.995951
0.995889
0.996458
0.996272
0.996909
0.996578
0.997317
0.996810
0.997694
0.996968
0.998055
0.997039
0.998435
0.984359
0.996775
0.984778
0.993029
0.983524
0.988658
0.980983
0.983860
0.977533
0.978697
0.973285
0.973051
0.968197
0.966769
0.962205
0.959751
0.955316
0.952068
0.947765
0.944220
0.940383
0.937730
0.935435
0.936498
0.938463
0.949686
0.962410
0.996012
1.037633
1.104659
1.213275
1.331025
1.411651
1.449735
1.452022
1.419770
1.367563
1.302822
1.226837
1.148597
1.081465
1.028016
0.990606
0.964866
0.949472
0.940472
0.936783
0.935932
0.937431
0.939901
0.943241
0.946721
0.950411
0.953926
0.957379
0.960570
0.963602
0.966373
0.968961
0.971322
0.973504
0.975501
0.977332
0.979018
0.980553
0.981980
0.983267
0.984479
0.985559
0.986595
0.987500
0.988392
0.989148
0.989923
0.990552
0.991233
0.991749
0.992357
0.992772
0.993325
0.993645
0.994161
0.994391
0.994887
0.995025
0.995519
0.995561
0.996072
0.996010
0.996562
0.996379
0.996998
0.996674
0.997393
0.996898
0.997758
0.997050
0.998108
0.997118
0.998477
0.985094
0.996979
0.985557
0.993514
0.984496
0.989520
0.982282
0.985198
0.979292
0.980637
0.975674
0.975787
0.971464
0.970601
0.966723
0.965136
0.961646
0.959698
0.956746
0.955109
0.953235
0.953265
0.953766
0.958211
0.963848
0.977977
0.994465
1.026120
1.065919
1.121371
1.196064
1.282032
1.355360
1.402688
1.419283
1.403343
1.362210
1.303818
1.235991
1.168212
1.109265
1.060591
1.024057
0.996866
0.978527
0.966102
0.958880
0.954757
0.953315
0.953259
0.954446
0.956132
0.958322
0.960600
0.963026
0.965368
0.967694
0.969879
0.971976
0.973927
0.975763
0.977468
0.979051
0.980526
0.981881
0.983153
0.984307
0.985404
0.986384
0.987332
0.988162
0.988986
0.989685
0.990407
0.990991
0.991630
0.992112
0.992686
0.993074
0.993599
0.993900
0.994391
0.994607
0.995081
0.995210
0.995684
0.995721
0.996213
0.996149
0.996681
0.996502
0.997100
0.996785
0.997480
0.996999
0.997832
0.997145
0.998170
0.997210
0.998526
0.985930
0.997213
0.986440
0.994060
0.985588
0.990481
0.983729
0.986676
0.981234
0.982762
0.978286
0.978752
0.974993
0.974694
0.971525
0.970780
0.968228
0.967495
0.965821
0.965869
0.965733
0.967952
0.970714
0.977592
0.985806
1.001435
1.019681
1.049043
1.084718
1.131002
1.185668
1.244973
1.296701
1.333619
1.349825
1.341995
1.313425
1.269682
1.217850
1.164697
1.116603
1.075209
1.042522
1.016930
0.998438
0.984922
0.976002
0.970005
0.966652
0.964823
0.964395
0.964673
0.965638
0.966874
0.968409
0.970001
0.971688
0.973335
0.974975
0.976539
0.978045
0.979469
0.980811
0.982080
0.983256
0.984374
0.985395
0.986375
0.987254
0.988113
0.988866
0.989621
0.990260
0.990927
0.991465
0.992060
0.992506
0.993044
0.993405
0.993899
0.994179
0.994645
0.994844
0.995296
0.995414
0.995866
0.995898
0.996369
0.996304
0.996815
0.996640
0.997215
0.996908
0.997578
0.997113
0.997915
0.997251
0.998239
0.997313
0.998581
0.986804
0.997445
0.987354
0.994605
0.986704
0.991439
0.985189
0.988141
0.983167
0.984845
0.980845
0.981615
0.978388
0.978570
0.976038
0.975992
0.974239
0.974462
0.973803
0.975080
0.976194
0.979815
0.983957
0.992000
1.001282
1.016718
1.034419
1.060259
1.090278
1.127644
1.168630
1.211638
1.249416
1.276983
1.290029
1.286096
1.266664
1.235311
1.197098
1.156723
1.118746
1.084658
1.056340
1.033016
1.015097
1.001187
0.991206
0.983881
0.979064
0.975811
0.974030
0.973090
0.972961
0.973244
0.973944
0.974817
0.975882
0.976996
0.978176
0.979345
0.980511
0.981642
0.982731
0.983780
0.984767
0.985719
0.986596
0.987449
0.988219
0.988979
0.989647
0.990325
0.990899
0.991506
0.991993
0.992539
0.992945
0.993442
0.993772
0.994233
0.994490
0.994926
0.995109
0.995534
0.995641
0.996069
0.996094
0.996542
0.996477
0.996963
0.996793
0.997342
0.997046
0.997686
0.997239
0.998006
0.997370
0.998315
0.997428
0.998641
0.987762
0.997701
0.988351
0.995195
0.987910
0.992464
0.986750
0.989692
0.985214
0.987031
0.983527
0.984585
0.981898
0.982534
0.980629
0.981225
0.980226
0.981295
0.981543
0.983843
0.985995
0.990681
0.995839
1.004584
1.014418
1.029309
1.046010
1.068702
1.093993
1.124072
1.155362
1.186794
1.213514
1.232997
1.242186
1.239568
1.225884
1.203265
1.175116
1.144449
1.114565
1.086732
1.062675
1.042099
1.025600
1.012254
1.002159
0.994355
0.988796
0.984712
0.982052
0.980269
0.979337
0.978893
0.978931
0.979220
0.979766
0.980426
0.981206
0.982028
0.982889
0.983754
0.984611
0.985457
0.986266
0.987061
0.987802
0.988534
0.989197
0.989863
0.990448
0.991051
0.991560
0.992105
0.992542
0.993038
0.993405
0.993861
0.994160
0.994586
0.994819
0.995225
0.995391
0.995789
0.995884
0.996287
0.996306
0.996729
0.996662
0.997123
0.996958
0.997479
0.997195
0.997804
0.997376
0.998106
0.997498
0.998398
0.997552
0.998707
0.988733
0.997946
0.989351
0.995763
0.989102
0.993447
0.988271
0.991170
0.987175
0.989087
0.986051
0.987335
0.985132
0.986125
0.984751
0.985835
0.985431
0.987101
0.987999
0.990948
0.993735
0.998938
1.004517
1.013261
1.022865
1.036542
1.051524
1.070928
1.091824
1.115925
1.140132
1.163998
1.184070
1.198669
1.205654
1.204143
1.194500
1.178075
1.157125
1.133680
1.110118
1.087471
1.067192
1.049243
1.034276
1.021713
1.011772
1.003758
0.997707
0.993010
0.989654
0.987174
0.985554
0.984469
0.983910
0.983660
0.983717
0.983944
0.984337
0.984817
0.985375
0.985974
0.986596
0.987234
0.987860
0.988493
0.989091
0.989695
0.990247
0.990812
0.991310
0.991832
0.992272
0.992752
0.993134
0.993577
0.993901
0.994313
0.994579
0.994967
0.995175
0.995548
0.995695
0.996064
0.996147
0.996522
0.996534
0.996930
0.996863
0.997296
0.997136
0.997627
0.997356
0.997931
0.997524
0.998214
0.997637
0.998488
0.997687
0.998779
0.989771
0.998209
0.990414
0.996360
0.990355
0.994467
0.989851
0.992689
0.989193
0.991182
0.988618
0.990103
0.988379
0.989691
0.988824
0.990335
0.990476
0.992651
0.994110
0.997566
1.000849
1.006391
1.012218
1.020803
1.030043
1.042547
1.055939
1.072568
1.089935
1.109319
1.128143
1.146233
1.161023
1.171666
1.176601
1.175403
1.168240
1.155972
1.140101
1.121957
1.103267
1.084823
1.067832
1.052375
1.039091
1.027624
1.018245
1.010449
1.004327
0.999399
0.995684
0.992795
0.990730
0.989204
0.988212
0.987559
0.987236
0.987118
0.987195
0.987391
0.987692
0.988061
0.988478
0.988932
0.989394
0.989881
0.990348
0.990835
0.991284
0.991754
0.992169
0.992614
0.992988
0.993406
0.993736
0.994127
0.994409
0.994777
0.995010
0.995361
0.995543
0.995884
0.996012
0.996350
0.996421
0.996768
0.996774
0.997142
0.997074
0.997478
0.997325
0.997784
0.997527
0.998065
0.997681
0.998328
0.997785
0.998584
0.997830
0.998855
0.990800
0.998454
0.991457
0.996919
0.991565
0.995418
0.991349
0.994092
0.991072
0.993090
0.990961
0.992581
0.991274
0.992810
0.992356
0.994154
0.994698
0.997180
0.998995
1.002689
1.006192
1.011739
1.017473
1.025560
1.034101
1.045242
1.056930
1.071014
1.085369
1.101050
1.115937
1.130075
1.141518
1.149764
1.153646
1.152947
1.147712
1.138525
1.126397
1.112248
1.097338
1.082282
1.068052
1.054783
1.043056
1.032668
1.023908
1.016426
1.010345
1.005298
1.001330
0.998126
0.995696
0.993797
0.992427
0.991411
0.990743
0.990303
0.990082
0.990006
0.990059
0.990204
0.990418
0.990689
0.990987
0.991325
0.991661
0.992027
0.992370
0.992742
0.993072
0.993438
0.993744
0.994096
0.994370
0.994707
0.994945
0.995267
0.995466
0.995777
0.995933
0.996239
0.996348
0.996654
0.996712
0.997029
0.997028
0.997366
0.997299
0.997672
0.997525
0.997950
0.997708
0.998207
0.997847
0.998449
0.997942
0.998685
0.997983
0.998935
0.991878
0.998711
0.992544
0.997494
0.992811
0.996384
0.992875
0.995502
0.992963
0.994991
0.993293
0.995022
0.994120
0.995843
0.995776
0.997813
0.998718
1.001442
1.003554
1.007409
1.011063
1.016547
1.022139
1.029725
1.037603
1.047541
1.057769
1.069743
1.081671
1.094399
1.106191
1.117197
1.125907
1.132124
1.134954
1.134349
1.130286
1.123181
1.113714
1.102519
1.090516
1.078168
1.066253
1.054915
1.044669
1.035400
1.027397
1.020412
1.014585
1.009637
1.005628
1.002303
0.999685
0.997567
0.995952
0.994690
0.993772
0.993094
0.992644
0.992354
0.992207
0.992168
0.992212
0.992328
0.992485
0.992694
0.992913
0.993172
0.993419
0.993703
0.993955
0.994246
0.994489
0.994779
0.995002
0.995286
0.995483
0.995761
0.995927
0.996199
0.996329
0.996600
0.996691
0.996965
0.997010
0.997297
0.997290
0.997597
0.997530
0.997871
0.997732
0.998123
0.997896
0.998356
0.998021
0.998576
0.998106
0.998791
0.998142
0.999020
0.992930
0.998947
0.993592
0.998020
0.993991
0.997263
0.994293
0.996773
0.994685
0.996679
0.995372
0.997149
0.996592
0.998420
0.998658
1.000821
1.001975
1.004796
1.007061
1.010903
1.014537
1.019775
1.025052
1.031999
1.039108
1.047848
1.056698
1.066841
1.076769
1.087201
1.096715
1.105525
1.112442
1.117401
1.119697
1.119346
1.116284
1.110815
1.103403
1.094504
1.084795
1.074634
1.064638
1.054947
1.046004
1.037754
1.030470
1.023982
1.018439
1.013631
1.009631
1.006236
1.003477
1.001183
0.999363
0.997886
0.996747
0.995852
0.995190
0.994700
0.994365
0.994148
0.994029
0.993993
0.994012
0.994092
0.994196
0.994348
0.994499
0.994693
0.994866
0.995082
0.995260
0.995487
0.995657
0.995888
0.996042
0.996274
0.996406
0.996638
0.996742
0.996977
0.997048
0.997289
0.997322
0.997576
0.997564
0.997839
0.997773
0.998080
0.997949
0.998303
0.998093
0.998511
0.998203
0.998708
0.998278
0.998901
0.998309
0.999108
0.994015
0.999190
0.994667
0.998552
0.995189
0.998140
0.995713
0.998028
0.996391
0.998331
0.997407
0.999210
0.998985
1.000889
1.001411
1.003667
1.005043
1.007923
1.010312
1.014107
1.017702
1.022689
1.027666
1.034031
1.040461
1.048171
1.055860
1.064486
1.072785
1.081352
1.089026
1.096042
1.101454
1.105302
1.107027
1.106700
1.104240
1.099883
1.093945
1.086755
1.078814
1.070393
1.061980
1.053698
1.045924
1.038637
1.032085
1.026153
1.020987
1.016429
1.012557
1.009211
1.006428
1.004067
1.002140
1.000537
0.999255
0.998213
0.997400
0.996762
0.996281
0.995927
0.995676
0.995517
0.995421
0.995393
0.995398
0.995457
0.995524
0.995638
0.995741
0.995890
0.996009
0.996177
0.996299
0.996480
0.996595
0.996782
0.996883
0.997076
0.997155
0.997354
0.997408
0.997616
0.997637
0.997859
0.997841
0.998085
0.998020
0.998293
0.998171
0.998487
0.998295
0.998670
0.998390
0.998844
0.998454
0.999015
0.998480
0.999199
0.995061
0.999409
0.995691
0.999031
0.996308
0.998923
0.997013
0.999136
0.997919
0.999766
0.999186
1.000963
1.001020
1.002934
1.003674
1.005939
1.007454
1.010297
1.012714
1.016361
1.019819
1.024465
1.029070
1.034816
1.040561
1.047311
1.053964
1.061305
1.068281
1.075397
1.081704
1.087435
1.091835
1.094978
1.096414
1.096225
1.094322
1.090888
1.086139
1.080321
1.073808
1.066809
1.059711
1.052623
1.045860
1.039424
1.033536
1.028121
1.023317
1.019011
1.015281
1.012004
1.009220
1.006815
1.004805
1.003097
1.001692
1.000519
0.999570
0.998796
0.998181
0.997696
0.997321
0.997043
0.996837
0.996704
0.996612
0.996579
0.996564
0.996599
0.996632
0.996712
0.996773
0.996883
0.996956
0.997085
0.997160
0.997303
0.997372
0.997525
0.997580
0.997743
0.997778
0.997952
0.997962
0.998151
0.998128
0.998338
0.998275
0.998513
0.998401
0.998678
0.998504
0.998834
0.998584
0.998984
0.998637
0.999133
0.998658
0.999293
0.996125
0.999632
0.996728
0.999510
0.997429
0.999695
0.998298
1.000217
0.999413
1.001153
1.000908
1.002642
1.002967
1.004872
1.005816
1.008070
1.009712
1.012499
1.014937
1.018429
1.021759
1.026088
1.030359
1.035559
1.040712
1.046643
1.052425
1.058693
1.064576
1.070492
1.075669
1.080324
1.083850
1.086349
1.087458
1.087271
1.085701
1.082897
1.079007
1.074217
1.068808
1.062940
1.056919
1.050836
1.044955
1.039288
1.034029
1.029129
1.024718
1.020710
1.017183
1.014042
1.011328
1.008949
1.006924
1.005175
1.003707
1.002457
1.001419
1.000552
0.999841
0.999260
0.998790
0.998419
0.998124
0.997905
0.997734
0.997624
0.997538
0.997505
0.997476
0.997496
0.997505
0.997562
0.997591
0.997674
0.997712
0.997814
0.997852
0.997968
0.998000
0.998128
0.998146
0.998287
0.998286
0.998443
0.998415
0.998592
0.998532
0.998734
0.998632
0.998870
0.998716
0.999000
0.998780
0.999127
0.998823
0.999253
0.998840
0.999390
0.997141
0.999831
0.997707
0.999935
0.998467
1.000373
0.999462
1.001153
1.000732
1.002334
1.002389
1.004040
1.004592
1.006438
1.007536
1.009721
1.011433
1.014103
1.016504
1.019786
1.022939
1.026914
1.030831
1.035492
1.040086
1.045279
1.050304
1.055673
1.060674
1.065651
1.069979
1.073848
1.076774
1.078857
1.079801
1.079692
1.078451
1.076195
1.073027
1.069088
1.064592
1.059663
1.054546
1.049318
1.044197
1.039201
1.034502
1.030068
1.026018
1.022291
1.018962
1.015957
1.013319
1.010976
1.008948
1.007170
1.005650
1.004334
1.003219
1.002268
1.001469
1.000798
1.000240
0.999781
0.999402
0.999101
0.998852
0.998668
0.998513
0.998413
0.998325
0.998286
0.998243
0.998247
0.998233
0.998269
0.998271
0.998330
0.998340
0.998418
0.998426
0.998519
0.998521
0.998629
0.998616
0.998740
0.998709
0.998852
0.998794
0.998961
0.998869
0.999067
0.998932
0.999170
0.998982
0.999273
0.999014
0.999376
0.999026
0.999488
0.998163
1.000030
0.998686
1.000354
0.999496
1.001034
1.000602
1.002057
1.002010
1.003464
1.003809
1.005366
1.006136
1.007911
1.009154
1.011262
1.013039
1.015589
1.017957
1.021038
1.024034
1.027688
1.031297
1.035486
1.039602
1.044162
1.048549
1.053160
1.057423
1.061609
1.065221
1.068417
1.070814
1.072503
1.073253
1.073139
1.072095
1.070214
1.067572
1.064274
1.060487
1.056306
1.051927
1.047412
1.042945
1.038543
1.034354
1.030361
1.026670
1.023235
1.020129
1.017295
1.014774
1.012509
1.010521
1.008758
1.007227
1.005885
1.004729
1.003728
1.002872
1.002140
1.001518
1.000993
1.000550
1.000184
0.999874
0.999628
0.999417
0.999260
0.999121
0.999030
0.998942
0.998899
0.998847
0.998840
0.998810
0.998831
0.998814
0.998856
0.998844
0.998903
0.998889
0.998965
0.998943
0.999035
0.999000
0.999109
0.999055
0.999186
0.999106
0.999263
0.999150
0.999341
0.999184
0.999419
0.999206
0.999500
0.999213
0.999588
0.999133
1.000207
0.999606
1.000723
1.000442
1.001607
1.001624
1.002828
1.003128
1.004410
1.005015
1.006449
1.007402
1.009072
1.010425
1.012417
1.014222
1.016616
1.018918
1.021771
1.024588
1.027915
1.031218
1.034961
1.038640
1.042640
1.046481
1.050458
1.054126
1.057688
1.060756
1.063453
1.065480
1.066910
1.067562
1.067495
1.066656
1.065115
1.062928
1.060177
1.056990
1.053441
1.049690
1.045786
1.041882
1.037998
1.034261
1.030661
1.027294
1.024129
1.021231
1.018558
1.016151
1.013964
1.012020
1.010276
1.008741
1.007378
1.006189
1.005144
1.004237
1.003449
1.002768
1.002183
1.001678
1.001251
1.000883
1.000578
1.000313
1.000100
0.999913
0.999771
0.999640
0.999551
0.999461
0.999413
0.999351
0.999333
0.999290
0.999296
0.999264
0.999289
0.999261
0.999304
0.999273
0.999332
0.999295
0.999370
0.999320
0.999414
0.999346
0.999463
0.999370
0.999514
0.999389
0.999568
0.999402
0.999625
0.999404
0.999689
1.000098
1.000384
1.000517
1.001084
1.001371
1.002161
1.002618
1.003566
1.004202
1.005308
1.006164
1.007468
1.008598
1.010158
1.011616
1.013491
1.015326
1.017569
1.019814
1.022456
1.025119
1.028151
1.031190
1.034543
1.037848
1.041367
1.044744
1.048182
1.051345
1.054374
1.056975
1.059236
1.060930
1.062111
1.062642
1.062569
1.061853
1.060546
1.058694
1.056357
1.053639
1.050595
1.047356
1.043961
1.040538
1.037105
1.033772
1.030533
1.027474
1.024573
1.021889
1.019391
1.017117
1.015032
1.013158
1.011460
1.009950
1.008595
1.007398
1.006334
1.005401
1.004578
1.003859
1.003230
1.002682
1.002209
1.001795
1.001443
1.001135
1.000877
1.000648
1.000463
1.000295
1.000166
1.000044
0.999957
0.999868
0.999815
0.999748
0.999722
0.999671
0.999665
0.999623
0.999635
0.999596
0.999624
0.999584
0.999627
0.999581
0.999640
0.999584
0.999660
0.999589
0.999686
0.999594
0.999716
0.999596
0.999750
0.999594
0.999790
1.001009
1.000539
1.001368
1.001398
1.002222
1.002636
1.003504
1.004188
1.005134
1.006048
1.007129
1.008284
1.009564
1.010991
1.012529
1.014264
1.016105
1.018177
1.020349
1.022769
1.025271
1.028016
1.030804
1.033796
1.036768
1.039864
1.042847
1.045833
1.048588
1.051192
1.053436
1.055368
1.056825
1.057838
1.058310
1.058266
1.057683
1.056594
1.055042
1.053065
1.050752
1.048142
1.045345
1.042389
1.039385
1.036346
1.033370
1.030452
1.027670
1.025007
1.022520
1.020183
1.018036
1.016047
1.014242
1.012591
1.011106
1.009760
1.008560
1.007482
1.006525
1.005671
1.004917
1.004250
1.003661
1.003144
1.002689
1.002292
1.001942
1.001640
1.001373
1.001146
1.000943
1.000775
1.000621
1.000498
1.000381
1.000294
1.000205
1.000146
1.000077
1.000040
0.999985
0.999966
0.999920
0.999916
0.999875
0.999884
0.999844
0.999866
0.999823
0.999859
0.999810
0.999859
0.999800
0.999865
0.999793
0.999876
0.999786
0.999891
1.001906
1.000692
1.002203
1.001704
1.003051
1.003092
1.004359
1.004779
1.006024
1.006744
1.008043
1.009047
1.010473
1.011768
1.013383
1.014982
1.016833
1.018744
1.020855
1.023072
1.025436
1.027923
1.030496
1.033172
1.035857
1.038588
1.041234
1.043832
1.046237
1.048473
1.050405
1.052045
1.053287
1.054135
1.054531
1.054481
1.053980
1.053042
1.051711
1.050010
1.048015
1.045753
1.043317
1.040727
1.038079
1.035381
1.032720
1.030091
1.027565
1.025129
1.022834
1.020661
1.018647
1.016767
1.015045
1.013456
1.012015
1.010697
1.009511
1.008436
1.007473
1.006606
1.005833
1.005141
1.004525
1.003977
1.003490
1.003059
1.002677
1.002340
1.002041
1.001780
1.001547
1.001344
1.001164
1.001008
1.000868
1.000750
1.000641
1.000551
1.000467
1.000400
1.000335
1.000286
1.000234
1.000200
1.000158
1.000135
1.000101
1.000088
1.000058
1.000053
1.000026
1.000029
1.000003
1.000012
0.999987
1.000001
0.999976
0.999992
1.002751
1.000827
1.002982
1.001969
1.003808
1.003480
1.005120
1.005271
1.006792
1.007310
1.008804
1.009645
1.011196
1.012344
1.014020
1.015469
1.017316
1.019058
1.021099
1.023113
1.025341
1.027582
1.029956
1.032342
1.034776
1.037186
1.039548
1.041818
1.043940
1.045879
1.047571
1.048988
1.050074
1.050810
1.051168
1.051137
1.050725
1.049933
1.048804
1.047347
1.045633
1.043674
1.041554
1.039283
1.036946
1.034548
1.032165
1.029793
1.027497
1.025265
1.023146
1.021123
1.019231
1.017452
1.015808
1.014280
1.012881
1.011592
1.010422
1.009351
1.008385
1.007506
1.006716
1.006001
1.005361
1.004784
1.004269
1.003806
1.003394
1.003023
1.002695
1.002400
1.002139
1.001904
1.001698
1.001511
1.001348
1.001199
1.001072
1.000953
1.000854
1.000758
1.000682
1.000604
1.000546
1.000482
1.000440
1.000385
1.000357
1.000309
1.000293
1.000248
1.000244
1.000199
1.000207
1.000159
1.000181
1.000125
1.000167
1.000093
1.003574
1.000958
1.003738
1.002225
1.004540
1.003850
1.005849
1.005735
1.007521
1.007839
1.009522
1.010202
1.011875
1.012880
1.014616
1.015923
1.017771
1.019355
1.021338
1.023166
1.025279
1.027300
1.029502
1.031635
1.033852
1.035983
1.038100
1.040087
1.041963
1.043643
1.045123
1.046338
1.047282
1.047905
1.048215
1.048178
1.047823
1.047132
1.046154
1.044886
1.043393
1.041678
1.039817
1.037812
1.035739
1.033599
1.031461
1.029319
1.027231
1.025188
1.023235
1.021358
1.019590
1.017916
1.016357
1.014897
1.013552
1.012302
1.011159
1.010106
1.009148
1.008269
1.007474
1.006748
1.006094
1.005498
1.004964
1.004477
1.004042
1.003645
1.003293
1.002970
1.002687
1.002424
1.002196
1.001981
1.001800
1.001624
1.001480
1.001334
1.001222
1.001099
1.001014
1.000909
1.000847
1.000754
1.000712
1.000627
1.000605
1.000523
1.000520
1.000436
1.000455
1.000364
1.000405
1.000302
1.000371
1.000247
1.000353
1.000192
1.004349
1.001074
1.004444
1.002446
1.005208
1.004163
1.006498
1.006118
1.008150
1.008263
1.010115
1.010628
1.012406
1.013262
1.015045
1.016203
1.018044
1.019467
1.021390
1.023038
1.025039
1.026853
1.028901
1.030803
1.032830
1.034717
1.036628
1.038374
1.040050
1.041519
1.042833
1.043893
1.044732
1.045278
1.045564
1.045539
1.045246
1.044654
1.043818
1.042719
1.041424
1.039925
1.038292
1.036522
1.034682
1.032770
1.030848
1.028911
1.027010
1.025138
1.023335
1.021591
1.019937
1.018359
1.016880
1.015485
1.014190
1.012978
1.011862
1.010826
1.009877
1.009000
1.008201
1.007466
1.006800
1.006186
1.005634
1.005125
1.004670
1.004248
1.003874
1.003525
1.003220
1.002931
1.002683
1.002442
1.002242
1.002040
1.001881
1.001709
1.001585
1.001436
1.001342
1.001210
1.001144
1.001023
1.000982
1.000866
1.000852
1.000735
1.000747
1.000624
1.000665
1.000529
1.000604
1.000445
1.000561
1.000369
1.000540
1.000291
1.005095
1.001186
1.005121
1.002658
1.005848
1.004459
1.007114
1.006477
1.008743
1.008657
1.010673
1.011023
1.012904
1.013616
1.015448
1.016466
1.018304
1.019580
1.021453
1.022936
1.024844
1.026473
1.028387
1.030086
1.031949
1.033622
1.035355
1.036891
1.038393
1.039675
1.040842
1.041760
1.042502
1.042969
1.043224
1.043195
1.042942
1.042420
1.041690
1.040723
1.039586
1.038262
1.036817
1.035242
1.033600
1.031884
1.030152
1.028395
1.026663
1.024946
1.023284
1.021665
1.020122
1.018639
1.017242
1.015915
1.014675
1.013508
1.012426
1.011415
1.010483
1.009616
1.008822
1.008085
1.007414
1.006791
1.006228
1.005703
1.005234
1.004793
1.004403
1.004032
1.003710
1.003398
1.003134
1.002870
1.002655
1.002429
1.002257
1.002061
1.001927
1.001754
1.001653
1.001496
1.001427
1.001279
1.001240
1.001095
1.001088
1.000939
1.000965
1.000804
1.000868
1.000687
1.000795
1.000583
1.000744
1.000486
1.000719
1.000387
1.005799
1.001286
1.005755
1.002842
1.006434
1.004709
1.007663
1.006771
1.009253
1.008968
1.011132
1.011317
1.013289
1.013853
1.015725
1.016601
1.018433
1.019561
1.021385
1.022709
1.024529
1.025986
1.027780
1.029295
1.031016
1.032501
1.034083
1.035440
1.036799
1.037928
1.038980
1.039786
1.040457
1.040869
1.041108
1.041087
1.040880
1.040426
1.039796
1.038950
1.037955
1.036787
1.035510
1.034109
1.032643
1.031101
1.029538
1.027942
1.026361
1.024784
1.023250
1.021746
1.020303
1.018909
1.017587
1.016323
1.015136
1.014010
1.012962
1.011974
1.011060
1.010202
1.009414
1.008676
1.008002
1.007370
1.006798
1.006259
1.005777
1.005318
1.004913
1.004523
1.004185
1.003852
1.003573
1.003286
1.003058
1.002809
1.002625
1.002406
1.002263
1.002066
1.001959
1.001777
1.001705
1.001531
1.001495
1.001321
1.001322
1.001140
1.001181
1.000983
1.001069
1.000844
1.000985
1.000719
1.000927
1.000602
1.000899
1.000481
1.006465
1.001380
1.006355
1.003015
1.006988
1.004943
1.008180
1.007045
1.009732
1.009256
1.011561
1.011589
1.013648
1.014074
1.015986
1.016730
1.018560
1.019554
1.021337
1.022518
1.024264
1.025566
1.027258
1.028610
1.030209
1.031528
1.032979
1.034178
1.035413
1.036404
1.037354
1.038057
1.038661
1.039017
1.039236
1.039211
1.039034
1.038629
1.038076
1.037324
1.036444
1.035402
1.034265
1.033008
1.031691
1.030299
1.028883
1.027429
1.025983
1.024533
1.023115
1.021718
1.020370
1.019061
1.017813
1.016613
1.015480
1.014399
1.013387
1.012428
1.011536
1.010694
1.009917
1.009183
1.008511
1.007876
1.007300
1.006753
1.006261
1.005790
1.005374
1.004968
1.004618
1.004267
1.003975
1.003670
1.003430
1.003161
1.002967
1.002728
1.002576
1.002358
1.002246
1.002041
1.001968
1.001769
1.001735
1.001535
1.001543
1.001331
1.001386
1.001153
1.001261
1.000994
1.001166
1.000850
1.001101
1.000714
1.001070
1.000572
1.007099
1.001465
1.006920
1.003167
1.007500
1.005142
1.008644
1.007268
1.010146
1.009479
1.011914
1.011784
1.013921
1.014208
1.016154
1.016766
1.018591
1.019453
1.021198
1.022242
1.023919
1.025079
1.026679
1.027883
1.029376
1.030550
1.031890
1.032954
1.034086
1.034963
1.035831
1.036453
1.037008
1.037323
1.037532
1.037512
1.037368
1.037013
1.036533
1.035867
1.035092
1.034164
1.033152
1.032025
1.030842
1.029584
1.028299
1.026973
1.025648
1.024312
1.023000
1.021700
1.020440
1.019208
1.018029
1.016888
1.015805
1.014767
1.013790
1.012858
1.011987
1.011160
1.010394
1.009665
1.008996
1.008359
1.007780
1.007224
1.006726
1.006243
1.005817
1.005396
1.005035
1.004668
1.004365
1.004042
1.003791
1.003504
1.003301
1.003041
1.002882
1.002643
1.002527
1.002300
1.002226
1.002003
1.001972
1.001745
1.001761
1.001519
1.001588
1.001320
1.001450
1.001142
1.001346
1.000979
1.001274
1.000824
1.001241
1.000662
1.007687
1.001543
1.007445
1.003308
1.007975
1.005325
1.009075
1.007474
1.010529
1.009684
1.012241
1.011963
1.014176
1.014333
1.016315
1.016805
1.018630
1.019372
1.021085
1.022007
1.023626
1.024658
1.026179
1.027254
1.028655
1.029700
1.030944
1.031888
1.032930
1.033706
1.034500
1.035048
1.035555
1.035830
1.036026
1.036003
1.035881
1.035561
1.035137
1.034540
1.033849
1.033015
1.032106
1.031088
1.030019
1.028874
1.027704
1.026489
1.025272
1.024038
1.022822
1.021610
1.020432
1.019273
1.018159
1.017076
1.016043
1.015047
1.014107
1.013204
1.012358
1.011549
1.010796
1.010077
1.009414
1.008779
1.008199
1.007640
1.007138
1.006646
1.006214
1.005781
1.005412
1.005031
1.004719
1.004381
1.004121
1.003818
1.003607
1.003330
1.003165
1.002907
1.002787
1.002540
1.002465
1.002220
1.002193
1.001941
1.001965
1.001695
1.001778
1.001477
1.001628
1.001280
1.001514
1.001100
1.001436
1.000928
1.001400
1.000747
1.008252
1.001616
1.007944
1.003434
1.008418
1.005483
1.009465
1.007642
1.010863
1.009842
1.012510
1.012086
1.014367
1.014395
1.016406
1.016778
1.018600
1.019226
1.020909
1.021714
1.023280
1.024195
1.025646
1.026602
1.027923
1.028855
1.030017
1.030858
1.031826
1.032516
1.033252
1.033739
1.034212
1.034456
1.034646
1.034626
1.034530
1.034245
1.033875
1.033341
1.032728
1.031979
1.031164
1.030244
1.029277
1.028235
1.027168
1.026054
1.024934
1.023793
1.022664
1.021533
1.020428
1.019337
1.018284
1.017253
1.016268
1.015312
1.014405
1.013530
1.012707
1.011915
1.011177
1.010467
1.009811
1.009177
1.008599
1.008036
1.007531
1.007032
1.006594
1.006151
1.005775
1.005381
1.005062
1.004709
1.004442
1.004122
1.003905
1.003611
1.003441
1.003164
1.003042
1.002775
1.002700
1.002434
1.002410
1.002134
1.002166
1.001868
1.001965
1.001632
1.001804
1.001417
1.001681
1.001220
1.001598
1.001030
1.001560
1.000831
1.008761
1.001680
1.008396
1.003546
1.008821
1.005624
1.009820
1.007794
1.011169
1.009985
1.012758
1.012199
1.014544
1.014455
1.016497
1.016760
1.018584
1.019105
1.020764
1.021465
1.022987
1.023797
1.025189
1.026041
1.027293
1.028124
1.029216
1.029966
1.030868
1.031481
1.032165
1.032596
1.033036
1.033250
1.033431
1.033410
1.033330
1.033070
1.032743
1.032259
1.031708
1.031029
1.030292
1.029454
1.028573
1.027620
1.026641
1.025614
1.024580
1.023521
1.022469
1.021411
1.020375
1.019346
1.018348
1.017368
1.016428
1.015510
1.014638
1.013791
1.012992
1.012219
1.011497
1.010797
1.010150
1.009520
1.008946
1.008382
1.007876
1.007372
1.006931
1.006480
1.006099
1.005694
1.005369
1.005004
1.004731
1.004397
1.004174
1.003865
1.003691
1.003399
1.003274
1.002989
1.002915
1.002629
1.002608
1.002310
1.002350
1.002027
1.002137
1.001774
1.001965
1.001543
1.001835
1.001330
1.001746
1.001125
1.001705
1.000909
1.009262
1.001743
1.008834
1.003650
1.009204
1.005749
1.010148
1.007920
1.011438
1.010093
1.012963
1.012271
1.014674
1.014469
1.016537
1.016695
1.018518
1.018939
1.020575
1.021177
1.022659
1.023371
1.024711
1.025468
1.026661
1.027402
1.028433
1.029104
1.029951
1.030500
1.031141
1.031526
1.031942
1.032133
1.032312
1.032292
1.032231
1.031997
1.031710
1.031273
1.030781
1.030165
1.029499
1.028736
1.027934
1.027060
1.026162
1.025214
1.024258
1.023273
1.022293
1.021301
1.020327
1.019355
1.018410
1.017476
1.016578
1.015697
1.014856
1.014036
1.013260
1.012505
1.011798
1.011109
1.010471
1.009846
1.009275
1.008712
1.008206
1.007698
1.007254
1.006796
1.006410
1.005996
1.005665
1.005289
1.005011
1.004664
1.004437
1.004114
1.003936
1.003628
1.003501
1.003199
1.003126
1.002820
1.002804
1.002484
1.002532
1.002184
1.002307
1.001914
1.002126
1.001668
1.001988
1.001439
1.001894
1.001219
1.001852
1.000986
1.009694
1.001794
1.009215
1.003739
1.009539
1.005857
1.010437
1.008030
1.011678
1.010190
1.013149
1.012337
1.014796
1.014487
1.016581
1.016645
1.018470
1.018802
1.020421
1.020936
1.022385
1.023012
1.024307
1.024981
1.026122
1.026786
1.027765
1.028365
1.029165
1.029655
1.030259
1.030603
1.030995
1.031163
1.031336
1.031314
1.031267
1.031052
1.030796
1.030396
1.029951
1.029387
1.028780
1.028078
1.027343
1.026536
1.025706
1.024827
1.023938
1.023018
1.022101
1.021169
1.020250
1.019329
1.018432
1.017541
1.016681
1.015834
1.015024
1.014229
1.013476
1.012740
1.012048
1.011371
1.010742
1.010123
1.009558
1.008995
1.008491
1.007981
1.007535
1.007072
1.006683
1.006262
1.005927
1.005541
1.005259
1.004901
1.004670
1.004334
1.004154
1.003832
1.003704
1.003387
1.003314
1.002991
1.002979
1.002640
1.002695
1.002325
1.002459
1.002040
1.002270
1.001780
1.002125
1.001538
1.002026
1.001304
1.001982
1.001056
1.010133
1.001848
1.009597
1.003826
1.009867
1.005956
1.010710
1.008124
1.011896
1.010263
1.013305
1.012374
1.014882
1.014471
1.016589
1.016560
1.018386
1.018632
1.020234
1.020667
1.022085
1.022632
1.023887
1.024485
1.025582
1.026175
1.027109
1.027648
1.028408
1.028849
1.029422
1.029731
1.030106
1.030257
1.030428
1.030407
1.030375
1.030179
1.029954
1.029589
1.029188
1.028671
1.028119
1.027474
1.026799
1.026054
1.025287
1.024470
1.023643
1.022782
1.021923
1.021045
1.020178
1.019305
1.018452
1.017601
1.016777
1.015963
1.015181
1.014411
1.013679
1.012960
1.012284
1.011618
1.010999
1.010387
1.009827
1.009266
1.008764
1.008251
1.007806
1.007338
1.006947
1.006518
1.006181
1.005786
1.005500
1.005132
1.004898
1.004550
1.004368
1.004032
1.003904
1.003571
1.003500
1.003161
1.003153
1.002794
1.002858
1.002465
1.002612
1.002166
1.002414
1.001892
1.002263
1.001636
1.002160
1.001388
1.002115
1.001125
1.010488
1.001887
1.009909
1.003893
1.010139
1.006036
1.010941
1.008202
1.012082
1.010327
1.013442
1.012409
1.014963
1.014464
1.016604
1.016496
1.018326
1.018497
1.020087
1.020448
1.021842
1.022321
1.023543
1.024075
1.025134
1.025667
1.026562
1.027047
1.027773
1.028170
1.028716
1.028993
1.029351
1.029486
1.029653
1.029630
1.029608
1.029426
1.029224
1.028886
1.028521
1.028043
1.027535
1.026936
1.026312
1.025617
1.024904
1.024139
1.023364
1.022555
1.021745
1.020915
1.020093
1.019262
1.018447
1.017632
1.016841
1.016056
1.015300
1.014553
1.013841
1.013138
1.012477
1.011822
1.011213
1.010607
1.010053
1.009494
1.008995
1.008482
1.008036
1.007565
1.007173
1.006738
1.006398
1.005996
1.005708
1.005331
1.005094
1.004736
1.004552
1.004205
1.004076
1.003731
1.003661
1.003307
1.003303
1.002927
1.002998
1.002585
1.002743
1.002275
1.002538
1.001989
1.002381
1.001721
1.002274
1.001461
1.002227
1.001186
1.010871
1.001934
1.010240
1.003966
1.010418
1.006116
1.011169
1.008273
1.012257
1.010375
1.013560
1.012424
1.015020
1.014431
1.016591
1.016404
1.018236
1.018334
1.019912
1.020205
1.021576
1.021990
1.023182
1.023654
1.024680
1.025157
1.026020
1.026457
1.027153
1.027513
1.028036
1.028287
1.028633
1.028754
1.028921
1.028899
1.028889
1.028720
1.028542
1.028231
1.027898
1.027457
1.026990
1.026435
1.025857
1.025210
1.024546
1.023830
1.023104
1.022342
1.021578
1.020791
1.020011
1.019219
1.018442
1.017660
1.016900
1.016142
1.015411
1.014686
1.013994
1.013307
1.012660
1.012016
1.011417
1.010817
1.010269
1.009714
1.009217
1.008704
1.008259
1.007785
1.007392
1.006953
1.006611
1.006202
1.005912
1.005527
1.005288
1.004921
1.004735
1.004377
1.004248
1.003891
1.003822
1.003454
1.003454
1.003062
1.003140
1.002707
1.002877
1.002384
1.002665
1.002087
1.002502
1.001807
1.002393
1.001535
1.002345
1.001246
1.011147
1.001963
1.010484
1.004015
1.010631
1.006173
1.011346
1.008327
1.012397
1.010416
1.013660
1.012440
1.015073
1.014413
1.016591
1.016339
1.018175
1.018213
1.019783
1.020019
1.021373
1.021733
1.022901
1.023322
1.024321
1.024752
1.025586
1.025983
1.026654
1.026980
1.027484
1.027712
1.028046
1.028154
1.028318
1.028295
1.028292
1.028133
1.027972
1.027681
1.027374
1.026961
1.026527
1.026007
1.025467
1.024858
1.024233
1.023557
1.022871
1.022148
1.021423
1.020673
1.019929
1.019170
1.018423
1.017670
1.016937
1.016202
1.015494
1.014787
1.014112
1.013439
1.012805
1.012171
1.011581
1.010987
1.010445
1.009892
1.009399
1.008886
1.008443
1.007966
1.007573
1.007130
1.006787
1.006372
1.006080
1.005689
1.005448
1.005073
1.004887
1.004519
1.004390
1.004022
1.003955
1.003575
1.003578
1.003172
1.003256
1.002807
1.002986
1.002475
1.002768
1.002167
1.002601
1.001878
1.002487
1.001597
1.002438
1.001298
1.011480
1.002004
1.010768
1.004077
1.010867
1.006237
1.011535
1.008380
1.012537
1.010447
1.013749
1.012440
1.015108
1.014372
1.016568
1.016249
1.018087
1.018065
1.019626
1.019807
1.021144
1.021452
1.022598
1.022972
1.023945
1.024333
1.025144
1.025504
1.026153
1.026451
1.026939
1.027147
1.027472
1.027571
1.027735
1.027712
1.027718
1.027570
1.027427
1.027155
1.026875
1.026488
1.026086
1.025599
1.025094
1.024522
1.023935
1.023297
1.022649
1.021963
1.021274
1.020559
1.019848
1.019121
1.018404
1.017679
1.016971
1.016259
1.015571
1.014883
1.014225
1.013566
1.012944
1.012320
1.011740
1.011153
1.010617
1.010067
1.009578
1.009065
1.008623
1.008145
1.007752
1.007306
1.006962
1.006542
1.006249
1.005851
1.005610
1.005227
1.005040
1.004663
1.004535
1.004156
1.004091
1.003699
1.003706
1.003286
1.003376
1.002911
1.003100
1.002568
1.002876
1.002251
1.002705
1.001952
1.002590
1.001660
1.002541
1.001349
1.011677
1.002022
1.010944
1.004110
1.011022
1.006276
1.011664
1.008416
1.012639
1.010472
1.013820
1.012446
1.015143
1.014352
1.016562
1.016194
1.018036
1.017968
1.019524
1.019662
1.020986
1.021254
1.022382
1.022718
1.023672
1.024026
1.024817
1.025147
1.025779
1.026052
1.026526
1.026717
1.027034
1.027123
1.027285
1.027260
1.027272
1.027130
1.026999
1.026741
1.026479
1.026113
1.025735
1.025272
1.024794
1.024250
1.023692
1.023083
1.022464
1.021808
1.021147
1.020460
1.019775
1.019073
1.018380
1.017677
1.016989
1.016296
1.015626
1.014952
1.014308
1.013661
1.013049
1.012434
1.011861
1.011279
1.010748
1.010201
1.009715
1.009203
1.008763
1.008283
1.007891
1.007441
1.007097
1.006674
1.006380
1.005976
1.005734
1.005345
1.005157
1.004774
1.004646
1.004259
1.004195
1.003793
1.003803
1.003372
1.003467
1.002990
1.003186
1.002639
1.002957
1.002315
1.002782
1.002008
1.002664
1.001709
1.002613
1.001390
1.011966
1.002059
1.011188
1.004163
1.011221
1.006328
1.011819
1.008456
1.012750
1.010492
1.013886
1.012438
1.015163
1.014309
1.016534
1.016111
1.017955
1.017839
1.019388
1.019482
1.020794
1.021021
1.022134
1.022433
1.023369
1.023690
1.024463
1.024766
1.025383
1.025634
1.026097
1.026273
1.026585
1.026666
1.026829
1.026805
1.026824
1.026690
1.026573
1.026330
1.026087
1.025742
1.025387
1.024949
1.024498
1.023981
1.023452
1.022872
1.022282
1.021654
1.021022
1.020361
1.019703
1.019025
1.018356
1.017674
1.017007
1.016333
1.015679
1.015021
1.014390
1.013755
1.013154
1.012547
1.011982
1.011406
1.010881
1.010337
1.009854
1.009343
1.008905
1.008425
1.008033
1.007581
1.007237
1.006810
1.006516
1.006107
1.005865
1.005469
1.005282
1.004891
1.004764
1.004368
1.004307
1.003895
1.003909
1.003466
1.003567
1.003075
1.003280
1.002717
1.003048
1.002384
1.002870
1.002069
1.002750
1.001760
1.002699
1.001432
1.012079
1.002067
1.011294
1.004181
1.011318
1.006352
1.011903
1.008479
1.012817
1.010509
1.013934
1.012443
1.015188
1.014296
1.016530
1.016073
1.017920
1.017773
1.019318
1.019383
1.020686
1.020885
1.021986
1.022259
1.023182
1.023480
1.024239
1.024521
1.025125
1.025360
1.025814
1.025977
1.026283
1.026357
1.026518
1.026493
1.026515
1.026385
1.026275
1.026041
1.025811
1.025478
1.025139
1.024717
1.024285
1.023787
1.023278
1.022717
1.022148
1.021539
1.020927
1.020285
1.019646
1.018985
1.018333
1.017667
1.017015
1.016353
1.015712
1.015065
1.014444
1.013817
1.013224
1.012624
1.012064
1.011492
1.010971
1.010430
1.009949
1.009439
1.009002
1.008522
1.008130
1.007677
1.007333
1.006903
1.006608
1.006196
1.005953
1.005553
1.005366
1.004970
1.004842
1.004442
1.004381
1.003963
1.003978
1.003528
1.003632
1.003131
1.003341
1.002768
1.003105
1.002429
1.002924
1.002109
1.002802
1.001796
1.002749
1.001463
1.012332
1.002101
1.011504
1.004228
1.011486
1.006395
1.012030
1.008510
1.012904
1.010520
1.013982
1.012430
1.015197
1.014255
1.016500
1.016000
1.017849
1.017663
1.019205
1.019235
1.020530
1.020699
1.021788
1.022034
1.022944
1.023218
1.023965
1.024227
1.024821
1.025041
1.025486
1.025640
1.025942
1.026012
1.026174
1.026149
1.026177
1.026053
1.025954
1.025731
1.025514
1.025197
1.024876
1.024472
1.024060
1.023582
1.023094
1.022554
1.022006
1.021419
1.020828
1.020206
1.019586
1.018945
1.018310
1.017661
1.017024
1.016377
1.015749
1.015113
1.014503
1.013886
1.013301
1.012707
1.012154
1.011587
1.011070
1.010532
1.010055
1.009546
1.009111
1.008630
1.008239
1.007784
1.007440
1.007007
1.006713
1.006297
1.006054
1.005650
1.005462
1.005061
1.004935
1.004527
1.004468
1.004042
1.004061
1.003601
1.003711
1.003199
1.003416
1.002828
1.003177
1.002484
1.002994
1.002157
1.002871
1.001836
1.002820
1.001495
1.012358
1.002100
1.011538
1.004233
1.011526
1.006408
1.012070
1.008525
1.012941
1.010534
1.014012
1.012439
1.015216
1.014255
1.016506
1.015987
1.017837
1.017635
1.019173
1.019187
1.020477
1.020629
1.021711
1.021942
1.022843
1.023103
1.023842
1.024091
1.024677
1.024886
1.025326
1.025471
1.025768
1.025833
1.025993
1.025967
1.025996
1.025873
1.025778
1.025559
1.025349
1.025039
1.024726
1.024331
1.023929
1.023462
1.022985
1.022457
1.021921
1.021345
1.020765
1.020156
1.019547
1.018916
1.018291
1.017651
1.017023
1.016384
1.015764
1.015135
1.014532
1.013920
1.013340
1.012750
1.012201
1.011637
1.011122
1.010586
1.010110
1.009602
1.009168
1.008687
1.008297
1.007841
1.007497
1.007063
1.006768
1.006350
1.006107
1.005700
1.005512
1.005108
1.004982
1.004571
1.004512
1.004083
1.004102
1.003638
1.003749
1.003232
1.003451
1.002859
1.003210
1.002511
1.003025
1.002181
1.002900
1.001858
1.002847
1.001514
1.012585
1.002134
1.011724
1.004278
1.011670
1.006447
1.012175
1.008549
1.013009
1.010540
1.014046
1.012424
1.015218
1.014216
1.016476
1.015924
1.017776
1.017544
1.019081
1.019068
1.020353
1.020482
1.021557
1.021767
1.022661
1.022903
1.023634
1.023870
1.024449
1.024648
1.025083
1.025222
1.025518
1.025580
1.025741
1.025716
1.025750
1.025632
1.025544
1.025334
1.025134
1.024835
1.024535
1.024154
1.023766
1.023313
1.022851
1.022338
1.021818
1.021257
1.020692
1.020097
1.019502
1.018885
1.018273
1.017645
1.017029
1.016400
1.015789
1.015169
1.014573
1.013968
1.013395
1.012810
1.012266
1.011705
1.011195
1.010660
1.010187
1.009680
1.009247
1.008766
1.008377
1.007920
1.007576
1.007140
1.006845
1.006425
1.006182
1.005772
1.005585
1.005177
1.005051
1.004635
1.004578
1.004142
1.004165
1.003694
1.003809
1.003283
1.003509
1.002905
1.003266
1.002552
1.003080
1.002217
1.002955
1.001888
1.002903
1.001537
1.012520
1.002130
1.011693
1.004285
1.011665
1.006462
1.012185
1.008570
1.013027
1.010563
1.014068
1.012448
1.015241
1.014239
1.016496
1.015942
1.017792
1.017556
1.019089
1.019073
1.020352
1.020477
1.021547
1.021751
1.022639
1.022876
1.023601
1.023831
1.024405
1.024598
1.025028
1.025162
1.025454
1.025512
1.025671
1.025643
1.025675
1.025556
1.025468
1.025258
1.025060
1.024762
1.024464
1.024086
1.023701
1.023252
1.022795
1.022286
1.021770
1.021215
1.020655
1.020065
1.019475
1.018862
1.018255
1.017632
1.017020
1.016395
1.015788
1.015171
1.014579
1.013977
1.013407
1.012824
1.012282
1.011723
1.011214
1.010681
1.010209
1.009702
1.009270
1.008790
1.008401
1.007944
1.007600
1.007164
1.006869
1.006448
1.006205
1.005794
1.005606
1.005197
1.005071
1.004654
1.004597
1.004160
1.004182
1.003710
1.003824
1.003298
1.003522
1.002919
1.003277
1.002565
1.003090
1.002229
1.002962
1.001899
1.002909
1.001547
1.012768
1.002185
1.011902
1.004353
1.011825
1.006515
1.012295
1.008598
1.013092
1.010568
1.014096
1.012429
1.015236
1.014196
1.016461
1.015876
1.017728
1.017466
1.018998
1.018958
1.020234
1.020339
1.021404
1.021592
1.022474
1.022697
1.023417
1.023636
1.024206
1.024391
1.024819
1.024948
1.025240
1.025297
1.025458
1.025433
1.025469
1.025355
1.025274
1.025071
1.024882
1.024594
1.024307
1.023940
1.023567
1.023130
1.022685
1.022189
1.021686
1.021142
1.020595
1.020016
1.019438
1.018836
1.018239
1.017626
1.017023
1.016407
1.015808
1.015198
1.014613
1.014016
1.013451
1.012873
1.012335
1.011779
1.011273
1.010742
1.010272
1.009767
1.009336
1.008856
1.008468
1.008010
1.007667
1.007229
1.006935
1.006512
1.006269
1.005855
1.005668
1.005256
1.005131
1.004710
1.004654
1.004212
1.004237
1.003758
1.003877
1.003343
1.003574
1.002959
1.003328
1.002601
1.003140
1.002260
1.003014
1.001924
1.002963
1.001566
