# v - 900 ites
-0.000113
-0.000117
-0.000243
-0.000273
-0.000373
-0.000385
-0.000445
-0.000442
-0.000479
-0.000472
-0.000498
-0.000491
-0.000509
-0.000503
-0.000514
-0.000506
-0.000511
-0.000501
-0.000500
-0.000487
-0.000480
-0.000463
-0.000450
-0.000430
-0.000411
-0.000386
-0.000361
-0.000332
-0.000303
-0.000270
-0.000237
-0.000201
-0.000165
-0.000127
-0.000088
-0.000049
-0.000009
0.000030
0.000069
0.000108
0.000145
0.000182
0.000216
0.000249
0.000281
0.000310
0.000337
0.000361
0.000384
0.000403
0.000420
0.000435
0.000448
0.000458
0.000465
0.000470
0.000474
0.000475
0.000474
0.000472
0.000468
0.000463
0.000456
0.000448
0.000439
0.000429
0.000419
0.000408
0.000396
0.000384
0.000372
0.000359
0.000346
0.000333
0.000320
0.000307
0.000295
0.000282
0.000270
0.000257
0.000246
0.000233
0.000223
0.000211
0.000202
0.000189
0.000182
0.000169
0.000163
0.000151
0.000146
0.000133
0.000131
0.000116
0.000117
0.000100
0.000106
0.000082
0.000103
0.000050
-0.000650
-0.000463
-0.001006
-0.000901
-0.001301
-0.001187
-0.001445
-0.001324
-0.001494
-0.001389
-0.001508
-0.001422
-0.001503
-0.001431
-0.001483
-0.001417
-0.001443
-0.001379
-0.001382
-0.001316
-0.001298
-0.001228
-0.001191
-0.001113
-0.001059
-0.000974
-0.000906
-0.000813
-0.000731
-0.000632
-0.000541
-0.000436
-0.000338
-0.000231
-0.000129
-0.000022
0.000080
0.000185
0.000284
0.000382
0.000475
0.000566
0.000650
0.000731
0.000805
0.000873
0.000935
0.000991
0.001040
0.001083
0.001119
0.001149
0.001173
0.001191
0.001203
0.001210
0.001212
0.001208
0.001201
0.001190
0.001175
0.001157
0.001136
0.001112
0.001087
0.001058
0.001030
0.000999
0.000968
0.000935
0.000904
0.000869
0.000838
0.000802
0.000772
0.000736
0.000707
0.000671
0.000645
0.000609
0.000585
0.000549
0.000529
0.000492
0.000476
0.000438
0.000427
0.000387
0.000382
0.000339
0.000341
0.000293
0.000303
0.000249
0.000270
0.000206
0.000244
0.000155
0.000241
0.000065
-0.000795
-0.000601
-0.001308
-0.001222
-0.001751
-0.001633
-0.001969
-0.001828
-0.002047
-0.001921
-0.002074
-0.001970
-0.002077
-0.001989
-0.002057
-0.001976
-0.002010
-0.001931
-0.001934
-0.001850
-0.001825
-0.001733
-0.001682
-0.001579
-0.001504
-0.001389
-0.001293
-0.001166
-0.001051
-0.000914
-0.000785
-0.000639
-0.000500
-0.000350
-0.000205
-0.000054
0.000092
0.000240
0.000382
0.000522
0.000656
0.000786
0.000907
0.001023
0.001129
0.001228
0.001318
0.001399
0.001470
0.001532
0.001585
0.001629
0.001664
0.001691
0.001709
0.001720
0.001723
0.001719
0.001710
0.001694
0.001674
0.001648
0.001619
0.001585
0.001549
0.001509
0.001469
0.001424
0.001381
0.001333
0.001289
0.001239
0.001195
0.001145
0.001101
0.001051
0.001009
0.000959
0.000921
0.000870
0.000836
0.000785
0.000756
0.000705
0.000681
0.000629
0.000611
0.000557
0.000547
0.000489
0.000488
0.000425
0.000434
0.000364
0.000387
0.000304
0.000350
0.000234
0.000345
0.000109
-0.001258
-0.000912
-0.001993
-0.001808
-0.002610
-0.002394
-0.002908
-0.002671
-0.003008
-0.002800
-0.003035
-0.002865
-0.003028
-0.002885
-0.002988
-0.002859
-0.002911
-0.002786
-0.002792
-0.002661
-0.002626
-0.002485
-0.002411
-0.002256
-0.002148
-0.001976
-0.001837
-0.001650
-0.001485
-0.001284
-0.001098
-0.000886
-0.000686
-0.000468
-0.000261
-0.000043
0.000165
0.000377
0.000579
0.000779
0.000968
0.001152
0.001324
0.001486
0.001636
0.001774
0.001899
0.002011
0.002110
0.002195
0.002267
0.002326
0.002373
0.002408
0.002431
0.002443
0.002445
0.002437
0.002421
0.002396
0.002365
0.002326
0.002283
0.002233
0.002181
0.002123
0.002065
0.002000
0.001939
0.001870
0.001807
0.001736
0.001673
0.001601
0.001540
0.001467
0.001410
0.001337
0.001284
0.001212
0.001165
0.001092
0.001052
0.000979
0.000946
0.000871
0.000848
0.000769
0.000758
0.000673
0.000676
0.000582
0.000601
0.000495
0.000535
0.000409
0.000483
0.000309
0.000476
0.000130
-0.001454
-0.001076
-0.002357
-0.002170
-0.003129
-0.002893
-0.003503
-0.003231
-0.003630
-0.003390
-0.003669
-0.003472
-0.003667
-0.003501
-0.003625
-0.003476
-0.003539
-0.003393
-0.003401
-0.003248
-0.003205
-0.003039
-0.002949
-0.002764
-0.002632
-0.002426
-0.002256
-0.002029
-0.001827
-0.001582
-0.001354
-0.001095
-0.000849
-0.000582
-0.000327
-0.000059
0.000198
0.000459
0.000708
0.000955
0.001188
0.001415
0.001626
0.001827
0.002011
0.002181
0.002335
0.002473
0.002593
0.002698
0.002786
0.002859
0.002915
0.002957
0.002985
0.002998
0.003000
0.002989
0.002969
0.002937
0.002898
0.002849
0.002796
0.002734
0.002669
0.002597
0.002525
0.002446
0.002370
0.002285
0.002207
0.002120
0.002043
0.001954
0.001879
0.001791
0.001720
0.001632
0.001566
0.001478
0.001420
0.001332
0.001282
0.001194
0.001153
0.001063
0.001034
0.000939
0.000924
0.000823
0.000823
0.000713
0.000732
0.000608
0.000652
0.000505
0.000588
0.000384
0.000581
0.000168
-0.001876
-0.001367
-0.002995
-0.002731
-0.003944
-0.003628
-0.004403
-0.004050
-0.004557
-0.004247
-0.004602
-0.004349
-0.004596
-0.004383
-0.004542
-0.004350
-0.004431
-0.004244
-0.004255
-0.004061
-0.004008
-0.003797
-0.003686
-0.003452
-0.003287
-0.003027
-0.002814
-0.002528
-0.002275
-0.001967
-0.001681
-0.001356
-0.001048
-0.000713
-0.000393
-0.000058
0.000262
0.000589
0.000899
0.001208
0.001498
0.001780
0.002043
0.002291
0.002519
0.002729
0.002918
0.003088
0.003236
0.003363
0.003471
0.003557
0.003625
0.003674
0.003706
0.003720
0.003719
0.003703
0.003675
0.003633
0.003583
0.003520
0.003452
0.003373
0.003292
0.003201
0.003111
0.003011
0.002916
0.002811
0.002714
0.002605
0.002509
0.002400
0.002307
0.002197
0.002109
0.002000
0.001919
0.001810
0.001739
0.001630
0.001569
0.001459
0.001410
0.001297
0.001263
0.001145
0.001128
0.001002
0.001004
0.000866
0.000893
0.000736
0.000794
0.000608
0.000716
0.000459
0.000706
0.000192
-0.002109
-0.001552
-0.003407
-0.003129
-0.004518
-0.004172
-0.005057
-0.004660
-0.005240
-0.004890
-0.005297
-0.005012
-0.005296
-0.005057
-0.005240
-0.005026
-0.005120
-0.004910
-0.004925
-0.004705
-0.004646
-0.004406
-0.004278
-0.004010
-0.003819
-0.003519
-0.003272
-0.002942
-0.002647
-0.002289
-0.001955
-0.001576
-0.001216
-0.000825
-0.000451
-0.000059
0.000317
0.000698
0.001062
0.001422
0.001762
0.002091
0.002397
0.002686
0.002951
0.003196
0.003415
0.003610
0.003781
0.003927
0.004049
0.004148
0.004224
0.004278
0.004312
0.004325
0.004322
0.004300
0.004265
0.004213
0.004152
0.004077
0.003996
0.003902
0.003806
0.003698
0.003592
0.003475
0.003363
0.003241
0.003127
0.003001
0.002888
0.002761
0.002653
0.002526
0.002424
0.002298
0.002204
0.002079
0.001995
0.001870
0.001799
0.001674
0.001617
0.001488
0.001448
0.001313
0.001292
0.001149
0.001150
0.000994
0.001022
0.000846
0.000909
0.000700
0.000820
0.000530
0.000809
0.000225
-0.002504
-0.001831
-0.004016
-0.003675
-0.005309
-0.004895
-0.005938
-0.005470
-0.006153
-0.005742
-0.006222
-0.005888
-0.006223
-0.005944
-0.006161
-0.005910
-0.006023
-0.005778
-0.005797
-0.005541
-0.005472
-0.005191
-0.005041
-0.004727
-0.004503
-0.004151
-0.003860
-0.003470
-0.003122
-0.002699
-0.002305
-0.001858
-0.001432
-0.000970
-0.000527
-0.000064
0.000379
0.000830
0.001259
0.001684
0.002084
0.002471
0.002831
0.003171
0.003481
0.003766
0.004022
0.004249
0.004447
0.004616
0.004756
0.004868
0.004954
0.005013
0.005049
0.005061
0.005053
0.005024
0.004979
0.004916
0.004841
0.004751
0.004653
0.004541
0.004426
0.004298
0.004173
0.004035
0.003903
0.003758
0.003624
0.003476
0.003345
0.003196
0.003069
0.002921
0.002802
0.002654
0.002546
0.002400
0.002303
0.002158
0.002075
0.001929
0.001863
0.001714
0.001667
0.001511
0.001487
0.001321
0.001323
0.001141
0.001175
0.000969
0.001044
0.000800
0.000941
0.000603
0.000928
0.000251
-0.002766
-0.002033
-0.004466
-0.004104
-0.005928
-0.005480
-0.006643
-0.006127
-0.006890
-0.006437
-0.006973
-0.006606
-0.006984
-0.006678
-0.006924
-0.006649
-0.006779
-0.006510
-0.006534
-0.006251
-0.006176
-0.005864
-0.005697
-0.005346
-0.005093
-0.004697
-0.004368
-0.003928
-0.003532
-0.003053
-0.002604
-0.002095
-0.001609
-0.001083
-0.000577
-0.000049
0.000457
0.000971
0.001460
0.001943
0.002399
0.002838
0.003247
0.003631
0.003982
0.004303
0.004590
0.004844
0.005064
0.005251
0.005405
0.005527
0.005618
0.005680
0.005715
0.005723
0.005709
0.005670
0.005615
0.005538
0.005449
0.005342
0.005228
0.005098
0.004965
0.004818
0.004673
0.004515
0.004364
0.004200
0.004048
0.003880
0.003731
0.003562
0.003419
0.003252
0.003118
0.002953
0.002830
0.002667
0.002559
0.002396
0.002304
0.002141
0.002067
0.001901
0.001848
0.001676
0.001648
0.001464
0.001466
0.001264
0.001301
0.001075
0.001155
0.000888
0.001041
0.000670
0.001028
0.000280
-0.003145
-0.002306
-0.005060
-0.004645
-0.006709
-0.006202
-0.007519
-0.006940
-0.007804
-0.007297
-0.007906
-0.007497
-0.007927
-0.007587
-0.007868
-0.007564
-0.007714
-0.007415
-0.007445
-0.007130
-0.007047
-0.006697
-0.006509
-0.006113
-0.005827
-0.005378
-0.005003
-0.004502
-0.004049
-0.003502
-0.002988
-0.002405
-0.001847
-0.001244
-0.000664
-0.000058
0.000523
0.001112
0.001673
0.002227
0.002749
0.003251
0.003717
0.004155
0.004553
0.004918
0.005242
0.005528
0.005775
0.005983
0.006154
0.006287
0.006386
0.006450
0.006485
0.006488
0.006466
0.006417
0.006349
0.006257
0.006152
0.006026
0.005892
0.005741
0.005588
0.005418
0.005252
0.005071
0.004898
0.004711
0.004537
0.004347
0.004177
0.003987
0.003824
0.003636
0.003484
0.003298
0.003160
0.002976
0.002854
0.002672
0.002568
0.002385
0.002302
0.002116
0.002057
0.001864
0.001833
0.001627
0.001629
0.001404
0.001445
0.001192
0.001283
0.000983
0.001155
0.000740
0.001139
0.000305
-0.003429
-0.002522
-0.005539
-0.005101
-0.007367
-0.006823
-0.008270
-0.007643
-0.008592
-0.008043
-0.008715
-0.008274
-0.008750
-0.008385
-0.008699
-0.008373
-0.008542
-0.008222
-0.008259
-0.007918
-0.007830
-0.007449
-0.007242
-0.006807
-0.006489
-0.005993
-0.005574
-0.005017
-0.004510
-0.003898
-0.003320
-0.002667
-0.002038
-0.001361
-0.000707
-0.000026
0.000629
0.001290
0.001921
0.002542
0.003127
0.003688
0.004209
0.004696
0.005138
0.005541
0.005898
0.006211
0.006480
0.006705
0.006887
0.007027
0.007128
0.007191
0.007220
0.007215
0.007182
0.007119
0.007035
0.006926
0.006801
0.006655
0.006500
0.006327
0.006151
0.005959
0.005771
0.005567
0.005373
0.005162
0.004968
0.004756
0.004567
0.004356
0.004175
0.003967
0.003799
0.003594
0.003441
0.003240
0.003105
0.002906
0.002791
0.002592
0.002500
0.002298
0.002232
0.002023
0.001988
0.001765
0.001766
0.001522
0.001566
0.001292
0.001389
0.001066
0.001250
0.000803
0.001233
0.000331
-0.003798
-0.002792
-0.006126
-0.005642
-0.008147
-0.007552
-0.009152
-0.008468
-0.009520
-0.008923
-0.009669
-0.009192
-0.009723
-0.009331
-0.009684
-0.009334
-0.009528
-0.009184
-0.009231
-0.008862
-0.008769
-0.008353
-0.008127
-0.007648
-0.007296
-0.006746
-0.006278
-0.005657
-0.005088
-0.004402
-0.003751
-0.003016
-0.002307
-0.001544
-0.000804
-0.000037
0.000704
0.001450
0.002162
0.002862
0.003521
0.004151
0.004735
0.005280
0.005774
0.006222
0.006618
0.006963
0.007258
0.007502
0.007699
0.007847
0.007952
0.008014
0.008038
0.008024
0.007979
0.007901
0.007800
0.007671
0.007525
0.007357
0.007178
0.006981
0.006781
0.006563
0.006350
0.006121
0.005902
0.005667
0.005450
0.005214
0.005003
0.004768
0.004568
0.004338
0.004151
0.003926
0.003756
0.003535
0.003386
0.003167
0.003041
0.002823
0.002722
0.002500
0.002428
0.002199
0.002161
0.001918
0.001918
0.001653
0.001700
0.001401
0.001507
0.001155
0.001356
0.000868
0.001337
0.000355
-0.004098
-0.003020
-0.006629
-0.006122
-0.008839
-0.008209
-0.009944
-0.009214
-0.010356
-0.009720
-0.010534
-0.010029
-0.010611
-0.010199
-0.010589
-0.010222
-0.010440
-0.010077
-0.010135
-0.009743
-0.009646
-0.009200
-0.008955
-0.008436
-0.008050
-0.007448
-0.006931
-0.006246
-0.005613
-0.004854
-0.004128
-0.003311
-0.002518
-0.001667
-0.000841
0.000016
0.000843
0.001675
0.002469
0.003247
0.003979
0.004677
0.005323
0.005922
0.006465
0.006953
0.007383
0.007755
0.008071
0.008329
0.008533
0.008684
0.008787
0.008841
0.008855
0.008826
0.008764
0.008666
0.008542
0.008390
0.008219
0.008025
0.007820
0.007596
0.007369
0.007125
0.006886
0.006630
0.006387
0.006126
0.005885
0.005625
0.005393
0.005136
0.004916
0.004665
0.004461
0.004216
0.004031
0.003791
0.003629
0.003393
0.003255
0.003021
0.002911
0.002674
0.002595
0.002350
0.002307
0.002047
0.002047
0.001763
0.001812
0.001495
0.001606
0.001232
0.001444
0.000926
0.001424
0.000378
-0.004462
-0.003289
-0.007213
-0.006669
-0.009624
-0.008950
-0.010839
-0.010058
-0.011305
-0.010629
-0.011519
-0.010986
-0.011628
-0.011196
-0.011631
-0.011248
-0.011496
-0.011117
-0.011189
-0.010776
-0.010679
-0.010202
-0.009939
-0.009379
-0.008957
-0.008300
-0.007730
-0.006976
-0.006274
-0.005433
-0.004624
-0.003714
-0.002828
-0.001878
-0.000952
0.000006
0.000933
0.001862
0.002751
0.003619
0.004436
0.005212
0.005929
0.006592
0.007191
0.007727
0.008197
0.008601
0.008941
0.009216
0.009431
0.009586
0.009688
0.009735
0.009737
0.009693
0.009613
0.009493
0.009347
0.009168
0.008971
0.008749
0.008516
0.008263
0.008007
0.007734
0.007466
0.007182
0.006912
0.006625
0.006359
0.006073
0.005817
0.005536
0.005295
0.005021
0.004798
0.004531
0.004330
0.004071
0.003894
0.003639
0.003489
0.003237
0.003117
0.002862
0.002777
0.002513
0.002467
0.002188
0.002186
0.001883
0.001935
0.001595
0.001713
0.001313
0.001540
0.000985
0.001518
0.000400
-0.004774
-0.003527
-0.007735
-0.007169
-0.010343
-0.009637
-0.011668
-0.010845
-0.012188
-0.011477
-0.012441
-0.011886
-0.012585
-0.012139
-0.012618
-0.012224
-0.012503
-0.012111
-0.012199
-0.011768
-0.011670
-0.011166
-0.010885
-0.010284
-0.009825
-0.009113
-0.008487
-0.007661
-0.006886
-0.005958
-0.005060
-0.004053
-0.003066
-0.002011
-0.000980
0.000084
0.001116
0.002147
0.003134
0.004094
0.004997
0.005851
0.006639
0.007363
0.008015
0.008594
0.009098
0.009528
0.009886
0.010171
0.010389
0.010539
0.010632
0.010664
0.010648
0.010581
0.010475
0.010328
0.010151
0.009941
0.009713
0.009457
0.009192
0.008906
0.008619
0.008313
0.008016
0.007701
0.007402
0.007087
0.006794
0.006482
0.006203
0.005898
0.005635
0.005339
0.005098
0.004811
0.004594
0.004316
0.004125
0.003853
0.003692
0.003423
0.003295
0.003024
0.002932
0.002653
0.002602
0.002308
0.002305
0.001985
0.002038
0.001680
0.001803
0.001382
0.001620
0.001037
0.001597
0.000419
-0.005134
-0.003796
-0.008317
-0.007721
-0.011134
-0.010393
-0.012578
-0.011713
-0.013162
-0.012420
-0.013465
-0.012892
-0.013657
-0.013202
-0.013732
-0.013333
-0.013649
-0.013251
-0.013362
-0.012917
-0.012825
-0.012296
-0.012001
-0.011361
-0.010867
-0.010098
-0.009415
-0.008514
-0.007660
-0.006640
-0.005644
-0.004529
-0.003432
-0.002259
-0.001109
0.000075
0.001226
0.002374
0.003473
0.004539
0.005541
0.006485
0.007355
0.008150
0.008863
0.009492
0.010038
0.010498
0.010878
0.011175
0.011398
0.011546
0.011629
0.011647
0.011612
0.011521
0.011388
0.011211
0.011003
0.010760
0.010498
0.010208
0.009908
0.009587
0.009266
0.008927
0.008597
0.008251
0.007922
0.007576
0.007256
0.006916
0.006612
0.006281
0.005997
0.005677
0.005416
0.005108
0.004874
0.004576
0.004371
0.004081
0.003908
0.003621
0.003483
0.003196
0.003097
0.002801
0.002746
0.002435
0.002430
0.002093
0.002148
0.001770
0.001899
0.001455
0.001705
0.001090
0.001680
0.000439
-0.005453
-0.004041
-0.008852
-0.008237
-0.011875
-0.011107
-0.013438
-0.012538
-0.014087
-0.013319
-0.014443
-0.013856
-0.014686
-0.014227
-0.014809
-0.014409
-0.014764
-0.014363
-0.014497
-0.014043
-0.013956
-0.013404
-0.013094
-0.012414
-0.011882
-0.011053
-0.010306
-0.009325
-0.008384
-0.007263
-0.006159
-0.004927
-0.003708
-0.002408
-0.001128
0.000186
0.001465
0.002737
0.003956
0.005131
0.006236
0.007272
0.008222
0.009086
0.009856
0.010531
0.011111
0.011594
0.011986
0.012286
0.012504
0.012639
0.012703
0.012695
0.012630
0.012506
0.012338
0.012122
0.011875
0.011591
0.011288
0.010957
0.010617
0.010257
0.009897
0.009521
0.009155
0.008775
0.008413
0.008036
0.007687
0.007319
0.006988
0.006632
0.006325
0.005983
0.005702
0.005374
0.005122
0.004806
0.004587
0.004280
0.004095
0.003793
0.003645
0.003343
0.003237
0.002928
0.002868
0.002542
0.002536
0.002183
0.002239
0.001845
0.001979
0.001516
0.001775
0.001134
0.001749
0.000455
-0.005808
-0.004309
-0.009432
-0.008793
-0.012671
-0.011875
-0.014363
-0.013429
-0.015089
-0.014298
-0.015511
-0.014917
-0.015821
-0.015365
-0.016009
-0.015618
-0.016021
-0.015627
-0.015794
-0.015338
-0.015266
-0.014700
-0.014382
-0.013667
-0.013101
-0.012215
-0.011406
-0.010342
-0.009310
-0.008082
-0.006863
-0.005503
-0.004148
-0.002707
-0.001281
0.000180
0.001605
0.003018
0.004373
0.005676
0.006899
0.008040
0.009085
0.010028
0.010866
0.011594
0.012215
0.012725
0.013134
0.013439
0.013653
0.013775
0.013820
0.013787
0.013691
0.013532
0.013326
0.013070
0.012781
0.012454
0.012108
0.011735
0.011353
0.010951
0.010552
0.010137
0.009734
0.009317
0.008922
0.008512
0.008133
0.007735
0.007378
0.006995
0.006665
0.006299
0.005998
0.005648
0.005379
0.005044
0.004810
0.004486
0.004289
0.003971
0.003814
0.003496
0.003383
0.003059
0.002994
0.002654
0.002645
0.002277
0.002334
0.001923
0.002061
0.001578
0.001848
0.001180
0.001820
0.000471
-0.006130
-0.004557
-0.009971
-0.009319
-0.013424
-0.012608
-0.015246
-0.014285
-0.016050
-0.015243
-0.016541
-0.015946
-0.016924
-0.016477
-0.017184
-0.016806
-0.017260
-0.016876
-0.017079
-0.016625
-0.016567
-0.015987
-0.015659
-0.014909
-0.014303
-0.013354
-0.012475
-0.011319
-0.010184
-0.008836
-0.007486
-0.005983
-0.004476
-0.002877
-0.001289
0.000333
0.001919
0.003485
0.004987
0.006424
0.007771
0.009020
0.010159
0.011178
0.012079
0.012851
0.013504
0.014030
0.014444
0.014741
0.014938
0.015034
0.015046
0.014973
0.014833
0.014626
0.014370
0.014063
0.013722
0.013344
0.012946
0.012522
0.012092
0.011642
0.011198
0.010739
0.010296
0.009840
0.009408
0.008963
0.008552
0.008124
0.007738
0.007329
0.006974
0.006585
0.006263
0.005893
0.005607
0.005254
0.005005
0.004665
0.004456
0.004123
0.003957
0.003626
0.003506
0.003169
0.003100
0.002747
0.002736
0.002355
0.002412
0.001987
0.002128
0.001630
0.001907
0.001217
0.001877
0.000484
-0.006477
-0.004823
-0.010542
-0.009875
-0.014217
-0.013383
-0.016179
-0.015195
-0.017074
-0.016258
-0.017652
-0.017064
-0.018127
-0.017700
-0.018482
-0.018130
-0.018648
-0.018289
-0.018540
-0.018101
-0.018073
-0.017491
-0.017166
-0.016390
-0.015754
-0.014750
-0.013803
-0.012556
-0.011317
-0.009843
-0.008352
-0.006694
-0.005020
-0.003245
-0.001474
0.000331
0.002100
0.003842
0.005514
0.007106
0.008596
0.009969
0.011219
0.012328
0.013302
0.014128
0.014820
0.015367
0.015789
0.016080
0.016261
0.016329
0.016307
0.016193
0.016007
0.015751
0.015443
0.015081
0.014686
0.014253
0.013802
0.013325
0.012844
0.012346
0.011855
0.011351
0.010866
0.010369
0.009901
0.009420
0.008976
0.008516
0.008103
0.007666
0.007287
0.006874
0.006532
0.006140
0.005837
0.005465
0.005202
0.004845
0.004625
0.004278
0.004102
0.003758
0.003630
0.003280
0.003207
0.002841
0.002828
0.002433
0.002491
0.002052
0.002196
0.001681
0.001967
0.001254
0.001935
0.000496
-0.006795
-0.005071
-0.011077
-0.010403
-0.014969
-0.014125
-0.017071
-0.016071
-0.018061
-0.017242
-0.018730
-0.018155
-0.019304
-0.018902
-0.019763
-0.019441
-0.020027
-0.019697
-0.020001
-0.019581
-0.019583
-0.019001
-0.018676
-0.017872
-0.017200
-0.016131
-0.015106
-0.013756
-0.012394
-0.010776
-0.009124
-0.007287
-0.005421
-0.003447
-0.001469
0.000541
0.002514
0.004449
0.006305
0.008063
0.009704
0.011205
0.012564
0.013758
0.014797
0.015666
0.016382
0.016935
0.017348
0.017615
0.017761
0.017784
0.017708
0.017535
0.017287
0.016964
0.016589
0.016159
0.015697
0.015198
0.014684
0.014145
0.013606
0.013051
0.012507
0.011954
0.011421
0.010881
0.010372
0.009854
0.009375
0.008882
0.008440
0.007975
0.007571
0.007134
0.006771
0.006359
0.006039
0.005649
0.005372
0.005000
0.004768
0.004408
0.004223
0.003867
0.003733
0.003372
0.003293
0.002917
0.002901
0.002496
0.002553
0.002103
0.002249
0.001722
0.002013
0.001283
0.001980
0.000505
-0.007129
-0.005330
-0.011631
-0.010950
-0.015748
-0.014897
-0.017999
-0.016990
-0.019098
-0.018285
-0.019877
-0.019328
-0.020575
-0.020214
-0.021167
-0.020894
-0.021565
-0.021284
-0.021659
-0.021279
-0.021331
-0.020769
-0.020463
-0.019648
-0.018955
-0.017835
-0.016740
-0.015290
-0.013806
-0.012040
-0.010215
-0.008186
-0.006108
-0.003911
-0.001698
0.000545
0.002754
0.004912
0.006982
0.008933
0.010752
0.012402
0.013890
0.015184
0.016303
0.017224
0.017972
0.018534
0.018940
0.019183
0.019294
0.019269
0.019139
0.018903
0.018589
0.018196
0.017751
0.017250
0.016719
0.016151
0.015570
0.014968
0.014368
0.013755
0.013158
0.012553
0.011974
0.011389
0.010839
0.010282
0.009769
0.009244
0.008771
0.008279
0.007850
0.007389
0.007006
0.006574
0.006236
0.005830
0.005539
0.005152
0.004909
0.004535
0.004342
0.003973
0.003833
0.003461
0.003378
0.002991
0.002973
0.002557
0.002614
0.002153
0.002301
0.001761
0.002058
0.001311
0.002024
0.000514
-0.007434
-0.005572
-0.012148
-0.011468
-0.016484
-0.015633
-0.018885
-0.017872
-0.020094
-0.019294
-0.020990
-0.020474
-0.021820
-0.021507
-0.022557
-0.022339
-0.023100
-0.022873
-0.023325
-0.022989
-0.023094
-0.022554
-0.022268
-0.021439
-0.020718
-0.019536
-0.018357
-0.016791
-0.015161
-0.013220
-0.011192
-0.008940
-0.006614
-0.004161
-0.001679
0.000830
0.003305
0.005711
0.008017
0.010175
0.012179
0.013982
0.015596
0.016982
0.018167
0.019122
0.019882
0.020431
0.020806
0.021000
0.021049
0.020951
0.020742
0.020420
0.020018
0.019535
0.019001
0.018412
0.017795
0.017145
0.016486
0.015810
0.015140
0.014462
0.013803
0.013142
0.012511
0.011878
0.011284
0.010687
0.010137
0.009577
0.009074
0.008554
0.008100
0.007616
0.007211
0.006760
0.006406
0.005983
0.005678
0.005278
0.005024
0.004639
0.004437
0.004059
0.003912
0.003531
0.003443
0.003048
0.003027
0.002604
0.002659
0.002190
0.002339
0.001790
0.002090
0.001331
0.002055
0.000519
-0.007748
-0.005819
-0.012672
-0.011994
-0.017230
-0.016385
-0.019789
-0.018783
-0.021126
-0.020351
-0.022160
-0.021692
-0.023153
-0.022905
-0.024071
-0.023931
-0.024805
-0.024659
-0.025214
-0.024951
-0.025139
-0.024650
-0.024411
-0.023595
-0.022871
-0.021650
-0.020402
-0.018730
-0.016958
-0.014840
-0.012597
-0.010102
-0.007502
-0.004760
-0.001970
0.000845
0.003628
0.006324
0.008907
0.011311
0.013536
0.015520
0.017285
0.018782
0.020046
0.021045
0.021824
0.022362
0.022707
0.022849
0.022834
0.022659
0.022365
0.021953
0.021458
0.020881
0.020253
0.019572
0.018867
0.018132
0.017393
0.016640
0.015899
0.015154
0.014434
0.013716
0.013032
0.012352
0.011714
0.011076
0.010489
0.009896
0.009364
0.008815
0.008337
0.007830
0.007405
0.006936
0.006565
0.006127
0.005809
0.005396
0.005131
0.004735
0.004525
0.004138
0.003985
0.003595
0.003504
0.003101
0.003077
0.002646
0.002701
0.002224
0.002374
0.001816
0.002120
0.001349
0.002083
0.000524
-0.008031
-0.006046
-0.013155
-0.012485
-0.017926
-0.017093
-0.020642
-0.019649
-0.022109
-0.021366
-0.023289
-0.022875
-0.024453
-0.024280
-0.025566
-0.025513
-0.026507
-0.026451
-0.027117
-0.026934
-0.027211
-0.026777
-0.026587
-0.025783
-0.025050
-0.023778
-0.022445
-0.020643
-0.018700
-0.016369
-0.013870
-0.011087
-0.008163
-0.005082
-0.001933
0.001234
0.004370
0.007391
0.010280
0.012947
0.015403
0.017569
0.019478
0.021069
0.022393
0.023409
0.024175
0.024668
0.024948
0.025002
0.024888
0.024602
0.024192
0.023658
0.023043
0.022346
0.021602
0.020809
0.019997
0.019161
0.018327
0.017486
0.016664
0.015845
0.015056
0.014276
0.013535
0.012802
0.012118
0.011438
0.010813
0.010186
0.009622
0.009046
0.008543
0.008013
0.007570
0.007082
0.006695
0.006243
0.005913
0.005488
0.005214
0.004808
0.004591
0.004195
0.004037
0.003641
0.003545
0.003136
0.003110
0.002674
0.002727
0.002245
0.002394
0.001832
0.002137
0.001359
0.002099
0.000525
-0.008313
-0.006273
-0.013631
-0.012974
-0.018616
-0.017802
-0.021496
-0.020527
-0.023110
-0.022412
-0.024459
-0.024118
-0.025830
-0.025754
-0.027184
-0.027245
-0.028389
-0.028457
-0.029270
-0.029207
-0.029613
-0.029277
-0.029179
-0.028429
-0.027725
-0.026437
-0.025047
-0.023138
-0.021032
-0.018490
-0.015720
-0.012626
-0.009339
-0.005874
-0.002311
0.001268
0.004819
0.008226
0.011480
0.014464
0.017198
0.019582
0.021665
0.023373
0.024771
0.025812
0.026569
0.027017
0.027227
0.027189
0.026969
0.026564
0.026030
0.025368
0.024625
0.023802
0.022936
0.022026
0.021104
0.020164
0.019234
0.018304
0.017400
0.016505
0.015649
0.014805
0.014008
0.013225
0.012494
0.011773
0.011111
0.010451
0.009858
0.009255
0.008729
0.008178
0.007716
0.007211
0.006810
0.006344
0.006003
0.005567
0.005284
0.004871
0.004646
0.004244
0.004080
0.003679
0.003579
0.003166
0.003136
0.002696
0.002748
0.002262
0.002411
0.001844
0.002150
0.001367
0.002111
0.000526
-0.008561
-0.006477
-0.014058
-0.013419
-0.019244
-0.018455
-0.022284
-0.021346
-0.024046
-0.023403
-0.025573
-0.025313
-0.027162
-0.027191
-0.028772
-0.028959
-0.030262
-0.030466
-0.031438
-0.031506
-0.032053
-0.031824
-0.031825
-0.031130
-0.030453
-0.029139
-0.027673
-0.025629
-0.023322
-0.020521
-0.017421
-0.013951
-0.010230
-0.006308
-0.002256
0.001802
0.005831
0.009675
0.013334
0.016657
0.019680
0.022280
0.024522
0.026319
0.027756
0.028778
0.029480
0.029831
0.029922
0.029741
0.029367
0.028796
0.028096
0.027267
0.026362
0.025381
0.024366
0.023316
0.022264
0.021203
0.020162
0.019130
0.018134
0.017155
0.016223
0.015313
0.014455
0.013618
0.012839
0.012075
0.011375
0.010682
0.010059
0.009430
0.008880
0.008310
0.007830
0.007309
0.006895
0.006417
0.006065
0.005620
0.005330
0.004909
0.004678
0.004271
0.004103
0.003698
0.003594
0.003178
0.003146
0.002704
0.002753
0.002266
0.002414
0.001846
0.002151
0.001367
0.002111
0.000524
-0.008798
-0.006673
-0.014464
-0.013847
-0.019845
-0.019089
-0.023050
-0.022154
-0.024977
-0.024402
-0.026707
-0.026548
-0.028552
-0.028713
-0.030472
-0.030818
-0.032319
-0.032700
-0.033880
-0.034132
-0.034878
-0.034815
-0.034979
-0.034402
-0.033814
-0.032531
-0.031038
-0.028898
-0.026413
-0.023360
-0.019916
-0.016039
-0.011831
-0.007384
-0.002758
0.001869
0.006472
0.010843
0.014993
0.018730
0.022106
0.024968
0.027405
0.029314
0.030802
0.031811
0.032454
0.032702
0.032663
0.032326
0.031785
0.031037
0.030159
0.029152
0.028076
0.026930
0.025761
0.024565
0.023379
0.022194
0.021041
0.019907
0.018819
0.017758
0.016752
0.015775
0.014859
0.013969
0.013144
0.012340
0.011604
0.010879
0.010228
0.009576
0.009005
0.008416
0.007919
0.007386
0.006959
0.006471
0.006109
0.005657
0.005359
0.004933
0.004697
0.004287
0.004114
0.003706
0.003600
0.003182
0.003148
0.002705
0.002752
0.002265
0.002411
0.001844
0.002147
0.001364
0.002106
0.000520
-0.008995
-0.006841
-0.014811
-0.014220
-0.020369
-0.019652
-0.023732
-0.022886
-0.025824
-0.025326
-0.027763
-0.027713
-0.029875
-0.030178
-0.032123
-0.032640
-0.034352
-0.034927
-0.036331
-0.036784
-0.037749
-0.037870
-0.038211
-0.037763
-0.037267
-0.036009
-0.034471
-0.032204
-0.029493
-0.026126
-0.022257
-0.017880
-0.013077
-0.007997
-0.002685
0.002613
0.007883
0.012853
0.017550
0.021730
0.025467
0.028578
0.031179
0.033149
0.034631
0.035556
0.036069
0.036139
0.035898
0.035335
0.034561
0.033575
0.032465
0.031232
0.029942
0.028595
0.027240
0.025872
0.024530
0.023204
0.021923
0.020675
0.019485
0.018334
0.017248
0.016202
0.015224
0.014280
0.013408
0.012563
0.011791
0.011035
0.010358
0.009682
0.009091
0.008486
0.007974
0.007428
0.006990
0.006494
0.006124
0.005667
0.005363
0.004933
0.004693
0.004280
0.004104
0.003696
0.003587
0.003170
0.003133
0.002692
0.002737
0.002252
0.002395
0.001831
0.002131
0.001353
0.002090
0.000514
-0.009171
-0.006994
-0.015119
-0.014560
-0.020843
-0.020172
-0.024364
-0.023580
-0.026635
-0.026229
-0.028808
-0.028888
-0.031226
-0.031700
-0.033861
-0.034590
-0.036557
-0.037379
-0.039070
-0.039793
-0.041055
-0.041443
-0.042056
-0.041831
-0.041525
-0.040386
-0.038887
-0.036564
-0.033673
-0.030016
-0.025711
-0.020794
-0.015315
-0.009498
-0.003368
0.002742
0.008830
0.014539
0.019911
0.024639
0.028824
0.032242
0.035046
0.037098
0.038577
0.039411
0.039780
0.039651
0.039186
0.038375
0.037348
0.036105
0.034746
0.033273
0.031758
0.030201
0.028653
0.027110
0.025609
0.024140
0.022733
0.021372
0.020082
0.018843
0.017681
0.016567
0.015530
0.014536
0.013620
0.012737
0.011933
0.011149
0.010448
0.009752
0.009143
0.008524
0.008000
0.007444
0.006997
0.006494
0.006118
0.005657
0.005348
0.004916
0.004673
0.004260
0.004081
0.003674
0.003562
0.003148
0.003109
0.002671
0.002713
0.002232
0.002372
0.001814
0.002110
0.001339
0.002068
0.000506
-0.009301
-0.007113
-0.015355
-0.014832
-0.021221
-0.020602
-0.024888
-0.024172
-0.027334
-0.027027
-0.029744
-0.029962
-0.032478
-0.033133
-0.035518
-0.036471
-0.038710
-0.039798
-0.041800
-0.042819
-0.044409
-0.045093
-0.046008
-0.046030
-0.045934
-0.044920
-0.043451
-0.041043
-0.037916
-0.033889
-0.029032
-0.023440
-0.017127
-0.010405
-0.003284
0.003798
0.010845
0.017401
0.023524
0.028835
0.033466
0.037155
0.040100
0.042147
0.043525
0.044159
0.044271
0.043835
0.043041
0.041884
0.040516
0.038938
0.037264
0.035492
0.033704
0.031895
0.030121
0.028375
0.026693
0.025065
0.023517
0.022033
0.020637
0.019305
0.018062
0.016879
0.015783
0.014738
0.013779
0.012859
0.012024
0.011215
0.010491
0.009777
0.009153
0.008521
0.007986
0.007423
0.006969
0.006462
0.006081
0.005618
0.005306
0.004875
0.004629
0.004217
0.004037
0.003633
0.003520
0.003109
0.003068
0.002635
0.002675
0.002200
0.002337
0.001786
0.002077
0.001317
0.002035
0.000496
-0.009398
-0.007207
-0.015535
-0.015051
-0.021521
-0.020961
-0.025329
-0.024693
-0.027959
-0.027766
-0.030626
-0.031002
-0.033714
-0.034576
-0.037218
-0.038438
-0.041001
-0.042416
-0.044807
-0.046206
-0.048232
-0.049327
-0.050680
-0.051090
-0.051356
-0.050617
-0.049323
-0.046959
-0.043692
-0.039354
-0.033948
-0.027629
-0.020360
-0.012567
-0.004237
0.004050
0.012299
0.019924
0.026994
0.033038
0.038228
0.042255
0.045374
0.047419
0.048679
0.049082
0.048901
0.048115
0.046953
0.045413
0.043672
0.041733
0.039720
0.037633
0.035558
0.033490
0.031485
0.029533
0.027671
0.025884
0.024199
0.022596
0.021097
0.019677
0.018359
0.017112
0.015962
0.014872
0.013874
0.012922
0.012060
0.011229
0.010487
0.009759
0.009123
0.008482
0.007939
0.007372
0.006912
0.006403
0.006020
0.005557
0.005244
0.004814
0.004567
0.004159
0.003978
0.003579
0.003464
0.003059
0.003017
0.002591
0.002628
0.002162
0.002294
0.001753
0.002037
0.001292
0.001995
0.000484
-0.009441
-0.007260
-0.015628
-0.015187
-0.021705
-0.021206
-0.025635
-0.025084
-0.028441
-0.028365
-0.031362
-0.031899
-0.034804
-0.035883
-0.038787
-0.040287
-0.043190
-0.044955
-0.047766
-0.049580
-0.052087
-0.053638
-0.055485
-0.056331
-0.057010
-0.056582
-0.055479
-0.053145
-0.049682
-0.044935
-0.038820
-0.031576
-0.023104
-0.013973
-0.004156
0.005591
0.015266
0.024124
0.032247
0.039058
0.044782
0.049064
0.052237
0.054127
0.055102
0.055099
0.054454
0.053158
0.051481
0.049428
0.047201
0.044802
0.042370
0.039902
0.037488
0.035118
0.032849
0.030666
0.028605
0.026647
0.024815
0.023087
0.021482
0.019973
0.018580
0.017271
0.016068
0.014935
0.013901
0.012921
0.012035
0.011186
0.010429
0.009690
0.009044
0.008398
0.007850
0.007281
0.006819
0.006311
0.005927
0.005466
0.005153
0.004728
0.004482
0.004079
0.003898
0.003505
0.003391
0.002994
0.002950
0.002532
0.002567
0.002111
0.002239
0.001711
0.001987
0.001259
0.001945
0.000470
-0.009438
-0.007279
-0.015644
-0.015248
-0.021781
-0.021350
-0.025821
-0.025362
-0.028802
-0.028855
-0.031988
-0.032702
-0.035813
-0.037131
-0.040327
-0.042145
-0.045445
-0.047624
-0.050945
-0.053277
-0.056403
-0.058560
-0.061093
-0.062580
-0.063910
-0.064037
-0.063374
-0.061308
-0.057840
-0.052823
-0.046039
-0.037813
-0.027952
-0.017202
-0.005526
0.006088
0.017601
0.028057
0.037533
0.045324
0.051717
0.056312
0.059541
0.061236
0.061863
0.061377
0.060191
0.058309
0.056051
0.053429
0.050670
0.047778
0.044901
0.042034
0.039270
0.036592
0.034058
0.031646
0.029390
0.027266
0.025295
0.023450
0.021747
0.020157
0.018697
0.017333
0.016085
0.014916
0.013854
0.012851
0.011947
0.011085
0.010317
0.009572
0.008921
0.008274
0.007724
0.007156
0.006694
0.006190
0.005807
0.005352
0.005041
0.004622
0.004378
0.003982
0.003803
0.003418
0.003304
0.002916
0.002871
0.002465
0.002497
0.002053
0.002176
0.001663
0.001930
0.001223
0.001889
0.000455
-0.009374
-0.007250
-0.015561
-0.015212
-0.021719
-0.021356
-0.025843
-0.025479
-0.028982
-0.029165
-0.032420
-0.033310
-0.036618
-0.038176
-0.041665
-0.043810
-0.047519
-0.050134
-0.054001
-0.056891
-0.060700
-0.063530
-0.066840
-0.069058
-0.071143
-0.071916
-0.071768
-0.070006
-0.066504
-0.061113
-0.053451
-0.043943
-0.032297
-0.019493
-0.005487
0.008421
0.022144
0.034454
0.045430
0.054216
0.061192
0.065920
0.068973
0.070200
0.070198
0.068951
0.066967
0.064268
0.061229
0.057868
0.054438
0.050940
0.047531
0.044196
0.041030
0.038009
0.035183
0.032526
0.030064
0.027769
0.025656
0.023695
0.021897
0.020231
0.018708
0.017295
0.016008
0.014810
0.013724
0.012704
0.011788
0.010918
0.010144
0.009398
0.008746
0.008101
0.007552
0.006989
0.006531
0.006033
0.005654
0.005208
0.004900
0.004490
0.004249
0.003864
0.003686
0.003312
0.003199
0.002823
0.002777
0.002384
0.002413
0.001984
0.002102
0.001606
0.001863
0.001179
0.001822
0.000437
-0.009253
-0.007177
-0.015380
-0.015079
-0.021520
-0.021227
-0.025703
-0.025439
-0.028989
-0.029305
-0.032673
-0.033746
-0.037251
-0.039064
-0.042862
-0.045364
-0.049530
-0.052640
-0.057147
-0.060705
-0.065361
-0.069049
-0.073397
-0.076631
-0.079835
-0.081645
-0.082442
-0.081422
-0.078274
-0.072831
-0.064434
-0.053615
-0.039891
-0.024534
-0.007524
0.009429
0.026090
0.040873
0.053812
0.063876
0.071562
0.076419
0.079208
0.079829
0.079040
0.076876
0.073950
0.070311
0.066391
0.062215
0.058057
0.053914
0.049947
0.046133
0.042561
0.039197
0.036087
0.033193
0.030538
0.028085
0.025844
0.023780
0.021900
0.020169
0.018596
0.017144
0.015829
0.014610
0.013509
0.012481
0.011558
0.010687
0.009914
0.009171
0.008523
0.007884
0.007341
0.006787
0.006335
0.005847
0.005474
0.005038
0.004736
0.004338
0.004101
0.003728
0.003554
0.003192
0.003081
0.002718
0.002672
0.002294
0.002320
0.001907
0.002019
0.001542
0.001789
0.001132
0.001749
0.000418
-0.009064
-0.007050
-0.015087
-0.014834
-0.021162
-0.020939
-0.025371
-0.025205
-0.028777
-0.029222
-0.032680
-0.033926
-0.037610
-0.039667
-0.043763
-0.046617
-0.051243
-0.054857
-0.060036
-0.064300
-0.069882
-0.074513
-0.080038
-0.084435
-0.088954
-0.091997
-0.093938
-0.093824
-0.091099
-0.085549
-0.076165
-0.063579
-0.047130
-0.028470
-0.007620
0.013144
0.033393
0.051065
0.066160
0.077442
0.085601
0.090203
0.092275
0.091800
0.089753
0.086237
0.081989
0.077091
0.072030
0.066834
0.061793
0.056890
0.052284
0.047935
0.043921
0.040194
0.036789
0.033658
0.030813
0.028209
0.025849
0.023693
0.021743
0.019959
0.018347
0.016868
0.015534
0.014304
0.013197
0.012168
0.011248
0.010383
0.009616
0.008882
0.008243
0.007616
0.007083
0.006541
0.006099
0.005625
0.005261
0.004838
0.004545
0.004160
0.003930
0.003570
0.003401
0.003054
0.002946
0.002598
0.002553
0.002190
0.002214
0.001820
0.001926
0.001471
0.001705
0.001079
0.001667
0.000397
-0.008807
-0.006869
-0.014678
-0.014472
-0.020638
-0.020483
-0.024838
-0.024768
-0.028335
-0.028902
-0.032429
-0.033840
-0.037685
-0.039981
-0.044371
-0.047582
-0.052692
-0.056845
-0.062773
-0.067837
-0.074517
-0.080291
-0.087318
-0.093248
-0.099614
-0.104495
-0.108312
-0.109918
-0.108408
-0.103489
-0.093556
-0.079305
-0.059666
-0.036768
-0.010771
0.015269
0.040465
0.062108
0.080055
0.092864
0.101503
0.105645
0.106689
0.104774
0.101140
0.095984
0.090180
0.083843
0.077510
0.071204
0.065222
0.059528
0.054270
0.049387
0.044942
0.040870
0.037191
0.033844
0.030832
0.028100
0.025643
0.023416
0.021413
0.019594
0.017958
0.016467
0.015126
0.013897
0.012794
0.011774
0.010864
0.010012
0.009258
0.008540
0.007914
0.007304
0.006785
0.006260
0.005831
0.005373
0.005021
0.004614
0.004331
0.003962
0.003740
0.003396
0.003233
0.002902
0.002797
0.002467
0.002422
0.002078
0.002099
0.001726
0.001825
0.001394
0.001615
0.001021
0.001578
0.000374
-0.008479
-0.006631
-0.014149
-0.013988
-0.019942
-0.019851
-0.024091
-0.024111
-0.027640
-0.028317
-0.031878
-0.033434
-0.037405
-0.039914
-0.044564
-0.048107
-0.053677
-0.058354
-0.065038
-0.070917
-0.078767
-0.085768
-0.094482
-0.102149
-0.110697
-0.117785
-0.123918
-0.127712
-0.127765
-0.123643
-0.112956
-0.096344
-0.072424
-0.043954
-0.011230
0.021569
0.052928
0.079246
0.100259
0.114302
0.122806
0.125657
0.124781
0.120555
0.114552
0.107094
0.099202
0.091017
0.083111
0.075485
0.068421
0.061851
0.055893
0.050457
0.045580
0.041175
0.037241
0.033703
0.030549
0.027714
0.025185
0.022910
0.020878
0.019043
0.017403
0.015915
0.014584
0.013369
0.012282
0.011282
0.010391
0.009561
0.008828
0.008133
0.007527
0.006939
0.006439
0.005935
0.005523
0.005085
0.004748
0.004360
0.004089
0.003739
0.003527
0.003202
0.003046
0.002733
0.002633
0.002321
0.002278
0.001954
0.001973
0.001622
0.001714
0.001309
0.001516
0.000958
0.001480
0.000350
-0.008073
-0.006330
-0.013490
-0.013371
-0.019057
-0.019024
-0.023108
-0.023208
-0.026661
-0.027432
-0.030987
-0.032661
-0.036716
-0.039403
-0.044273
-0.048113
-0.054119
-0.059299
-0.066761
-0.073487
-0.082637
-0.091017
-0.101766
-0.111572
-0.123020
-0.133175
-0.142825
-0.150296
-0.153537
-0.151933
-0.141766
-0.123408
-0.094451
-0.058500
-0.016321
0.026304
0.066484
0.099383
0.124419
0.139786
0.147691
0.148498
0.144901
0.137632
0.128659
0.118441
0.108126
0.097872
0.088250
0.079230
0.071052
0.063607
0.056970
0.051015
0.045746
0.041050
0.036904
0.033215
0.029956
0.027054
0.024484
0.022189
0.020152
0.018325
0.016698
0.015231
0.013924
0.012736
0.011678
0.010708
0.009846
0.009045
0.008339
0.007673
0.007093
0.006531
0.006054
0.005575
0.005183
0.004768
0.004449
0.004083
0.003826
0.003497
0.003297
0.002991
0.002844
0.002551
0.002456
0.002165
0.002123
0.001821
0.001838
0.001511
0.001596
0.001218
0.001410
0.000892
0.001377
0.000325
-0.007599
-0.005972
-0.012711
-0.012629
-0.017995
-0.018012
-0.021899
-0.022069
-0.025407
-0.026250
-0.029754
-0.031513
-0.035596
-0.038415
-0.043440
-0.047516
-0.053889
-0.059508
-0.067696
-0.075222
-0.085685
-0.095472
-0.108436
-0.120590
-0.135431
-0.149239
-0.163264
-0.175555
-0.183015
-0.184861
-0.175489
-0.154318
-0.118414
-0.072497
-0.017621
0.037948
0.089362
0.130050
0.159177
0.174869
0.180607
0.177557
0.169484
0.157638
0.144452
0.130541
0.117144
0.104387
0.092787
0.082234
0.072889
0.064570
0.057288
0.050867
0.045267
0.040343
0.036046
0.032265
0.028955
0.026033
0.023466
0.021189
0.019180
0.017389
0.015803
0.014379
0.013116
0.011973
0.010957
0.010030
0.009208
0.008448
0.007778
0.007148
0.006600
0.006071
0.005622
0.005173
0.004805
0.004418
0.004119
0.003778
0.003538
0.003232
0.003045
0.002762
0.002625
0.002354
0.002265
0.001996
0.001957
0.001678
0.001692
0.001391
0.001469
0.001121
0.001297
0.000820
0.001267
0.000298
-0.007042
-0.005547
-0.011794
-0.011744
-0.016733
-0.016790
-0.020432
-0.020655
-0.023830
-0.024715
-0.028110
-0.029906
-0.033945
-0.036827
-0.041916
-0.046137
-0.052774
-0.058724
-0.067544
-0.075768
-0.087528
-0.098698
-0.114105
-0.128851
-0.147895
-0.166321
-0.186527
-0.206254
-0.221099
-0.230499
-0.225971
-0.204463
-0.159954
-0.099313
-0.025507
0.049530
0.117226
0.168833
0.202986
0.218032
0.219744
0.210815
0.196535
0.178807
0.160483
0.142281
0.125428
0.109975
0.096318
0.084235
0.073770
0.064654
0.056814
0.050016
0.044171
0.039099
0.034723
0.030911
0.027605
0.024711
0.022187
0.019963
0.018013
0.016284
0.014760
0.013398
0.012194
0.011109
0.010149
0.009275
0.008502
0.007789
0.007162
0.006574
0.006064
0.005573
0.005156
0.004740
0.004399
0.004042
0.003765
0.003452
0.003231
0.002950
0.002778
0.002519
0.002392
0.002145
0.002063
0.001817
0.001781
0.001527
0.001539
0.001265
0.001335
0.001019
0.001179
0.000745
0.001151
0.000270
-0.006421
-0.005069
-0.010765
-0.010741
-0.015301
-0.015390
-0.018745
-0.019008
-0.021976
-0.022876
-0.026106
-0.027894
-0.031813
-0.034689
-0.039739
-0.044006
-0.050772
-0.056914
-0.066207
-0.074961
-0.087878
-0.100282
-0.118156
-0.135508
-0.159311
-0.182938
-0.210830
-0.240417
-0.264806
-0.285619
-0.289156
-0.265028
-0.206713
-0.125457
-0.025743
0.074421
0.161816
0.225634
0.264276
0.276108
0.270193
0.251633
0.227845
0.201721
0.176523
0.152978
0.132107
0.113738
0.098004
0.084493
0.073065
0.063329
0.055106
0.048097
0.042155
0.037066
0.032723
0.028979
0.025760
0.022965
0.020543
0.018424
0.016575
0.014944
0.013513
0.012241
0.011119
0.010112
0.009223
0.008417
0.007705
0.007051
0.006476
0.005939
0.005472
0.005025
0.004645
0.004268
0.003958
0.003635
0.003384
0.003101
0.002901
0.002648
0.002492
0.002259
0.002144
0.001922
0.001848
0.001628
0.001594
0.001367
0.001378
0.001132
0.001194
0.000912
0.001054
0.000666
0.001029
0.000241
-0.005721
-0.004525
-0.009601
-0.009598
-0.013672
-0.013780
-0.016798
-0.017077
-0.019783
-0.020659
-0.023650
-0.025365
-0.029062
-0.031830
-0.036697
-0.040856
-0.047546
-0.053657
-0.063147
-0.072115
-0.085869
-0.099109
-0.119240
-0.138841
-0.167860
-0.196904
-0.234874
-0.277812
-0.316568
-0.361000
-0.386998
-0.364249
-0.280857
-0.163523
-0.026240
0.106410
0.216675
0.294894
0.338584
0.344616
0.327368
0.295915
0.260267
0.224260
0.191254
0.161875
0.136778
0.115502
0.097819
0.083076
0.070899
0.060757
0.052345
0.045297
0.039402
0.034420
0.030211
0.026620
0.023557
0.020918
0.018645
0.016669
0.014954
0.013449
0.012133
0.010968
0.009944
0.009029
0.008222
0.007493
0.006850
0.006261
0.005745
0.005263
0.004845
0.004446
0.004106
0.003770
0.003494
0.003207
0.002984
0.002733
0.002555
0.002331
0.002193
0.001987
0.001886
0.001690
0.001624
0.001430
0.001400
0.001201
0.001209
0.000994
0.001048
0.000800
0.000925
0.000584
0.000902
0.000211
-0.004968
-0.003936
-0.008343
-0.008353
-0.011898
-0.012015
-0.014660
-0.014941
-0.017340
-0.018164
-0.020857
-0.022450
-0.025835
-0.028414
-0.032960
-0.036880
-0.043285
-0.049152
-0.058528
-0.067377
-0.081537
-0.095127
-0.117052
-0.138315
-0.172592
-0.206652
-0.257160
-0.315428
-0.373217
-0.461096
-0.515009
-0.462740
-0.325011
-0.165928
0.004354
0.158737
0.278713
0.366207
0.418581
0.421404
0.390890
0.342465
0.291089
0.242841
0.200985
0.165658
0.136694
0.113084
0.094069
0.078680
0.066269
0.056157
0.047919
0.041128
0.035524
0.030843
0.026930
0.023620
0.020819
0.018421
0.016370
0.014595
0.013062
0.011722
0.010556
0.009526
0.008623
0.007819
0.007111
0.006473
0.005912
0.005399
0.004950
0.004531
0.004169
0.003823
0.003529
0.003238
0.003000
0.002752
0.002559
0.002343
0.002190
0.001997
0.001878
0.001702
0.001614
0.001446
0.001389
0.001224
0.001198
0.001027
0.001034
0.000850
0.000896
0.000684
0.000790
0.000499
0.000771
0.000180
-0.004143
-0.003287
-0.006966
-0.006984
-0.009948
-0.010061
-0.012284
-0.012543
-0.014580
-0.015308
-0.017623
-0.019021
-0.021974
-0.024247
-0.028284
-0.031773
-0.037591
-0.042895
-0.051667
-0.059855
-0.073641
-0.086649
-0.109188
-0.130591
-0.168711
-0.205587
-0.269523
-0.340330
-0.430337
-0.593159
-0.665245
-0.529558
-0.296744
-0.105716
0.056051
0.190996
0.286876
0.371819
0.445495
0.464228
0.435748
0.379482
0.316063
0.256586
0.205934
0.164786
0.132328
0.106959
0.087240
0.071797
0.059662
0.050000
0.042269
0.035996
0.030884
0.026663
0.023166
0.020233
0.017767
0.015670
0.013885
0.012348
0.011026
0.009875
0.008875
0.007996
0.007228
0.006545
0.005945
0.005406
0.004932
0.004500
0.004122
0.003770
0.003466
0.003176
0.002930
0.002687
0.002488
0.002282
0.002121
0.001941
0.001813
0.001654
0.001554
0.001408
0.001335
0.001196
0.001149
0.001011
0.000990
0.000848
0.000854
0.000702
0.000740
0.000565
0.000652
0.000412
0.000636
0.000148
-0.003284
-0.002609
-0.005522
-0.005543
-0.007895
-0.007996
-0.009769
-0.009994
-0.011635
-0.012244
-0.014129
-0.015291
-0.017727
-0.019620
-0.023004
-0.025931
-0.030909
-0.035414
-0.043128
-0.050214
-0.062803
-0.074402
-0.096088
-0.116171
-0.155653
-0.193327
-0.268450
-0.347857
-0.492843
-0.720170
-0.650329
-0.255982
0.025509
0.061026
0.077152
0.124752
0.162357
0.233121
0.343810
0.407827
0.408854
0.367378
0.307630
0.247159
0.194291
0.151724
0.118874
0.093994
0.075231
0.060964
0.050021
0.041492
0.034781
0.029414
0.025091
0.021557
0.018653
0.016235
0.014214
0.012505
0.011056
0.009814
0.008748
0.007824
0.007023
0.006320
0.005707
0.005163
0.004687
0.004259
0.003883
0.003541
0.003242
0.002964
0.002724
0.002495
0.002301
0.002110
0.001953
0.001790
0.001664
0.001522
0.001422
0.001296
0.001218
0.001103
0.001046
0.000937
0.000900
0.000792
0.000775
0.000664
0.000669
0.000549
0.000579
0.000442
0.000511
0.000322
0.000498
0.000116
-0.002369
-0.001883
-0.003987
-0.004005
-0.005705
-0.005783
-0.007069
-0.007238
-0.008434
-0.008886
-0.010272
-0.011132
-0.012939
-0.014346
-0.016887
-0.019075
-0.022878
-0.026274
-0.032309
-0.037713
-0.047893
-0.056913
-0.075223
-0.091453
-0.126564
-0.159342
-0.230974
-0.305674
-0.475448
-0.600065
-0.231816
0.211114
0.169493
-0.076473
-0.144908
-0.041285
0.049317
0.085919
0.191379
0.289276
0.318942
0.300570
0.255967
0.205979
0.160478
0.123648
0.095397
0.074329
0.058701
0.047031
0.038219
0.031451
0.026190
0.022027
0.018702
0.016005
0.013802
0.011978
0.010461
0.009182
0.008102
0.007179
0.006390
0.005706
0.005115
0.004598
0.004148
0.003749
0.003400
0.003087
0.002812
0.002563
0.002344
0.002142
0.001967
0.001801
0.001660
0.001522
0.001408
0.001290
0.001199
0.001097
0.001024
0.000933
0.000877
0.000794
0.000753
0.000674
0.000647
0.000570
0.000557
0.000478
0.000481
0.000395
0.000416
0.000318
0.000367
0.000232
0.000358
0.000083
-0.001440
-0.001146
-0.002423
-0.002435
-0.003469
-0.003519
-0.004303
-0.004413
-0.005147
-0.005432
-0.006288
-0.006827
-0.007953
-0.008833
-0.010432
-0.011804
-0.014226
-0.016363
-0.020271
-0.023687
-0.030430
-0.036179
-0.048644
-0.059240
-0.083779
-0.106311
-0.157457
-0.212807
-0.334749
-0.304290
0.099967
0.313729
0.105981
-0.146601
-0.221463
-0.098526
0.020661
0.025102
0.082624
0.164867
0.196941
0.192481
0.166105
0.134143
0.104196
0.079799
0.061077
0.047192
0.036962
0.029392
0.023725
0.019414
0.016088
0.013478
0.011406
0.009735
0.008376
0.007256
0.006327
0.005547
0.004890
0.004330
0.003851
0.003437
0.003080
0.002768
0.002496
0.002256
0.002045
0.001857
0.001691
0.001541
0.001410
0.001288
0.001183
0.001083
0.000999
0.000915
0.000847
0.000776
0.000721
0.000660
0.000616
0.000561
0.000527
0.000478
0.000453
0.000405
0.000389
0.000343
0.000335
0.000287
0.000289
0.000237
0.000250
0.000191
0.000221
0.000139
0.000215
0.000050
-0.000476
-0.000379
-0.000803
-0.000808
-0.001151
-0.001167
-0.001427
-0.001461
-0.001704
-0.001797
-0.002080
-0.002256
-0.002629
-0.002919
-0.003451
-0.003904
-0.004715
-0.005425
-0.006750
-0.007894
-0.010218
-0.012173
-0.016554
-0.020262
-0.029055
-0.037291
-0.055907
-0.077110
-0.118785
-0.075297
0.086591
0.118091
0.012009
-0.073261
-0.097361
-0.054385
-0.005127
0.002247
0.023050
0.054465
0.067615
0.066879
0.058021
0.046924
0.036464
0.027907
0.021338
0.016462
0.012873
0.010219
0.008235
0.006728
0.005567
0.004657
0.003936
0.003355
0.002883
0.002494
0.002172
0.001902
0.001675
0.001481
0.001316
0.001173
0.001050
0.000942
0.000849
0.000766
0.000694
0.000629
0.000573
0.000521
0.000477
0.000435
0.000399
0.000365
0.000336
0.000308
0.000285
0.000261
0.000242
0.000222
0.000207
0.000188
0.000177
0.000160
0.000152
0.000136
0.000130
0.000115
0.000112
0.000096
0.000097
0.000080
0.000084
0.000064
0.000074
0.000047
0.000072
0.000017
0.000476
0.000379
0.000803
0.000808
0.001151
0.001167
0.001427
0.001461
0.001704
0.001797
0.002080
0.002256
0.002629
0.002919
0.003451
0.003904
0.004715
0.005425
0.006750
0.007894
0.010218
0.012173
0.016554
0.020262
0.029055
0.037291
0.055907
0.077110
0.118785
0.075297
-0.086591
-0.118091
-0.012009
0.073261
0.097361
0.054385
0.005127
-0.002247
-0.023050
-0.054465
-0.067615
-0.066879
-0.058021
-0.046924
-0.036464
-0.027907
-0.021338
-0.016462
-0.012873
-0.010219
-0.008235
-0.006728
-0.005567
-0.004657
-0.003936
-0.003355
-0.002883
-0.002494
-0.002172
-0.001902
-0.001675
-0.001481
-0.001316
-0.001173
-0.001050
-0.000942
-0.000849
-0.000766
-0.000694
-0.000629
-0.000573
-0.000521
-0.000477
-0.000435
-0.000399
-0.000365
-0.000336
-0.000308
-0.000285
-0.000261
-0.000242
-0.000222
-0.000207
-0.000188
-0.000177
-0.000160
-0.000152
-0.000136
-0.000130
-0.000115
-0.000112
-0.000096
-0.000097
-0.000080
-0.000084
-0.000064
-0.000074
-0.000047
-0.000072
-0.000017
0.001440
0.001146
0.002423
0.002435
0.003469
0.003519
0.004303
0.004413
0.005147
0.005432
0.006288
0.006827
0.007953
0.008833
0.010432
0.011804
0.014226
0.016363
0.020271
0.023687
0.030430
0.036179
0.048644
0.059240
0.083779
0.106311
0.157457
0.212807
0.334749
0.304290
-0.099967
-0.313729
-0.105981
0.146601
0.221463
0.098526
-0.020661
-0.025102
-0.082624
-0.164867
-0.196941
-0.192481
-0.166105
-0.134143
-0.104196
-0.079799
-0.061077
-0.047192
-0.036962
-0.029392
-0.023725
-0.019414
-0.016088
-0.013478
-0.011406
-0.009735
-0.008376
-0.007256
-0.006327
-0.005547
-0.004890
-0.004330
-0.003851
-0.003437
-0.003080
-0.002768
-0.002496
-0.002256
-0.002045
-0.001857
-0.001691
-0.001541
-0.001410
-0.001288
-0.001183
-0.001083
-0.000999
-0.000915
-0.000847
-0.000776
-0.000721
-0.000660
-0.000616
-0.000561
-0.000527
-0.000478
-0.000453
-0.000405
-0.000389
-0.000343
-0.000335
-0.000287
-0.000289
-0.000237
-0.000250
-0.000191
-0.000221
-0.000139
-0.000215
-0.000050
0.002369
0.001883
0.003987
0.004005
0.005705
0.005783
0.007069
0.007238
0.008434
0.008886
0.010272
0.011132
0.012939
0.014346
0.016887
0.019075
0.022878
0.026274
0.032309
0.037713
0.047893
0.056913
0.075223
0.091453
0.126564
0.159342
0.230974
0.305674
0.475448
0.600065
0.231816
-0.211114
-0.169493
0.076473
0.144908
0.041285
-0.049317
-0.085919
-0.191379
-0.289276
-0.318942
-0.300570
-0.255967
-0.205979
-0.160478
-0.123648
-0.095397
-0.074329
-0.058701
-0.047031
-0.038219
-0.031451
-0.026190
-0.022027
-0.018702
-0.016005
-0.013802
-0.011978
-0.010461
-0.009182
-0.008102
-0.007179
-0.006390
-0.005706
-0.005115
-0.004598
-0.004148
-0.003749
-0.003400
-0.003087
-0.002812
-0.002563
-0.002344
-0.002142
-0.001967
-0.001801
-0.001660
-0.001522
-0.001408
-0.001290
-0.001199
-0.001097
-0.001024
-0.000933
-0.000877
-0.000794
-0.000753
-0.000674
-0.000647
-0.000570
-0.000557
-0.000478
-0.000481
-0.000395
-0.000416
-0.000318
-0.000367
-0.000232
-0.000358
-0.000083
0.003284
0.002609
0.005522
0.005543
0.007895
0.007996
0.009769
0.009994
0.011635
0.012244
0.014129
0.015291
0.017727
0.019620
0.023004
0.025931
0.030909
0.035414
0.043128
0.050214
0.062803
0.074402
0.096088
0.116171
0.155653
0.193327
0.268450
0.347857
0.492843
0.720170
0.650329
0.255982
-0.025509
-0.061026
-0.077152
-0.124752
-0.162357
-0.233121
-0.343810
-0.407827
-0.408854
-0.367378
-0.307630
-0.247159
-0.194291
-0.151724
-0.118874
-0.093994
-0.075231
-0.060964
-0.050021
-0.041492
-0.034781
-0.029414
-0.025091
-0.021557
-0.018653
-0.016235
-0.014214
-0.012505
-0.011056
-0.009814
-0.008748
-0.007824
-0.007023
-0.006320
-0.005707
-0.005163
-0.004687
-0.004259
-0.003883
-0.003541
-0.003242
-0.002964
-0.002724
-0.002495
-0.002301
-0.002110
-0.001953
-0.001790
-0.001664
-0.001522
-0.001422
-0.001296
-0.001218
-0.001103
-0.001046
-0.000937
-0.000900
-0.000792
-0.000775
-0.000664
-0.000669
-0.000549
-0.000579
-0.000442
-0.000511
-0.000322
-0.000498
-0.000116
0.004143
0.003287
0.006966
0.006984
0.009948
0.010061
0.012284
0.012543
0.014580
0.015308
0.017623
0.019021
0.021974
0.024247
0.028284
0.031773
0.037591
0.042895
0.051667
0.059855
0.073641
0.086649
0.109188
0.130591
0.168711
0.205587
0.269523
0.340330
0.430337
0.593159
0.665245
0.529558
0.296744
0.105716
-0.056051
-0.190996
-0.286876
-0.371819
-0.445495
-0.464228
-0.435748
-0.379482
-0.316063
-0.256586
-0.205934
-0.164786
-0.132328
-0.106959
-0.087240
-0.071797
-0.059662
-0.050000
-0.042269
-0.035996
-0.030884
-0.026663
-0.023166
-0.020233
-0.017767
-0.015670
-0.013885
-0.012348
-0.011026
-0.009875
-0.008875
-0.007996
-0.007228
-0.006545
-0.005945
-0.005406
-0.004932
-0.004500
-0.004122
-0.003770
-0.003466
-0.003176
-0.002930
-0.002687
-0.002488
-0.002282
-0.002121
-0.001941
-0.001813
-0.001654
-0.001554
-0.001408
-0.001335
-0.001196
-0.001149
-0.001011
-0.000990
-0.000848
-0.000854
-0.000702
-0.000740
-0.000565
-0.000652
-0.000412
-0.000636
-0.000148
0.004968
0.003936
0.008343
0.008353
0.011898
0.012015
0.014660
0.014941
0.017340
0.018164
0.020857
0.022450
0.025835
0.028414
0.032960
0.036880
0.043285
0.049152
0.058528
0.067377
0.081537
0.095127
0.117052
0.138315
0.172592
0.206652
0.257160
0.315428
0.373217
0.461096
0.515009
0.462740
0.325011
0.165928
-0.004354
-0.158737
-0.278713
-0.366207
-0.418581
-0.421404
-0.390890
-0.342465
-0.291089
-0.242841
-0.200985
-0.165658
-0.136694
-0.113084
-0.094069
-0.078680
-0.066269
-0.056157
-0.047919
-0.041128
-0.035524
-0.030843
-0.026930
-0.023620
-0.020819
-0.018421
-0.016370
-0.014595
-0.013062
-0.011722
-0.010556
-0.009526
-0.008623
-0.007819
-0.007111
-0.006473
-0.005912
-0.005399
-0.004950
-0.004531
-0.004169
-0.003823
-0.003529
-0.003238
-0.003000
-0.002752
-0.002559
-0.002343
-0.002190
-0.001997
-0.001878
-0.001702
-0.001614
-0.001446
-0.001389
-0.001224
-0.001198
-0.001027
-0.001034
-0.000850
-0.000896
-0.000684
-0.000790
-0.000499
-0.000771
-0.000180
0.005721
0.004525
0.009601
0.009598
0.013672
0.013780
0.016798
0.017077
0.019783
0.020659
0.023650
0.025365
0.029062
0.031830
0.036697
0.040856
0.047546
0.053657
0.063147
0.072115
0.085869
0.099109
0.119240
0.138841
0.167860
0.196904
0.234874
0.277812
0.316568
0.361000
0.386998
0.364249
0.280857
0.163523
0.026240
-0.106410
-0.216675
-0.294894
-0.338584
-0.344616
-0.327368
-0.295915
-0.260267
-0.224260
-0.191254
-0.161875
-0.136778
-0.115502
-0.097819
-0.083076
-0.070899
-0.060757
-0.052345
-0.045297
-0.039402
-0.034420
-0.030211
-0.026620
-0.023557
-0.020918
-0.018645
-0.016669
-0.014954
-0.013449
-0.012133
-0.010968
-0.009944
-0.009029
-0.008222
-0.007493
-0.006850
-0.006261
-0.005745
-0.005263
-0.004845
-0.004446
-0.004106
-0.003770
-0.003494
-0.003207
-0.002984
-0.002733
-0.002555
-0.002331
-0.002193
-0.001987
-0.001886
-0.001690
-0.001624
-0.001430
-0.001400
-0.001201
-0.001209
-0.000994
-0.001048
-0.000800
-0.000925
-0.000584
-0.000902
-0.000211
0.006421
0.005069
0.010765
0.010741
0.015301
0.015390
0.018745
0.019008
0.021976
0.022876
0.026106
0.027894
0.031813
0.034689
0.039739
0.044006
0.050772
0.056914
0.066207
0.074961
0.087878
0.100282
0.118156
0.135508
0.159311
0.182938
0.210830
0.240417
0.264806
0.285619
0.289156
0.265028
0.206713
0.125457
0.025743
-0.074421
-0.161816
-0.225634
-0.264276
-0.276108
-0.270193
-0.251633
-0.227845
-0.201721
-0.176523
-0.152978
-0.132107
-0.113738
-0.098004
-0.084493
-0.073065
-0.063329
-0.055106
-0.048097
-0.042155
-0.037066
-0.032723
-0.028979
-0.025760
-0.022965
-0.020543
-0.018424
-0.016575
-0.014944
-0.013513
-0.012241
-0.011119
-0.010112
-0.009223
-0.008417
-0.007705
-0.007051
-0.006476
-0.005939
-0.005472
-0.005025
-0.004645
-0.004268
-0.003958
-0.003635
-0.003384
-0.003101
-0.002901
-0.002648
-0.002492
-0.002259
-0.002144
-0.001922
-0.001848
-0.001628
-0.001594
-0.001367
-0.001378
-0.001132
-0.001194
-0.000912
-0.001054
-0.000666
-0.001029
-0.000241
0.007042
0.005547
0.011794
0.011744
0.016733
0.016790
0.020432
0.020655
0.023830
0.024715
0.028110
0.029906
0.033945
0.036827
0.041916
0.046137
0.052774
0.058724
0.067544
0.075768
0.087528
0.098698
0.114105
0.128851
0.147895
0.166321
0.186527
0.206254
0.221099
0.230499
0.225971
0.204463
0.159954
0.099313
0.025507
-0.049530
-0.117226
-0.168833
-0.202986
-0.218032
-0.219744
-0.210815
-0.196535
-0.178807
-0.160483
-0.142281
-0.125428
-0.109975
-0.096318
-0.084235
-0.073770
-0.064654
-0.056814
-0.050016
-0.044171
-0.039099
-0.034723
-0.030911
-0.027605
-0.024711
-0.022187
-0.019963
-0.018013
-0.016284
-0.014760
-0.013398
-0.012194
-0.011109
-0.010149
-0.009275
-0.008502
-0.007789
-0.007162
-0.006574
-0.006064
-0.005573
-0.005156
-0.004740
-0.004399
-0.004042
-0.003765
-0.003452
-0.003231
-0.002950
-0.002778
-0.002519
-0.002392
-0.002145
-0.002063
-0.001817
-0.001781
-0.001527
-0.001539
-0.001265
-0.001335
-0.001019
-0.001179
-0.000745
-0.001151
-0.000270
0.007599
0.005972
0.012711
0.012629
0.017995
0.018012
0.021899
0.022069
0.025407
0.026250
0.029754
0.031513
0.035596
0.038415
0.043440
0.047516
0.053889
0.059508
0.067696
0.075222
0.085685
0.095472
0.108436
0.120590
0.135431
0.149239
0.163264
0.175555
0.183015
0.184861
0.175489
0.154318
0.118414
0.072497
0.017621
-0.037948
-0.089362
-0.130050
-0.159177
-0.174869
-0.180607
-0.177557
-0.169484
-0.157638
-0.144452
-0.130541
-0.117144
-0.104387
-0.092787
-0.082234
-0.072889
-0.064570
-0.057288
-0.050867
-0.045267
-0.040343
-0.036046
-0.032265
-0.028955
-0.026033
-0.023466
-0.021189
-0.019180
-0.017389
-0.015803
-0.014379
-0.013116
-0.011973
-0.010957
-0.010030
-0.009208
-0.008448
-0.007778
-0.007148
-0.006600
-0.006071
-0.005622
-0.005173
-0.004805
-0.004418
-0.004119
-0.003778
-0.003538
-0.003232
-0.003045
-0.002762
-0.002625
-0.002354
-0.002265
-0.001996
-0.001957
-0.001678
-0.001692
-0.001391
-0.001469
-0.001121
-0.001297
-0.000820
-0.001267
-0.000298
0.008073
0.006330
0.013490
0.013371
0.019057
0.019024
0.023108
0.023208
0.026661
0.027432
0.030987
0.032661
0.036716
0.039403
0.044273
0.048113
0.054119
0.059299
0.066761
0.073487
0.082637
0.091017
0.101766
0.111572
0.123020
0.133175
0.142825
0.150296
0.153537
0.151933
0.141766
0.123408
0.094451
0.058500
0.016321
-0.026304
-0.066484
-0.099383
-0.124419
-0.139786
-0.147691
-0.148498
-0.144901
-0.137632
-0.128659
-0.118441
-0.108126
-0.097872
-0.088250
-0.079230
-0.071052
-0.063607
-0.056970
-0.051015
-0.045746
-0.041050
-0.036904
-0.033215
-0.029956
-0.027054
-0.024484
-0.022189
-0.020152
-0.018325
-0.016698
-0.015231
-0.013924
-0.012736
-0.011678
-0.010708
-0.009846
-0.009045
-0.008339
-0.007673
-0.007093
-0.006531
-0.006054
-0.005575
-0.005183
-0.004768
-0.004449
-0.004083
-0.003826
-0.003497
-0.003297
-0.002991
-0.002844
-0.002551
-0.002456
-0.002165
-0.002123
-0.001821
-0.001838
-0.001511
-0.001596
-0.001218
-0.001410
-0.000892
-0.001377
-0.000325
0.008479
0.006631
0.014149
0.013988
0.019942
0.019851
0.024091
0.024111
0.027640
0.028317
0.031878
0.033434
0.037405
0.039914
0.044564
0.048107
0.053677
0.058354
0.065038
0.070917
0.078767
0.085768
0.094482
0.102149
0.110697
0.117785
0.123918
0.127712
0.127765
0.123643
0.112956
0.096344
0.072424
0.043954
0.011230
-0.021569
-0.052928
-0.079246
-0.100259
-0.114302
-0.122806
-0.125657
-0.124781
-0.120555
-0.114552
-0.107094
-0.099202
-0.091017
-0.083111
-0.075485
-0.068421
-0.061851
-0.055893
-0.050457
-0.045580
-0.041175
-0.037241
-0.033703
-0.030549
-0.027714
-0.025185
-0.022910
-0.020878
-0.019043
-0.017403
-0.015915
-0.014584
-0.013369
-0.012282
-0.011282
-0.010391
-0.009561
-0.008828
-0.008133
-0.007527
-0.006939
-0.006439
-0.005935
-0.005523
-0.005085
-0.004748
-0.004360
-0.004089
-0.003739
-0.003527
-0.003202
-0.003046
-0.002733
-0.002633
-0.002321
-0.002278
-0.001954
-0.001973
-0.001622
-0.001714
-0.001309
-0.001516
-0.000958
-0.001480
-0.000350
0.008807
0.006869
0.014678
0.014472
0.020638
0.020483
0.024838
0.024768
0.028335
0.028902
0.032429
0.033840
0.037685
0.039981
0.044371
0.047582
0.052692
0.056845
0.062773
0.067837
0.074517
0.080291
0.087318
0.093248
0.099614
0.104495
0.108312
0.109918
0.108408
0.103489
0.093556
0.079305
0.059666
0.036768
0.010771
-0.015269
-0.040465
-0.062108
-0.080055
-0.092864
-0.101503
-0.105645
-0.106689
-0.104774
-0.101140
-0.095984
-0.090180
-0.083843
-0.077510
-0.071204
-0.065222
-0.059528
-0.054270
-0.049387
-0.044942
-0.040870
-0.037191
-0.033844
-0.030832
-0.028100
-0.025643
-0.023416
-0.021413
-0.019594
-0.017958
-0.016467
-0.015126
-0.013897
-0.012794
-0.011774
-0.010864
-0.010012
-0.009258
-0.008540
-0.007914
-0.007304
-0.006785
-0.006260
-0.005831
-0.005373
-0.005021
-0.004614
-0.004331
-0.003962
-0.003740
-0.003396
-0.003233
-0.002902
-0.002797
-0.002467
-0.002422
-0.002078
-0.002099
-0.001726
-0.001825
-0.001394
-0.001615
-0.001021
-0.001578
-0.000374
0.009064
0.007050
0.015087
0.014834
0.021162
0.020939
0.025371
0.025205
0.028777
0.029222
0.032680
0.033926
0.037610
0.039667
0.043763
0.046617
0.051243
0.054857
0.060036
0.064300
0.069882
0.074513
0.080038
0.084435
0.088954
0.091997
0.093938
0.093824
0.091099
0.085549
0.076165
0.063579
0.047130
0.028470
0.007620
-0.013144
-0.033393
-0.051065
-0.066160
-0.077442
-0.085601
-0.090203
-0.092275
-0.091800
-0.089753
-0.086237
-0.081989
-0.077091
-0.072030
-0.066834
-0.061793
-0.056890
-0.052284
-0.047935
-0.043921
-0.040194
-0.036789
-0.033658
-0.030813
-0.028209
-0.025849
-0.023693
-0.021743
-0.019959
-0.018347
-0.016868
-0.015534
-0.014304
-0.013197
-0.012168
-0.011248
-0.010383
-0.009616
-0.008882
-0.008243
-0.007616
-0.007083
-0.006541
-0.006099
-0.005625
-0.005261
-0.004838
-0.004545
-0.004160
-0.003930
-0.003570
-0.003401
-0.003054
-0.002946
-0.002598
-0.002553
-0.002190
-0.002214
-0.001820
-0.001926
-0.001471
-0.001705
-0.001079
-0.001667
-0.000397
0.009253
0.007177
0.015380
0.015079
0.021520
0.021227
0.025703
0.025439
0.028989
0.029305
0.032673
0.033746
0.037251
0.039064
0.042862
0.045364
0.049530
0.052640
0.057147
0.060705
0.065361
0.069049
0.073397
0.076631
0.079835
0.081645
0.082442
0.081422
0.078274
0.072831
0.064434
0.053615
0.039891
0.024534
0.007524
-0.009429
-0.026090
-0.040873
-0.053812
-0.063876
-0.071562
-0.076419
-0.079208
-0.079829
-0.079040
-0.076876
-0.073950
-0.070311
-0.066391
-0.062215
-0.058057
-0.053914
-0.049947
-0.046133
-0.042561
-0.039197
-0.036087
-0.033193
-0.030538
-0.028085
-0.025844
-0.023780
-0.021900
-0.020169
-0.018596
-0.017144
-0.015829
-0.014610
-0.013509
-0.012481
-0.011558
-0.010687
-0.009914
-0.009171
-0.008523
-0.007884
-0.007341
-0.006787
-0.006335
-0.005847
-0.005474
-0.005038
-0.004736
-0.004338
-0.004101
-0.003728
-0.003554
-0.003192
-0.003081
-0.002718
-0.002672
-0.002294
-0.002320
-0.001907
-0.002019
-0.001542
-0.001789
-0.001132
-0.001749
-0.000418
0.009374
0.007250
0.015561
0.015212
0.021719
0.021356
0.025843
0.025479
0.028982
0.029165
0.032420
0.033310
0.036618
0.038176
0.041665
0.043810
0.047519
0.050134
0.054001
0.056891
0.060700
0.063530
0.066840
0.069058
0.071143
0.071916
0.071768
0.070006
0.066504
0.061113
0.053451
0.043943
0.032297
0.019493
0.005487
-0.008421
-0.022144
-0.034454
-0.045430
-0.054216
-0.061192
-0.065920
-0.068973
-0.070200
-0.070198
-0.068951
-0.066967
-0.064268
-0.061229
-0.057868
-0.054438
-0.050940
-0.047531
-0.044196
-0.041030
-0.038009
-0.035183
-0.032526
-0.030064
-0.027769
-0.025656
-0.023695
-0.021897
-0.020231
-0.018708
-0.017295
-0.016008
-0.014810
-0.013724
-0.012704
-0.011788
-0.010918
-0.010144
-0.009398
-0.008746
-0.008101
-0.007552
-0.006989
-0.006531
-0.006033
-0.005654
-0.005208
-0.004900
-0.004490
-0.004249
-0.003864
-0.003686
-0.003312
-0.003199
-0.002823
-0.002777
-0.002384
-0.002413
-0.001984
-0.002102
-0.001606
-0.001863
-0.001179
-0.001822
-0.000437
0.009438
0.007279
0.015644
0.015248
0.021781
0.021350
0.025821
0.025362
0.028802
0.028855
0.031988
0.032702
0.035813
0.037131
0.040327
0.042145
0.045445
0.047624
0.050945
0.053277
0.056403
0.058560
0.061093
0.062580
0.063910
0.064037
0.063374
0.061308
0.057840
0.052823
0.046039
0.037813
0.027952
0.017202
0.005526
-0.006088
-0.017601
-0.028057
-0.037533
-0.045324
-0.051717
-0.056312
-0.059541
-0.061236
-0.061863
-0.061377
-0.060191
-0.058309
-0.056051
-0.053429
-0.050670
-0.047778
-0.044901
-0.042034
-0.039270
-0.036592
-0.034058
-0.031646
-0.029390
-0.027266
-0.025295
-0.023450
-0.021747
-0.020157
-0.018697
-0.017333
-0.016085
-0.014916
-0.013854
-0.012851
-0.011947
-0.011085
-0.010317
-0.009572
-0.008921
-0.008274
-0.007724
-0.007156
-0.006694
-0.006190
-0.005807
-0.005352
-0.005041
-0.004622
-0.004378
-0.003982
-0.003803
-0.003418
-0.003304
-0.002916
-0.002871
-0.002465
-0.002497
-0.002053
-0.002176
-0.001663
-0.001930
-0.001223
-0.001889
-0.000455
0.009441
0.007260
0.015628
0.015187
0.021705
0.021206
0.025635
0.025084
0.028441
0.028365
0.031362
0.031899
0.034804
0.035883
0.038787
0.040287
0.043190
0.044955
0.047766
0.049580
0.052087
0.053638
0.055485
0.056331
0.057010
0.056582
0.055479
0.053145
0.049682
0.044935
0.038820
0.031576
0.023104
0.013973
0.004156
-0.005591
-0.015266
-0.024124
-0.032247
-0.039058
-0.044782
-0.049064
-0.052237
-0.054127
-0.055102
-0.055099
-0.054454
-0.053158
-0.051481
-0.049428
-0.047201
-0.044802
-0.042370
-0.039902
-0.037488
-0.035118
-0.032849
-0.030666
-0.028605
-0.026647
-0.024815
-0.023087
-0.021482
-0.019973
-0.018580
-0.017271
-0.016068
-0.014935
-0.013901
-0.012921
-0.012035
-0.011186
-0.010429
-0.009690
-0.009044
-0.008398
-0.007850
-0.007281
-0.006819
-0.006311
-0.005927
-0.005466
-0.005153
-0.004728
-0.004482
-0.004079
-0.003898
-0.003505
-0.003391
-0.002994
-0.002950
-0.002532
-0.002567
-0.002111
-0.002239
-0.001711
-0.001987
-0.001259
-0.001945
-0.000470
0.009398
0.007207
0.015535
0.015051
0.021521
0.020961
0.025329
0.024693
0.027959
0.027766
0.030626
0.031002
0.033714
0.034576
0.037218
0.038438
0.041001
0.042416
0.044807
0.046206
0.048232
0.049327
0.050680
0.051090
0.051356
0.050617
0.049323
0.046959
0.043692
0.039354
0.033948
0.027629
0.020360
0.012567
0.004237
-0.004050
-0.012299
-0.019924
-0.026994
-0.033038
-0.038228
-0.042255
-0.045374
-0.047419
-0.048679
-0.049082
-0.048901
-0.048115
-0.046953
-0.045413
-0.043672
-0.041733
-0.039720
-0.037633
-0.035558
-0.033490
-0.031485
-0.029533
-0.027671
-0.025884
-0.024199
-0.022596
-0.021097
-0.019677
-0.018359
-0.017112
-0.015962
-0.014872
-0.013874
-0.012922
-0.012060
-0.011229
-0.010487
-0.009759
-0.009123
-0.008482
-0.007939
-0.007372
-0.006912
-0.006403
-0.006020
-0.005557
-0.005244
-0.004814
-0.004567
-0.004159
-0.003978
-0.003579
-0.003464
-0.003059
-0.003017
-0.002591
-0.002628
-0.002162
-0.002294
-0.001753
-0.002037
-0.001292
-0.001995
-0.000484
0.009301
0.007113
0.015355
0.014832
0.021221
0.020602
0.024888
0.024172
0.027334
0.027027
0.029744
0.029962
0.032478
0.033133
0.035518
0.036471
0.038710
0.039798
0.041800
0.042819
0.044409
0.045093
0.046008
0.046030
0.045934
0.044920
0.043451
0.041043
0.037916
0.033889
0.029032
0.023440
0.017127
0.010405
0.003284
-0.003798
-0.010845
-0.017401
-0.023524
-0.028835
-0.033466
-0.037155
-0.040100
-0.042147
-0.043525
-0.044159
-0.044271
-0.043835
-0.043041
-0.041884
-0.040516
-0.038938
-0.037264
-0.035492
-0.033704
-0.031895
-0.030121
-0.028375
-0.026693
-0.025065
-0.023517
-0.022033
-0.020637
-0.019305
-0.018062
-0.016879
-0.015783
-0.014738
-0.013779
-0.012859
-0.012024
-0.011215
-0.010491
-0.009777
-0.009153
-0.008521
-0.007986
-0.007423
-0.006969
-0.006462
-0.006081
-0.005618
-0.005306
-0.004875
-0.004629
-0.004217
-0.004037
-0.003633
-0.003520
-0.003109
-0.003068
-0.002635
-0.002675
-0.002200
-0.002337
-0.001786
-0.002077
-0.001317
-0.002035
-0.000496
0.009171
0.006994
0.015119
0.014560
0.020843
0.020172
0.024364
0.023580
0.026635
0.026229
0.028808
0.028888
0.031226
0.031700
0.033861
0.034590
0.036557
0.037379
0.039070
0.039793
0.041055
0.041443
0.042056
0.041831
0.041525
0.040386
0.038887
0.036564
0.033673
0.030016
0.025711
0.020794
0.015315
0.009498
0.003368
-0.002742
-0.008830
-0.014539
-0.019911
-0.024639
-0.028824
-0.032242
-0.035046
-0.037098
-0.038577
-0.039411
-0.039780
-0.039651
-0.039186
-0.038375
-0.037348
-0.036105
-0.034746
-0.033273
-0.031758
-0.030201
-0.028653
-0.027110
-0.025609
-0.024140
-0.022733
-0.021372
-0.020082
-0.018843
-0.017681
-0.016567
-0.015530
-0.014536
-0.013620
-0.012737
-0.011933
-0.011149
-0.010448
-0.009752
-0.009143
-0.008524
-0.008000
-0.007444
-0.006997
-0.006494
-0.006118
-0.005657
-0.005348
-0.004916
-0.004673
-0.004260
-0.004081
-0.003674
-0.003562
-0.003148
-0.003109
-0.002671
-0.002713
-0.002232
-0.002372
-0.001814
-0.002110
-0.001339
-0.002068
-0.000506
0.008995
0.006841
0.014811
0.014220
0.020369
0.019652
0.023732
0.022886
0.025824
0.025326
0.027763
0.027713
0.029875
0.030178
0.032123
0.032640
0.034352
0.034927
0.036331
0.036784
0.037749
0.037870
0.038211
0.037763
0.037267
0.036009
0.034471
0.032204
0.029493
0.026126
0.022257
0.017880
0.013077
0.007997
0.002685
-0.002613
-0.007883
-0.012853
-0.017550
-0.021730
-0.025467
-0.028578
-0.031179
-0.033149
-0.034631
-0.035556
-0.036069
-0.036139
-0.035898
-0.035335
-0.034561
-0.033575
-0.032465
-0.031232
-0.029942
-0.028595
-0.027240
-0.025872
-0.024530
-0.023204
-0.021923
-0.020675
-0.019485
-0.018334
-0.017248
-0.016202
-0.015224
-0.014280
-0.013408
-0.012563
-0.011791
-0.011035
-0.010358
-0.009682
-0.009091
-0.008486
-0.007974
-0.007428
-0.006990
-0.006494
-0.006124
-0.005667
-0.005363
-0.004933
-0.004693
-0.004280
-0.004104
-0.003696
-0.003587
-0.003170
-0.003133
-0.002692
-0.002737
-0.002252
-0.002395
-0.001831
-0.002131
-0.001353
-0.002090
-0.000514
0.008798
0.006673
0.014464
0.013847
0.019845
0.019089
0.023050
0.022154
0.024977
0.024402
0.026707
0.026548
0.028552
0.028713
0.030472
0.030818
0.032319
0.032700
0.033880
0.034132
0.034878
0.034815
0.034979
0.034402
0.033814
0.032531
0.031038
0.028898
0.026413
0.023360
0.019916
0.016039
0.011831
0.007384
0.002758
-0.001869
-0.006472
-0.010843
-0.014993
-0.018730
-0.022106
-0.024968
-0.027405
-0.029314
-0.030802
-0.031811
-0.032454
-0.032702
-0.032663
-0.032326
-0.031785
-0.031037
-0.030159
-0.029152
-0.028076
-0.026930
-0.025761
-0.024565
-0.023379
-0.022194
-0.021041
-0.019907
-0.018819
-0.017758
-0.016752
-0.015775
-0.014859
-0.013969
-0.013144
-0.012340
-0.011604
-0.010879
-0.010228
-0.009576
-0.009005
-0.008416
-0.007919
-0.007386
-0.006959
-0.006471
-0.006109
-0.005657
-0.005359
-0.004933
-0.004697
-0.004287
-0.004114
-0.003706
-0.003600
-0.003182
-0.003148
-0.002705
-0.002752
-0.002265
-0.002411
-0.001844
-0.002147
-0.001364
-0.002106
-0.000520
0.008561
0.006477
0.014058
0.013419
0.019244
0.018455
0.022284
0.021346
0.024046
0.023403
0.025573
0.025313
0.027162
0.027191
0.028772
0.028959
0.030262
0.030466
0.031438
0.031506
0.032053
0.031824
0.031825
0.031130
0.030453
0.029139
0.027673
0.025629
0.023322
0.020521
0.017421
0.013951
0.010230
0.006308
0.002256
-0.001802
-0.005831
-0.009675
-0.013334
-0.016657
-0.019680
-0.022280
-0.024522
-0.026319
-0.027756
-0.028778
-0.029480
-0.029831
-0.029922
-0.029741
-0.029367
-0.028796
-0.028096
-0.027267
-0.026362
-0.025381
-0.024366
-0.023316
-0.022264
-0.021203
-0.020162
-0.019130
-0.018134
-0.017155
-0.016223
-0.015313
-0.014455
-0.013618
-0.012839
-0.012075
-0.011375
-0.010682
-0.010059
-0.009430
-0.008880
-0.008310
-0.007830
-0.007309
-0.006895
-0.006417
-0.006065
-0.005620
-0.005330
-0.004909
-0.004678
-0.004271
-0.004103
-0.003698
-0.003594
-0.003178
-0.003146
-0.002704
-0.002753
-0.002266
-0.002414
-0.001846
-0.002151
-0.001367
-0.002111
-0.000524
0.008313
0.006273
0.013631
0.012974
0.018616
0.017802
0.021496
0.020527
0.023110
0.022412
0.024459
0.024118
0.025830
0.025754
0.027184
0.027245
0.028389
0.028457
0.029270
0.029207
0.029613
0.029277
0.029179
0.028429
0.027725
0.026437
0.025047
0.023138
0.021032
0.018490
0.015720
0.012626
0.009339
0.005874
0.002311
-0.001268
-0.004819
-0.008226
-0.011480
-0.014464
-0.017198
-0.019582
-0.021665
-0.023373
-0.024771
-0.025812
-0.026569
-0.027017
-0.027227
-0.027189
-0.026969
-0.026564
-0.026030
-0.025368
-0.024625
-0.023802
-0.022936
-0.022026
-0.021104
-0.020164
-0.019234
-0.018304
-0.017400
-0.016505
-0.015649
-0.014805
-0.014008
-0.013225
-0.012494
-0.011773
-0.011111
-0.010451
-0.009858
-0.009255
-0.008729
-0.008178
-0.007716
-0.007211
-0.006810
-0.006344
-0.006003
-0.005567
-0.005284
-0.004871
-0.004646
-0.004244
-0.004080
-0.003679
-0.003579
-0.003166
-0.003136
-0.002696
-0.002748
-0.002262
-0.002411
-0.001844
-0.002150
-0.001367
-0.002111
-0.000526
0.008031
0.006046
0.013155
0.012485
0.017926
0.017093
0.020642
0.019649
0.022109
0.021366
0.023289
0.022875
0.024453
0.024280
0.025566
0.025513
0.026507
0.026451
0.027117
0.026934
0.027211
0.026777
0.026587
0.025783
0.025050
0.023778
0.022445
0.020643
0.018700
0.016369
0.013870
0.011087
0.008163
0.005082
0.001933
-0.001234
-0.004370
-0.007391
-0.010280
-0.012947
-0.015403
-0.017569
-0.019478
-0.021069
-0.022393
-0.023409
-0.024175
-0.024668
-0.024948
-0.025002
-0.024888
-0.024602
-0.024192
-0.023658
-0.023043
-0.022346
-0.021602
-0.020809
-0.019997
-0.019161
-0.018327
-0.017486
-0.016664
-0.015845
-0.015056
-0.014276
-0.013535
-0.012802
-0.012118
-0.011438
-0.010813
-0.010186
-0.009622
-0.009046
-0.008543
-0.008013
-0.007570
-0.007082
-0.006695
-0.006243
-0.005913
-0.005488
-0.005214
-0.004808
-0.004591
-0.004195
-0.004037
-0.003641
-0.003545
-0.003136
-0.003110
-0.002674
-0.002727
-0.002245
-0.002394
-0.001832
-0.002137
-0.001359
-0.002099
-0.000525
0.007748
0.005819
0.012672
0.011994
0.017230
0.016385
0.019789
0.018783
0.021126
0.020351
0.022160
0.021692
0.023153
0.022905
0.024071
0.023931
0.024805
0.024659
0.025214
0.024951
0.025139
0.024650
0.024411
0.023595
0.022871
0.021650
0.020402
0.018730
0.016958
0.014840
0.012597
0.010102
0.007502
0.004760
0.001970
-0.000845
-0.003628
-0.006324
-0.008907
-0.011311
-0.013536
-0.015520
-0.017285
-0.018782
-0.020046
-0.021045
-0.021824
-0.022362
-0.022707
-0.022849
-0.022834
-0.022659
-0.022365
-0.021953
-0.021458
-0.020881
-0.020253
-0.019572
-0.018867
-0.018132
-0.017393
-0.016640
-0.015899
-0.015154
-0.014434
-0.013716
-0.013032
-0.012352
-0.011714
-0.011076
-0.010489
-0.009896
-0.009364
-0.008815
-0.008337
-0.007830
-0.007405
-0.006936
-0.006565
-0.006127
-0.005809
-0.005396
-0.005131
-0.004735
-0.004525
-0.004138
-0.003985
-0.003595
-0.003504
-0.003101
-0.003077
-0.002646
-0.002701
-0.002224
-0.002374
-0.001816
-0.002120
-0.001349
-0.002083
-0.000524
0.007434
0.005572
0.012148
0.011468
0.016484
0.015633
0.018885
0.017872
0.020094
0.019294
0.020990
0.020474
0.021820
0.021507
0.022557
0.022339
0.023100
0.022873
0.023325
0.022989
0.023094
0.022554
0.022268
0.021439
0.020718
0.019536
0.018357
0.016791
0.015161
0.013220
0.011192
0.008940
0.006614
0.004161
0.001679
-0.000830
-0.003305
-0.005711
-0.008017
-0.010175
-0.012179
-0.013982
-0.015596
-0.016982
-0.018167
-0.019122
-0.019882
-0.020431
-0.020806
-0.021000
-0.021049
-0.020951
-0.020742
-0.020420
-0.020018
-0.019535
-0.019001
-0.018412
-0.017795
-0.017145
-0.016486
-0.015810
-0.015140
-0.014462
-0.013803
-0.013142
-0.012511
-0.011878
-0.011284
-0.010687
-0.010137
-0.009577
-0.009074
-0.008554
-0.008100
-0.007616
-0.007211
-0.006760
-0.006406
-0.005983
-0.005678
-0.005278
-0.005024
-0.004639
-0.004437
-0.004059
-0.003912
-0.003531
-0.003443
-0.003048
-0.003027
-0.002604
-0.002659
-0.002190
-0.002339
-0.001790
-0.002090
-0.001331
-0.002055
-0.000519
0.007129
0.005330
0.011631
0.010950
0.015748
0.014897
0.017999
0.016990
0.019098
0.018285
0.019877
0.019328
0.020575
0.020214
0.021167
0.020894
0.021565
0.021284
0.021659
0.021279
0.021331
0.020769
0.020463
0.019648
0.018955
0.017835
0.016740
0.015290
0.013806
0.012040
0.010215
0.008186
0.006108
0.003911
0.001698
-0.000545
-0.002754
-0.004912
-0.006982
-0.008933
-0.010752
-0.012402
-0.013890
-0.015184
-0.016303
-0.017224
-0.017972
-0.018534
-0.018940
-0.019183
-0.019294
-0.019269
-0.019139
-0.018903
-0.018589
-0.018196
-0.017751
-0.017250
-0.016719
-0.016151
-0.015570
-0.014968
-0.014368
-0.013755
-0.013158
-0.012553
-0.011974
-0.011389
-0.010839
-0.010282
-0.009769
-0.009244
-0.008771
-0.008279
-0.007850
-0.007389
-0.007006
-0.006574
-0.006236
-0.005830
-0.005539
-0.005152
-0.004909
-0.004535
-0.004342
-0.003973
-0.003833
-0.003461
-0.003378
-0.002991
-0.002973
-0.002557
-0.002614
-0.002153
-0.002301
-0.001761
-0.002058
-0.001311
-0.002024
-0.000514
0.006795
0.005071
0.011077
0.010403
0.014969
0.014125
0.017071
0.016071
0.018061
0.017242
0.018730
0.018155
0.019304
0.018902
0.019763
0.019441
0.020027
0.019697
0.020001
0.019581
0.019583
0.019001
0.018676
0.017872
0.017200
0.016131
0.015106
0.013756
0.012394
0.010776
0.009124
0.007287
0.005421
0.003447
0.001469
-0.000541
-0.002514
-0.004449
-0.006305
-0.008063
-0.009704
-0.011205
-0.012564
-0.013758
-0.014797
-0.015666
-0.016382
-0.016935
-0.017348
-0.017615
-0.017761
-0.017784
-0.017708
-0.017535
-0.017287
-0.016964
-0.016589
-0.016159
-0.015697
-0.015198
-0.014684
-0.014145
-0.013606
-0.013051
-0.012507
-0.011954
-0.011421
-0.010881
-0.010372
-0.009854
-0.009375
-0.008882
-0.008440
-0.007975
-0.007571
-0.007134
-0.006771
-0.006359
-0.006039
-0.005649
-0.005372
-0.005000
-0.004768
-0.004408
-0.004223
-0.003867
-0.003733
-0.003372
-0.003293
-0.002917
-0.002901
-0.002496
-0.002553
-0.002103
-0.002249
-0.001722
-0.002013
-0.001283
-0.001980
-0.000505
0.006477
0.004823
0.010542
0.009875
0.014217
0.013383
0.016179
0.015195
0.017074
0.016258
0.017652
0.017064
0.018127
0.017700
0.018482
0.018130
0.018648
0.018289
0.018540
0.018101
0.018073
0.017491
0.017166
0.016390
0.015754
0.014750
0.013803
0.012556
0.011317
0.009843
0.008352
0.006694
0.005020
0.003245
0.001474
-0.000331
-0.002100
-0.003842
-0.005514
-0.007106
-0.008596
-0.009969
-0.011219
-0.012328
-0.013302
-0.014128
-0.014820
-0.015367
-0.015789
-0.016080
-0.016261
-0.016329
-0.016307
-0.016193
-0.016007
-0.015751
-0.015443
-0.015081
-0.014686
-0.014253
-0.013802
-0.013325
-0.012844
-0.012346
-0.011855
-0.011351
-0.010866
-0.010369
-0.009901
-0.009420
-0.008976
-0.008516
-0.008103
-0.007666
-0.007287
-0.006874
-0.006532
-0.006140
-0.005837
-0.005465
-0.005202
-0.004845
-0.004625
-0.004278
-0.004102
-0.003758
-0.003630
-0.003280
-0.003207
-0.002841
-0.002828
-0.002433
-0.002491
-0.002052
-0.002196
-0.001681
-0.001967
-0.001254
-0.001935
-0.000496
0.006130
0.004557
0.009971
0.009319
0.013424
0.012608
0.015246
0.014285
0.016050
0.015243
0.016541
0.015946
0.016924
0.016477
0.017184
0.016806
0.017260
0.016876
0.017079
0.016625
0.016567
0.015987
0.015659
0.014909
0.014303
0.013354
0.012475
0.011319
0.010184
0.008836
0.007486
0.005983
0.004476
0.002877
0.001289
-0.000333
-0.001919
-0.003485
-0.004987
-0.006424
-0.007771
-0.009020
-0.010159
-0.011178
-0.012079
-0.012851
-0.013504
-0.014030
-0.014444
-0.014741
-0.014938
-0.015034
-0.015046
-0.014973
-0.014833
-0.014626
-0.014370
-0.014063
-0.013722
-0.013344
-0.012946
-0.012522
-0.012092
-0.011642
-0.011198
-0.010739
-0.010296
-0.009840
-0.009408
-0.008963
-0.008552
-0.008124
-0.007738
-0.007329
-0.006974
-0.006585
-0.006263
-0.005893
-0.005607
-0.005254
-0.005005
-0.004665
-0.004456
-0.004123
-0.003957
-0.003626
-0.003506
-0.003169
-0.003100
-0.002747
-0.002736
-0.002355
-0.002412
-0.001987
-0.002128
-0.001630
-0.001907
-0.001217
-0.001877
-0.000484
0.005808
0.004309
0.009432
0.008793
0.012671
0.011875
0.014363
0.013429
0.015089
0.014298
0.015511
0.014917
0.015821
0.015365
0.016009
0.015618
0.016021
0.015627
0.015794
0.015338
0.015266
0.014700
0.014382
0.013667
0.013101
0.012215
0.011406
0.010342
0.009310
0.008082
0.006863
0.005503
0.004148
0.002707
0.001281
-0.000180
-0.001605
-0.003018
-0.004373
-0.005676
-0.006899
-0.008040
-0.009085
-0.010028
-0.010866
-0.011594
-0.012215
-0.012725
-0.013134
-0.013439
-0.013653
-0.013775
-0.013820
-0.013787
-0.013691
-0.013532
-0.013326
-0.013070
-0.012781
-0.012454
-0.012108
-0.011735
-0.011353
-0.010951
-0.010552
-0.010137
-0.009734
-0.009317
-0.008922
-0.008512
-0.008133
-0.007735
-0.007378
-0.006995
-0.006665
-0.006299
-0.005998
-0.005648
-0.005379
-0.005044
-0.004810
-0.004486
-0.004289
-0.003971
-0.003814
-0.003496
-0.003383
-0.003059
-0.002994
-0.002654
-0.002645
-0.002277
-0.002334
-0.001923
-0.002061
-0.001578
-0.001848
-0.001180
-0.001820
-0.000471
0.005453
0.004041
0.008852
0.008237
0.011875
0.011107
0.013438
0.012538
0.014087
0.013319
0.014443
0.013856
0.014686
0.014227
0.014809
0.014409
0.014764
0.014363
0.014497
0.014043
0.013956
0.013404
0.013094
0.012414
0.011882
0.011053
0.010306
0.009325
0.008384
0.007263
0.006159
0.004927
0.003708
0.002408
0.001128
-0.000186
-0.001465
-0.002737
-0.003956
-0.005131
-0.006236
-0.007272
-0.008222
-0.009086
-0.009856
-0.010531
-0.011111
-0.011594
-0.011986
-0.012286
-0.012504
-0.012639
-0.012703
-0.012695
-0.012630
-0.012506
-0.012338
-0.012122
-0.011875
-0.011591
-0.011288
-0.010957
-0.010617
-0.010257
-0.009897
-0.009521
-0.009155
-0.008775
-0.008413
-0.008036
-0.007687
-0.007319
-0.006988
-0.006632
-0.006325
-0.005983
-0.005702
-0.005374
-0.005122
-0.004806
-0.004587
-0.004280
-0.004095
-0.003793
-0.003645
-0.003343
-0.003237
-0.002928
-0.002868
-0.002542
-0.002536
-0.002183
-0.002239
-0.001845
-0.001979
-0.001516
-0.001775
-0.001134
-0.001749
-0.000455
0.005134
0.003796
0.008317
0.007721
0.011134
0.010393
0.012578
0.011713
0.013162
0.012420
0.013465
0.012892
0.013657
0.013202
0.013732
0.013333
0.013649
0.013251
0.013362
0.012917
0.012825
0.012296
0.012001
0.011361
0.010867
0.010098
0.009415
0.008514
0.007660
0.006640
0.005644
0.004529
0.003432
0.002259
0.001109
-0.000075
-0.001226
-0.002374
-0.003473
-0.004539
-0.005541
-0.006485
-0.007355
-0.008150
-0.008863
-0.009492
-0.010038
-0.010498
-0.010878
-0.011175
-0.011398
-0.011546
-0.011629
-0.011647
-0.011612
-0.011521
-0.011388
-0.011211
-0.011003
-0.010760
-0.010498
-0.010208
-0.009908
-0.009587
-0.009266
-0.008927
-0.008597
-0.008251
-0.007922
-0.007576
-0.007256
-0.006916
-0.006612
-0.006281
-0.005997
-0.005677
-0.005416
-0.005108
-0.004874
-0.004576
-0.004371
-0.004081
-0.003908
-0.003621
-0.003483
-0.003196
-0.003097
-0.002801
-0.002746
-0.002435
-0.002430
-0.002093
-0.002148
-0.001770
-0.001899
-0.001455
-0.001705
-0.001090
-0.001680
-0.000439
0.004774
0.003527
0.007735
0.007169
0.010343
0.009637
0.011668
0.010845
0.012188
0.011477
0.012441
0.011886
0.012585
0.012139
0.012618
0.012224
0.012503
0.012111
0.012199
0.011768
0.011670
0.011166
0.010885
0.010284
0.009825
0.009113
0.008487
0.007661
0.006886
0.005958
0.005060
0.004053
0.003066
0.002011
0.000980
-0.000084
-0.001116
-0.002147
-0.003134
-0.004094
-0.004997
-0.005851
-0.006639
-0.007363
-0.008015
-0.008594
-0.009098
-0.009528
-0.009886
-0.010171
-0.010389
-0.010539
-0.010632
-0.010664
-0.010648
-0.010581
-0.010475
-0.010328
-0.010151
-0.009941
-0.009713
-0.009457
-0.009192
-0.008906
-0.008619
-0.008313
-0.008016
-0.007701
-0.007402
-0.007087
-0.006794
-0.006482
-0.006203
-0.005898
-0.005635
-0.005339
-0.005098
-0.004811
-0.004594
-0.004316
-0.004125
-0.003853
-0.003692
-0.003423
-0.003295
-0.003024
-0.002932
-0.002653
-0.002602
-0.002308
-0.002305
-0.001985
-0.002038
-0.001680
-0.001803
-0.001382
-0.001620
-0.001037
-0.001597
-0.000419
0.004462
0.003289
0.007213
0.006669
0.009624
0.008950
0.010839
0.010058
0.011305
0.010629
0.011519
0.010986
0.011628
0.011196
0.011631
0.011248
0.011496
0.011117
0.011189
0.010776
0.010679
0.010202
0.009939
0.009379
0.008957
0.008300
0.007730
0.006976
0.006274
0.005433
0.004624
0.003714
0.002828
0.001878
0.000952
-0.000006
-0.000933
-0.001862
-0.002751
-0.003619
-0.004436
-0.005212
-0.005929
-0.006592
-0.007191
-0.007727
-0.008197
-0.008601
-0.008941
-0.009216
-0.009431
-0.009586
-0.009688
-0.009735
-0.009737
-0.009693
-0.009613
-0.009493
-0.009347
-0.009168
-0.008971
-0.008749
-0.008516
-0.008263
-0.008007
-0.007734
-0.007466
-0.007182
-0.006912
-0.006625
-0.006359
-0.006073
-0.005817
-0.005536
-0.005295
-0.005021
-0.004798
-0.004531
-0.004330
-0.004071
-0.003894
-0.003639
-0.003489
-0.003237
-0.003117
-0.002862
-0.002777
-0.002513
-0.002467
-0.002188
-0.002186
-0.001883
-0.001935
-0.001595
-0.001713
-0.001313
-0.001540
-0.000985
-0.001518
-0.000400
0.004098
0.003020
0.006629
0.006122
0.008839
0.008209
0.009944
0.009214
0.010356
0.009720
0.010534
0.010029
0.010611
0.010199
0.010589
0.010222
0.010440
0.010077
0.010135
0.009743
0.009646
0.009200
0.008955
0.008436
0.008050
0.007448
0.006931
0.006246
0.005613
0.004854
0.004128
0.003311
0.002518
0.001667
0.000841
-0.000016
-0.000843
-0.001675
-0.002469
-0.003247
-0.003979
-0.004677
-0.005323
-0.005922
-0.006465
-0.006953
-0.007383
-0.007755
-0.008071
-0.008329
-0.008533
-0.008684
-0.008787
-0.008841
-0.008855
-0.008826
-0.008764
-0.008666
-0.008542
-0.008390
-0.008219
-0.008025
-0.007820
-0.007596
-0.007369
-0.007125
-0.006886
-0.006630
-0.006387
-0.006126
-0.005885
-0.005625
-0.005393
-0.005136
-0.004916
-0.004665
-0.004461
-0.004216
-0.004031
-0.003791
-0.003629
-0.003393
-0.003255
-0.003021
-0.002911
-0.002674
-0.002595
-0.002350
-0.002307
-0.002047
-0.002047
-0.001763
-0.001812
-0.001495
-0.001606
-0.001232
-0.001444
-0.000926
-0.001424
-0.000378
0.003798
0.002792
0.006126
0.005642
0.008147
0.007552
0.009152
0.008468
0.009520
0.008923
0.009669
0.009192
0.009723
0.009331
0.009684
0.009334
0.009528
0.009184
0.009231
0.008862
0.008769
0.008353
0.008127
0.007648
0.007296
0.006746
0.006278
0.005657
0.005088
0.004402
0.003751
0.003016
0.002307
0.001544
0.000804
0.000037
-0.000704
-0.001450
-0.002162
-0.002862
-0.003521
-0.004151
-0.004735
-0.005280
-0.005774
-0.006222
-0.006618
-0.006963
-0.007258
-0.007502
-0.007699
-0.007847
-0.007952
-0.008014
-0.008038
-0.008024
-0.007979
-0.007901
-0.007800
-0.007671
-0.007525
-0.007357
-0.007178
-0.006981
-0.006781
-0.006563
-0.006350
-0.006121
-0.005902
-0.005667
-0.005450
-0.005214
-0.005003
-0.004768
-0.004568
-0.004338
-0.004151
-0.003926
-0.003756
-0.003535
-0.003386
-0.003167
-0.003041
-0.002823
-0.002722
-0.002500
-0.002428
-0.002199
-0.002161
-0.001918
-0.001918
-0.001653
-0.001700
-0.001401
-0.001507
-0.001155
-0.001356
-0.000868
-0.001337
-0.000355
0.003429
0.002522
0.005539
0.005101
0.007367
0.006823
0.008270
0.007643
0.008592
0.008043
0.008715
0.008274
0.008750
0.008385
0.008699
0.008373
0.008542
0.008222
0.008259
0.007918
0.007830
0.007449
0.007242
0.006807
0.006489
0.005993
0.005574
0.005017
0.004510
0.003898
0.003320
0.002667
0.002038
0.001361
0.000707
0.000026
-0.000629
-0.001290
-0.001921
-0.002542
-0.003127
-0.003688
-0.004209
-0.004696
-0.005138
-0.005541
-0.005898
-0.006211
-0.006480
-0.006705
-0.006887
-0.007027
-0.007128
-0.007191
-0.007220
-0.007215
-0.007182
-0.007119
-0.007035
-0.006926
-0.006801
-0.006655
-0.006500
-0.006327
-0.006151
-0.005959
-0.005771
-0.005567
-0.005373
-0.005162
-0.004968
-0.004756
-0.004567
-0.004356
-0.004175
-0.003967
-0.003799
-0.003594
-0.003441
-0.003240
-0.003105
-0.002906
-0.002791
-0.002592
-0.002500
-0.002298
-0.002232
-0.002023
-0.001988
-0.001765
-0.001766
-0.001522
-0.001566
-0.001292
-0.001389
-0.001066
-0.001250
-0.000803
-0.001233
-0.000331
0.003145
0.002306
0.005060
0.004645
0.006709
0.006202
0.007519
0.006940
0.007804
0.007297
0.007906
0.007497
0.007927
0.007587
0.007868
0.007564
0.007714
0.007415
0.007445
0.007130
0.007047
0.006697
0.006509
0.006113
0.005827
0.005378
0.005003
0.004502
0.004049
0.003502
0.002988
0.002405
0.001847
0.001244
0.000664
0.000058
-0.000523
-0.001112
-0.001673
-0.002227
-0.002749
-0.003251
-0.003717
-0.004155
-0.004553
-0.004918
-0.005242
-0.005528
-0.005775
-0.005983
-0.006154
-0.006287
-0.006386
-0.006450
-0.006485
-0.006488
-0.006466
-0.006417
-0.006349
-0.006257
-0.006152
-0.006026
-0.005892
-0.005741
-0.005588
-0.005418
-0.005252
-0.005071
-0.004898
-0.004711
-0.004537
-0.004347
-0.004177
-0.003987
-0.003824
-0.003636
-0.003484
-0.003298
-0.003160
-0.002976
-0.002854
-0.002672
-0.002568
-0.002385
-0.002302
-0.002116
-0.002057
-0.001864
-0.001833
-0.001627
-0.001629
-0.001404
-0.001445
-0.001192
-0.001283
-0.000983
-0.001155
-0.000740
-0.001139
-0.000305
0.002766
0.002033
0.004466
0.004104
0.005928
0.005480
0.006643
0.006127
0.006890
0.006437
0.006973
0.006606
0.006984
0.006678
0.006924
0.006649
0.006779
0.006510
0.006534
0.006251
0.006176
0.005864
0.005697
0.005346
0.005093
0.004697
0.004368
0.003928
0.003532
0.003053
0.002604
0.002095
0.001609
0.001083
0.000577
0.000049
-0.000457
-0.000971
-0.001460
-0.001943
-0.002399
-0.002838
-0.003247
-0.003631
-0.003982
-0.004303
-0.004590
-0.004844
-0.005064
-0.005251
-0.005405
-0.005527
-0.005618
-0.005680
-0.005715
-0.005723
-0.005709
-0.005670
-0.005615
-0.005538
-0.005449
-0.005342
-0.005228
-0.005098
-0.004965
-0.004818
-0.004673
-0.004515
-0.004364
-0.004200
-0.004048
-0.003880
-0.003731
-0.003562
-0.003419
-0.003252
-0.003118
-0.002953
-0.002830
-0.002667
-0.002559
-0.002396
-0.002304
-0.002141
-0.002067
-0.001901
-0.001848
-0.001676
-0.001648
-0.001464
-0.001466
-0.001264
-0.001301
-0.001075
-0.001155
-0.000888
-0.001041
-0.000670
-0.001028
-0.000280
0.002504
0.001831
0.004016
0.003675
0.005309
0.004895
0.005938
0.005470
0.006153
0.005742
0.006222
0.005888
0.006223
0.005944
0.006161
0.005910
0.006023
0.005778
0.005797
0.005541
0.005472
0.005191
0.005041
0.004727
0.004503
0.004151
0.003860
0.003470
0.003122
0.002699
0.002305
0.001858
0.001432
0.000970
0.000527
0.000064
-0.000379
-0.000830
-0.001259
-0.001684
-0.002084
-0.002471
-0.002831
-0.003171
-0.003481
-0.003766
-0.004022
-0.004249
-0.004447
-0.004616
-0.004756
-0.004868
-0.004954
-0.005013
-0.005049
-0.005061
-0.005053
-0.005024
-0.004979
-0.004916
-0.004841
-0.004751
-0.004653
-0.004541
-0.004426
-0.004298
-0.004173
-0.004035
-0.003903
-0.003758
-0.003624
-0.003476
-0.003345
-0.003196
-0.003069
-0.002921
-0.002802
-0.002654
-0.002546
-0.002400
-0.002303
-0.002158
-0.002075
-0.001929
-0.001863
-0.001714
-0.001667
-0.001511
-0.001487
-0.001321
-0.001323
-0.001141
-0.001175
-0.000969
-0.001044
-0.000800
-0.000941
-0.000603
-0.000928
-0.000251
0.002109
0.001552
0.003407
0.003129
0.004518
0.004172
0.005057
0.004660
0.005240
0.004890
0.005297
0.005012
0.005296
0.005057
0.005240
0.005026
0.005120
0.004910
0.004925
0.004705
0.004646
0.004406
0.004278
0.004010
0.003819
0.003519
0.003272
0.002942
0.002647
0.002289
0.001955
0.001576
0.001216
0.000825
0.000451
0.000059
-0.000317
-0.000698
-0.001062
-0.001422
-0.001762
-0.002091
-0.002397
-0.002686
-0.002951
-0.003196
-0.003415
-0.003610
-0.003781
-0.003927
-0.004049
-0.004148
-0.004224
-0.004278
-0.004312
-0.004325
-0.004322
-0.004300
-0.004265
-0.004213
-0.004152
-0.004077
-0.003996
-0.003902
-0.003806
-0.003698
-0.003592
-0.003475
-0.003363
-0.003241
-0.003127
-0.003001
-0.002888
-0.002761
-0.002653
-0.002526
-0.002424
-0.002298
-0.002204
-0.002079
-0.001995
-0.001870
-0.001799
-0.001674
-0.001617
-0.001488
-0.001448
-0.001313
-0.001292
-0.001149
-0.001150
-0.000994
-0.001022
-0.000846
-0.000909
-0.000700
-0.000820
-0.000530
-0.000809
-0.000225
0.001876
0.001367
0.002995
0.002731
0.003944
0.003628
0.004403
0.004050
0.004557
0.004247
0.004602
0.004349
0.004596
0.004383
0.004542
0.004350
0.004431
0.004244
0.004255
0.004061
0.004008
0.003797
0.003686
0.003452
0.003287
0.003027
0.002814
0.002528
0.002275
0.001967
0.001681
0.001356
0.001048
0.000713
0.000393
0.000058
-0.000262
-0.000589
-0.000899
-0.001208
-0.001498
-0.001780
-0.002043
-0.002291
-0.002519
-0.002729
-0.002918
-0.003088
-0.003236
-0.003363
-0.003471
-0.003557
-0.003625
-0.003674
-0.003706
-0.003720
-0.003719
-0.003703
-0.003675
-0.003633
-0.003583
-0.003520
-0.003452
-0.003373
-0.003292
-0.003201
-0.003111
-0.003011
-0.002916
-0.002811
-0.002714
-0.002605
-0.002509
-0.002400
-0.002307
-0.002197
-0.002109
-0.002000
-0.001919
-0.001810
-0.001739
-0.001630
-0.001569
-0.001459
-0.001410
-0.001297
-0.001263
-0.001145
-0.001128
-0.001002
-0.001004
-0.000866
-0.000893
-0.000736
-0.000794
-0.000608
-0.000716
-0.000459
-0.000706
-0.000192
0.001454
0.001076
0.002357
0.002170
0.003129
0.002893
0.003503
0.003231
0.003630
0.003390
0.003669
0.003472
0.003667
0.003501
0.003625
0.003476
0.003539
0.003393
0.003401
0.003248
0.003205
0.003039
0.002949
0.002764
0.002632
0.002426
0.002256
0.002029
0.001827
0.001582
0.001354
0.001095
0.000849
0.000582
0.000327
0.000059
-0.000198
-0.000459
-0.000708
-0.000955
-0.001188
-0.001415
-0.001626
-0.001827
-0.002011
-0.002181
-0.002335
-0.002473
-0.002593
-0.002698
-0.002786
-0.002859
-0.002915
-0.002957
-0.002985
-0.002998
-0.003000
-0.002989
-0.002969
-0.002937
-0.002898
-0.002849
-0.002796
-0.002734
-0.002669
-0.002597
-0.002525
-0.002446
-0.002370
-0.002285
-0.002207
-0.002120
-0.002043
-0.001954
-0.001879
-0.001791
-0.001720
-0.001632
-0.001566
-0.001478
-0.001420
-0.001332
-0.001282
-0.001194
-0.001153
-0.001063
-0.001034
-0.000939
-0.000924
-0.000823
-0.000823
-0.000713
-0.000732
-0.000608
-0.000652
-0.000505
-0.000588
-0.000384
-0.000581
-0.000168
0.001258
0.000912
0.001993
0.001808
0.002610
0.002394
0.002908
0.002671
0.003008
0.002800
0.003035
0.002865
0.003028
0.002885
0.002988
0.002859
0.002911
0.002786
0.002792
0.002661
0.002626
0.002485
0.002411
0.002256
0.002148
0.001976
0.001837
0.001650
0.001485
0.001284
0.001098
0.000886
0.000686
0.000468
0.000261
0.000043
-0.000165
-0.000377
-0.000579
-0.000779
-0.000968
-0.001152
-0.001324
-0.001486
-0.001636
-0.001774
-0.001899
-0.002011
-0.002110
-0.002195
-0.002267
-0.002326
-0.002373
-0.002408
-0.002431
-0.002443
-0.002445
-0.002437
-0.002421
-0.002396
-0.002365
-0.002326
-0.002283
-0.002233
-0.002181
-0.002123
-0.002065
-0.002000
-0.001939
-0.001870
-0.001807
-0.001736
-0.001673
-0.001601
-0.001540
-0.001467
-0.001410
-0.001337
-0.001284
-0.001212
-0.001165
-0.001092
-0.001052
-0.000979
-0.000946
-0.000871
-0.000848
-0.000769
-0.000758
-0.000673
-0.000676
-0.000582
-0.000601
-0.000495
-0.000535
-0.000409
-0.000483
-0.000309
-0.000476
-0.000130
0.000795
0.000601
0.001308
0.001222
0.001751
0.001633
0.001969
0.001828
0.002047
0.001921
0.002074
0.001970
0.002077
0.001989
0.002057
0.001976
0.002010
0.001931
0.001934
0.001850
0.001825
0.001733
0.001682
0.001579
0.001504
0.001389
0.001293
0.001166
0.001051
0.000914
0.000785
0.000639
0.000500
0.000350
0.000205
0.000054
-0.000092
-0.000240
-0.000382
-0.000522
-0.000656
-0.000786
-0.000907
-0.001023
-0.001129
-0.001228
-0.001318
-0.001399
-0.001470
-0.001532
-0.001585
-0.001629
-0.001664
-0.001691
-0.001709
-0.001720
-0.001723
-0.001719
-0.001710
-0.001694
-0.001674
-0.001648
-0.001619
-0.001585
-0.001549
-0.001509
-0.001469
-0.001424
-0.001381
-0.001333
-0.001289
-0.001239
-0.001195
-0.001145
-0.001101
-0.001051
-0.001009
-0.000959
-0.000921
-0.000870
-0.000836
-0.000785
-0.000756
-0.000705
-0.000681
-0.000629
-0.000611
-0.000557
-0.000547
-0.000489
-0.000488
-0.000425
-0.000434
-0.000364
-0.000387
-0.000304
-0.000350
-0.000234
-0.000345
-0.000109
0.000650
0.000463
0.001006
0.000901
0.001301
0.001187
0.001445
0.001324
0.001494
0.001389
0.001508
0.001422
0.001503
0.001431
0.001483
0.001417
0.001443
0.001379
0.001382
0.001316
0.001298
0.001228
0.001191
0.001113
0.001059
0.000974
0.000906
0.000813
0.000731
0.000632
0.000541
0.000436
0.000338
0.000231
0.000129
0.000022
-0.000080
-0.000185
-0.000284
-0.000382
-0.000475
-0.000566
-0.000650
-0.000731
-0.000805
-0.000873
-0.000935
-0.000991
-0.001040
-0.001083
-0.001119
-0.001149
-0.001173
-0.001191
-0.001203
-0.001210
-0.001212
-0.001208
-0.001201
-0.001190
-0.001175
-0.001157
-0.001136
-0.001112
-0.001087
-0.001058
-0.001030
-0.000999
-0.000968
-0.000935
-0.000904
-0.000869
-0.000838
-0.000802
-0.000772
-0.000736
-0.000707
-0.000671
-0.000645
-0.000609
-0.000585
-0.000549
-0.000529
-0.000492
-0.000476
-0.000438
-0.000427
-0.000387
-0.000382
-0.000339
-0.000341
-0.000293
-0.000303
-0.000249
-0.000270
-0.000206
-0.000244
-0.000155
-0.000241
-0.000065
0.000113
0.000117
0.000243
0.000273
0.000373
0.000385
0.000445
0.000442
0.000479
0.000472
0.000498
0.000491
0.000509
0.000503
0.000514
0.000506
0.000511
0.000501
0.000500
0.000487
0.000480
0.000463
0.000450
0.000430
0.000411
0.000386
0.000361
0.000332
0.000303
0.000270
0.000237
0.000201
0.000165
0.000127
0.000088
0.000049
0.000009
-0.000030
-0.000069
-0.000108
-0.000145
-0.000182
-0.000216
-0.000249
-0.000281
-0.000310
-0.000337
-0.000361
-0.000384
-0.000403
-0.000420
-0.000435
-0.000448
-0.000458
-0.000465
-0.000470
-0.000474
-0.000475
-0.000474
-0.000472
-0.000468
-0.000463
-0.000456
-0.000448
-0.000439
-0.000429
-0.000419
-0.000408
-0.000396
-0.000384
-0.000372
-0.000359
-0.000346
-0.000333
-0.000320
-0.000307
-0.000295
-0.000282
-0.000270
-0.000257
-0.000246
-0.000233
-0.000223
-0.000211
-0.000202
-0.000189
-0.000182
-0.000169
-0.000163
-0.000151
-0.000146
-0.000133
-0.000131
-0.000116
-0.000117
-0.000100
-0.000106
-0.000082
-0.000103
-0.000050
