# p - 400 ites
-0.080148
-0.009479
-0.069647
-0.016675
-0.061904
-0.022218
-0.056290
-0.026616
-0.052340
-0.030236
-0.049699
-0.033338
-0.048099
-0.036104
-0.047331
-0.038659
-0.047231
-0.041086
-0.047665
-0.043437
-0.048523
-0.045739
-0.049710
-0.048005
-0.051146
-0.050235
-0.052757
-0.052420
-0.054481
-0.054548
-0.056262
-0.056602
-0.058054
-0.058567
-0.059814
-0.060427
-0.061512
-0.062171
-0.063123
-0.063788
-0.064628
-0.065274
-0.066016
-0.066626
-0.067281
-0.067845
-0.068424
-0.068937
-0.069446
-0.069907
-0.070354
-0.070766
-0.071156
-0.071522
-0.071861
-0.072186
-0.072479
-0.072768
-0.073019
-0.073280
-0.073491
-0.073730
-0.073903
-0.074128
-0.074263
-0.074483
-0.074578
-0.074803
-0.074854
-0.075096
-0.075094
-0.075369
-0.075304
-0.075628
-0.075485
-0.075879
-0.075640
-0.076130
-0.075769
-0.076387
-0.075873
-0.076657
-0.075952
-0.076946
-0.076002
-0.077264
-0.076022
-0.077619
-0.076006
-0.078022
-0.075947
-0.078488
-0.075837
-0.079033
-0.075660
-0.079680
-0.075400
-0.080456
-0.075029
-0.081399
-0.078205
-0.009043
-0.067856
-0.015948
-0.060218
-0.021301
-0.054690
-0.025581
-0.050816
-0.029136
-0.048252
-0.032213
-0.046734
-0.034990
-0.046057
-0.037585
-0.046058
-0.040078
-0.046606
-0.042518
-0.047591
-0.044931
-0.048917
-0.047324
-0.050501
-0.049695
-0.052270
-0.052032
-0.054156
-0.054317
-0.056101
-0.056530
-0.058053
-0.058651
-0.059970
-0.060660
-0.061814
-0.062543
-0.063558
-0.064286
-0.065182
-0.065882
-0.066672
-0.067327
-0.068023
-0.068622
-0.069232
-0.069772
-0.070304
-0.070785
-0.071246
-0.071669
-0.072066
-0.072436
-0.072776
-0.073098
-0.073386
-0.073668
-0.073909
-0.074157
-0.074355
-0.074578
-0.074735
-0.074941
-0.075057
-0.075256
-0.075331
-0.075532
-0.075562
-0.075779
-0.075757
-0.076005
-0.075920
-0.076216
-0.076055
-0.076420
-0.076165
-0.076624
-0.076251
-0.076834
-0.076313
-0.077059
-0.076352
-0.077303
-0.076366
-0.077577
-0.076352
-0.077889
-0.076305
-0.078249
-0.076221
-0.078670
-0.076088
-0.079170
-0.075895
-0.079767
-0.075625
-0.080488
-0.075255
-0.081365
-0.079146
-0.009337
-0.068758
-0.016435
-0.061105
-0.021914
-0.055568
-0.026273
-0.051684
-0.029871
-0.049103
-0.032967
-0.047559
-0.035739
-0.046846
-0.038312
-0.046801
-0.040766
-0.047292
-0.043152
-0.048208
-0.045497
-0.049455
-0.047811
-0.050951
-0.050093
-0.052624
-0.052333
-0.054409
-0.054516
-0.056249
-0.056623
-0.058095
-0.058639
-0.059906
-0.060545
-0.061649
-0.062329
-0.063297
-0.063980
-0.064833
-0.065492
-0.066244
-0.066864
-0.067526
-0.068096
-0.068678
-0.069194
-0.069705
-0.070166
-0.070612
-0.071021
-0.071408
-0.071770
-0.072105
-0.072424
-0.072711
-0.072994
-0.073239
-0.073492
-0.073697
-0.073928
-0.074094
-0.074311
-0.074440
-0.074651
-0.074740
-0.074957
-0.075001
-0.075235
-0.075228
-0.075493
-0.075425
-0.075739
-0.075594
-0.075978
-0.075737
-0.076216
-0.075857
-0.076461
-0.075952
-0.076719
-0.076022
-0.076997
-0.076065
-0.077303
-0.076079
-0.077646
-0.076058
-0.078038
-0.075996
-0.078491
-0.075883
-0.079023
-0.075707
-0.079654
-0.075448
-0.080412
-0.075082
-0.081333
-0.077274
-0.008956
-0.067052
-0.015797
-0.059518
-0.021105
-0.054076
-0.025358
-0.050276
-0.028898
-0.047778
-0.031974
-0.046320
-0.034758
-0.045699
-0.037370
-0.045754
-0.039887
-0.046355
-0.042357
-0.047392
-0.044803
-0.048769
-0.047234
-0.050403
-0.049645
-0.052219
-0.052021
-0.054150
-0.054343
-0.056136
-0.056591
-0.058125
-0.058743
-0.060071
-0.060778
-0.061940
-0.062680
-0.063701
-0.064437
-0.065336
-0.066041
-0.066832
-0.067488
-0.068183
-0.068781
-0.069389
-0.069926
-0.070453
-0.070929
-0.071385
-0.071802
-0.072194
-0.072557
-0.072891
-0.073207
-0.073489
-0.073764
-0.074000
-0.074242
-0.074434
-0.074651
-0.074803
-0.075003
-0.075116
-0.075308
-0.075380
-0.075576
-0.075604
-0.075815
-0.075792
-0.076034
-0.075949
-0.076238
-0.076079
-0.076437
-0.076185
-0.076635
-0.076267
-0.076840
-0.076327
-0.077059
-0.076363
-0.077298
-0.076376
-0.077566
-0.076361
-0.077871
-0.076315
-0.078225
-0.076231
-0.078639
-0.076100
-0.079129
-0.075910
-0.079716
-0.075644
-0.080424
-0.075280
-0.081287
-0.077387
-0.009124
-0.067215
-0.016072
-0.059737
-0.021451
-0.054347
-0.025749
-0.050591
-0.029316
-0.048125
-0.032405
-0.046688
-0.035192
-0.046077
-0.037797
-0.046132
-0.040298
-0.046723
-0.042744
-0.047740
-0.045160
-0.049088
-0.047553
-0.050686
-0.049918
-0.052458
-0.052244
-0.054339
-0.054511
-0.056269
-0.056699
-0.058198
-0.058788
-0.060082
-0.060758
-0.061886
-0.062596
-0.063584
-0.064289
-0.065157
-0.065831
-0.066594
-0.067222
-0.067890
-0.068463
-0.069047
-0.069562
-0.070069
-0.070526
-0.070966
-0.071368
-0.071747
-0.072100
-0.072424
-0.072733
-0.073010
-0.073281
-0.073515
-0.073756
-0.073950
-0.074168
-0.074324
-0.074529
-0.074648
-0.074847
-0.074927
-0.075132
-0.075169
-0.075390
-0.075378
-0.075630
-0.075558
-0.075858
-0.075712
-0.076080
-0.075842
-0.076302
-0.075949
-0.076532
-0.076034
-0.076774
-0.076095
-0.077037
-0.076130
-0.077327
-0.076138
-0.077655
-0.076113
-0.078029
-0.076048
-0.078464
-0.075935
-0.078975
-0.075760
-0.079582
-0.075507
-0.080313
-0.075151
-0.081201
-0.075440
-0.008778
-0.065462
-0.015488
-0.058129
-0.020708
-0.052857
-0.024905
-0.049203
-0.028419
-0.046834
-0.031491
-0.045494
-0.034291
-0.044985
-0.036937
-0.045148
-0.039502
-0.045854
-0.042031
-0.046994
-0.044547
-0.048474
-0.047054
-0.050208
-0.049544
-0.052120
-0.052000
-0.054142
-0.054400
-0.056211
-0.056719
-0.058272
-0.058932
-0.060280
-0.061019
-0.062197
-0.062961
-0.063994
-0.064745
-0.065651
-0.066363
-0.067157
-0.067815
-0.068508
-0.069103
-0.069704
-0.070234
-0.070753
-0.071219
-0.071664
-0.072070
-0.072450
-0.072801
-0.073122
-0.073425
-0.073695
-0.073957
-0.074181
-0.074410
-0.074592
-0.074796
-0.074939
-0.075128
-0.075232
-0.075414
-0.075479
-0.075664
-0.075687
-0.075888
-0.075861
-0.076092
-0.076007
-0.076284
-0.076127
-0.076470
-0.076224
-0.076657
-0.076300
-0.076852
-0.076354
-0.077060
-0.076387
-0.077288
-0.076396
-0.077545
-0.076380
-0.077838
-0.076333
-0.078178
-0.076251
-0.078577
-0.076123
-0.079050
-0.075939
-0.079617
-0.075681
-0.080301
-0.075329
-0.081135
-0.074843
-0.008836
-0.064992
-0.015580
-0.057777
-0.020823
-0.052608
-0.025035
-0.049043
-0.028561
-0.046748
-0.031642
-0.045469
-0.034451
-0.045008
-0.037102
-0.045210
-0.039672
-0.045946
-0.042204
-0.047108
-0.044721
-0.048603
-0.047225
-0.050345
-0.049709
-0.052258
-0.052154
-0.054274
-0.054539
-0.056329
-0.056837
-0.058371
-0.059024
-0.060352
-0.061080
-0.062237
-0.062985
-0.063997
-0.064730
-0.065614
-0.066306
-0.067078
-0.067715
-0.068385
-0.068960
-0.069540
-0.070050
-0.070549
-0.070997
-0.071425
-0.071815
-0.072179
-0.072517
-0.072826
-0.073118
-0.073379
-0.073633
-0.073850
-0.074074
-0.074252
-0.074454
-0.074596
-0.074784
-0.074890
-0.075073
-0.075142
-0.075330
-0.075358
-0.075563
-0.075544
-0.075779
-0.075704
-0.075984
-0.075839
-0.076185
-0.075953
-0.076388
-0.076046
-0.076598
-0.076119
-0.076822
-0.076170
-0.077066
-0.076197
-0.077337
-0.076199
-0.077644
-0.076170
-0.077996
-0.076104
-0.078407
-0.075992
-0.078890
-0.075822
-0.079466
-0.075577
-0.080160
-0.075236
-0.081004
-0.072715
-0.008505
-0.063098
-0.015020
-0.056063
-0.020107
-0.051040
-0.024222
-0.047602
-0.027695
-0.045425
-0.030762
-0.044260
-0.033588
-0.043916
-0.036283
-0.044239
-0.038921
-0.045102
-0.041541
-0.046399
-0.044163
-0.048033
-0.046787
-0.049920
-0.049398
-0.051979
-0.051977
-0.054139
-0.054494
-0.056334
-0.056921
-0.058507
-0.059230
-0.060607
-0.061394
-0.062597
-0.063395
-0.064446
-0.065219
-0.066135
-0.066859
-0.067655
-0.068315
-0.069003
-0.069593
-0.070183
-0.070702
-0.071207
-0.071657
-0.072085
-0.072473
-0.072833
-0.073165
-0.073466
-0.073750
-0.074000
-0.074243
-0.074448
-0.074659
-0.074824
-0.075011
-0.075138
-0.075310
-0.075402
-0.075568
-0.075623
-0.075792
-0.075808
-0.075993
-0.075962
-0.076176
-0.076091
-0.076349
-0.076197
-0.076518
-0.076282
-0.076689
-0.076347
-0.076868
-0.076393
-0.077061
-0.076420
-0.077274
-0.076425
-0.077514
-0.076407
-0.077790
-0.076360
-0.078110
-0.076280
-0.078487
-0.076157
-0.078934
-0.075980
-0.079471
-0.075735
-0.080120
-0.075400
-0.080912
-0.071488
-0.008468
-0.062067
-0.014952
-0.055205
-0.020018
-0.050332
-0.024122
-0.047022
-0.027593
-0.044954
-0.030665
-0.043885
-0.033502
-0.043623
-0.036215
-0.044019
-0.038875
-0.044948
-0.041522
-0.046304
-0.044172
-0.047992
-0.046825
-0.049926
-0.049465
-0.052027
-0.052069
-0.054220
-0.054608
-0.056441
-0.057050
-0.058629
-0.059365
-0.060735
-0.061527
-0.062721
-0.063517
-0.064556
-0.065321
-0.066223
-0.066935
-0.067714
-0.068358
-0.069028
-0.069600
-0.070172
-0.070672
-0.071157
-0.071589
-0.071998
-0.072368
-0.072712
-0.073027
-0.073314
-0.073583
-0.073821
-0.074052
-0.074247
-0.074449
-0.074606
-0.074786
-0.074909
-0.075075
-0.075165
-0.075327
-0.075383
-0.075550
-0.075568
-0.075752
-0.075727
-0.075939
-0.075862
-0.076118
-0.075976
-0.076295
-0.076071
-0.076474
-0.076148
-0.076662
-0.076207
-0.076863
-0.076247
-0.077084
-0.076266
-0.077332
-0.076262
-0.077614
-0.076229
-0.077940
-0.076163
-0.078320
-0.076054
-0.078769
-0.075892
-0.079306
-0.075660
-0.079953
-0.075337
-0.080742
-0.069106
-0.008139
-0.059965
-0.014391
-0.053322
-0.019300
-0.048629
-0.023305
-0.045475
-0.026724
-0.043549
-0.029783
-0.042615
-0.032641
-0.042490
-0.035404
-0.043025
-0.038139
-0.044099
-0.040884
-0.045605
-0.043650
-0.047450
-0.046433
-0.049543
-0.049212
-0.051804
-0.051960
-0.054153
-0.054640
-0.056522
-0.057216
-0.058846
-0.059655
-0.061073
-0.061925
-0.063160
-0.064004
-0.065078
-0.065879
-0.066807
-0.067544
-0.068341
-0.069001
-0.069680
-0.070260
-0.070835
-0.071336
-0.071819
-0.072247
-0.072649
-0.073011
-0.073344
-0.073648
-0.073922
-0.074178
-0.074401
-0.074618
-0.074798
-0.074983
-0.075126
-0.075289
-0.075397
-0.075546
-0.075621
-0.075766
-0.075808
-0.075957
-0.075962
-0.076127
-0.076091
-0.076283
-0.076198
-0.076432
-0.076284
-0.076579
-0.076354
-0.076729
-0.076406
-0.076888
-0.076443
-0.077061
-0.076462
-0.077254
-0.076462
-0.077473
-0.076440
-0.077725
-0.076394
-0.078020
-0.076316
-0.078368
-0.076199
-0.078783
-0.076033
-0.079281
-0.075803
-0.079884
-0.075490
-0.080621
-0.067300
-0.008018
-0.058422
-0.014181
-0.052004
-0.019029
-0.047503
-0.022997
-0.044512
-0.026399
-0.042728
-0.029458
-0.041919
-0.032330
-0.041906
-0.035120
-0.042545
-0.037893
-0.043716
-0.040684
-0.045316
-0.043505
-0.047249
-0.046347
-0.049427
-0.049187
-0.051767
-0.051995
-0.054188
-0.054730
-0.056618
-0.057354
-0.058991
-0.059830
-0.061254
-0.062125
-0.063362
-0.064216
-0.065287
-0.066089
-0.067009
-0.067740
-0.068525
-0.069173
-0.069837
-0.070401
-0.070957
-0.071440
-0.071903
-0.072311
-0.072693
-0.073036
-0.073350
-0.073636
-0.073892
-0.074131
-0.074338
-0.074539
-0.074706
-0.074878
-0.075010
-0.075162
-0.075262
-0.075402
-0.075472
-0.075609
-0.075648
-0.075791
-0.075797
-0.075956
-0.075923
-0.076110
-0.076030
-0.076258
-0.076120
-0.076406
-0.076195
-0.076559
-0.076254
-0.076720
-0.076298
-0.076896
-0.076326
-0.077092
-0.076337
-0.077313
-0.076326
-0.077566
-0.076291
-0.077860
-0.076225
-0.078205
-0.076121
-0.078614
-0.075969
-0.079104
-0.075753
-0.079695
-0.075454
-0.080418
-0.064610
-0.007677
-0.056062
-0.013598
-0.049906
-0.018282
-0.045620
-0.022148
-0.042816
-0.025496
-0.041201
-0.028544
-0.040552
-0.031441
-0.040697
-0.034289
-0.041497
-0.037148
-0.042836
-0.040051
-0.044609
-0.043004
-0.046722
-0.045994
-0.049083
-0.048993
-0.051604
-0.051962
-0.054201
-0.054856
-0.056796
-0.057628
-0.059318
-0.060234
-0.061707
-0.062640
-0.063918
-0.064818
-0.065919
-0.066753
-0.067694
-0.068443
-0.069238
-0.069894
-0.070559
-0.071122
-0.071672
-0.072147
-0.072598
-0.072994
-0.073361
-0.073687
-0.073983
-0.074251
-0.074488
-0.074708
-0.074896
-0.075078
-0.075226
-0.075379
-0.075492
-0.075625
-0.075708
-0.075830
-0.075884
-0.076002
-0.076028
-0.076152
-0.076146
-0.076285
-0.076243
-0.076409
-0.076323
-0.076529
-0.076388
-0.076649
-0.076438
-0.076774
-0.076476
-0.076909
-0.076500
-0.077058
-0.076510
-0.077227
-0.076504
-0.077421
-0.076479
-0.077646
-0.076433
-0.077910
-0.076359
-0.078224
-0.076250
-0.078598
-0.076096
-0.079049
-0.075885
-0.079597
-0.075598
-0.080266
-0.062260
-0.007480
-0.054041
-0.013258
-0.048159
-0.017844
-0.044104
-0.021647
-0.041496
-0.024963
-0.040050
-0.028004
-0.039553
-0.030916
-0.039836
-0.033797
-0.040767
-0.036707
-0.042232
-0.039675
-0.044129
-0.042706
-0.046365
-0.045784
-0.048846
-0.048876
-0.051483
-0.051939
-0.054189
-0.054922
-0.056881
-0.057775
-0.059485
-0.060448
-0.061939
-0.062904
-0.064195
-0.065114
-0.066221
-0.067063
-0.068002
-0.068750
-0.069536
-0.070183
-0.070833
-0.071381
-0.071913
-0.072370
-0.072799
-0.073174
-0.073519
-0.073824
-0.074097
-0.074344
-0.074560
-0.074760
-0.074930
-0.075093
-0.075225
-0.075361
-0.075461
-0.075580
-0.075652
-0.075761
-0.075807
-0.075915
-0.075936
-0.076050
-0.076042
-0.076172
-0.076132
-0.076288
-0.076207
-0.076402
-0.076270
-0.076519
-0.076321
-0.076641
-0.076362
-0.076774
-0.076390
-0.076922
-0.076406
-0.077088
-0.076407
-0.077279
-0.076391
-0.077500
-0.076354
-0.077758
-0.076290
-0.078062
-0.076193
-0.078425
-0.076053
-0.078861
-0.075856
-0.079389
-0.075586
-0.080035
-0.059222
-0.007118
-0.051386
-0.012638
-0.045812
-0.017048
-0.042011
-0.020741
-0.039621
-0.024001
-0.038372
-0.027032
-0.038059
-0.029974
-0.038526
-0.032922
-0.039643
-0.035932
-0.041301
-0.039031
-0.043401
-0.042217
-0.045846
-0.045469
-0.048542
-0.048748
-0.051393
-0.052000
-0.054305
-0.055167
-0.057186
-0.058188
-0.059958
-0.061007
-0.062550
-0.063581
-0.064911
-0.065876
-0.067010
-0.067879
-0.068831
-0.069590
-0.070376
-0.071022
-0.071662
-0.072198
-0.072712
-0.073150
-0.073557
-0.073908
-0.074227
-0.074506
-0.074753
-0.074973
-0.075162
-0.075336
-0.075480
-0.075619
-0.075726
-0.075839
-0.075917
-0.076014
-0.076067
-0.076155
-0.076184
-0.076272
-0.076278
-0.076373
-0.076353
-0.076463
-0.076414
-0.076550
-0.076463
-0.076636
-0.076502
-0.076725
-0.076532
-0.076822
-0.076552
-0.076930
-0.076563
-0.077052
-0.076563
-0.077193
-0.076550
-0.077358
-0.076522
-0.077551
-0.076476
-0.077781
-0.076406
-0.078054
-0.076307
-0.078383
-0.076168
-0.078779
-0.075979
-0.079262
-0.075722
-0.079854
-0.056352
-0.006849
-0.048909
-0.012175
-0.043657
-0.016450
-0.040123
-0.020055
-0.037958
-0.023266
-0.036903
-0.026280
-0.036764
-0.029234
-0.037391
-0.032220
-0.038662
-0.035292
-0.040473
-0.038473
-0.042726
-0.041760
-0.045326
-0.045128
-0.048178
-0.048532
-0.051183
-0.051913
-0.054241
-0.055206
-0.057258
-0.058341
-0.060145
-0.061259
-0.062831
-0.063908
-0.065261
-0.066255
-0.067402
-0.068285
-0.069240
-0.070000
-0.070781
-0.071417
-0.072044
-0.072564
-0.073058
-0.073475
-0.073859
-0.074187
-0.074480
-0.074735
-0.074957
-0.075153
-0.075319
-0.075470
-0.075592
-0.075710
-0.075798
-0.075892
-0.075954
-0.076034
-0.076073
-0.076146
-0.076166
-0.076240
-0.076239
-0.076322
-0.076299
-0.076397
-0.076348
-0.076471
-0.076389
-0.076548
-0.076423
-0.076630
-0.076450
-0.076720
-0.076470
-0.076822
-0.076482
-0.076939
-0.076485
-0.077074
-0.076478
-0.077231
-0.076456
-0.077416
-0.076418
-0.077635
-0.076357
-0.077895
-0.076268
-0.078207
-0.076143
-0.078582
-0.075969
-0.079039
-0.075731
-0.079599
-0.052938
-0.006459
-0.045936
-0.011505
-0.041037
-0.015589
-0.037794
-0.019074
-0.035879
-0.022223
-0.035048
-0.025227
-0.035121
-0.028216
-0.035956
-0.031280
-0.037441
-0.034470
-0.039476
-0.037805
-0.041967
-0.041278
-0.044817
-0.044855
-0.047925
-0.048484
-0.051186
-0.052093
-0.054490
-0.055606
-0.057732
-0.058941
-0.060815
-0.062026
-0.063656
-0.064803
-0.066198
-0.067236
-0.068405
-0.069309
-0.070268
-0.071028
-0.071797
-0.072419
-0.073021
-0.073515
-0.073977
-0.074360
-0.074706
-0.074998
-0.075252
-0.075469
-0.075652
-0.075812
-0.075941
-0.076057
-0.076146
-0.076232
-0.076291
-0.076357
-0.076392
-0.076446
-0.076463
-0.076513
-0.076514
-0.076566
-0.076550
-0.076612
-0.076577
-0.076655
-0.076598
-0.076699
-0.076613
-0.076748
-0.076624
-0.076805
-0.076631
-0.076870
-0.076633
-0.076948
-0.076629
-0.077041
-0.076619
-0.077152
-0.076599
-0.077285
-0.076568
-0.077443
-0.076523
-0.077633
-0.076458
-0.077862
-0.076369
-0.078139
-0.076247
-0.078475
-0.076083
-0.078885
-0.075861
-0.079390
-0.049566
-0.006122
-0.043019
-0.010923
-0.038488
-0.014835
-0.035546
-0.018205
-0.033881
-0.021287
-0.033265
-0.024261
-0.033528
-0.027256
-0.034542
-0.030358
-0.036200
-0.033616
-0.038409
-0.037048
-0.041080
-0.040644
-0.044117
-0.044365
-0.047418
-0.048154
-0.050873
-0.051931
-0.054366
-0.055608
-0.057784
-0.059096
-0.061020
-0.062312
-0.063987
-0.065192
-0.066620
-0.067696
-0.068885
-0.069808
-0.070772
-0.071537
-0.072299
-0.072912
-0.073498
-0.073975
-0.074414
-0.074774
-0.075093
-0.075358
-0.075583
-0.075773
-0.075928
-0.076061
-0.076163
-0.076254
-0.076318
-0.076381
-0.076418
-0.076463
-0.076480
-0.076516
-0.076518
-0.076551
-0.076540
-0.076577
-0.076553
-0.076600
-0.076562
-0.076625
-0.076567
-0.076655
-0.076572
-0.076691
-0.076575
-0.076737
-0.076577
-0.076793
-0.076576
-0.076862
-0.076572
-0.076947
-0.076563
-0.077048
-0.076546
-0.077171
-0.076520
-0.077317
-0.076481
-0.077493
-0.076425
-0.077705
-0.076346
-0.077960
-0.076237
-0.078270
-0.076089
-0.078648
-0.075887
-0.079114
-0.045759
-0.005697
-0.039711
-0.010192
-0.035580
-0.013894
-0.032966
-0.017131
-0.031581
-0.020143
-0.031214
-0.023105
-0.031714
-0.026140
-0.032962
-0.029333
-0.034864
-0.032729
-0.037334
-0.036345
-0.040283
-0.040164
-0.043618
-0.044142
-0.047230
-0.048207
-0.050998
-0.052267
-0.054794
-0.056215
-0.058486
-0.059945
-0.061956
-0.063359
-0.065101
-0.066383
-0.067854
-0.068971
-0.070176
-0.071110
-0.072067
-0.072816
-0.073551
-0.074129
-0.074673
-0.075103
-0.075490
-0.075797
-0.076061
-0.076271
-0.076440
-0.076577
-0.076679
-0.076762
-0.076816
-0.076863
-0.076885
-0.076909
-0.076909
-0.076919
-0.076906
-0.076911
-0.076888
-0.076894
-0.076863
-0.076876
-0.076836
-0.076862
-0.076811
-0.076853
-0.076788
-0.076853
-0.076767
-0.076863
-0.076748
-0.076883
-0.076731
-0.076916
-0.076714
-0.076963
-0.076696
-0.077024
-0.076675
-0.077103
-0.076649
-0.077201
-0.076615
-0.077322
-0.076571
-0.077470
-0.076513
-0.077650
-0.076436
-0.077871
-0.076333
-0.078140
-0.076196
-0.078471
-0.076013
-0.078880
-0.041900
-0.005294
-0.036369
-0.009495
-0.032649
-0.012986
-0.030366
-0.016077
-0.029251
-0.018998
-0.029114
-0.021913
-0.029816
-0.024943
-0.031253
-0.028169
-0.033341
-0.031636
-0.036002
-0.035360
-0.039156
-0.039322
-0.042709
-0.043474
-0.046552
-0.047737
-0.050559
-0.052007
-0.054591
-0.056166
-0.058507
-0.060092
-0.062173
-0.063676
-0.065478
-0.066832
-0.068347
-0.069510
-0.070742
-0.071697
-0.072662
-0.073414
-0.074141
-0.074708
-0.075232
-0.075640
-0.076000
-0.076280
-0.076512
-0.076691
-0.076828
-0.076935
-0.077004
-0.077059
-0.077083
-0.077103
-0.077098
-0.077097
-0.077074
-0.077063
-0.077029
-0.077015
-0.076975
-0.076964
-0.076920
-0.076918
-0.076869
-0.076879
-0.076823
-0.076850
-0.076784
-0.076833
-0.076750
-0.076828
-0.076723
-0.076836
-0.076699
-0.076858
-0.076678
-0.076894
-0.076658
-0.076944
-0.076636
-0.077011
-0.076612
-0.077097
-0.076582
-0.077203
-0.076543
-0.077334
-0.076493
-0.077494
-0.076425
-0.077690
-0.076336
-0.077929
-0.076215
-0.078223
-0.076054
-0.078587
-0.037691
-0.004829
-0.032719
-0.008694
-0.029444
-0.011952
-0.027523
-0.014894
-0.026716
-0.017734
-0.026851
-0.020634
-0.027811
-0.023708
-0.029508
-0.027037
-0.031871
-0.030666
-0.034832
-0.034609
-0.038315
-0.038844
-0.042227
-0.043313
-0.046451
-0.047923
-0.050848
-0.052550
-0.055259
-0.057051
-0.059518
-0.061279
-0.063469
-0.065103
-0.066986
-0.068422
-0.069982
-0.071180
-0.072420
-0.073370
-0.074310
-0.075024
-0.075700
-0.076206
-0.076661
-0.076996
-0.077278
-0.077479
-0.077630
-0.077733
-0.077793
-0.077827
-0.077825
-0.077815
-0.077777
-0.077741
-0.077682
-0.077633
-0.077565
-0.077514
-0.077444
-0.077395
-0.077327
-0.077287
-0.077220
-0.077192
-0.077126
-0.077113
-0.077045
-0.077050
-0.076977
-0.077004
-0.076919
-0.076973
-0.076871
-0.076958
-0.076830
-0.076957
-0.076794
-0.076971
-0.076762
-0.077000
-0.076730
-0.077045
-0.076698
-0.077107
-0.076662
-0.077188
-0.076620
-0.077292
-0.076569
-0.077421
-0.076505
-0.077581
-0.076423
-0.077780
-0.076316
-0.078025
-0.076174
-0.078331
-0.033362
-0.004361
-0.028967
-0.007880
-0.026143
-0.010886
-0.024578
-0.013649
-0.024055
-0.016370
-0.024426
-0.019199
-0.025592
-0.022249
-0.027479
-0.025598
-0.030033
-0.029294
-0.033196
-0.033351
-0.036903
-0.037747
-0.041063
-0.042420
-0.045559
-0.047270
-0.050246
-0.052159
-0.054950
-0.056926
-0.059490
-0.061406
-0.063690
-0.065445
-0.067408
-0.068930
-0.070548
-0.071798
-0.073069
-0.074042
-0.074989
-0.075702
-0.076366
-0.076854
-0.077284
-0.077590
-0.077838
-0.078006
-0.078120
-0.078188
-0.078210
-0.078211
-0.078175
-0.078134
-0.078063
-0.078000
-0.077913
-0.077840
-0.077748
-0.077674
-0.077584
-0.077517
-0.077432
-0.077374
-0.077295
-0.077251
-0.077176
-0.077148
-0.077075
-0.077065
-0.076990
-0.077001
-0.076920
-0.076955
-0.076862
-0.076926
-0.076813
-0.076913
-0.076773
-0.076915
-0.076737
-0.076931
-0.076705
-0.076963
-0.076673
-0.077011
-0.076640
-0.077076
-0.076603
-0.077160
-0.076560
-0.077266
-0.076505
-0.077399
-0.076436
-0.077564
-0.076346
-0.077769
-0.076228
-0.078025
-0.028754
-0.003854
-0.024977
-0.007003
-0.022640
-0.009750
-0.021468
-0.012343
-0.021274
-0.014970
-0.021937
-0.017775
-0.023379
-0.020870
-0.025548
-0.024334
-0.028407
-0.028218
-0.031913
-0.032537
-0.036008
-0.037267
-0.040603
-0.042337
-0.045573
-0.047628
-0.050752
-0.052975
-0.055940
-0.058184
-0.060918
-0.063049
-0.065478
-0.067386
-0.069450
-0.071059
-0.072723
-0.073998
-0.075263
-0.076205
-0.077101
-0.077742
-0.078321
-0.078711
-0.079036
-0.079231
-0.079365
-0.079421
-0.079422
-0.079384
-0.079302
-0.079207
-0.079077
-0.078954
-0.078804
-0.078670
-0.078517
-0.078386
-0.078241
-0.078120
-0.077988
-0.077882
-0.077764
-0.077675
-0.077571
-0.077500
-0.077408
-0.077356
-0.077271
-0.077239
-0.077158
-0.077146
-0.077064
-0.077075
-0.076987
-0.077024
-0.076923
-0.076990
-0.076869
-0.076972
-0.076823
-0.076968
-0.076782
-0.076979
-0.076744
-0.077004
-0.076707
-0.077045
-0.076669
-0.077101
-0.076626
-0.077177
-0.076576
-0.077275
-0.076516
-0.077398
-0.076441
-0.077554
-0.076344
-0.077751
-0.023977
-0.003320
-0.020834
-0.006071
-0.018983
-0.008523
-0.018184
-0.010899
-0.018281
-0.013370
-0.019176
-0.016073
-0.020814
-0.019115
-0.023165
-0.022577
-0.026208
-0.026513
-0.029916
-0.030943
-0.034246
-0.035847
-0.039116
-0.041152
-0.044403
-0.046731
-0.049932
-0.052404
-0.055485
-0.057950
-0.060818
-0.063136
-0.065694
-0.067748
-0.069917
-0.071627
-0.073364
-0.074694
-0.075996
-0.076955
-0.077856
-0.078486
-0.079045
-0.079406
-0.079695
-0.079852
-0.079944
-0.079958
-0.079916
-0.079839
-0.079714
-0.079584
-0.079417
-0.079263
-0.079080
-0.078920
-0.078739
-0.078586
-0.078417
-0.078277
-0.078126
-0.078003
-0.077870
-0.077765
-0.077650
-0.077564
-0.077464
-0.077397
-0.077309
-0.077261
-0.077180
-0.077152
-0.077074
-0.077066
-0.076988
-0.077002
-0.076916
-0.076955
-0.076858
-0.076924
-0.076808
-0.076907
-0.076766
-0.076904
-0.076729
-0.076914
-0.076694
-0.076937
-0.076660
-0.076973
-0.076625
-0.077024
-0.076585
-0.077092
-0.076538
-0.077180
-0.076480
-0.077293
-0.076407
-0.077437
-0.018986
-0.002767
-0.016516
-0.005113
-0.015191
-0.007276
-0.014810
-0.009457
-0.015251
-0.011815
-0.016448
-0.014482
-0.018374
-0.017564
-0.021023
-0.021150
-0.024398
-0.025300
-0.028495
-0.030042
-0.033281
-0.035354
-0.038681
-0.041159
-0.044562
-0.047307
-0.050724
-0.053580
-0.056906
-0.059709
-0.062813
-0.065400
-0.068152
-0.070390
-0.072686
-0.074487
-0.076270
-0.077604
-0.078876
-0.079765
-0.080574
-0.081081
-0.081506
-0.081714
-0.081847
-0.081842
-0.081772
-0.081629
-0.081432
-0.081212
-0.080949
-0.080694
-0.080408
-0.080149
-0.079867
-0.079623
-0.079362
-0.079141
-0.078909
-0.078715
-0.078516
-0.078350
-0.078181
-0.078043
-0.077901
-0.077788
-0.077669
-0.077579
-0.077478
-0.077409
-0.077322
-0.077272
-0.077195
-0.077164
-0.077091
-0.077078
-0.077006
-0.077012
-0.076936
-0.076963
-0.076878
-0.076927
-0.076829
-0.076904
-0.076787
-0.076893
-0.076749
-0.076892
-0.076715
-0.076901
-0.076682
-0.076922
-0.076648
-0.076955
-0.076611
-0.077002
-0.076570
-0.077065
-0.076519
-0.077149
-0.013792
-0.002169
-0.012009
-0.004063
-0.011198
-0.005883
-0.011199
-0.007803
-0.011924
-0.009962
-0.013337
-0.012482
-0.015436
-0.015469
-0.018240
-0.019015
-0.021775
-0.023188
-0.026058
-0.028025
-0.031079
-0.033516
-0.036776
-0.039585
-0.043021
-0.046078
-0.049606
-0.052758
-0.056247
-0.059320
-0.062608
-0.065428
-0.068354
-0.070771
-0.073205
-0.075123
-0.076996
-0.078385
-0.079695
-0.080590
-0.081393
-0.081872
-0.082262
-0.082423
-0.082506
-0.082448
-0.082324
-0.082131
-0.081883
-0.081619
-0.081311
-0.081021
-0.080697
-0.080410
-0.080098
-0.079830
-0.079545
-0.079306
-0.079055
-0.078846
-0.078631
-0.078452
-0.078271
-0.078120
-0.077969
-0.077844
-0.077720
-0.077617
-0.077514
-0.077431
-0.077346
-0.077280
-0.077208
-0.077158
-0.077096
-0.077060
-0.077005
-0.076982
-0.076931
-0.076920
-0.076870
-0.076872
-0.076820
-0.076835
-0.076778
-0.076807
-0.076743
-0.076788
-0.076713
-0.076776
-0.076687
-0.076771
-0.076663
-0.076773
-0.076640
-0.076783
-0.076616
-0.076802
-0.076590
-0.076830
-0.008447
-0.001570
-0.007389
-0.003020
-0.007134
-0.004519
-0.007570
-0.006215
-0.008646
-0.008235
-0.010362
-0.010698
-0.012748
-0.013715
-0.015856
-0.017386
-0.019745
-0.021797
-0.024459
-0.026998
-0.030013
-0.032989
-0.036355
-0.039689
-0.043352
-0.046923
-0.050762
-0.054403
-0.058242
-0.061750
-0.065373
-0.068538
-0.071731
-0.074374
-0.076970
-0.078979
-0.080894
-0.082249
-0.083489
-0.084249
-0.084898
-0.085176
-0.085359
-0.085289
-0.085144
-0.084853
-0.084503
-0.084093
-0.083638
-0.083185
-0.082697
-0.082249
-0.081774
-0.081360
-0.080926
-0.080558
-0.080178
-0.079861
-0.079538
-0.079269
-0.079000
-0.078776
-0.078556
-0.078370
-0.078192
-0.078039
-0.077896
-0.077770
-0.077656
-0.077552
-0.077462
-0.077376
-0.077305
-0.077233
-0.077179
-0.077117
-0.077076
-0.077021
-0.076992
-0.076943
-0.076924
-0.076877
-0.076869
-0.076821
-0.076824
-0.076774
-0.076788
-0.076732
-0.076759
-0.076695
-0.076736
-0.076660
-0.076719
-0.076628
-0.076707
-0.076597
-0.076700
-0.076565
-0.076697
-0.076534
-0.002881
-0.000908
-0.002554
-0.001852
-0.002832
-0.002958
-0.003648
-0.004340
-0.004990
-0.006107
-0.006888
-0.008367
-0.009404
-0.011229
-0.012617
-0.014801
-0.016617
-0.019183
-0.021479
-0.024444
-0.027247
-0.030601
-0.033896
-0.037590
-0.041307
-0.045235
-0.049233
-0.053228
-0.057297
-0.061142
-0.065026
-0.068484
-0.071921
-0.074786
-0.077568
-0.079712
-0.081734
-0.083136
-0.084409
-0.085148
-0.085771
-0.085988
-0.086113
-0.085966
-0.085750
-0.085385
-0.084967
-0.084496
-0.083983
-0.083483
-0.082950
-0.082469
-0.081961
-0.081525
-0.081066
-0.080684
-0.080286
-0.079960
-0.079623
-0.079348
-0.079069
-0.078838
-0.078611
-0.078419
-0.078236
-0.078075
-0.077930
-0.077795
-0.077682
-0.077566
-0.077480
-0.077380
-0.077316
-0.077226
-0.077184
-0.077100
-0.077076
-0.076993
-0.076989
-0.076903
-0.076920
-0.076825
-0.076864
-0.076756
-0.076820
-0.076692
-0.076786
-0.076631
-0.076761
-0.076572
-0.076745
-0.076512
-0.076738
-0.076448
-0.076739
-0.076379
-0.076751
-0.076303
-0.076773
-0.076215
0.002772
-0.000264
0.002329
-0.000726
0.001472
-0.001474
0.000216
-0.002598
-0.001470
-0.004193
-0.003657
-0.006364
-0.006445
-0.009232
-0.009955
-0.012921
-0.014314
-0.017554
-0.019644
-0.023230
-0.026024
-0.029990
-0.033457
-0.037778
-0.041824
-0.046396
-0.050842
-0.055474
-0.060048
-0.064473
-0.068838
-0.072756
-0.076568
-0.079716
-0.082709
-0.084936
-0.086983
-0.088284
-0.089417
-0.089917
-0.090286
-0.090185
-0.089995
-0.089505
-0.088960
-0.088265
-0.087537
-0.086774
-0.085988
-0.085243
-0.084482
-0.083804
-0.083112
-0.082523
-0.081921
-0.081423
-0.080917
-0.080503
-0.080086
-0.079747
-0.079410
-0.079132
-0.078864
-0.078637
-0.078426
-0.078238
-0.078075
-0.077918
-0.077795
-0.077660
-0.077570
-0.077451
-0.077390
-0.077280
-0.077246
-0.077137
-0.077129
-0.077016
-0.077035
-0.076911
-0.076961
-0.076818
-0.076901
-0.076731
-0.076855
-0.076649
-0.076821
-0.076567
-0.076799
-0.076484
-0.076787
-0.076395
-0.076788
-0.076297
-0.076801
-0.076188
-0.076829
-0.076063
-0.076876
-0.075915
0.008651
0.000458
0.007440
0.000556
0.006042
0.000255
0.004422
-0.000498
0.002505
-0.001773
0.000188
-0.003667
-0.002661
-0.006297
-0.006197
-0.009799
-0.010585
-0.014320
-0.015986
-0.019986
-0.022528
-0.026874
-0.030256
-0.034962
-0.039084
-0.044067
-0.048734
-0.053802
-0.058706
-0.063566
-0.068308
-0.072612
-0.076773
-0.080207
-0.083453
-0.085831
-0.088006
-0.089328
-0.090473
-0.090900
-0.091204
-0.090984
-0.090694
-0.090082
-0.089435
-0.088638
-0.087825
-0.086989
-0.086141
-0.085352
-0.084549
-0.083849
-0.083132
-0.082536
-0.081921
-0.081423
-0.080910
-0.080501
-0.080082
-0.079747
-0.079410
-0.079136
-0.078868
-0.078642
-0.078433
-0.078244
-0.078083
-0.077922
-0.077802
-0.077660
-0.077576
-0.077445
-0.077394
-0.077267
-0.077246
-0.077117
-0.077128
-0.076988
-0.077033
-0.076873
-0.076957
-0.076768
-0.076898
-0.076668
-0.076853
-0.076570
-0.076822
-0.076471
-0.076804
-0.076365
-0.076799
-0.076251
-0.076809
-0.076122
-0.076836
-0.075975
-0.076883
-0.075804
-0.076954
-0.075600
0.014543
0.001143
0.012532
0.001762
0.010544
0.001856
0.008490
0.001402
0.006250
0.000342
0.003676
-0.001420
0.000590
-0.004013
-0.003209
-0.007602
-0.007939
-0.012369
-0.013824
-0.018490
-0.021051
-0.026090
-0.029720
-0.035180
-0.039767
-0.045571
-0.050881
-0.056800
-0.062442
-0.068102
-0.073554
-0.078494
-0.083198
-0.087000
-0.090521
-0.092956
-0.095112
-0.096213
-0.097097
-0.097114
-0.097005
-0.096285
-0.095521
-0.094403
-0.093290
-0.092035
-0.090804
-0.089582
-0.088382
-0.087285
-0.086200
-0.085263
-0.084328
-0.083555
-0.082775
-0.082149
-0.081516
-0.081014
-0.080508
-0.080107
-0.079710
-0.079389
-0.079081
-0.078821
-0.078585
-0.078371
-0.078194
-0.078013
-0.077886
-0.077726
-0.077641
-0.077493
-0.077445
-0.077300
-0.077289
-0.077137
-0.077164
-0.076995
-0.077064
-0.076868
-0.076986
-0.076750
-0.076925
-0.076635
-0.076880
-0.076520
-0.076850
-0.076401
-0.076835
-0.076272
-0.076835
-0.076130
-0.076854
-0.075969
-0.076892
-0.075783
-0.076956
-0.075565
-0.077051
-0.075303
0.020653
0.001919
0.017850
0.003148
0.015327
0.003745
0.012939
0.003727
0.010522
0.003063
0.007893
0.001674
0.004843
-0.000571
0.001135
-0.003849
-0.003495
-0.008372
-0.009323
-0.014362
-0.016604
-0.022005
-0.025514
-0.031376
-0.036056
-0.042334
-0.047950
-0.054419
-0.060541
-0.066787
-0.072802
-0.078279
-0.083501
-0.087689
-0.091564
-0.094166
-0.096461
-0.097523
-0.098365
-0.098210
-0.097956
-0.097023
-0.096089
-0.094779
-0.093520
-0.092127
-0.090793
-0.089491
-0.088230
-0.087100
-0.085987
-0.085049
-0.084108
-0.083350
-0.082578
-0.081975
-0.081354
-0.080876
-0.080385
-0.080005
-0.079621
-0.079316
-0.079019
-0.078770
-0.078544
-0.078336
-0.078168
-0.077988
-0.077869
-0.077706
-0.077629
-0.077474
-0.077437
-0.077279
-0.077283
-0.077112
-0.077159
-0.076964
-0.077059
-0.076829
-0.076981
-0.076701
-0.076921
-0.076574
-0.076878
-0.076445
-0.076851
-0.076308
-0.076841
-0.076158
-0.076849
-0.075991
-0.076877
-0.075800
-0.076929
-0.075577
-0.077010
-0.075314
-0.077130
-0.074997
0.026698
0.002639
0.023074
0.004424
0.019965
0.005455
0.017166
0.005780
0.014464
0.005385
0.011630
0.004189
0.008407
0.002046
0.004503
-0.001256
-0.000414
-0.005985
-0.006702
-0.012438
-0.014715
-0.020890
-0.024726
-0.031496
-0.036811
-0.044152
-0.050685
-0.058326
-0.065545
-0.072939
-0.080033
-0.086433
-0.092467
-0.097152
-0.101388
-0.103982
-0.106159
-0.106780
-0.107142
-0.106288
-0.105364
-0.103651
-0.102008
-0.099963
-0.098052
-0.096034
-0.094149
-0.092350
-0.090652
-0.089146
-0.087698
-0.086486
-0.085296
-0.084344
-0.083392
-0.082653
-0.081904
-0.081333
-0.080753
-0.080310
-0.079866
-0.079518
-0.079182
-0.078904
-0.078653
-0.078425
-0.078243
-0.078047
-0.077921
-0.077744
-0.077668
-0.077498
-0.077467
-0.077293
-0.077307
-0.077116
-0.077180
-0.076959
-0.077078
-0.076814
-0.076999
-0.076674
-0.076939
-0.076535
-0.076897
-0.076390
-0.076872
-0.076235
-0.076866
-0.076064
-0.076879
-0.075871
-0.076915
-0.075649
-0.076980
-0.075389
-0.077078
-0.075080
-0.077221
-0.074707
0.032934
0.003459
0.028511
0.005900
0.024886
0.007486
0.021798
0.008315
0.018991
0.008405
0.016203
0.007696
0.013147
0.006044
0.009495
0.003224
0.004870
-0.001065
-0.001157
-0.007188
-0.009032
-0.015514
-0.019151
-0.026318
-0.031722
-0.039609
-0.046555
-0.054912
-0.062842
-0.071068
-0.079038
-0.086236
-0.093080
-0.098321
-0.103067
-0.105834
-0.108133
-0.108578
-0.108769
-0.107553
-0.106334
-0.104243
-0.102317
-0.099980
-0.097863
-0.095668
-0.093667
-0.091792
-0.090049
-0.088537
-0.087091
-0.085914
-0.084753
-0.083854
-0.082940
-0.082258
-0.081548
-0.081029
-0.080484
-0.080084
-0.079670
-0.079355
-0.079043
-0.078789
-0.078557
-0.078343
-0.078177
-0.077989
-0.077877
-0.077701
-0.077638
-0.077464
-0.077446
-0.077262
-0.077292
-0.077085
-0.077168
-0.076924
-0.077070
-0.076773
-0.076992
-0.076626
-0.076934
-0.076475
-0.076895
-0.076317
-0.076874
-0.076146
-0.076872
-0.075956
-0.076893
-0.075739
-0.076939
-0.075488
-0.077016
-0.075193
-0.077132
-0.074840
-0.077298
-0.074414
0.039018
0.004204
0.033773
0.007229
0.029581
0.009285
0.026120
0.010506
0.023086
0.010928
0.020169
0.010492
0.017035
0.009038
0.013297
0.006301
0.008498
0.001904
0.002103
-0.004625
-0.006482
-0.013804
-0.017828
-0.026076
-0.032315
-0.041586
-0.049836
-0.059844
-0.069436
-0.079386
-0.089054
-0.097676
-0.105785
-0.111737
-0.116957
-0.119559
-0.121516
-0.121107
-0.120411
-0.118006
-0.115695
-0.112393
-0.109413
-0.106024
-0.103014
-0.099989
-0.097286
-0.094798
-0.092531
-0.090585
-0.088761
-0.087285
-0.085857
-0.084756
-0.083657
-0.082842
-0.082007
-0.081401
-0.080772
-0.080316
-0.079847
-0.079496
-0.079149
-0.078872
-0.078620
-0.078390
-0.078214
-0.078014
-0.077899
-0.077713
-0.077652
-0.077466
-0.077456
-0.077258
-0.077300
-0.077075
-0.077176
-0.076908
-0.077078
-0.076750
-0.077001
-0.076593
-0.076944
-0.076432
-0.076907
-0.076260
-0.076889
-0.076073
-0.076891
-0.075862
-0.076918
-0.075622
-0.076972
-0.075342
-0.077061
-0.075012
-0.077194
-0.074616
-0.077383
-0.074138
0.045249
0.005052
0.039216
0.008767
0.034544
0.011426
0.030854
0.013218
0.027801
0.014221
0.025052
0.014402
0.022249
0.013616
0.018977
0.011590
0.014736
0.007910
0.008915
0.002025
0.000794
-0.006723
-0.010385
-0.018979
-0.025241
-0.035128
-0.043911
-0.054876
-0.065540
-0.076737
-0.087834
-0.097741
-0.107197
-0.114022
-0.120004
-0.122751
-0.124723
-0.123829
-0.122665
-0.119528
-0.116637
-0.112682
-0.109242
-0.105422
-0.102140
-0.098907
-0.096095
-0.093562
-0.091294
-0.089400
-0.087634
-0.086255
-0.084907
-0.083916
-0.082900
-0.082187
-0.081427
-0.080907
-0.080341
-0.079954
-0.079534
-0.079236
-0.078928
-0.078688
-0.078465
-0.078261
-0.078107
-0.077922
-0.077826
-0.077647
-0.077602
-0.077416
-0.077422
-0.077216
-0.077276
-0.077037
-0.077159
-0.076870
-0.077065
-0.076708
-0.076992
-0.076545
-0.076939
-0.076375
-0.076904
-0.076192
-0.076890
-0.075989
-0.076898
-0.075761
-0.076931
-0.075498
-0.076995
-0.075191
-0.077096
-0.074828
-0.077245
-0.074392
-0.077456
-0.073863
0.051235
0.005807
0.044400
0.010123
0.039197
0.013284
0.035187
0.015515
0.031980
0.016919
0.029201
0.017472
0.026449
0.017015
0.023255
0.015234
0.019034
0.011633
0.013045
0.005514
0.004366
-0.004008
-0.008048
-0.017889
-0.025175
-0.036853
-0.047458
-0.060800
-0.074029
-0.087940
-0.101841
-0.114114
-0.125659
-0.133570
-0.140159
-0.142380
-0.143492
-0.140932
-0.138107
-0.132930
-0.128248
-0.122426
-0.117439
-0.112151
-0.107682
-0.103396
-0.099733
-0.096487
-0.093632
-0.091272
-0.089110
-0.087434
-0.085824
-0.084645
-0.083457
-0.082627
-0.081754
-0.081164
-0.080525
-0.080096
-0.079631
-0.079307
-0.078972
-0.078717
-0.078480
-0.078267
-0.078107
-0.077916
-0.077819
-0.077634
-0.077593
-0.077399
-0.077414
-0.077198
-0.077270
-0.077016
-0.077155
-0.076846
-0.077063
-0.076679
-0.076993
-0.076509
-0.076942
-0.076329
-0.076911
-0.076134
-0.076900
-0.075918
-0.076913
-0.075672
-0.076952
-0.075387
-0.077024
-0.075054
-0.077137
-0.074658
-0.077302
-0.074182
-0.077534
-0.073604
0.057305
0.006662
0.049715
0.011687
0.044081
0.015484
0.039912
0.018347
0.036785
0.020424
0.034310
0.021735
0.032079
0.022149
0.029613
0.021364
0.026303
0.018861
0.021336
0.013859
0.013650
0.005294
0.001932
-0.008108
-0.015212
-0.027531
-0.038755
-0.053386
-0.068252
-0.084134
-0.100497
-0.115032
-0.128996
-0.138434
-0.146211
-0.148426
-0.149171
-0.145406
-0.141431
-0.134793
-0.129001
-0.122081
-0.116380
-0.110499
-0.105711
-0.101228
-0.097516
-0.094312
-0.091551
-0.089347
-0.087337
-0.085852
-0.084401
-0.083407
-0.082362
-0.081691
-0.080937
-0.080474
-0.079930
-0.079598
-0.079205
-0.078954
-0.078672
-0.078469
-0.078272
-0.078093
-0.077963
-0.077794
-0.077720
-0.077547
-0.077525
-0.077335
-0.077367
-0.077147
-0.077237
-0.076973
-0.077132
-0.076805
-0.077047
-0.076637
-0.076981
-0.076462
-0.076935
-0.076275
-0.076907
-0.076070
-0.076901
-0.075841
-0.076918
-0.075578
-0.076964
-0.075274
-0.077045
-0.074916
-0.077169
-0.074490
-0.077349
-0.073977
-0.077602
-0.073352
0.063035
0.007406
0.054684
0.013035
0.048571
0.017352
0.044148
0.020694
0.040952
0.023243
0.038563
0.025035
0.036542
0.025940
0.034372
0.025629
0.031370
0.023504
0.026592
0.018619
0.018727
0.009602
0.006036
-0.005332
-0.013532
-0.028096
-0.041763
-0.059837
-0.078733
-0.099089
-0.120375
-0.139219
-0.156902
-0.168154
-0.176661
-0.177471
-0.176121
-0.169007
-0.161846
-0.151655
-0.142924
-0.133161
-0.125252
-0.117408
-0.111130
-0.105404
-0.100743
-0.096789
-0.093441
-0.090798
-0.088426
-0.086688
-0.085013
-0.083875
-0.082691
-0.081939
-0.081099
-0.080592
-0.079995
-0.079639
-0.079216
-0.078953
-0.078655
-0.078446
-0.078242
-0.078061
-0.077930
-0.077759
-0.077689
-0.077513
-0.077498
-0.077303
-0.077345
-0.077117
-0.077220
-0.076944
-0.077119
-0.076775
-0.077039
-0.076604
-0.076977
-0.076424
-0.076933
-0.076230
-0.076909
-0.076015
-0.076907
-0.075773
-0.076929
-0.075495
-0.076981
-0.075171
-0.077069
-0.074790
-0.077204
-0.074334
-0.077399
-0.073786
-0.077671
-0.073117
0.068766
0.008240
0.059714
0.014572
0.053233
0.019542
0.048724
0.023555
0.045706
0.026857
0.043758
0.029539
0.042458
0.031529
0.041311
0.032541
0.039649
0.031996
0.036502
0.028900
0.030435
0.021694
0.019386
0.008159
0.000657
-0.014421
-0.028607
-0.048369
-0.069748
-0.093347
-0.119145
-0.142405
-0.164869
-0.179130
-0.189566
-0.189807
-0.186864
-0.176775
-0.166878
-0.153782
-0.142995
-0.131472
-0.122548
-0.113997
-0.107448
-0.101654
-0.097111
-0.093389
-0.090310
-0.087995
-0.085917
-0.084502
-0.083091
-0.082231
-0.081263
-0.080734
-0.080062
-0.079725
-0.079254
-0.079025
-0.078694
-0.078522
-0.078291
-0.078146
-0.077990
-0.077853
-0.077757
-0.077614
-0.077570
-0.077411
-0.077417
-0.077229
-0.077289
-0.077061
-0.077182
-0.076897
-0.077092
-0.076733
-0.077020
-0.076562
-0.076963
-0.076380
-0.076925
-0.076180
-0.076905
-0.075957
-0.076906
-0.075704
-0.076934
-0.075411
-0.076992
-0.075070
-0.077088
-0.074666
-0.077233
-0.074184
-0.077442
-0.073602
-0.077732
-0.072892
0.074063
0.008949
0.064315
0.015866
0.057420
0.021356
0.052729
0.025873
0.049729
0.029703
0.047986
0.032973
0.047069
0.035632
0.046475
0.037399
0.045504
0.037655
0.043093
0.035271
0.037565
0.028346
0.026329
0.013935
0.005629
-0.012014
-0.029166
-0.053809
-0.081534
-0.112798
-0.147933
-0.179998
-0.209741
-0.227377
-0.238549
-0.235098
-0.226916
-0.209760
-0.193551
-0.174186
-0.158610
-0.142898
-0.130992
-0.120025
-0.111799
-0.104727
-0.099286
-0.094921
-0.091367
-0.088738
-0.086406
-0.084842
-0.083291
-0.082363
-0.081315
-0.080757
-0.080039
-0.079693
-0.079196
-0.078967
-0.078622
-0.078454
-0.078218
-0.078078
-0.077923
-0.077790
-0.077698
-0.077558
-0.077521
-0.077361
-0.077376
-0.077187
-0.077257
-0.077023
-0.077157
-0.076863
-0.077074
-0.076700
-0.077006
-0.076528
-0.076955
-0.076343
-0.076920
-0.076137
-0.076904
-0.075906
-0.076910
-0.075642
-0.076941
-0.075337
-0.077005
-0.074979
-0.077109
-0.074554
-0.077263
-0.074047
-0.077485
-0.073433
-0.077793
-0.072684
0.079261
0.009730
0.068890
0.017315
0.061695
0.023443
0.056988
0.028642
0.054249
0.033269
0.053061
0.037529
0.053043
0.041459
0.053759
0.044876
0.054594
0.047259
0.054556
0.047531
0.051956
0.043703
0.043937
0.032375
0.025910
0.008287
-0.008664
-0.035277
-0.066560
-0.103234
-0.147283
-0.189063
-0.229445
-0.253815
-0.268209
-0.262103
-0.248365
-0.223586
-0.200913
-0.175819
-0.156651
-0.138382
-0.125300
-0.113769
-0.105582
-0.098820
-0.093856
-0.090067
-0.087063
-0.085010
-0.083164
-0.082086
-0.080921
-0.080373
-0.079616
-0.079343
-0.078838
-0.078699
-0.078356
-0.078275
-0.078040
-0.077976
-0.077817
-0.077748
-0.077648
-0.077563
-0.077510
-0.077401
-0.077392
-0.077252
-0.077289
-0.077108
-0.077197
-0.076965
-0.077115
-0.076816
-0.077045
-0.076659
-0.076986
-0.076490
-0.076941
-0.076303
-0.076911
-0.076093
-0.076899
-0.075855
-0.076909
-0.075582
-0.076945
-0.075264
-0.077014
-0.074891
-0.077124
-0.074448
-0.077288
-0.073917
-0.077522
-0.073275
-0.077846
-0.072490
0.083938
0.010373
0.072961
0.018498
0.065427
0.025120
0.060606
0.030821
0.057962
0.036006
0.057081
0.040931
0.057601
0.045687
0.059126
0.050150
0.061083
0.053845
0.062495
0.055674
0.061566
0.053427
0.054982
0.042934
0.036813
0.016915
-0.002696
-0.035671
-0.076537
-0.126519
-0.190199
-0.252691
-0.308954
-0.340401
-0.355181
-0.338923
-0.311131
-0.270311
-0.234635
-0.198392
-0.171673
-0.147684
-0.131049
-0.117050
-0.107395
-0.099705
-0.094190
-0.090107
-0.086914
-0.084803
-0.082898
-0.081838
-0.080658
-0.080145
-0.079386
-0.079147
-0.078643
-0.078533
-0.078193
-0.078134
-0.077903
-0.077857
-0.077704
-0.077649
-0.077555
-0.077480
-0.077435
-0.077332
-0.077332
-0.077195
-0.077241
-0.077061
-0.077160
-0.076925
-0.077087
-0.076781
-0.077024
-0.076627
-0.076971
-0.076457
-0.076930
-0.076268
-0.076904
-0.076055
-0.076896
-0.075811
-0.076910
-0.075529
-0.076950
-0.075200
-0.077024
-0.074813
-0.077141
-0.074353
-0.077313
-0.073800
-0.077558
-0.073132
-0.077896
-0.072314
0.088406
0.011063
0.076902
0.019787
0.069140
0.026995
0.064358
0.033344
0.062023
0.039317
0.061762
0.045262
0.063289
0.051394
0.066331
0.057751
0.070496
0.064069
0.075040
0.069506
0.078414
0.072055
0.077381
0.067405
0.065385
0.046978
0.029993
-0.004453
-0.049267
-0.107964
-0.191292
-0.278572
-0.361864
-0.410369
-0.430358
-0.403344
-0.356424
-0.294817
-0.243850
-0.196693
-0.164458
-0.137582
-0.120305
-0.106591
-0.097810
-0.091217
-0.086795
-0.083805
-0.081539
-0.080305
-0.079098
-0.078689
-0.078009
-0.077962
-0.077554
-0.077643
-0.077383
-0.077501
-0.077329
-0.077428
-0.077314
-0.077375
-0.077302
-0.077321
-0.077282
-0.077256
-0.077250
-0.077179
-0.077206
-0.077089
-0.077156
-0.076986
-0.077101
-0.076869
-0.077047
-0.076738
-0.076996
-0.076590
-0.076951
-0.076423
-0.076917
-0.076234
-0.076895
-0.076017
-0.076891
-0.075768
-0.076908
-0.075479
-0.076953
-0.075140
-0.077031
-0.074741
-0.077154
-0.074265
-0.077334
-0.073694
-0.077588
-0.073001
-0.077940
-0.072154
0.092279
0.011608
0.080281
0.020798
0.072259
0.028443
0.067421
0.035253
0.065230
0.041766
0.065331
0.048392
0.067491
0.055434
0.071524
0.063050
0.077178
0.071147
0.083910
0.079096
0.090388
0.085059
0.093410
0.084470
0.085536
0.066773
0.050178
0.009377
-0.047150
-0.128233
-0.259605
-0.403582
-0.524448
-0.589119
-0.609151
-0.552383
-0.463668
-0.361808
-0.282764
-0.215986
-0.172915
-0.139705
-0.119511
-0.104492
-0.095346
-0.088856
-0.084664
-0.082025
-0.080030
-0.079100
-0.078091
-0.077895
-0.077340
-0.077434
-0.077101
-0.077281
-0.077066
-0.077244
-0.077099
-0.077238
-0.077142
-0.077231
-0.077171
-0.077208
-0.077180
-0.077167
-0.077170
-0.077109
-0.077145
-0.077033
-0.077108
-0.076940
-0.077065
-0.076831
-0.077019
-0.076705
-0.076975
-0.076560
-0.076936
-0.076395
-0.076906
-0.076204
-0.076889
-0.075985
-0.076888
-0.075731
-0.076908
-0.075436
-0.076956
-0.075088
-0.077039
-0.074678
-0.077167
-0.074189
-0.077353
-0.073600
-0.077616
-0.072887
-0.077980
-0.072013
0.095828
0.012169
0.083419
0.021851
0.075235
0.029990
0.070465
0.037359
0.068585
0.044575
0.069290
0.052147
0.072442
0.060518
0.078022
0.070063
0.086050
0.081024
0.096415
0.093285
0.108438
0.105753
0.119781
0.114711
0.123657
0.109600
0.101864
0.062946
0.007707
-0.086497
-0.268910
-0.482803
-0.674136
-0.781691
-0.809866
-0.715443
-0.562991
-0.402486
-0.288448
-0.203232
-0.154283
-0.120173
-0.101598
-0.088993
-0.082256
-0.078079
-0.075775
-0.074815
-0.074115
-0.074319
-0.074165
-0.074721
-0.074727
-0.075318
-0.075353
-0.075865
-0.075893
-0.076293
-0.076311
-0.076599
-0.076611
-0.076799
-0.076813
-0.076917
-0.076939
-0.076970
-0.077008
-0.076974
-0.077035
-0.076940
-0.077034
-0.076875
-0.077014
-0.076784
-0.076985
-0.076669
-0.076951
-0.076530
-0.076920
-0.076367
-0.076895
-0.076177
-0.076881
-0.075956
-0.076883
-0.075698
-0.076907
-0.075397
-0.076958
-0.075042
-0.077044
-0.074622
-0.077177
-0.074121
-0.077369
-0.073518
-0.077640
-0.072787
-0.078014
-0.071891
0.098732
0.012586
0.085956
0.022628
0.077591
0.031113
0.072805
0.038859
0.071077
0.046532
0.072132
0.054710
0.075897
0.063937
0.082479
0.074753
0.092122
0.087682
0.105108
0.103100
0.121442
0.120743
0.139877
0.138114
0.154909
0.145389
0.147371
0.108901
0.052267
-0.078572
-0.392254
-0.746119
-0.981242
-1.092403
-1.128402
-0.981938
-0.737141
-0.488570
-0.318496
-0.202662
-0.143179
-0.107202
-0.089913
-0.079560
-0.074804
-0.072434
-0.071432
-0.071573
-0.071621
-0.072457
-0.072715
-0.073630
-0.073861
-0.074658
-0.074816
-0.075448
-0.075545
-0.076017
-0.076074
-0.076407
-0.076443
-0.076661
-0.076691
-0.076814
-0.076848
-0.076892
-0.076939
-0.076914
-0.076982
-0.076892
-0.076994
-0.076837
-0.076984
-0.076753
-0.076962
-0.076642
-0.076934
-0.076507
-0.076907
-0.076345
-0.076886
-0.076154
-0.076875
-0.075932
-0.076880
-0.075671
-0.076906
-0.075365
-0.076960
-0.075004
-0.077049
-0.074577
-0.077186
-0.074066
-0.077383
-0.073450
-0.077660
-0.072703
-0.078043
-0.071788
0.101198
0.012982
0.088141
0.023376
0.079675
0.032218
0.074958
0.040380
0.073484
0.048587
0.075024
0.057504
0.079601
0.067807
0.087489
0.080253
0.099232
0.095748
0.115663
0.115351
0.137800
0.140079
0.166281
0.169819
0.198951
0.198777
0.221399
0.196413
0.166824
0.027544
-0.337480
-0.676047
-0.854234
-0.930100
-1.028275
-0.961335
-0.725636
-0.464146
-0.288357
-0.165241
-0.107307
-0.077075
-0.065659
-0.060876
-0.060239
-0.061285
-0.062706
-0.064824
-0.066279
-0.068274
-0.069365
-0.070980
-0.071717
-0.072949
-0.073423
-0.074332
-0.074629
-0.075281
-0.075468
-0.075918
-0.076040
-0.076335
-0.076421
-0.076595
-0.076667
-0.076745
-0.076817
-0.076814
-0.076901
-0.076824
-0.076938
-0.076789
-0.076946
-0.076718
-0.076936
-0.076616
-0.076916
-0.076485
-0.076895
-0.076325
-0.076877
-0.076135
-0.076869
-0.075911
-0.076877
-0.075648
-0.076905
-0.075338
-0.076961
-0.074973
-0.077053
-0.074539
-0.077192
-0.074020
-0.077394
-0.073395
-0.077676
-0.072636
-0.078066
-0.071705
0.102999
0.013245
0.089716
0.023867
0.081145
0.032932
0.076429
0.041341
0.075070
0.049858
0.076866
0.059198
0.081897
0.070123
0.090551
0.083542
0.103596
0.100647
0.122316
0.123088
0.148685
0.153148
0.185461
0.193636
0.235407
0.245808
0.295876
0.296180
0.328044
0.239178
-0.077087
-0.386095
-0.624366
-0.671122
-0.732514
-0.709199
-0.535638
-0.337634
-0.211508
-0.115221
-0.071373
-0.052097
-0.047593
-0.048310
-0.051193
-0.054951
-0.058111
-0.061564
-0.063877
-0.066543
-0.068064
-0.070026
-0.070982
-0.072400
-0.072988
-0.074000
-0.074358
-0.075069
-0.075290
-0.075776
-0.075918
-0.076236
-0.076335
-0.076523
-0.076604
-0.076691
-0.076770
-0.076773
-0.076865
-0.076792
-0.076912
-0.076764
-0.076926
-0.076698
-0.076921
-0.076599
-0.076905
-0.076470
-0.076886
-0.076311
-0.076871
-0.076121
-0.076866
-0.075896
-0.076874
-0.075631
-0.076904
-0.075319
-0.076962
-0.074950
-0.077056
-0.074511
-0.077198
-0.073986
-0.077402
-0.073353
-0.077688
-0.072585
-0.078083
-0.071643
0.104264
0.013450
0.090839
0.024256
0.082219
0.033509
0.077546
0.042140
0.076330
0.050947
0.078399
0.060695
0.083890
0.072228
0.093302
0.086595
0.107613
0.105251
0.128518
0.130362
0.158871
0.165309
0.203397
0.215378
0.269570
0.287890
0.366332
0.385444
0.482555
0.435106
0.053122
-0.326026
-0.618562
-0.636616
-0.613825
-0.525096
-0.370611
-0.211884
-0.121490
-0.062030
-0.033368
-0.026905
-0.028956
-0.035110
-0.041273
-0.047680
-0.052566
-0.057395
-0.060644
-0.064062
-0.066107
-0.068501
-0.069762
-0.071438
-0.072210
-0.073381
-0.073854
-0.074666
-0.074960
-0.075511
-0.075700
-0.076059
-0.076190
-0.076406
-0.076507
-0.076612
-0.076705
-0.076720
-0.076822
-0.076756
-0.076882
-0.076739
-0.076906
-0.076680
-0.076907
-0.076585
-0.076895
-0.076459
-0.076880
-0.076301
-0.076867
-0.076111
-0.076863
-0.075886
-0.076873
-0.075620
-0.076904
-0.075305
-0.076962
-0.074934
-0.077058
-0.074492
-0.077201
-0.073963
-0.077407
-0.073325
-0.077696
-0.072551
-0.078095
-0.071601
0.104874
0.013540
0.091373
0.024423
0.082718
0.033754
0.078048
0.042472
0.076875
0.051388
0.079038
0.061289
0.084698
0.073051
0.094400
0.087785
0.109217
0.107070
0.131057
0.133337
0.163249
0.170576
0.211707
0.225567
0.286954
0.309565
0.405692
0.436203
0.573486
0.544704
0.114102
-0.250668
-0.500164
-0.524895
-0.528599
-0.463405
-0.334796
-0.166007
-0.074078
-0.033988
-0.013270
-0.014470
-0.020218
-0.029361
-0.037205
-0.044915
-0.050591
-0.056022
-0.059647
-0.063355
-0.065583
-0.068121
-0.069473
-0.071224
-0.072042
-0.073254
-0.073752
-0.074586
-0.074894
-0.075459
-0.075655
-0.076023
-0.076158
-0.076380
-0.076484
-0.076593
-0.076689
-0.076705
-0.076809
-0.076745
-0.076873
-0.076730
-0.076899
-0.076673
-0.076902
-0.076579
-0.076892
-0.076454
-0.076877
-0.076296
-0.076865
-0.076107
-0.076861
-0.075881
-0.076872
-0.075614
-0.076903
-0.075299
-0.076963
-0.074926
-0.077059
-0.074482
-0.077203
-0.073952
-0.077410
-0.073311
-0.077701
-0.072534
-0.078101
-0.071580
0.104874
0.013540
0.091373
0.024423
0.082718
0.033754
0.078048
0.042472
0.076875
0.051388
0.079038
0.061289
0.084698
0.073051
0.094400
0.087785
0.109217
0.107070
0.131057
0.133337
0.163249
0.170576
0.211707
0.225567
0.286954
0.309565
0.405692
0.436203
0.573486
0.544704
0.114102
-0.250668
-0.500164
-0.524895
-0.528599
-0.463405
-0.334796
-0.166007
-0.074078
-0.033988
-0.013270
-0.014470
-0.020218
-0.029361
-0.037205
-0.044915
-0.050591
-0.056022
-0.059647
-0.063355
-0.065583
-0.068121
-0.069473
-0.071224
-0.072042
-0.073254
-0.073752
-0.074586
-0.074894
-0.075459
-0.075655
-0.076023
-0.076158
-0.076380
-0.076484
-0.076593
-0.076689
-0.076705
-0.076809
-0.076745
-0.076873
-0.076730
-0.076899
-0.076673
-0.076902
-0.076579
-0.076892
-0.076454
-0.076877
-0.076296
-0.076865
-0.076107
-0.076861
-0.075881
-0.076872
-0.075614
-0.076903
-0.075299
-0.076963
-0.074926
-0.077059
-0.074482
-0.077203
-0.073952
-0.077410
-0.073311
-0.077701
-0.072534
-0.078101
-0.071580
0.104264
0.013450
0.090839
0.024256
0.082219
0.033509
0.077546
0.042140
0.076330
0.050947
0.078399
0.060695
0.083890
0.072228
0.093302
0.086595
0.107613
0.105251
0.128518
0.130362
0.158871
0.165309
0.203397
0.215378
0.269570
0.287890
0.366332
0.385444
0.482555
0.435106
0.053122
-0.326026
-0.618562
-0.636616
-0.613825
-0.525096
-0.370611
-0.211884
-0.121490
-0.062030
-0.033368
-0.026905
-0.028956
-0.035110
-0.041273
-0.047680
-0.052566
-0.057395
-0.060644
-0.064062
-0.066107
-0.068501
-0.069762
-0.071438
-0.072210
-0.073381
-0.073854
-0.074666
-0.074960
-0.075511
-0.075700
-0.076059
-0.076190
-0.076406
-0.076507
-0.076612
-0.076705
-0.076720
-0.076822
-0.076756
-0.076882
-0.076739
-0.076906
-0.076680
-0.076907
-0.076585
-0.076895
-0.076459
-0.076880
-0.076301
-0.076867
-0.076111
-0.076863
-0.075886
-0.076873
-0.075620
-0.076904
-0.075305
-0.076962
-0.074934
-0.077058
-0.074492
-0.077201
-0.073963
-0.077407
-0.073325
-0.077696
-0.072551
-0.078095
-0.071601
0.102999
0.013245
0.089716
0.023867
0.081145
0.032932
0.076429
0.041341
0.075070
0.049858
0.076866
0.059198
0.081897
0.070123
0.090551
0.083542
0.103596
0.100647
0.122316
0.123088
0.148685
0.153148
0.185461
0.193636
0.235407
0.245808
0.295876
0.296180
0.328044
0.239178
-0.077087
-0.386095
-0.624366
-0.671122
-0.732514
-0.709199
-0.535638
-0.337634
-0.211508
-0.115221
-0.071373
-0.052097
-0.047593
-0.048310
-0.051193
-0.054951
-0.058111
-0.061564
-0.063877
-0.066543
-0.068064
-0.070026
-0.070982
-0.072400
-0.072988
-0.074000
-0.074358
-0.075069
-0.075290
-0.075776
-0.075918
-0.076236
-0.076335
-0.076523
-0.076604
-0.076691
-0.076770
-0.076773
-0.076865
-0.076792
-0.076912
-0.076764
-0.076926
-0.076698
-0.076921
-0.076599
-0.076905
-0.076470
-0.076886
-0.076311
-0.076871
-0.076121
-0.076866
-0.075896
-0.076874
-0.075631
-0.076904
-0.075319
-0.076962
-0.074950
-0.077056
-0.074511
-0.077198
-0.073986
-0.077402
-0.073353
-0.077688
-0.072585
-0.078083
-0.071643
0.101198
0.012982
0.088141
0.023376
0.079675
0.032218
0.074958
0.040380
0.073484
0.048587
0.075024
0.057504
0.079601
0.067807
0.087489
0.080253
0.099232
0.095748
0.115663
0.115351
0.137800
0.140079
0.166281
0.169819
0.198951
0.198777
0.221399
0.196413
0.166824
0.027544
-0.337480
-0.676047
-0.854234
-0.930100
-1.028275
-0.961335
-0.725636
-0.464146
-0.288357
-0.165241
-0.107307
-0.077075
-0.065659
-0.060876
-0.060239
-0.061285
-0.062706
-0.064824
-0.066279
-0.068274
-0.069365
-0.070980
-0.071717
-0.072949
-0.073423
-0.074332
-0.074629
-0.075281
-0.075468
-0.075918
-0.076040
-0.076335
-0.076421
-0.076595
-0.076667
-0.076745
-0.076817
-0.076814
-0.076901
-0.076824
-0.076938
-0.076789
-0.076946
-0.076718
-0.076936
-0.076616
-0.076916
-0.076485
-0.076895
-0.076325
-0.076877
-0.076135
-0.076869
-0.075911
-0.076877
-0.075648
-0.076905
-0.075338
-0.076961
-0.074973
-0.077053
-0.074539
-0.077192
-0.074020
-0.077394
-0.073395
-0.077676
-0.072636
-0.078066
-0.071705
0.098732
0.012586
0.085956
0.022628
0.077591
0.031113
0.072805
0.038859
0.071077
0.046532
0.072132
0.054710
0.075897
0.063937
0.082479
0.074753
0.092122
0.087682
0.105108
0.103100
0.121442
0.120743
0.139877
0.138114
0.154909
0.145389
0.147371
0.108901
0.052267
-0.078572
-0.392254
-0.746119
-0.981242
-1.092403
-1.128402
-0.981938
-0.737141
-0.488570
-0.318496
-0.202662
-0.143179
-0.107202
-0.089913
-0.079560
-0.074804
-0.072434
-0.071432
-0.071573
-0.071621
-0.072457
-0.072715
-0.073630
-0.073861
-0.074658
-0.074816
-0.075448
-0.075545
-0.076017
-0.076074
-0.076407
-0.076443
-0.076661
-0.076691
-0.076814
-0.076848
-0.076892
-0.076939
-0.076914
-0.076982
-0.076892
-0.076994
-0.076837
-0.076984
-0.076753
-0.076962
-0.076642
-0.076934
-0.076507
-0.076907
-0.076345
-0.076886
-0.076154
-0.076875
-0.075932
-0.076880
-0.075671
-0.076906
-0.075365
-0.076960
-0.075004
-0.077049
-0.074577
-0.077186
-0.074066
-0.077383
-0.073450
-0.077660
-0.072703
-0.078043
-0.071788
0.095828
0.012169
0.083419
0.021851
0.075235
0.029990
0.070465
0.037359
0.068585
0.044575
0.069290
0.052147
0.072442
0.060518
0.078022
0.070063
0.086050
0.081024
0.096415
0.093285
0.108438
0.105753
0.119781
0.114711
0.123657
0.109600
0.101864
0.062946
0.007707
-0.086497
-0.268910
-0.482803
-0.674136
-0.781691
-0.809866
-0.715443
-0.562991
-0.402486
-0.288448
-0.203232
-0.154283
-0.120173
-0.101598
-0.088993
-0.082256
-0.078079
-0.075775
-0.074815
-0.074115
-0.074319
-0.074165
-0.074721
-0.074727
-0.075318
-0.075353
-0.075865
-0.075893
-0.076293
-0.076311
-0.076599
-0.076611
-0.076799
-0.076813
-0.076917
-0.076939
-0.076970
-0.077008
-0.076974
-0.077035
-0.076940
-0.077034
-0.076875
-0.077014
-0.076784
-0.076985
-0.076669
-0.076951
-0.076530
-0.076920
-0.076367
-0.076895
-0.076177
-0.076881
-0.075956
-0.076883
-0.075698
-0.076907
-0.075397
-0.076958
-0.075042
-0.077044
-0.074622
-0.077177
-0.074121
-0.077369
-0.073518
-0.077640
-0.072787
-0.078014
-0.071891
0.092279
0.011608
0.080281
0.020798
0.072259
0.028443
0.067421
0.035253
0.065230
0.041766
0.065331
0.048392
0.067491
0.055434
0.071524
0.063050
0.077178
0.071147
0.083910
0.079096
0.090388
0.085059
0.093410
0.084470
0.085536
0.066773
0.050178
0.009377
-0.047150
-0.128233
-0.259605
-0.403582
-0.524448
-0.589119
-0.609151
-0.552383
-0.463668
-0.361808
-0.282764
-0.215986
-0.172915
-0.139705
-0.119511
-0.104492
-0.095346
-0.088856
-0.084664
-0.082025
-0.080030
-0.079100
-0.078091
-0.077895
-0.077340
-0.077434
-0.077101
-0.077281
-0.077066
-0.077244
-0.077099
-0.077238
-0.077142
-0.077231
-0.077171
-0.077208
-0.077180
-0.077167
-0.077170
-0.077109
-0.077145
-0.077033
-0.077108
-0.076940
-0.077065
-0.076831
-0.077019
-0.076705
-0.076975
-0.076560
-0.076936
-0.076395
-0.076906
-0.076204
-0.076889
-0.075985
-0.076888
-0.075731
-0.076908
-0.075436
-0.076956
-0.075088
-0.077039
-0.074678
-0.077167
-0.074189
-0.077353
-0.073600
-0.077616
-0.072887
-0.077980
-0.072013
0.088406
0.011063
0.076902
0.019787
0.069140
0.026995
0.064358
0.033344
0.062023
0.039317
0.061762
0.045262
0.063289
0.051394
0.066331
0.057751
0.070496
0.064069
0.075040
0.069506
0.078414
0.072055
0.077381
0.067405
0.065385
0.046978
0.029993
-0.004453
-0.049267
-0.107964
-0.191292
-0.278572
-0.361864
-0.410369
-0.430358
-0.403344
-0.356424
-0.294817
-0.243850
-0.196693
-0.164458
-0.137582
-0.120305
-0.106591
-0.097810
-0.091217
-0.086795
-0.083805
-0.081539
-0.080305
-0.079098
-0.078689
-0.078009
-0.077962
-0.077554
-0.077643
-0.077383
-0.077501
-0.077329
-0.077428
-0.077314
-0.077375
-0.077302
-0.077321
-0.077282
-0.077256
-0.077250
-0.077179
-0.077206
-0.077089
-0.077156
-0.076986
-0.077101
-0.076869
-0.077047
-0.076738
-0.076996
-0.076590
-0.076951
-0.076423
-0.076917
-0.076234
-0.076895
-0.076017
-0.076891
-0.075768
-0.076908
-0.075479
-0.076953
-0.075140
-0.077031
-0.074741
-0.077154
-0.074265
-0.077334
-0.073694
-0.077588
-0.073001
-0.077940
-0.072154
0.083938
0.010373
0.072961
0.018498
0.065427
0.025120
0.060606
0.030821
0.057962
0.036006
0.057081
0.040931
0.057601
0.045687
0.059126
0.050150
0.061083
0.053845
0.062495
0.055674
0.061566
0.053427
0.054982
0.042934
0.036813
0.016915
-0.002696
-0.035671
-0.076537
-0.126519
-0.190199
-0.252691
-0.308954
-0.340401
-0.355181
-0.338923
-0.311131
-0.270311
-0.234635
-0.198392
-0.171673
-0.147684
-0.131049
-0.117050
-0.107395
-0.099705
-0.094190
-0.090107
-0.086914
-0.084803
-0.082898
-0.081838
-0.080658
-0.080145
-0.079386
-0.079147
-0.078643
-0.078533
-0.078193
-0.078134
-0.077903
-0.077857
-0.077704
-0.077649
-0.077555
-0.077480
-0.077435
-0.077332
-0.077332
-0.077195
-0.077241
-0.077061
-0.077160
-0.076925
-0.077087
-0.076781
-0.077024
-0.076627
-0.076971
-0.076457
-0.076930
-0.076268
-0.076904
-0.076055
-0.076896
-0.075811
-0.076910
-0.075529
-0.076950
-0.075200
-0.077024
-0.074813
-0.077141
-0.074353
-0.077313
-0.073800
-0.077558
-0.073132
-0.077896
-0.072314
0.079261
0.009730
0.068890
0.017315
0.061695
0.023443
0.056988
0.028642
0.054249
0.033269
0.053061
0.037529
0.053043
0.041459
0.053759
0.044876
0.054594
0.047259
0.054556
0.047531
0.051956
0.043703
0.043937
0.032375
0.025910
0.008287
-0.008664
-0.035277
-0.066560
-0.103234
-0.147283
-0.189063
-0.229445
-0.253815
-0.268209
-0.262103
-0.248365
-0.223586
-0.200913
-0.175819
-0.156651
-0.138382
-0.125300
-0.113769
-0.105582
-0.098820
-0.093856
-0.090067
-0.087063
-0.085010
-0.083164
-0.082086
-0.080921
-0.080373
-0.079616
-0.079343
-0.078838
-0.078699
-0.078356
-0.078275
-0.078040
-0.077976
-0.077817
-0.077748
-0.077648
-0.077563
-0.077510
-0.077401
-0.077392
-0.077252
-0.077289
-0.077108
-0.077197
-0.076965
-0.077115
-0.076816
-0.077045
-0.076659
-0.076986
-0.076490
-0.076941
-0.076303
-0.076911
-0.076093
-0.076899
-0.075855
-0.076909
-0.075582
-0.076945
-0.075264
-0.077014
-0.074891
-0.077124
-0.074448
-0.077288
-0.073917
-0.077522
-0.073275
-0.077846
-0.072490
0.074063
0.008949
0.064315
0.015866
0.057420
0.021356
0.052729
0.025873
0.049729
0.029703
0.047986
0.032973
0.047069
0.035632
0.046475
0.037399
0.045504
0.037655
0.043093
0.035271
0.037565
0.028346
0.026329
0.013935
0.005629
-0.012014
-0.029166
-0.053809
-0.081534
-0.112798
-0.147933
-0.179998
-0.209741
-0.227377
-0.238549
-0.235098
-0.226916
-0.209760
-0.193551
-0.174186
-0.158610
-0.142898
-0.130992
-0.120025
-0.111799
-0.104727
-0.099286
-0.094921
-0.091367
-0.088738
-0.086406
-0.084842
-0.083291
-0.082363
-0.081315
-0.080757
-0.080039
-0.079693
-0.079196
-0.078967
-0.078622
-0.078454
-0.078218
-0.078078
-0.077923
-0.077790
-0.077698
-0.077558
-0.077521
-0.077361
-0.077376
-0.077187
-0.077257
-0.077023
-0.077157
-0.076863
-0.077074
-0.076700
-0.077006
-0.076528
-0.076955
-0.076343
-0.076920
-0.076137
-0.076904
-0.075906
-0.076910
-0.075642
-0.076941
-0.075337
-0.077005
-0.074979
-0.077109
-0.074554
-0.077263
-0.074047
-0.077485
-0.073433
-0.077793
-0.072684
0.068766
0.008240
0.059714
0.014572
0.053233
0.019542
0.048724
0.023555
0.045706
0.026857
0.043758
0.029539
0.042458
0.031529
0.041311
0.032541
0.039649
0.031996
0.036502
0.028900
0.030435
0.021694
0.019386
0.008159
0.000657
-0.014421
-0.028607
-0.048369
-0.069748
-0.093347
-0.119145
-0.142405
-0.164869
-0.179130
-0.189566
-0.189807
-0.186864
-0.176775
-0.166878
-0.153782
-0.142995
-0.131472
-0.122548
-0.113997
-0.107448
-0.101654
-0.097111
-0.093389
-0.090310
-0.087995
-0.085917
-0.084502
-0.083091
-0.082231
-0.081263
-0.080734
-0.080062
-0.079725
-0.079254
-0.079025
-0.078694
-0.078522
-0.078291
-0.078146
-0.077990
-0.077853
-0.077757
-0.077614
-0.077570
-0.077411
-0.077417
-0.077229
-0.077289
-0.077061
-0.077182
-0.076897
-0.077092
-0.076733
-0.077020
-0.076562
-0.076963
-0.076380
-0.076925
-0.076180
-0.076905
-0.075957
-0.076906
-0.075704
-0.076934
-0.075411
-0.076992
-0.075070
-0.077088
-0.074666
-0.077233
-0.074184
-0.077442
-0.073602
-0.077732
-0.072892
0.063035
0.007406
0.054684
0.013035
0.048571
0.017352
0.044148
0.020694
0.040952
0.023243
0.038563
0.025035
0.036542
0.025940
0.034372
0.025629
0.031370
0.023504
0.026592
0.018619
0.018727
0.009602
0.006036
-0.005332
-0.013532
-0.028096
-0.041763
-0.059837
-0.078733
-0.099089
-0.120375
-0.139219
-0.156902
-0.168154
-0.176661
-0.177471
-0.176121
-0.169007
-0.161846
-0.151655
-0.142924
-0.133161
-0.125252
-0.117408
-0.111130
-0.105404
-0.100743
-0.096789
-0.093441
-0.090798
-0.088426
-0.086688
-0.085013
-0.083875
-0.082691
-0.081939
-0.081099
-0.080592
-0.079995
-0.079639
-0.079216
-0.078953
-0.078655
-0.078446
-0.078242
-0.078061
-0.077930
-0.077759
-0.077689
-0.077513
-0.077498
-0.077303
-0.077345
-0.077117
-0.077220
-0.076944
-0.077119
-0.076775
-0.077039
-0.076604
-0.076977
-0.076424
-0.076933
-0.076230
-0.076909
-0.076015
-0.076907
-0.075773
-0.076929
-0.075495
-0.076981
-0.075171
-0.077069
-0.074790
-0.077204
-0.074334
-0.077399
-0.073786
-0.077671
-0.073117
0.057305
0.006662
0.049715
0.011687
0.044081
0.015484
0.039912
0.018347
0.036785
0.020424
0.034310
0.021735
0.032079
0.022149
0.029613
0.021364
0.026303
0.018861
0.021336
0.013859
0.013650
0.005294
0.001932
-0.008108
-0.015212
-0.027531
-0.038755
-0.053386
-0.068252
-0.084134
-0.100497
-0.115032
-0.128996
-0.138434
-0.146211
-0.148426
-0.149171
-0.145406
-0.141431
-0.134793
-0.129001
-0.122081
-0.116380
-0.110499
-0.105711
-0.101228
-0.097516
-0.094312
-0.091551
-0.089347
-0.087337
-0.085852
-0.084401
-0.083407
-0.082362
-0.081691
-0.080937
-0.080474
-0.079930
-0.079598
-0.079205
-0.078954
-0.078672
-0.078469
-0.078272
-0.078093
-0.077963
-0.077794
-0.077720
-0.077547
-0.077525
-0.077335
-0.077367
-0.077147
-0.077237
-0.076973
-0.077132
-0.076805
-0.077047
-0.076637
-0.076981
-0.076462
-0.076935
-0.076275
-0.076907
-0.076070
-0.076901
-0.075841
-0.076918
-0.075578
-0.076964
-0.075274
-0.077045
-0.074916
-0.077169
-0.074490
-0.077349
-0.073977
-0.077602
-0.073352
0.051235
0.005807
0.044400
0.010123
0.039197
0.013284
0.035187
0.015515
0.031980
0.016919
0.029201
0.017472
0.026449
0.017015
0.023255
0.015234
0.019034
0.011633
0.013045
0.005514
0.004366
-0.004008
-0.008048
-0.017889
-0.025175
-0.036853
-0.047458
-0.060800
-0.074029
-0.087940
-0.101841
-0.114114
-0.125659
-0.133570
-0.140159
-0.142380
-0.143492
-0.140932
-0.138107
-0.132930
-0.128248
-0.122426
-0.117439
-0.112151
-0.107682
-0.103396
-0.099733
-0.096487
-0.093632
-0.091272
-0.089110
-0.087434
-0.085824
-0.084645
-0.083457
-0.082627
-0.081754
-0.081164
-0.080525
-0.080096
-0.079631
-0.079307
-0.078972
-0.078717
-0.078480
-0.078267
-0.078107
-0.077916
-0.077819
-0.077634
-0.077593
-0.077399
-0.077414
-0.077198
-0.077270
-0.077016
-0.077155
-0.076846
-0.077063
-0.076679
-0.076993
-0.076509
-0.076942
-0.076329
-0.076911
-0.076134
-0.076900
-0.075918
-0.076913
-0.075672
-0.076952
-0.075387
-0.077024
-0.075054
-0.077137
-0.074658
-0.077302
-0.074182
-0.077534
-0.073604
0.045249
0.005052
0.039216
0.008767
0.034544
0.011426
0.030854
0.013218
0.027801
0.014221
0.025052
0.014402
0.022249
0.013616
0.018977
0.011590
0.014736
0.007910
0.008915
0.002025
0.000794
-0.006723
-0.010385
-0.018979
-0.025241
-0.035128
-0.043911
-0.054876
-0.065540
-0.076737
-0.087834
-0.097741
-0.107197
-0.114022
-0.120004
-0.122751
-0.124723
-0.123829
-0.122665
-0.119528
-0.116637
-0.112682
-0.109242
-0.105422
-0.102140
-0.098907
-0.096095
-0.093562
-0.091294
-0.089400
-0.087634
-0.086255
-0.084907
-0.083916
-0.082900
-0.082187
-0.081427
-0.080907
-0.080341
-0.079954
-0.079534
-0.079236
-0.078928
-0.078688
-0.078465
-0.078261
-0.078107
-0.077922
-0.077826
-0.077647
-0.077602
-0.077416
-0.077422
-0.077216
-0.077276
-0.077037
-0.077159
-0.076870
-0.077065
-0.076708
-0.076992
-0.076545
-0.076939
-0.076375
-0.076904
-0.076192
-0.076890
-0.075989
-0.076898
-0.075761
-0.076931
-0.075498
-0.076995
-0.075191
-0.077096
-0.074828
-0.077245
-0.074392
-0.077456
-0.073863
0.039018
0.004204
0.033773
0.007229
0.029581
0.009285
0.026120
0.010506
0.023086
0.010928
0.020169
0.010492
0.017035
0.009038
0.013297
0.006301
0.008498
0.001904
0.002103
-0.004625
-0.006482
-0.013804
-0.017828
-0.026076
-0.032315
-0.041586
-0.049836
-0.059844
-0.069436
-0.079386
-0.089054
-0.097676
-0.105785
-0.111737
-0.116957
-0.119559
-0.121516
-0.121107
-0.120411
-0.118006
-0.115695
-0.112393
-0.109413
-0.106024
-0.103014
-0.099989
-0.097286
-0.094798
-0.092531
-0.090585
-0.088761
-0.087285
-0.085857
-0.084756
-0.083657
-0.082842
-0.082007
-0.081401
-0.080772
-0.080316
-0.079847
-0.079496
-0.079149
-0.078872
-0.078620
-0.078390
-0.078214
-0.078014
-0.077899
-0.077713
-0.077652
-0.077466
-0.077456
-0.077258
-0.077300
-0.077075
-0.077176
-0.076908
-0.077078
-0.076750
-0.077001
-0.076593
-0.076944
-0.076432
-0.076907
-0.076260
-0.076889
-0.076073
-0.076891
-0.075862
-0.076918
-0.075622
-0.076972
-0.075342
-0.077061
-0.075012
-0.077194
-0.074616
-0.077383
-0.074138
0.032934
0.003459
0.028511
0.005900
0.024886
0.007486
0.021798
0.008315
0.018991
0.008405
0.016203
0.007696
0.013147
0.006044
0.009495
0.003224
0.004870
-0.001065
-0.001157
-0.007188
-0.009032
-0.015514
-0.019151
-0.026318
-0.031722
-0.039609
-0.046555
-0.054912
-0.062842
-0.071068
-0.079038
-0.086236
-0.093080
-0.098321
-0.103067
-0.105834
-0.108133
-0.108578
-0.108769
-0.107553
-0.106334
-0.104243
-0.102317
-0.099980
-0.097863
-0.095668
-0.093667
-0.091792
-0.090049
-0.088537
-0.087091
-0.085914
-0.084753
-0.083854
-0.082940
-0.082258
-0.081548
-0.081029
-0.080484
-0.080084
-0.079670
-0.079355
-0.079043
-0.078789
-0.078557
-0.078343
-0.078177
-0.077989
-0.077877
-0.077701
-0.077638
-0.077464
-0.077446
-0.077262
-0.077292
-0.077085
-0.077168
-0.076924
-0.077070
-0.076773
-0.076992
-0.076626
-0.076934
-0.076475
-0.076895
-0.076317
-0.076874
-0.076146
-0.076872
-0.075956
-0.076893
-0.075739
-0.076939
-0.075488
-0.077016
-0.075193
-0.077132
-0.074840
-0.077298
-0.074414
0.026698
0.002639
0.023074
0.004424
0.019965
0.005455
0.017166
0.005780
0.014464
0.005385
0.011630
0.004189
0.008407
0.002046
0.004503
-0.001256
-0.000414
-0.005985
-0.006702
-0.012438
-0.014715
-0.020890
-0.024726
-0.031496
-0.036811
-0.044152
-0.050685
-0.058326
-0.065545
-0.072939
-0.080033
-0.086433
-0.092467
-0.097152
-0.101388
-0.103982
-0.106159
-0.106780
-0.107142
-0.106288
-0.105364
-0.103651
-0.102008
-0.099963
-0.098052
-0.096034
-0.094149
-0.092350
-0.090652
-0.089146
-0.087698
-0.086486
-0.085296
-0.084344
-0.083392
-0.082653
-0.081904
-0.081333
-0.080753
-0.080310
-0.079866
-0.079518
-0.079182
-0.078904
-0.078653
-0.078425
-0.078243
-0.078047
-0.077921
-0.077744
-0.077668
-0.077498
-0.077467
-0.077293
-0.077307
-0.077116
-0.077180
-0.076959
-0.077078
-0.076814
-0.076999
-0.076674
-0.076939
-0.076535
-0.076897
-0.076390
-0.076872
-0.076235
-0.076866
-0.076064
-0.076879
-0.075871
-0.076915
-0.075649
-0.076980
-0.075389
-0.077078
-0.075080
-0.077221
-0.074707
0.020653
0.001919
0.017850
0.003148
0.015327
0.003745
0.012939
0.003727
0.010522
0.003063
0.007893
0.001674
0.004843
-0.000571
0.001135
-0.003849
-0.003495
-0.008372
-0.009323
-0.014362
-0.016604
-0.022005
-0.025514
-0.031376
-0.036056
-0.042334
-0.047950
-0.054419
-0.060541
-0.066787
-0.072802
-0.078279
-0.083501
-0.087689
-0.091564
-0.094166
-0.096461
-0.097523
-0.098365
-0.098210
-0.097956
-0.097023
-0.096089
-0.094779
-0.093520
-0.092127
-0.090793
-0.089491
-0.088230
-0.087100
-0.085987
-0.085049
-0.084108
-0.083350
-0.082578
-0.081975
-0.081354
-0.080876
-0.080385
-0.080005
-0.079621
-0.079316
-0.079019
-0.078770
-0.078544
-0.078336
-0.078168
-0.077988
-0.077869
-0.077706
-0.077629
-0.077474
-0.077437
-0.077279
-0.077283
-0.077112
-0.077159
-0.076964
-0.077059
-0.076829
-0.076981
-0.076701
-0.076921
-0.076574
-0.076878
-0.076445
-0.076851
-0.076308
-0.076841
-0.076158
-0.076849
-0.075991
-0.076877
-0.075800
-0.076929
-0.075577
-0.077010
-0.075314
-0.077130
-0.074997
0.014543
0.001143
0.012532
0.001762
0.010544
0.001856
0.008490
0.001402
0.006250
0.000342
0.003676
-0.001420
0.000590
-0.004013
-0.003209
-0.007602
-0.007939
-0.012369
-0.013824
-0.018490
-0.021051
-0.026090
-0.029720
-0.035180
-0.039767
-0.045571
-0.050881
-0.056800
-0.062442
-0.068102
-0.073554
-0.078494
-0.083198
-0.087000
-0.090521
-0.092956
-0.095112
-0.096213
-0.097097
-0.097114
-0.097005
-0.096285
-0.095521
-0.094403
-0.093290
-0.092035
-0.090804
-0.089582
-0.088382
-0.087285
-0.086200
-0.085263
-0.084328
-0.083555
-0.082775
-0.082149
-0.081516
-0.081014
-0.080508
-0.080107
-0.079710
-0.079389
-0.079081
-0.078821
-0.078585
-0.078371
-0.078194
-0.078013
-0.077886
-0.077726
-0.077641
-0.077493
-0.077445
-0.077300
-0.077289
-0.077137
-0.077164
-0.076995
-0.077064
-0.076868
-0.076986
-0.076750
-0.076925
-0.076635
-0.076880
-0.076520
-0.076850
-0.076401
-0.076835
-0.076272
-0.076835
-0.076130
-0.076854
-0.075969
-0.076892
-0.075783
-0.076956
-0.075565
-0.077051
-0.075303
0.008651
0.000458
0.007440
0.000556
0.006042
0.000255
0.004422
-0.000498
0.002505
-0.001773
0.000188
-0.003667
-0.002661
-0.006297
-0.006197
-0.009799
-0.010585
-0.014320
-0.015986
-0.019986
-0.022528
-0.026874
-0.030256
-0.034962
-0.039084
-0.044067
-0.048734
-0.053802
-0.058706
-0.063566
-0.068308
-0.072612
-0.076773
-0.080207
-0.083453
-0.085831
-0.088006
-0.089328
-0.090473
-0.090900
-0.091204
-0.090984
-0.090694
-0.090082
-0.089435
-0.088638
-0.087825
-0.086989
-0.086141
-0.085352
-0.084549
-0.083849
-0.083132
-0.082536
-0.081921
-0.081423
-0.080910
-0.080501
-0.080082
-0.079747
-0.079410
-0.079136
-0.078868
-0.078642
-0.078433
-0.078244
-0.078083
-0.077922
-0.077802
-0.077660
-0.077576
-0.077445
-0.077394
-0.077267
-0.077246
-0.077117
-0.077128
-0.076988
-0.077033
-0.076873
-0.076957
-0.076768
-0.076898
-0.076668
-0.076853
-0.076570
-0.076822
-0.076471
-0.076804
-0.076365
-0.076799
-0.076251
-0.076809
-0.076122
-0.076836
-0.075975
-0.076883
-0.075804
-0.076954
-0.075600
0.002772
-0.000264
0.002329
-0.000726
0.001472
-0.001474
0.000216
-0.002598
-0.001470
-0.004193
-0.003657
-0.006364
-0.006445
-0.009232
-0.009955
-0.012921
-0.014314
-0.017554
-0.019644
-0.023230
-0.026024
-0.029990
-0.033457
-0.037778
-0.041824
-0.046396
-0.050842
-0.055474
-0.060048
-0.064473
-0.068838
-0.072756
-0.076568
-0.079716
-0.082709
-0.084936
-0.086983
-0.088284
-0.089417
-0.089917
-0.090286
-0.090185
-0.089995
-0.089505
-0.088960
-0.088265
-0.087537
-0.086774
-0.085988
-0.085243
-0.084482
-0.083804
-0.083112
-0.082523
-0.081921
-0.081423
-0.080917
-0.080503
-0.080086
-0.079747
-0.079410
-0.079132
-0.078864
-0.078637
-0.078426
-0.078238
-0.078075
-0.077918
-0.077795
-0.077660
-0.077570
-0.077451
-0.077390
-0.077280
-0.077246
-0.077137
-0.077129
-0.077016
-0.077035
-0.076911
-0.076961
-0.076818
-0.076901
-0.076731
-0.076855
-0.076649
-0.076821
-0.076567
-0.076799
-0.076484
-0.076787
-0.076395
-0.076788
-0.076297
-0.076801
-0.076188
-0.076829
-0.076063
-0.076876
-0.075915
-0.002881
-0.000908
-0.002554
-0.001852
-0.002832
-0.002958
-0.003648
-0.004340
-0.004990
-0.006107
-0.006888
-0.008367
-0.009404
-0.011229
-0.012617
-0.014801
-0.016617
-0.019183
-0.021479
-0.024444
-0.027247
-0.030601
-0.033896
-0.037590
-0.041307
-0.045235
-0.049233
-0.053228
-0.057297
-0.061142
-0.065026
-0.068484
-0.071921
-0.074786
-0.077568
-0.079712
-0.081734
-0.083136
-0.084409
-0.085148
-0.085771
-0.085988
-0.086113
-0.085966
-0.085750
-0.085385
-0.084967
-0.084496
-0.083983
-0.083483
-0.082950
-0.082469
-0.081961
-0.081525
-0.081066
-0.080684
-0.080286
-0.079960
-0.079623
-0.079348
-0.079069
-0.078838
-0.078611
-0.078419
-0.078236
-0.078075
-0.077930
-0.077795
-0.077682
-0.077566
-0.077480
-0.077380
-0.077316
-0.077226
-0.077184
-0.077100
-0.077076
-0.076993
-0.076989
-0.076903
-0.076920
-0.076825
-0.076864
-0.076756
-0.076820
-0.076692
-0.076786
-0.076631
-0.076761
-0.076572
-0.076745
-0.076512
-0.076738
-0.076448
-0.076739
-0.076379
-0.076751
-0.076303
-0.076773
-0.076215
-0.008447
-0.001570
-0.007389
-0.003020
-0.007134
-0.004519
-0.007570
-0.006215
-0.008646
-0.008235
-0.010362
-0.010698
-0.012748
-0.013715
-0.015856
-0.017386
-0.019745
-0.021797
-0.024459
-0.026998
-0.030013
-0.032989
-0.036355
-0.039689
-0.043352
-0.046923
-0.050762
-0.054403
-0.058242
-0.061750
-0.065373
-0.068538
-0.071731
-0.074374
-0.076970
-0.078979
-0.080894
-0.082249
-0.083489
-0.084249
-0.084898
-0.085176
-0.085359
-0.085289
-0.085144
-0.084853
-0.084503
-0.084093
-0.083638
-0.083185
-0.082697
-0.082249
-0.081774
-0.081360
-0.080926
-0.080558
-0.080178
-0.079861
-0.079538
-0.079269
-0.079000
-0.078776
-0.078556
-0.078370
-0.078192
-0.078039
-0.077896
-0.077770
-0.077656
-0.077552
-0.077462
-0.077376
-0.077305
-0.077233
-0.077179
-0.077117
-0.077076
-0.077021
-0.076992
-0.076943
-0.076924
-0.076877
-0.076869
-0.076821
-0.076824
-0.076774
-0.076788
-0.076732
-0.076759
-0.076695
-0.076736
-0.076660
-0.076719
-0.076628
-0.076707
-0.076597
-0.076700
-0.076565
-0.076697
-0.076534
-0.013792
-0.002169
-0.012009
-0.004063
-0.011198
-0.005883
-0.011199
-0.007803
-0.011924
-0.009962
-0.013337
-0.012482
-0.015436
-0.015469
-0.018240
-0.019015
-0.021775
-0.023188
-0.026058
-0.028025
-0.031079
-0.033516
-0.036776
-0.039585
-0.043021
-0.046078
-0.049606
-0.052758
-0.056247
-0.059320
-0.062608
-0.065428
-0.068354
-0.070771
-0.073205
-0.075123
-0.076996
-0.078385
-0.079695
-0.080590
-0.081393
-0.081872
-0.082262
-0.082423
-0.082506
-0.082448
-0.082324
-0.082131
-0.081883
-0.081619
-0.081311
-0.081021
-0.080697
-0.080410
-0.080098
-0.079830
-0.079545
-0.079306
-0.079055
-0.078846
-0.078631
-0.078452
-0.078271
-0.078120
-0.077969
-0.077844
-0.077720
-0.077617
-0.077514
-0.077431
-0.077346
-0.077280
-0.077208
-0.077158
-0.077096
-0.077060
-0.077005
-0.076982
-0.076931
-0.076920
-0.076870
-0.076872
-0.076820
-0.076835
-0.076778
-0.076807
-0.076743
-0.076788
-0.076713
-0.076776
-0.076687
-0.076771
-0.076663
-0.076773
-0.076640
-0.076783
-0.076616
-0.076802
-0.076590
-0.076830
-0.018986
-0.002767
-0.016516
-0.005113
-0.015191
-0.007276
-0.014810
-0.009457
-0.015251
-0.011815
-0.016448
-0.014482
-0.018374
-0.017564
-0.021023
-0.021150
-0.024398
-0.025300
-0.028495
-0.030042
-0.033281
-0.035354
-0.038681
-0.041159
-0.044562
-0.047307
-0.050724
-0.053580
-0.056906
-0.059709
-0.062813
-0.065400
-0.068152
-0.070390
-0.072686
-0.074487
-0.076270
-0.077604
-0.078876
-0.079765
-0.080574
-0.081081
-0.081506
-0.081714
-0.081847
-0.081842
-0.081772
-0.081629
-0.081432
-0.081212
-0.080949
-0.080694
-0.080408
-0.080149
-0.079867
-0.079623
-0.079362
-0.079141
-0.078909
-0.078715
-0.078516
-0.078350
-0.078181
-0.078043
-0.077901
-0.077788
-0.077669
-0.077579
-0.077478
-0.077409
-0.077322
-0.077272
-0.077195
-0.077164
-0.077091
-0.077078
-0.077006
-0.077012
-0.076936
-0.076963
-0.076878
-0.076927
-0.076829
-0.076904
-0.076787
-0.076893
-0.076749
-0.076892
-0.076715
-0.076901
-0.076682
-0.076922
-0.076648
-0.076955
-0.076611
-0.077002
-0.076570
-0.077065
-0.076519
-0.077149
-0.023977
-0.003320
-0.020834
-0.006071
-0.018983
-0.008523
-0.018184
-0.010899
-0.018281
-0.013370
-0.019176
-0.016073
-0.020814
-0.019115
-0.023165
-0.022577
-0.026208
-0.026513
-0.029916
-0.030943
-0.034246
-0.035847
-0.039116
-0.041152
-0.044403
-0.046731
-0.049932
-0.052404
-0.055485
-0.057950
-0.060818
-0.063136
-0.065694
-0.067748
-0.069917
-0.071627
-0.073364
-0.074694
-0.075996
-0.076955
-0.077856
-0.078486
-0.079045
-0.079406
-0.079695
-0.079852
-0.079944
-0.079958
-0.079916
-0.079839
-0.079714
-0.079584
-0.079417
-0.079263
-0.079080
-0.078920
-0.078739
-0.078586
-0.078417
-0.078277
-0.078126
-0.078003
-0.077870
-0.077765
-0.077650
-0.077564
-0.077464
-0.077397
-0.077309
-0.077261
-0.077180
-0.077152
-0.077074
-0.077066
-0.076988
-0.077002
-0.076916
-0.076955
-0.076858
-0.076924
-0.076808
-0.076907
-0.076766
-0.076904
-0.076729
-0.076914
-0.076694
-0.076937
-0.076660
-0.076973
-0.076625
-0.077024
-0.076585
-0.077092
-0.076538
-0.077180
-0.076480
-0.077293
-0.076407
-0.077437
-0.028754
-0.003854
-0.024977
-0.007003
-0.022640
-0.009750
-0.021468
-0.012343
-0.021274
-0.014970
-0.021937
-0.017775
-0.023379
-0.020870
-0.025548
-0.024334
-0.028407
-0.028218
-0.031913
-0.032537
-0.036008
-0.037267
-0.040603
-0.042337
-0.045573
-0.047628
-0.050752
-0.052975
-0.055940
-0.058184
-0.060918
-0.063049
-0.065478
-0.067386
-0.069450
-0.071059
-0.072723
-0.073998
-0.075263
-0.076205
-0.077101
-0.077742
-0.078321
-0.078711
-0.079036
-0.079231
-0.079365
-0.079421
-0.079422
-0.079384
-0.079302
-0.079207
-0.079077
-0.078954
-0.078804
-0.078670
-0.078517
-0.078386
-0.078241
-0.078120
-0.077988
-0.077882
-0.077764
-0.077675
-0.077571
-0.077500
-0.077408
-0.077356
-0.077271
-0.077239
-0.077158
-0.077146
-0.077064
-0.077075
-0.076987
-0.077024
-0.076923
-0.076990
-0.076869
-0.076972
-0.076823
-0.076968
-0.076782
-0.076979
-0.076744
-0.077004
-0.076707
-0.077045
-0.076669
-0.077101
-0.076626
-0.077177
-0.076576
-0.077275
-0.076516
-0.077398
-0.076441
-0.077554
-0.076344
-0.077751
-0.033362
-0.004361
-0.028967
-0.007880
-0.026143
-0.010886
-0.024578
-0.013649
-0.024055
-0.016370
-0.024426
-0.019199
-0.025592
-0.022249
-0.027479
-0.025598
-0.030033
-0.029294
-0.033196
-0.033351
-0.036903
-0.037747
-0.041063
-0.042420
-0.045559
-0.047270
-0.050246
-0.052159
-0.054950
-0.056926
-0.059490
-0.061406
-0.063690
-0.065445
-0.067408
-0.068930
-0.070548
-0.071798
-0.073069
-0.074042
-0.074989
-0.075702
-0.076366
-0.076854
-0.077284
-0.077590
-0.077838
-0.078006
-0.078120
-0.078188
-0.078210
-0.078211
-0.078175
-0.078134
-0.078063
-0.078000
-0.077913
-0.077840
-0.077748
-0.077674
-0.077584
-0.077517
-0.077432
-0.077374
-0.077295
-0.077251
-0.077176
-0.077148
-0.077075
-0.077065
-0.076990
-0.077001
-0.076920
-0.076955
-0.076862
-0.076926
-0.076813
-0.076913
-0.076773
-0.076915
-0.076737
-0.076931
-0.076705
-0.076963
-0.076673
-0.077011
-0.076640
-0.077076
-0.076603
-0.077160
-0.076560
-0.077266
-0.076505
-0.077399
-0.076436
-0.077564
-0.076346
-0.077769
-0.076228
-0.078025
-0.037691
-0.004829
-0.032719
-0.008694
-0.029444
-0.011952
-0.027523
-0.014894
-0.026716
-0.017734
-0.026851
-0.020634
-0.027811
-0.023708
-0.029508
-0.027037
-0.031871
-0.030666
-0.034832
-0.034609
-0.038315
-0.038844
-0.042227
-0.043313
-0.046451
-0.047923
-0.050848
-0.052550
-0.055259
-0.057051
-0.059518
-0.061279
-0.063469
-0.065103
-0.066986
-0.068422
-0.069982
-0.071180
-0.072420
-0.073370
-0.074310
-0.075024
-0.075700
-0.076206
-0.076661
-0.076996
-0.077278
-0.077479
-0.077630
-0.077733
-0.077793
-0.077827
-0.077825
-0.077815
-0.077777
-0.077741
-0.077682
-0.077633
-0.077565
-0.077514
-0.077444
-0.077395
-0.077327
-0.077287
-0.077220
-0.077192
-0.077126
-0.077113
-0.077045
-0.077050
-0.076977
-0.077004
-0.076919
-0.076973
-0.076871
-0.076958
-0.076830
-0.076957
-0.076794
-0.076971
-0.076762
-0.077000
-0.076730
-0.077045
-0.076698
-0.077107
-0.076662
-0.077188
-0.076620
-0.077292
-0.076569
-0.077421
-0.076505
-0.077581
-0.076423
-0.077780
-0.076316
-0.078025
-0.076174
-0.078331
-0.041900
-0.005294
-0.036369
-0.009495
-0.032649
-0.012986
-0.030366
-0.016077
-0.029251
-0.018998
-0.029114
-0.021913
-0.029816
-0.024943
-0.031253
-0.028169
-0.033341
-0.031636
-0.036002
-0.035360
-0.039156
-0.039322
-0.042709
-0.043474
-0.046552
-0.047737
-0.050559
-0.052007
-0.054591
-0.056166
-0.058507
-0.060092
-0.062173
-0.063676
-0.065478
-0.066832
-0.068347
-0.069510
-0.070742
-0.071697
-0.072662
-0.073414
-0.074141
-0.074708
-0.075232
-0.075640
-0.076000
-0.076280
-0.076512
-0.076691
-0.076828
-0.076935
-0.077004
-0.077059
-0.077083
-0.077103
-0.077098
-0.077097
-0.077074
-0.077063
-0.077029
-0.077015
-0.076975
-0.076964
-0.076920
-0.076918
-0.076869
-0.076879
-0.076823
-0.076850
-0.076784
-0.076833
-0.076750
-0.076828
-0.076723
-0.076836
-0.076699
-0.076858
-0.076678
-0.076894
-0.076658
-0.076944
-0.076636
-0.077011
-0.076612
-0.077097
-0.076582
-0.077203
-0.076543
-0.077334
-0.076493
-0.077494
-0.076425
-0.077690
-0.076336
-0.077929
-0.076215
-0.078223
-0.076054
-0.078587
-0.045759
-0.005697
-0.039711
-0.010192
-0.035580
-0.013894
-0.032966
-0.017131
-0.031581
-0.020143
-0.031214
-0.023105
-0.031714
-0.026140
-0.032962
-0.029333
-0.034864
-0.032729
-0.037334
-0.036345
-0.040283
-0.040164
-0.043618
-0.044142
-0.047230
-0.048207
-0.050998
-0.052267
-0.054794
-0.056215
-0.058486
-0.059945
-0.061956
-0.063359
-0.065101
-0.066383
-0.067854
-0.068971
-0.070176
-0.071110
-0.072067
-0.072816
-0.073551
-0.074129
-0.074673
-0.075103
-0.075490
-0.075797
-0.076061
-0.076271
-0.076440
-0.076577
-0.076679
-0.076762
-0.076816
-0.076863
-0.076885
-0.076909
-0.076909
-0.076919
-0.076906
-0.076911
-0.076888
-0.076894
-0.076863
-0.076876
-0.076836
-0.076862
-0.076811
-0.076853
-0.076788
-0.076853
-0.076767
-0.076863
-0.076748
-0.076883
-0.076731
-0.076916
-0.076714
-0.076963
-0.076696
-0.077024
-0.076675
-0.077103
-0.076649
-0.077201
-0.076615
-0.077322
-0.076571
-0.077470
-0.076513
-0.077650
-0.076436
-0.077871
-0.076333
-0.078140
-0.076196
-0.078471
-0.076013
-0.078880
-0.049566
-0.006122
-0.043019
-0.010923
-0.038488
-0.014835
-0.035546
-0.018205
-0.033881
-0.021287
-0.033265
-0.024261
-0.033528
-0.027256
-0.034542
-0.030358
-0.036200
-0.033616
-0.038409
-0.037048
-0.041080
-0.040644
-0.044117
-0.044365
-0.047418
-0.048154
-0.050873
-0.051931
-0.054366
-0.055608
-0.057784
-0.059096
-0.061020
-0.062312
-0.063987
-0.065192
-0.066620
-0.067696
-0.068885
-0.069808
-0.070772
-0.071537
-0.072299
-0.072912
-0.073498
-0.073975
-0.074414
-0.074774
-0.075093
-0.075358
-0.075583
-0.075773
-0.075928
-0.076061
-0.076163
-0.076254
-0.076318
-0.076381
-0.076418
-0.076463
-0.076480
-0.076516
-0.076518
-0.076551
-0.076540
-0.076577
-0.076553
-0.076600
-0.076562
-0.076625
-0.076567
-0.076655
-0.076572
-0.076691
-0.076575
-0.076737
-0.076577
-0.076793
-0.076576
-0.076862
-0.076572
-0.076947
-0.076563
-0.077048
-0.076546
-0.077171
-0.076520
-0.077317
-0.076481
-0.077493
-0.076425
-0.077705
-0.076346
-0.077960
-0.076237
-0.078270
-0.076089
-0.078648
-0.075887
-0.079114
-0.052938
-0.006459
-0.045936
-0.011505
-0.041037
-0.015589
-0.037794
-0.019074
-0.035879
-0.022223
-0.035048
-0.025227
-0.035121
-0.028216
-0.035956
-0.031280
-0.037441
-0.034470
-0.039476
-0.037805
-0.041967
-0.041278
-0.044817
-0.044855
-0.047925
-0.048484
-0.051186
-0.052093
-0.054490
-0.055606
-0.057732
-0.058941
-0.060815
-0.062026
-0.063656
-0.064803
-0.066198
-0.067236
-0.068405
-0.069309
-0.070268
-0.071028
-0.071797
-0.072419
-0.073021
-0.073515
-0.073977
-0.074360
-0.074706
-0.074998
-0.075252
-0.075469
-0.075652
-0.075812
-0.075941
-0.076057
-0.076146
-0.076232
-0.076291
-0.076357
-0.076392
-0.076446
-0.076463
-0.076513
-0.076514
-0.076566
-0.076550
-0.076612
-0.076577
-0.076655
-0.076598
-0.076699
-0.076613
-0.076748
-0.076624
-0.076805
-0.076631
-0.076870
-0.076633
-0.076948
-0.076629
-0.077041
-0.076619
-0.077152
-0.076599
-0.077285
-0.076568
-0.077443
-0.076523
-0.077633
-0.076458
-0.077862
-0.076369
-0.078139
-0.076247
-0.078475
-0.076083
-0.078885
-0.075861
-0.079390
-0.056352
-0.006849
-0.048909
-0.012175
-0.043657
-0.016450
-0.040123
-0.020055
-0.037958
-0.023266
-0.036903
-0.026280
-0.036764
-0.029234
-0.037391
-0.032220
-0.038662
-0.035292
-0.040473
-0.038473
-0.042726
-0.041760
-0.045326
-0.045128
-0.048178
-0.048532
-0.051183
-0.051913
-0.054241
-0.055206
-0.057258
-0.058341
-0.060145
-0.061259
-0.062831
-0.063908
-0.065261
-0.066255
-0.067402
-0.068285
-0.069240
-0.070000
-0.070781
-0.071417
-0.072044
-0.072564
-0.073058
-0.073475
-0.073859
-0.074187
-0.074480
-0.074735
-0.074957
-0.075153
-0.075319
-0.075470
-0.075592
-0.075710
-0.075798
-0.075892
-0.075954
-0.076034
-0.076073
-0.076146
-0.076166
-0.076240
-0.076239
-0.076322
-0.076299
-0.076397
-0.076348
-0.076471
-0.076389
-0.076548
-0.076423
-0.076630
-0.076450
-0.076720
-0.076470
-0.076822
-0.076482
-0.076939
-0.076485
-0.077074
-0.076478
-0.077231
-0.076456
-0.077416
-0.076418
-0.077635
-0.076357
-0.077895
-0.076268
-0.078207
-0.076143
-0.078582
-0.075969
-0.079039
-0.075731
-0.079599
-0.059222
-0.007118
-0.051386
-0.012638
-0.045812
-0.017048
-0.042011
-0.020741
-0.039621
-0.024001
-0.038372
-0.027032
-0.038059
-0.029974
-0.038526
-0.032922
-0.039643
-0.035932
-0.041301
-0.039031
-0.043401
-0.042217
-0.045846
-0.045469
-0.048542
-0.048748
-0.051393
-0.052000
-0.054305
-0.055167
-0.057186
-0.058188
-0.059958
-0.061007
-0.062550
-0.063581
-0.064911
-0.065876
-0.067010
-0.067879
-0.068831
-0.069590
-0.070376
-0.071022
-0.071662
-0.072198
-0.072712
-0.073150
-0.073557
-0.073908
-0.074227
-0.074506
-0.074753
-0.074973
-0.075162
-0.075336
-0.075480
-0.075619
-0.075726
-0.075839
-0.075917
-0.076014
-0.076067
-0.076155
-0.076184
-0.076272
-0.076278
-0.076373
-0.076353
-0.076463
-0.076414
-0.076550
-0.076463
-0.076636
-0.076502
-0.076725
-0.076532
-0.076822
-0.076552
-0.076930
-0.076563
-0.077052
-0.076563
-0.077193
-0.076550
-0.077358
-0.076522
-0.077551
-0.076476
-0.077781
-0.076406
-0.078054
-0.076307
-0.078383
-0.076168
-0.078779
-0.075979
-0.079262
-0.075722
-0.079854
-0.062260
-0.007480
-0.054041
-0.013258
-0.048159
-0.017844
-0.044104
-0.021647
-0.041496
-0.024963
-0.040050
-0.028004
-0.039553
-0.030916
-0.039836
-0.033797
-0.040767
-0.036707
-0.042232
-0.039675
-0.044129
-0.042706
-0.046365
-0.045784
-0.048846
-0.048876
-0.051483
-0.051939
-0.054189
-0.054922
-0.056881
-0.057775
-0.059485
-0.060448
-0.061939
-0.062904
-0.064195
-0.065114
-0.066221
-0.067063
-0.068002
-0.068750
-0.069536
-0.070183
-0.070833
-0.071381
-0.071913
-0.072370
-0.072799
-0.073174
-0.073519
-0.073824
-0.074097
-0.074344
-0.074560
-0.074760
-0.074930
-0.075093
-0.075225
-0.075361
-0.075461
-0.075580
-0.075652
-0.075761
-0.075807
-0.075915
-0.075936
-0.076050
-0.076042
-0.076172
-0.076132
-0.076288
-0.076207
-0.076402
-0.076270
-0.076519
-0.076321
-0.076641
-0.076362
-0.076774
-0.076390
-0.076922
-0.076406
-0.077088
-0.076407
-0.077279
-0.076391
-0.077500
-0.076354
-0.077758
-0.076290
-0.078062
-0.076193
-0.078425
-0.076053
-0.078861
-0.075856
-0.079389
-0.075586
-0.080035
-0.064610
-0.007677
-0.056062
-0.013598
-0.049906
-0.018282
-0.045620
-0.022148
-0.042816
-0.025496
-0.041201
-0.028544
-0.040552
-0.031441
-0.040697
-0.034289
-0.041497
-0.037148
-0.042836
-0.040051
-0.044609
-0.043004
-0.046722
-0.045994
-0.049083
-0.048993
-0.051604
-0.051962
-0.054201
-0.054856
-0.056796
-0.057628
-0.059318
-0.060234
-0.061707
-0.062640
-0.063918
-0.064818
-0.065919
-0.066753
-0.067694
-0.068443
-0.069238
-0.069894
-0.070559
-0.071122
-0.071672
-0.072147
-0.072598
-0.072994
-0.073361
-0.073687
-0.073983
-0.074251
-0.074488
-0.074708
-0.074896
-0.075078
-0.075226
-0.075379
-0.075492
-0.075625
-0.075708
-0.075830
-0.075884
-0.076002
-0.076028
-0.076152
-0.076146
-0.076285
-0.076243
-0.076409
-0.076323
-0.076529
-0.076388
-0.076649
-0.076438
-0.076774
-0.076476
-0.076909
-0.076500
-0.077058
-0.076510
-0.077227
-0.076504
-0.077421
-0.076479
-0.077646
-0.076433
-0.077910
-0.076359
-0.078224
-0.076250
-0.078598
-0.076096
-0.079049
-0.075885
-0.079597
-0.075598
-0.080266
-0.067300
-0.008018
-0.058422
-0.014181
-0.052004
-0.019029
-0.047503
-0.022997
-0.044512
-0.026399
-0.042728
-0.029458
-0.041919
-0.032330
-0.041906
-0.035120
-0.042545
-0.037893
-0.043716
-0.040684
-0.045316
-0.043505
-0.047249
-0.046347
-0.049427
-0.049187
-0.051767
-0.051995
-0.054188
-0.054730
-0.056618
-0.057354
-0.058991
-0.059830
-0.061254
-0.062125
-0.063362
-0.064216
-0.065287
-0.066089
-0.067009
-0.067740
-0.068525
-0.069173
-0.069837
-0.070401
-0.070957
-0.071440
-0.071903
-0.072311
-0.072693
-0.073036
-0.073350
-0.073636
-0.073892
-0.074131
-0.074338
-0.074539
-0.074706
-0.074878
-0.075010
-0.075162
-0.075262
-0.075402
-0.075472
-0.075609
-0.075648
-0.075791
-0.075797
-0.075956
-0.075923
-0.076110
-0.076030
-0.076258
-0.076120
-0.076406
-0.076195
-0.076559
-0.076254
-0.076720
-0.076298
-0.076896
-0.076326
-0.077092
-0.076337
-0.077313
-0.076326
-0.077566
-0.076291
-0.077860
-0.076225
-0.078205
-0.076121
-0.078614
-0.075969
-0.079104
-0.075753
-0.079695
-0.075454
-0.080418
-0.069106
-0.008139
-0.059965
-0.014391
-0.053322
-0.019300
-0.048629
-0.023305
-0.045475
-0.026724
-0.043549
-0.029783
-0.042615
-0.032641
-0.042490
-0.035404
-0.043025
-0.038139
-0.044099
-0.040884
-0.045605
-0.043650
-0.047450
-0.046433
-0.049543
-0.049212
-0.051804
-0.051960
-0.054153
-0.054640
-0.056522
-0.057216
-0.058846
-0.059655
-0.061073
-0.061925
-0.063160
-0.064004
-0.065078
-0.065879
-0.066807
-0.067544
-0.068341
-0.069001
-0.069680
-0.070260
-0.070835
-0.071336
-0.071819
-0.072247
-0.072649
-0.073011
-0.073344
-0.073648
-0.073922
-0.074178
-0.074401
-0.074618
-0.074798
-0.074983
-0.075126
-0.075289
-0.075397
-0.075546
-0.075621
-0.075766
-0.075808
-0.075957
-0.075962
-0.076127
-0.076091
-0.076283
-0.076198
-0.076432
-0.076284
-0.076579
-0.076354
-0.076729
-0.076406
-0.076888
-0.076443
-0.077061
-0.076462
-0.077254
-0.076462
-0.077473
-0.076440
-0.077725
-0.076394
-0.078020
-0.076316
-0.078368
-0.076199
-0.078783
-0.076033
-0.079281
-0.075803
-0.079884
-0.075490
-0.080621
-0.071488
-0.008468
-0.062067
-0.014952
-0.055205
-0.020018
-0.050332
-0.024122
-0.047022
-0.027593
-0.044954
-0.030665
-0.043885
-0.033502
-0.043623
-0.036215
-0.044019
-0.038875
-0.044948
-0.041522
-0.046304
-0.044172
-0.047992
-0.046825
-0.049926
-0.049465
-0.052027
-0.052069
-0.054220
-0.054608
-0.056441
-0.057050
-0.058629
-0.059365
-0.060735
-0.061527
-0.062721
-0.063517
-0.064556
-0.065321
-0.066223
-0.066935
-0.067714
-0.068358
-0.069028
-0.069600
-0.070172
-0.070672
-0.071157
-0.071589
-0.071998
-0.072368
-0.072712
-0.073027
-0.073314
-0.073583
-0.073821
-0.074052
-0.074247
-0.074449
-0.074606
-0.074786
-0.074909
-0.075075
-0.075165
-0.075327
-0.075383
-0.075550
-0.075568
-0.075752
-0.075727
-0.075939
-0.075862
-0.076118
-0.075976
-0.076295
-0.076071
-0.076474
-0.076148
-0.076662
-0.076207
-0.076863
-0.076247
-0.077084
-0.076266
-0.077332
-0.076262
-0.077614
-0.076229
-0.077940
-0.076163
-0.078320
-0.076054
-0.078769
-0.075892
-0.079306
-0.075660
-0.079953
-0.075337
-0.080742
-0.072715
-0.008505
-0.063098
-0.015020
-0.056063
-0.020107
-0.051040
-0.024222
-0.047602
-0.027695
-0.045425
-0.030762
-0.044260
-0.033588
-0.043916
-0.036283
-0.044239
-0.038921
-0.045102
-0.041541
-0.046399
-0.044163
-0.048033
-0.046787
-0.049920
-0.049398
-0.051979
-0.051977
-0.054139
-0.054494
-0.056334
-0.056921
-0.058507
-0.059230
-0.060607
-0.061394
-0.062597
-0.063395
-0.064446
-0.065219
-0.066135
-0.066859
-0.067655
-0.068315
-0.069003
-0.069593
-0.070183
-0.070702
-0.071207
-0.071657
-0.072085
-0.072473
-0.072833
-0.073165
-0.073466
-0.073750
-0.074000
-0.074243
-0.074448
-0.074659
-0.074824
-0.075011
-0.075138
-0.075310
-0.075402
-0.075568
-0.075623
-0.075792
-0.075808
-0.075993
-0.075962
-0.076176
-0.076091
-0.076349
-0.076197
-0.076518
-0.076282
-0.076689
-0.076347
-0.076868
-0.076393
-0.077061
-0.076420
-0.077274
-0.076425
-0.077514
-0.076407
-0.077790
-0.076360
-0.078110
-0.076280
-0.078487
-0.076157
-0.078934
-0.075980
-0.079471
-0.075735
-0.080120
-0.075400
-0.080912
-0.074843
-0.008836
-0.064992
-0.015580
-0.057777
-0.020823
-0.052608
-0.025035
-0.049043
-0.028561
-0.046748
-0.031642
-0.045469
-0.034451
-0.045008
-0.037102
-0.045210
-0.039672
-0.045946
-0.042204
-0.047108
-0.044721
-0.048603
-0.047225
-0.050345
-0.049709
-0.052258
-0.052154
-0.054274
-0.054539
-0.056329
-0.056837
-0.058371
-0.059024
-0.060352
-0.061080
-0.062237
-0.062985
-0.063997
-0.064730
-0.065614
-0.066306
-0.067078
-0.067715
-0.068385
-0.068960
-0.069540
-0.070050
-0.070549
-0.070997
-0.071425
-0.071815
-0.072179
-0.072517
-0.072826
-0.073118
-0.073379
-0.073633
-0.073850
-0.074074
-0.074252
-0.074454
-0.074596
-0.074784
-0.074890
-0.075073
-0.075142
-0.075330
-0.075358
-0.075563
-0.075544
-0.075779
-0.075704
-0.075984
-0.075839
-0.076185
-0.075953
-0.076388
-0.076046
-0.076598
-0.076119
-0.076822
-0.076170
-0.077066
-0.076197
-0.077337
-0.076199
-0.077644
-0.076170
-0.077996
-0.076104
-0.078407
-0.075992
-0.078890
-0.075822
-0.079466
-0.075577
-0.080160
-0.075236
-0.081004
-0.075440
-0.008778
-0.065462
-0.015488
-0.058129
-0.020708
-0.052857
-0.024905
-0.049203
-0.028419
-0.046834
-0.031491
-0.045494
-0.034291
-0.044985
-0.036937
-0.045148
-0.039502
-0.045854
-0.042031
-0.046994
-0.044547
-0.048474
-0.047054
-0.050208
-0.049544
-0.052120
-0.052000
-0.054142
-0.054400
-0.056211
-0.056719
-0.058272
-0.058932
-0.060280
-0.061019
-0.062197
-0.062961
-0.063994
-0.064745
-0.065651
-0.066363
-0.067157
-0.067815
-0.068508
-0.069103
-0.069704
-0.070234
-0.070753
-0.071219
-0.071664
-0.072070
-0.072450
-0.072801
-0.073122
-0.073425
-0.073695
-0.073957
-0.074181
-0.074410
-0.074592
-0.074796
-0.074939
-0.075128
-0.075232
-0.075414
-0.075479
-0.075664
-0.075687
-0.075888
-0.075861
-0.076092
-0.076007
-0.076284
-0.076127
-0.076470
-0.076224
-0.076657
-0.076300
-0.076852
-0.076354
-0.077060
-0.076387
-0.077288
-0.076396
-0.077545
-0.076380
-0.077838
-0.076333
-0.078178
-0.076251
-0.078577
-0.076123
-0.079050
-0.075939
-0.079617
-0.075681
-0.080301
-0.075329
-0.081135
-0.077387
-0.009124
-0.067215
-0.016072
-0.059737
-0.021451
-0.054347
-0.025749
-0.050591
-0.029316
-0.048125
-0.032405
-0.046688
-0.035192
-0.046077
-0.037797
-0.046132
-0.040298
-0.046723
-0.042744
-0.047740
-0.045160
-0.049088
-0.047553
-0.050686
-0.049918
-0.052458
-0.052244
-0.054339
-0.054511
-0.056269
-0.056699
-0.058198
-0.058788
-0.060082
-0.060758
-0.061886
-0.062596
-0.063584
-0.064289
-0.065157
-0.065831
-0.066594
-0.067222
-0.067890
-0.068463
-0.069047
-0.069562
-0.070069
-0.070526
-0.070966
-0.071368
-0.071747
-0.072100
-0.072424
-0.072733
-0.073010
-0.073281
-0.073515
-0.073756
-0.073950
-0.074168
-0.074324
-0.074529
-0.074648
-0.074847
-0.074927
-0.075132
-0.075169
-0.075390
-0.075378
-0.075630
-0.075558
-0.075858
-0.075712
-0.076080
-0.075842
-0.076302
-0.075949
-0.076532
-0.076034
-0.076774
-0.076095
-0.077037
-0.076130
-0.077327
-0.076138
-0.077655
-0.076113
-0.078029
-0.076048
-0.078464
-0.075935
-0.078975
-0.075760
-0.079582
-0.075507
-0.080313
-0.075151
-0.081201
-0.077274
-0.008956
-0.067052
-0.015797
-0.059518
-0.021105
-0.054076
-0.025358
-0.050276
-0.028898
-0.047778
-0.031974
-0.046320
-0.034758
-0.045699
-0.037370
-0.045754
-0.039887
-0.046355
-0.042357
-0.047392
-0.044803
-0.048769
-0.047234
-0.050403
-0.049645
-0.052219
-0.052021
-0.054150
-0.054343
-0.056136
-0.056591
-0.058125
-0.058743
-0.060071
-0.060778
-0.061940
-0.062680
-0.063701
-0.064437
-0.065336
-0.066041
-0.066832
-0.067488
-0.068183
-0.068781
-0.069389
-0.069926
-0.070453
-0.070929
-0.071385
-0.071802
-0.072194
-0.072557
-0.072891
-0.073207
-0.073489
-0.073764
-0.074000
-0.074242
-0.074434
-0.074651
-0.074803
-0.075003
-0.075116
-0.075308
-0.075380
-0.075576
-0.075604
-0.075815
-0.075792
-0.076034
-0.075949
-0.076238
-0.076079
-0.076437
-0.076185
-0.076635
-0.076267
-0.076840
-0.076327
-0.077059
-0.076363
-0.077298
-0.076376
-0.077566
-0.076361
-0.077871
-0.076315
-0.078225
-0.076231
-0.078639
-0.076100
-0.079129
-0.075910
-0.079716
-0.075644
-0.080424
-0.075280
-0.081287
-0.079146
-0.009337
-0.068758
-0.016435
-0.061105
-0.021914
-0.055568
-0.026273
-0.051684
-0.029871
-0.049103
-0.032967
-0.047559
-0.035739
-0.046846
-0.038312
-0.046801
-0.040766
-0.047292
-0.043152
-0.048208
-0.045497
-0.049455
-0.047811
-0.050951
-0.050093
-0.052624
-0.052333
-0.054409
-0.054516
-0.056249
-0.056623
-0.058095
-0.058639
-0.059906
-0.060545
-0.061649
-0.062329
-0.063297
-0.063980
-0.064833
-0.065492
-0.066244
-0.066864
-0.067526
-0.068096
-0.068678
-0.069194
-0.069705
-0.070166
-0.070612
-0.071021
-0.071408
-0.071770
-0.072105
-0.072424
-0.072711
-0.072994
-0.073239
-0.073492
-0.073697
-0.073928
-0.074094
-0.074311
-0.074440
-0.074651
-0.074740
-0.074957
-0.075001
-0.075235
-0.075228
-0.075493
-0.075425
-0.075739
-0.075594
-0.075978
-0.075737
-0.076216
-0.075857
-0.076461
-0.075952
-0.076719
-0.076022
-0.076997
-0.076065
-0.077303
-0.076079
-0.077646
-0.076058
-0.078038
-0.075996
-0.078491
-0.075883
-0.079023
-0.075707
-0.079654
-0.075448
-0.080412
-0.075082
-0.081333
-0.078205
-0.009043
-0.067855
-0.015948
-0.060218
-0.021301
-0.054690
-0.025581
-0.050816
-0.029136
-0.048252
-0.032213
-0.046734
-0.034990
-0.046057
-0.037585
-0.046058
-0.040078
-0.046606
-0.042518
-0.047591
-0.044931
-0.048917
-0.047324
-0.050501
-0.049695
-0.052270
-0.052032
-0.054156
-0.054317
-0.056101
-0.056530
-0.058053
-0.058651
-0.059970
-0.060660
-0.061814
-0.062543
-0.063558
-0.064286
-0.065182
-0.065882
-0.066672
-0.067327
-0.068023
-0.068622
-0.069232
-0.069772
-0.070304
-0.070785
-0.071246
-0.071669
-0.072066
-0.072436
-0.072776
-0.073098
-0.073386
-0.073668
-0.073909
-0.074157
-0.074355
-0.074578
-0.074735
-0.074941
-0.075057
-0.075256
-0.075331
-0.075532
-0.075562
-0.075779
-0.075757
-0.076005
-0.075920
-0.076216
-0.076055
-0.076420
-0.076165
-0.076624
-0.076251
-0.076834
-0.076313
-0.077059
-0.076352
-0.077303
-0.076366
-0.077577
-0.076352
-0.077889
-0.076305
-0.078249
-0.076221
-0.078670
-0.076088
-0.079170
-0.075895
-0.079767
-0.075625
-0.080488
-0.075255
-0.081365
-0.080148
-0.009479
-0.069647
-0.016675
-0.061904
-0.022218
-0.056290
-0.026616
-0.052340
-0.030236
-0.049699
-0.033338
-0.048099
-0.036104
-0.047331
-0.038659
-0.047231
-0.041086
-0.047665
-0.043437
-0.048523
-0.045739
-0.049710
-0.048005
-0.051146
-0.050235
-0.052757
-0.052420
-0.054481
-0.054548
-0.056262
-0.056602
-0.058054
-0.058567
-0.059814
-0.060427
-0.061512
-0.062171
-0.063123
-0.063788
-0.064628
-0.065274
-0.066016
-0.066626
-0.067281
-0.067845
-0.068424
-0.068937
-0.069446
-0.069907
-0.070354
-0.070766
-0.071156
-0.071522
-0.071861
-0.072186
-0.072479
-0.072768
-0.073019
-0.073280
-0.073491
-0.073730
-0.073903
-0.074128
-0.074263
-0.074483
-0.074578
-0.074803
-0.074854
-0.075096
-0.075094
-0.075369
-0.075304
-0.075628
-0.075485
-0.075879
-0.075640
-0.076130
-0.075769
-0.076387
-0.075873
-0.076657
-0.075952
-0.076946
-0.076002
-0.077264
-0.076022
-0.077619
-0.076006
-0.078022
-0.075947
-0.078488
-0.075837
-0.079033
-0.075660
-0.079680
-0.075400
-0.080456
-0.075029
-0.081399
