# u - 400 ites
1.016689
1.002748
1.015422
1.005236
1.014808
1.007403
1.014638
1.009314
1.014800
1.011033
1.015212
1.012607
1.015807
1.014063
1.016530
1.015417
1.017333
1.016675
1.018172
1.017834
1.019011
1.018887
1.019812
1.019822
1.020544
1.020625
1.021178
1.021282
1.021689
1.021781
1.022058
1.022110
1.022268
1.022264
1.022311
1.022239
1.022184
1.022038
1.021889
1.021670
1.021435
1.021145
1.020835
1.020481
1.020106
1.019696
1.019267
1.018812
1.018341
1.017851
1.017349
1.016835
1.016313
1.015784
1.015253
1.014719
1.014188
1.013656
1.013133
1.012611
1.012102
1.011596
1.011107
1.010620
1.010156
1.009691
1.009255
1.008814
1.008410
1.007991
1.007622
1.007225
1.006893
1.006514
1.006224
1.005858
1.005613
1.005254
1.005060
1.004699
1.004562
1.004190
1.004120
1.003721
1.003730
1.003289
1.003391
1.002887
1.003104
1.002510
1.002868
1.002152
1.002685
1.001805
1.002555
1.001461
1.002484
1.001110
1.002478
1.000735
1.016402
1.002700
1.015195
1.005181
1.014635
1.007352
1.014509
1.009274
1.014708
1.011008
1.015153
1.012600
1.015780
1.014078
1.016535
1.015457
1.017369
1.016741
1.018241
1.017928
1.019111
1.019009
1.019942
1.019971
1.020702
1.020799
1.021361
1.021478
1.021893
1.021994
1.022276
1.022334
1.022495
1.022493
1.022540
1.022467
1.022409
1.022259
1.022103
1.021877
1.021633
1.021334
1.021012
1.020647
1.020259
1.019836
1.019394
1.018925
1.018440
1.017936
1.017420
1.016892
1.016358
1.015816
1.015273
1.014728
1.014186
1.013645
1.013111
1.012582
1.012065
1.011552
1.011056
1.010564
1.010095
1.009626
1.009187
1.008742
1.008336
1.007916
1.007545
1.007147
1.006815
1.006436
1.006146
1.005781
1.005537
1.005180
1.004985
1.004628
1.004491
1.004122
1.004051
1.003658
1.003665
1.003230
1.003330
1.002833
1.003046
1.002462
1.002812
1.002109
1.002630
1.001769
1.002502
1.001431
1.002429
1.001089
1.002420
1.000724
1.016482
1.002711
1.015244
1.005190
1.014663
1.007357
1.014523
1.009274
1.014712
1.011005
1.015151
1.012593
1.015774
1.014068
1.016525
1.015445
1.017358
1.016728
1.018228
1.017915
1.019098
1.018996
1.019930
1.019959
1.020691
1.020788
1.021351
1.021469
1.021884
1.021986
1.022269
1.022328
1.022489
1.022488
1.022535
1.022462
1.022404
1.022254
1.022099
1.021872
1.021628
1.021328
1.021006
1.020640
1.020252
1.019829
1.019386
1.018917
1.018432
1.017928
1.017412
1.016884
1.016349
1.015808
1.015265
1.014720
1.014178
1.013637
1.013105
1.012576
1.012059
1.011547
1.011052
1.010561
1.010092
1.009624
1.009186
1.008742
1.008336
1.007917
1.007547
1.007149
1.006818
1.006440
1.006150
1.005785
1.005541
1.005185
1.004991
1.004633
1.004497
1.004128
1.004057
1.003664
1.003671
1.003236
1.003336
1.002839
1.003052
1.002468
1.002819
1.002114
1.002638
1.001773
1.002510
1.001435
1.002439
1.001090
1.002432
1.000723
1.016208
1.002675
1.015026
1.005144
1.014492
1.007312
1.014392
1.009237
1.014617
1.010981
1.015089
1.012587
1.015744
1.014084
1.016528
1.015485
1.017394
1.016796
1.018298
1.018012
1.019201
1.019123
1.020066
1.020115
1.020857
1.020972
1.021544
1.021675
1.022099
1.022211
1.022500
1.022565
1.022729
1.022731
1.022778
1.022704
1.022642
1.022487
1.022324
1.022089
1.021836
1.021525
1.021191
1.020812
1.020410
1.019973
1.019515
1.019031
1.018531
1.018012
1.017481
1.016939
1.016391
1.015836
1.015281
1.014724
1.014171
1.013620
1.013078
1.012540
1.012016
1.011497
1.010996
1.010499
1.010026
1.009554
1.009112
1.008666
1.008258
1.007837
1.007466
1.007069
1.006737
1.006359
1.006069
1.005706
1.005462
1.005108
1.004914
1.004561
1.004424
1.004059
1.003988
1.003600
1.003605
1.003177
1.003274
1.002785
1.002993
1.002419
1.002763
1.002072
1.002583
1.001737
1.002456
1.001405
1.002385
1.001069
1.002375
1.000710
1.016172
1.002680
1.014984
1.005144
1.014448
1.007308
1.014350
1.009230
1.014580
1.010974
1.015060
1.012583
1.015724
1.014085
1.016520
1.015495
1.017399
1.016817
1.018318
1.018045
1.019236
1.019170
1.020116
1.020177
1.020923
1.021047
1.021624
1.021763
1.022191
1.022309
1.022601
1.022670
1.022836
1.022839
1.022886
1.022811
1.022747
1.022590
1.022423
1.022184
1.021925
1.021608
1.021267
1.020881
1.020472
1.020027
1.019562
1.019070
1.018562
1.018036
1.017498
1.016949
1.016395
1.015834
1.015273
1.014711
1.014154
1.013599
1.013054
1.012513
1.011986
1.011465
1.010962
1.010465
1.009990
1.009518
1.009076
1.008630
1.008222
1.007802
1.007431
1.007034
1.006703
1.006326
1.006037
1.005676
1.005432
1.005080
1.004887
1.004535
1.004398
1.004036
1.003964
1.003579
1.003583
1.003159
1.003254
1.002769
1.002975
1.002405
1.002746
1.002060
1.002567
1.001726
1.002441
1.001397
1.002371
1.001061
1.002364
1.000703
1.015860
1.002641
1.014729
1.005091
1.014243
1.007253
1.014188
1.009183
1.014459
1.010941
1.014978
1.012571
1.015682
1.014099
1.016518
1.015541
1.017439
1.016897
1.018401
1.018164
1.019363
1.019328
1.020285
1.020372
1.021132
1.021278
1.021868
1.022026
1.022465
1.022596
1.022896
1.022975
1.023144
1.023151
1.023197
1.023121
1.023052
1.022888
1.022712
1.022461
1.022189
1.021858
1.021501
1.021098
1.020670
1.020207
1.019722
1.019211
1.018683
1.018137
1.017581
1.017014
1.016441
1.015864
1.015287
1.014710
1.014139
1.013571
1.013014
1.012463
1.011926
1.011397
1.010887
1.010383
1.009903
1.009426
1.008980
1.008532
1.008121
1.007700
1.007328
1.006932
1.006600
1.006225
1.005936
1.005577
1.005334
1.004985
1.004792
1.004445
1.004308
1.003952
1.003879
1.003501
1.003502
1.003086
1.003178
1.002704
1.002903
1.002347
1.002677
1.002008
1.002501
1.001682
1.002377
1.001361
1.002307
1.001034
1.002298
1.000687
1.015712
1.002633
1.014594
1.005075
1.014124
1.007232
1.014088
1.009161
1.014378
1.010923
1.014918
1.012562
1.015645
1.014106
1.016508
1.015566
1.017457
1.016947
1.018450
1.018240
1.019444
1.019433
1.020398
1.020507
1.021276
1.021442
1.022041
1.022214
1.022661
1.022805
1.023111
1.023197
1.023370
1.023379
1.023425
1.023348
1.023274
1.023105
1.022921
1.022661
1.022378
1.022035
1.021664
1.021247
1.020804
1.020326
1.019825
1.019299
1.018756
1.018195
1.017624
1.017043
1.016457
1.015868
1.015279
1.014692
1.014111
1.013535
1.012970
1.012413
1.011870
1.011336
1.010822
1.010315
1.009832
1.009354
1.008906
1.008457
1.008047
1.007626
1.007254
1.006859
1.006528
1.006155
1.005867
1.005511
1.005269
1.004923
1.004731
1.004387
1.004250
1.003899
1.003825
1.003453
1.003453
1.003043
1.003131
1.002665
1.002859
1.002313
1.002636
1.001979
1.002463
1.001657
1.002340
1.001340
1.002271
1.001018
1.002263
1.000674
1.015351
1.002591
1.014293
1.005014
1.013877
1.007167
1.013890
1.009101
1.014226
1.010879
1.014812
1.012542
1.015587
1.014117
1.016499
1.015616
1.017501
1.017041
1.018547
1.018382
1.019596
1.019625
1.020606
1.020749
1.021535
1.021731
1.022347
1.022545
1.023006
1.023168
1.023485
1.023582
1.023760
1.023775
1.023820
1.023740
1.023660
1.023482
1.023285
1.023011
1.022710
1.022348
1.021956
1.021516
1.021049
1.020546
1.020020
1.019468
1.018900
1.018314
1.017719
1.017114
1.016506
1.015896
1.015287
1.014682
1.014084
1.013492
1.012913
1.012342
1.011789
1.011245
1.010722
1.010208
1.009719
1.009236
1.008784
1.008333
1.007920
1.007498
1.007125
1.006731
1.006400
1.006029
1.005742
1.005389
1.005148
1.004807
1.004615
1.004278
1.004140
1.003796
1.003721
1.003358
1.003355
1.002956
1.003039
1.002586
1.002773
1.002242
1.002554
1.001917
1.002384
1.001605
1.002264
1.001297
1.002196
1.000985
1.002186
1.000654
1.015095
1.002571
1.014070
1.004980
1.013686
1.007125
1.013729
1.009060
1.014097
1.010846
1.014717
1.012525
1.015529
1.014123
1.016482
1.015653
1.017527
1.017114
1.018621
1.018497
1.019720
1.019786
1.020779
1.020956
1.021757
1.021981
1.022613
1.022835
1.023310
1.023490
1.023817
1.023926
1.024109
1.024128
1.024173
1.024091
1.024004
1.023817
1.023608
1.023320
1.023001
1.022620
1.022207
1.021746
1.021256
1.020729
1.020179
1.019603
1.019011
1.018402
1.017785
1.017159
1.016531
1.015901
1.015276
1.014654
1.014041
1.013437
1.012846
1.012266
1.011704
1.011152
1.010623
1.010104
1.009612
1.009126
1.008672
1.008220
1.007806
1.007385
1.007013
1.006620
1.006290
1.005923
1.005636
1.005288
1.005048
1.004712
1.004521
1.004189
1.004052
1.003715
1.003639
1.003283
1.003279
1.002889
1.002968
1.002527
1.002706
1.002189
1.002491
1.001871
1.002325
1.001566
1.002206
1.001265
1.002140
1.000960
1.002130
1.000636
1.014675
1.002523
1.013715
1.004908
1.013390
1.007046
1.013488
1.008986
1.013909
1.010788
1.014582
1.012494
1.015450
1.014130
1.016462
1.015705
1.017572
1.017221
1.018733
1.018665
1.019901
1.020017
1.021030
1.021251
1.022075
1.022338
1.022992
1.023245
1.023740
1.023943
1.024284
1.024409
1.024599
1.024624
1.024668
1.024582
1.024486
1.024288
1.024062
1.023754
1.023413
1.023006
1.022565
1.022073
1.021552
1.020993
1.020411
1.019802
1.019178
1.018538
1.017890
1.017234
1.016578
1.015923
1.015273
1.014629
1.013995
1.013372
1.012765
1.012170
1.011594
1.011032
1.010493
1.009966
1.009467
1.008977
1.008519
1.008064
1.007648
1.007227
1.006854
1.006464
1.006134
1.005770
1.005485
1.005141
1.004902
1.004572
1.004382
1.004058
1.003921
1.003593
1.003516
1.003171
1.003163
1.002787
1.002860
1.002434
1.002604
1.002107
1.002395
1.001799
1.002233
1.001505
1.002118
1.001215
1.002052
1.000922
1.002042
1.000612
1.014317
1.002490
1.013405
1.004854
1.013124
1.006981
1.013265
1.008921
1.013730
1.010734
1.014448
1.012461
1.015366
1.014128
1.016432
1.015746
1.017601
1.017313
1.018827
1.018814
1.020064
1.020230
1.021263
1.021529
1.022376
1.022678
1.023355
1.023641
1.024156
1.024385
1.024741
1.024882
1.025080
1.025112
1.025155
1.025066
1.024961
1.024750
1.024506
1.024178
1.023812
1.023378
1.022908
1.022385
1.021831
1.021239
1.020623
1.019981
1.019324
1.018652
1.017973
1.017289
1.016605
1.015924
1.015251
1.014585
1.013933
1.013292
1.012670
1.012062
1.011475
1.010903
1.010357
1.009824
1.009320
1.008826
1.008365
1.007910
1.007494
1.007074
1.006702
1.006314
1.005986
1.005626
1.005343
1.005005
1.004768
1.004444
1.004256
1.003939
1.003804
1.003484
1.003406
1.003072
1.003061
1.002697
1.002765
1.002354
1.002516
1.002036
1.002312
1.001738
1.002153
1.001452
1.002041
1.001172
1.001977
1.000889
1.001967
1.000588
1.013828
1.002435
1.012987
1.004769
1.012773
1.006884
1.012974
1.008826
1.013497
1.010656
1.014277
1.012413
1.015259
1.014124
1.016397
1.015797
1.017643
1.017430
1.018951
1.019006
1.020275
1.020502
1.021562
1.021883
1.022761
1.023111
1.023818
1.024145
1.024686
1.024946
1.025320
1.025481
1.025688
1.025728
1.025769
1.025676
1.025559
1.025332
1.025066
1.024712
1.024315
1.023848
1.023341
1.022779
1.022185
1.021551
1.020893
1.020210
1.019512
1.018800
1.018083
1.017363
1.016645
1.015933
1.015230
1.014537
1.013861
1.013199
1.012557
1.011932
1.011331
1.010747
1.010190
1.009649
1.009138
1.008640
1.008175
1.007718
1.007300
1.006881
1.006510
1.006125
1.005798
1.005443
1.005162
1.004830
1.004595
1.004280
1.004093
1.003786
1.003650
1.003341
1.003263
1.002941
1.002927
1.002578
1.002640
1.002247
1.002399
1.001942
1.002202
1.001655
1.002048
1.001382
1.001940
1.001115
1.001878
1.000845
1.001867
1.000560
1.013369
1.002388
1.012589
1.004692
1.012431
1.006792
1.012685
1.008733
1.013261
1.010574
1.014096
1.012357
1.015140
1.014107
1.016345
1.015834
1.017667
1.017532
1.019060
1.019185
1.020472
1.020765
1.021852
1.022233
1.023142
1.023546
1.024285
1.024656
1.025226
1.025520
1.025916
1.026099
1.026317
1.026366
1.026407
1.026310
1.026179
1.025935
1.025645
1.025263
1.024833
1.024328
1.023781
1.023177
1.022539
1.021861
1.021158
1.020430
1.019689
1.018935
1.018178
1.017420
1.016667
1.015922
1.015189
1.014470
1.013769
1.013086
1.012425
1.011785
1.011170
1.010575
1.010009
1.009462
1.008945
1.008444
1.007977
1.007520
1.007102
1.006686
1.006315
1.005935
1.005611
1.005262
1.004984
1.004659
1.004427
1.004120
1.003935
1.003638
1.003504
1.003206
1.003127
1.002817
1.002801
1.002467
1.002522
1.002148
1.002289
1.001854
1.002099
1.001579
1.001951
1.001318
1.001846
1.001062
1.001786
1.000804
1.001775
1.000532
1.012803
1.002323
1.012103
1.004589
1.012015
1.006670
1.012336
1.008610
1.012977
1.010467
1.013880
1.012283
1.014997
1.014083
1.016285
1.015875
1.017699
1.017654
1.019191
1.019399
1.020712
1.021080
1.022203
1.022653
1.023603
1.024068
1.024847
1.025270
1.025874
1.026209
1.026629
1.026838
1.027069
1.027127
1.027167
1.027063
1.026916
1.026650
1.026331
1.025913
1.025443
1.024894
1.024298
1.023644
1.022953
1.022222
1.021466
1.020685
1.019893
1.019090
1.018287
1.017484
1.016691
1.015907
1.015140
1.014390
1.013661
1.012953
1.012271
1.011612
1.010981
1.010374
1.009797
1.009242
1.008719
1.008214
1.007745
1.007287
1.006869
1.006454
1.006086
1.005710
1.005389
1.005046
1.004771
1.004454
1.004226
1.003928
1.003747
1.003460
1.003327
1.003042
1.002963
1.002668
1.002648
1.002332
1.002381
1.002027
1.002156
1.001747
1.001974
1.001486
1.001833
1.001239
1.001732
1.000998
1.001674
1.000755
1.001662
1.000500
1.012244
1.002263
1.011616
1.004488
1.011593
1.006546
1.011974
1.008480
1.012675
1.010348
1.013643
1.012193
1.014832
1.014039
1.016201
1.015896
1.017707
1.017757
1.019304
1.019599
1.020939
1.021388
1.022549
1.023075
1.024069
1.024603
1.025427
1.025909
1.026553
1.026933
1.027383
1.027622
1.027869
1.027940
1.027979
1.027869
1.027705
1.027415
1.027064
1.026608
1.026093
1.025495
1.024845
1.024135
1.023386
1.022596
1.021781
1.020943
1.020094
1.019238
1.018384
1.017534
1.016697
1.015873
1.015070
1.014287
1.013529
1.012797
1.012093
1.011416
1.010771
1.010151
1.009565
1.009003
1.008476
1.007968
1.007497
1.007041
1.006624
1.006213
1.005848
1.005478
1.005161
1.004825
1.004556
1.004248
1.004024
1.003736
1.003558
1.003283
1.003152
1.002880
1.002801
1.002521
1.002498
1.002200
1.002242
1.001909
1.002028
1.001644
1.001853
1.001397
1.001718
1.001163
1.001622
1.000936
1.001567
1.000708
1.001555
1.000467
1.011595
1.002186
1.011053
1.004362
1.011106
1.006394
1.011557
1.008322
1.012328
1.010204
1.013370
1.012083
1.014642
1.013985
1.016105
1.015917
1.017719
1.017874
1.019437
1.019830
1.021204
1.021746
1.022954
1.023567
1.024614
1.025227
1.026104
1.026653
1.027343
1.027775
1.028260
1.028532
1.028796
1.028879
1.028916
1.028796
1.028610
1.028290
1.027899
1.027397
1.026828
1.026170
1.025458
1.024681
1.023865
1.023006
1.022124
1.021220
1.020308
1.019391
1.018479
1.017577
1.016690
1.015823
1.014979
1.014160
1.013371
1.012612
1.011885
1.011189
1.010527
1.009895
1.009299
1.008730
1.008197
1.007687
1.007215
1.006760
1.006345
1.005939
1.005577
1.005213
1.004902
1.004574
1.004310
1.004012
1.003793
1.003517
1.003343
1.003080
1.002952
1.002695
1.002616
1.002353
1.002327
1.002048
1.002083
1.001774
1.001880
1.001524
1.001715
1.001293
1.001588
1.001076
1.001497
1.000864
1.001444
1.000653
1.001432
1.000431
1.010934
1.002109
1.010473
1.004231
1.010598
1.006230
1.011115
1.008146
1.011951
1.010036
1.013064
1.011944
1.014416
1.013899
1.015973
1.015907
1.017697
1.017963
1.019542
1.020040
1.021450
1.022093
1.023353
1.024061
1.025169
1.025870
1.026808
1.027435
1.028180
1.028674
1.029200
1.029512
1.029799
1.029898
1.029936
1.029807
1.029599
1.029248
1.028813
1.028259
1.027629
1.026906
1.026123
1.025272
1.024379
1.023444
1.022485
1.021508
1.020525
1.019541
1.018566
1.017606
1.016666
1.015750
1.014863
1.014008
1.013186
1.012398
1.011648
1.010932
1.010255
1.009611
1.009006
1.008431
1.007895
1.007384
1.006913
1.006460
1.006049
1.005648
1.005292
1.004937
1.004631
1.004314
1.004055
1.003769
1.003556
1.003292
1.003123
1.002875
1.002750
1.002508
1.002429
1.002184
1.002156
1.001897
1.001925
1.001640
1.001733
1.001406
1.001578
1.001192
1.001458
1.000989
1.001373
1.000794
1.001323
1.000599
1.001311
1.000394
1.010197
1.002018
1.009827
1.004078
1.010032
1.006040
1.010620
1.007940
1.011529
1.009840
1.012720
1.011783
1.014162
1.013797
1.015825
1.015893
1.017674
1.018063
1.019663
1.020278
1.021734
1.022490
1.023812
1.024629
1.025808
1.026610
1.027619
1.028334
1.029142
1.029704
1.030277
1.030633
1.030943
1.031058
1.031092
1.030950
1.030711
1.030319
1.029830
1.029212
1.028511
1.027709
1.026842
1.025904
1.024923
1.023901
1.022857
1.021797
1.020734
1.019677
1.018633
1.017609
1.016612
1.015645
1.014713
1.013817
1.012961
1.012145
1.011370
1.010635
1.009943
1.009287
1.008674
1.008094
1.007555
1.007045
1.006574
1.006126
1.005719
1.005326
1.004975
1.004630
1.004331
1.004025
1.003774
1.003500
1.003294
1.003044
1.002880
1.002647
1.002526
1.002301
1.002223
1.001997
1.001966
1.001729
1.001750
1.001491
1.001571
1.001276
1.001427
1.001078
1.001316
1.000894
1.001236
1.000717
1.001189
1.000540
1.001177
1.000355
1.009432
1.001923
1.009152
1.003913
1.009431
1.005828
1.010088
1.007706
1.011063
1.009607
1.012328
1.011578
1.013856
1.013648
1.015624
1.015831
1.017600
1.018118
1.019740
1.020480
1.021985
1.022864
1.024256
1.025194
1.026454
1.027370
1.028464
1.029280
1.030165
1.030808
1.031440
1.031851
1.032194
1.032331
1.032367
1.032213
1.031945
1.031508
1.030961
1.030273
1.029490
1.028600
1.027638
1.026602
1.025521
1.024400
1.023258
1.022105
1.020954
1.019812
1.018692
1.017598
1.016538
1.015515
1.014533
1.013595
1.012703
1.011857
1.011057
1.010303
1.009596
1.008930
1.008309
1.007726
1.007186
1.006677
1.006211
1.005768
1.005367
1.004983
1.004641
1.004306
1.004017
1.003723
1.003481
1.003221
1.003023
1.002788
1.002631
1.002414
1.002297
1.002090
1.002013
1.001808
1.001774
1.001560
1.001574
1.001341
1.001408
1.001144
1.001276
1.000965
1.001173
1.000799
1.001100
1.000639
1.001056
1.000481
1.001044
1.000315
1.008602
1.001815
1.008417
1.003726
1.008776
1.005589
1.009504
1.007441
1.010551
1.009343
1.011895
1.011345
1.013519
1.013479
1.015403
1.015759
1.017521
1.018180
1.019832
1.020710
1.022276
1.023293
1.024767
1.025841
1.027196
1.028242
1.029433
1.030364
1.031335
1.032070
1.032766
1.033235
1.033611
1.033768
1.033800
1.033625
1.033315
1.032821
1.032199
1.031424
1.030544
1.029547
1.028474
1.027324
1.026130
1.024895
1.023645
1.022388
1.021139
1.019908
1.018706
1.017538
1.016411
1.015330
1.014298
1.013318
1.012390
1.011515
1.010692
1.009920
1.009199
1.008525
1.007899
1.007314
1.006775
1.006270
1.005809
1.005375
1.004981
1.004608
1.004275
1.003953
1.003674
1.003395
1.003163
1.002918
1.002729
1.002511
1.002361
1.002162
1.002050
1.001862
1.001787
1.001603
1.001567
1.001377
1.001384
1.001179
1.001233
1.001003
1.001113
1.000843
1.001020
1.000696
1.000953
1.000556
1.000913
1.000418
1.000901
1.000273
1.007733
1.001699
1.007642
1.003519
1.008076
1.005319
1.008869
1.007134
1.009981
1.009027
1.011397
1.011050
1.013109
1.013240
1.015105
1.015615
1.017366
1.018171
1.019854
1.020878
1.022510
1.023676
1.025243
1.026468
1.027933
1.029127
1.030434
1.031500
1.032578
1.033424
1.034203
1.034748
1.035172
1.035360
1.035396
1.035205
1.034854
1.034299
1.033596
1.032725
1.031734
1.030618
1.029418
1.028138
1.026812
1.025449
1.024075
1.022699
1.021340
1.020007
1.018711
1.017461
1.016260
1.015116
1.014029
1.013003
1.012036
1.011131
1.010284
1.009495
1.008761
1.008080
1.007450
1.006866
1.006329
1.005831
1.005377
1.004953
1.004570
1.004209
1.003888
1.003581
1.003314
1.003051
1.002831
1.002603
1.002424
1.002224
1.002082
1.001902
1.001796
1.001628
1.001556
1.001394
1.001356
1.001191
1.001191
1.001015
1.001056
1.000860
1.000949
1.000721
1.000866
1.000593
1.000806
1.000472
1.000770
1.000354
1.000759
1.000231
1.006806
1.001572
1.006813
1.003292
1.007324
1.005021
1.008184
1.006793
1.009362
1.008676
1.010855
1.010723
1.012662
1.012975
1.014782
1.015456
1.017202
1.018166
1.019890
1.021076
1.022786
1.024120
1.025796
1.027193
1.028787
1.030149
1.031588
1.032807
1.034006
1.034975
1.035845
1.036469
1.036939
1.037153
1.037182
1.036960
1.036550
1.035913
1.035107
1.034115
1.032990
1.031729
1.030381
1.028949
1.027474
1.025966
1.024454
1.022949
1.021471
1.020030
1.018638
1.017302
1.016027
1.014819
1.013679
1.012609
1.011608
1.010675
1.009808
1.009005
1.008262
1.007577
1.006947
1.006367
1.005837
1.005348
1.004904
1.004493
1.004123
1.003778
1.003471
1.003181
1.002927
1.002682
1.002475
1.002266
1.002099
1.001918
1.001786
1.001626
1.001526
1.001380
1.001311
1.001172
1.001133
1.000995
1.000988
1.000842
1.000870
1.000709
1.000776
1.000591
1.000704
1.000484
1.000652
1.000384
1.000620
1.000287
1.000609
1.000186
1.005833
1.001432
1.005935
1.003038
1.006516
1.004680
1.007433
1.006396
1.008668
1.008252
1.010225
1.010308
1.012117
1.012611
1.014351
1.015190
1.016925
1.018052
1.019816
1.021170
1.022966
1.024480
1.026278
1.027866
1.029608
1.031163
1.032761
1.034163
1.035512
1.036635
1.037625
1.038356
1.038895
1.039154
1.039191
1.038946
1.038479
1.037756
1.036838
1.035711
1.034435
1.033009
1.031490
1.029884
1.028237
1.026562
1.024891
1.023237
1.021622
1.020058
1.018555
1.017123
1.015764
1.014486
1.013287
1.012170
1.011131
1.010170
1.009282
1.008465
1.007715
1.007028
1.006401
1.005827
1.005305
1.004828
1.004397
1.004002
1.003647
1.003320
1.003029
1.002758
1.002521
1.002296
1.002104
1.001915
1.001761
1.001601
1.001480
1.001341
1.001250
1.001125
1.001061
1.000945
1.000906
1.000794
1.000781
1.000666
1.000680
1.000556
1.000601
1.000460
1.000540
1.000374
1.000496
1.000295
1.000469
1.000219
1.000458
1.000141
1.004809
1.001282
1.005008
1.002763
1.005659
1.004311
1.006633
1.005963
1.007923
1.007789
1.009547
1.009855
1.011529
1.012215
1.013888
1.014904
1.016635
1.017939
1.019754
1.021297
1.023195
1.024912
1.026855
1.028659
1.030575
1.032350
1.034132
1.035741
1.037259
1.038553
1.039672
1.040514
1.041120
1.041413
1.041440
1.041149
1.040597
1.039755
1.038690
1.037391
1.035928
1.034304
1.032582
1.030774
1.028931
1.027069
1.025224
1.023411
1.021652
1.019960
1.018345
1.016817
1.015379
1.014035
1.012782
1.011624
1.010553
1.009570
1.008668
1.007845
1.007094
1.006411
1.005792
1.005229
1.004721
1.004261
1.003847
1.003471
1.003135
1.002829
1.002558
1.002308
1.002090
1.001887
1.001712
1.001545
1.001406
1.001267
1.001159
1.001042
1.000960
1.000859
1.000799
1.000709
1.000670
1.000585
1.000566
1.000483
1.000484
1.000397
1.000420
1.000324
1.000371
1.000260
1.000336
1.000202
1.000313
1.000149
1.000303
1.000095
1.003733
1.001116
1.004025
1.002454
1.004736
1.003887
1.005754
1.005455
1.007083
1.007231
1.008756
1.009286
1.010808
1.011681
1.013276
1.014464
1.016182
1.017661
1.019525
1.021260
1.023265
1.025198
1.027300
1.029344
1.031459
1.033489
1.035492
1.037350
1.039083
1.040593
1.041888
1.042883
1.043594
1.043952
1.043994
1.043669
1.043037
1.042070
1.040845
1.039355
1.037680
1.035827
1.033872
1.031829
1.029759
1.027679
1.025632
1.023632
1.021706
1.019867
1.018124
1.016487
1.014957
1.013539
1.012227
1.011023
1.009919
1.008914
1.007998
1.007169
1.006419
1.005742
1.005133
1.004586
1.004094
1.003654
1.003260
1.002907
1.002593
1.002311
1.002061
1.001836
1.001638
1.001459
1.001303
1.001160
1.001038
1.000923
1.000828
1.000735
1.000662
1.000586
1.000532
1.000468
1.000429
1.000373
1.000348
1.000297
1.000285
1.000236
1.000237
1.000186
1.000200
1.000145
1.000174
1.000110
1.000156
1.000079
1.000147
1.000048
1.002613
1.000941
1.002998
1.002124
1.003767
1.003433
1.004825
1.004909
1.006192
1.006629
1.007913
1.008671
1.010040
1.011107
1.012625
1.013998
1.015710
1.017381
1.019309
1.021258
1.023392
1.025571
1.027862
1.030181
1.032531
1.034854
1.037113
1.039256
1.041231
1.042982
1.044466
1.045620
1.046430
1.046836
1.046863
1.046466
1.045707
1.044564
1.043125
1.041387
1.039447
1.037316
1.035085
1.032770
1.030442
1.028122
1.025856
1.023661
1.021563
1.019577
1.017710
1.015971
1.014358
1.012876
1.011516
1.010279
1.009152
1.008136
1.007218
1.006394
1.005654
1.004993
1.004402
1.003877
1.003409
1.002995
1.002627
1.002301
1.002013
1.001759
1.001535
1.001337
1.001163
1.001011
1.000876
1.000759
1.000654
1.000565
1.000484
1.000417
1.000354
1.000304
1.000256
1.000218
1.000181
1.000154
1.000124
1.000106
1.000081
1.000071
1.000050
1.000045
1.000026
1.000027
1.000009
1.000015
0.999997
1.000007
0.999988
1.000001
1.001439
1.000746
1.001911
1.001752
1.002723
1.002912
1.003803
1.004270
1.005184
1.005906
1.006926
1.007904
1.009097
1.010347
1.011769
1.013313
1.015005
1.016859
1.018841
1.021002
1.023267
1.025701
1.028196
1.030817
1.033434
1.036095
1.038662
1.041151
1.043438
1.045501
1.047247
1.048628
1.049598
1.050103
1.050154
1.049707
1.048830
1.047503
1.045830
1.043814
1.041571
1.039118
1.036564
1.033930
1.031301
1.028697
1.026174
1.023750
1.021452
1.019293
1.017281
1.015424
1.013716
1.012161
1.010746
1.009471
1.008321
1.007294
1.006373
1.005557
1.004829
1.004188
1.003619
1.003120
1.002679
1.002294
1.001956
1.001661
1.001403
1.001180
1.000984
1.000816
1.000668
1.000545
1.000433
1.000344
1.000259
1.000197
1.000132
1.000091
1.000040
1.000016
0.999975
0.999965
0.999929
0.999933
0.999898
0.999914
0.999876
0.999905
0.999862
0.999904
0.999851
0.999909
0.999844
0.999920
0.999837
0.999935
0.999830
0.999953
1.000230
1.000542
1.000786
1.001360
1.001638
1.002361
1.002734
1.003592
1.004124
1.005136
1.005884
1.007086
1.008102
1.009542
1.010870
1.012597
1.014277
1.016331
1.018385
1.020786
1.023209
1.025937
1.028675
1.031646
1.034580
1.037633
1.040561
1.043450
1.046091
1.048505
1.050535
1.052152
1.053272
1.053846
1.053873
1.053312
1.052243
1.050646
1.048654
1.046272
1.043647
1.040800
1.037863
1.034861
1.031893
1.028982
1.026188
1.023529
1.021033
1.018712
1.016568
1.014610
1.012826
1.011218
1.009768
1.008476
1.007321
1.006300
1.005394
1.004600
1.003900
1.003290
1.002754
1.002291
1.001887
1.001539
1.001237
1.000980
1.000756
1.000568
1.000404
1.000271
1.000152
1.000060
0.999974
0.999914
0.999851
0.999817
0.999770
0.999756
0.999718
0.999722
0.999688
0.999707
0.999673
0.999707
0.999667
0.999717
0.999668
0.999736
0.999671
0.999760
0.999675
0.999790
0.999677
0.999824
0.999676
0.999862
0.999670
0.999906
0.998966
1.000316
0.999598
1.000919
1.000471
1.001732
1.001559
1.002801
1.002927
1.004214
1.004666
1.006073
1.006883
1.008489
1.009696
1.011580
1.013222
1.015455
1.017560
1.020187
1.022759
1.025782
1.028774
1.032123
1.035411
1.038916
1.042276
1.045655
1.048753
1.051628
1.054059
1.056023
1.057397
1.058124
1.058193
1.057554
1.056304
1.054425
1.052080
1.049282
1.046215
1.042907
1.039519
1.036082
1.032712
1.029435
1.026319
1.023382
1.020650
1.018136
1.015836
1.013759
1.011884
1.010214
1.008723
1.007410
1.006248
1.005236
1.004346
1.003578
1.002907
1.002333
1.001835
1.001412
1.001048
1.000743
1.000481
1.000265
1.000079
0.999931
0.999802
0.999705
0.999618
0.999560
0.999501
0.999473
0.999434
0.999429
0.999401
0.999415
0.999392
0.999423
0.999398
0.999446
0.999415
0.999480
0.999436
0.999520
0.999459
0.999566
0.999481
0.999616
0.999499
0.999670
0.999511
0.999728
0.999516
0.999790
0.999511
0.999858
0.997678
1.000083
0.998381
1.000460
0.999269
1.001073
1.000342
1.001971
1.001680
1.003245
1.003393
1.005007
1.005610
1.007386
1.008475
1.010526
1.012140
1.014569
1.016747
1.019630
1.022387
1.025753
1.029052
1.032844
1.036557
1.040594
1.044464
1.048417
1.052043
1.055443
1.058314
1.060641
1.062253
1.063083
1.063114
1.062290
1.060734
1.058432
1.055596
1.052246
1.048617
1.044742
1.040821
1.036885
1.033073
1.029408
1.025964
1.022756
1.019807
1.017125
1.014700
1.012536
1.010604
1.008906
1.007406
1.006105
1.004965
1.003987
1.003138
1.002416
1.001795
1.001273
1.000827
1.000458
1.000145
0.999891
0.999677
0.999509
0.999368
0.999264
0.999175
0.999119
0.999066
0.999044
0.999016
0.999021
0.999006
0.999033
0.999025
0.999069
0.999060
0.999120
0.999105
0.999182
0.999154
0.999250
0.999203
0.999322
0.999249
0.999396
0.999290
0.999472
0.999322
0.999550
0.999345
0.999632
0.999355
0.999717
0.999352
0.999810
0.996338
0.999825
0.997102
0.999947
0.997982
1.000325
0.999007
1.001010
1.000273
1.002094
1.001906
1.003697
1.004055
1.005965
1.006894
1.009070
1.010613
1.013195
1.015404
1.018509
1.021421
1.025116
1.028716
1.032972
1.037147
1.041788
1.046264
1.050920
1.055228
1.059331
1.062831
1.065710
1.067736
1.068814
1.068915
1.067964
1.066118
1.063364
1.059977
1.055990
1.051701
1.047154
1.042595
1.038063
1.033719
1.029587
1.025748
1.022213
1.019000
1.016116
1.013537
1.011267
1.009265
1.007530
1.006016
1.004723
1.003606
1.002664
1.001858
1.001187
1.000620
1.000155
0.999767
0.999455
0.999199
0.999001
0.998840
0.998724
0.998631
0.998575
0.998529
0.998515
0.998500
0.998517
0.998520
0.998561
0.998573
0.998632
0.998644
0.998719
0.998726
0.998816
0.998811
0.998918
0.998894
0.999021
0.998971
0.999124
0.999041
0.999227
0.999100
0.999329
0.999147
0.999432
0.999180
0.999536
0.999197
0.999645
0.999196
0.999763
0.994989
0.999563
0.995806
0.999419
0.996671
0.999553
0.997640
1.000015
0.998826
1.000900
1.000372
1.002338
1.002450
1.004494
1.005266
1.007573
1.009055
1.011807
1.014071
1.017431
1.020540
1.024620
1.028591
1.033400
1.038135
1.043499
1.048702
1.054194
1.059306
1.064221
1.068428
1.071893
1.074312
1.075559
1.075596
1.074331
1.071980
1.068537
1.064371
1.059529
1.054395
1.049025
1.043720
1.038518
1.033606
1.028998
1.024780
1.020951
1.017522
1.014488
1.011813
1.009496
1.007479
1.005762
1.004284
1.003046
1.001992
1.001124
1.000393
0.999802
0.999313
0.998926
0.998613
0.998375
0.998188
0.998057
0.997958
0.997902
0.997864
0.997860
0.997862
0.997895
0.997920
0.997979
0.998016
0.998094
0.998134
0.998226
0.998261
0.998367
0.998390
0.998510
0.998516
0.998653
0.998633
0.998792
0.998740
0.998927
0.998834
0.999058
0.998912
0.999187
0.998974
0.999314
0.999018
0.999442
0.999041
0.999574
0.999041
0.999717
0.993593
0.999274
0.994451
0.998833
0.995274
0.998683
0.996149
0.998873
0.997202
0.999496
0.998590
1.000686
1.000505
1.002626
1.003183
1.005554
1.006907
1.009755
1.011999
1.015543
1.018783
1.023198
1.027502
1.032859
1.038176
1.044339
1.050387
1.056898
1.063046
1.069059
1.074291
1.078669
1.081792
1.083460
1.083616
1.082126
1.079281
1.075083
1.070021
1.064172
1.058028
1.051665
1.045456
1.039440
1.033835
1.028649
1.023965
1.019776
1.016076
1.012854
1.010055
1.007671
1.005628
1.003921
1.002476
1.001292
1.000304
0.999512
0.998862
0.998355
0.997949
0.997647
0.997414
0.997255
0.997142
0.997082
0.997050
0.997057
0.997077
0.997130
0.997181
0.997263
0.997331
0.997433
0.997506
0.997622
0.997692
0.997819
0.997877
0.998015
0.998056
0.998206
0.998223
0.998390
0.998375
0.998565
0.998511
0.998732
0.998629
0.998892
0.998727
0.999047
0.998804
0.999198
0.998858
0.999350
0.998888
0.999505
0.998890
0.999671
0.992206
0.998985
0.993097
0.998241
0.993869
0.997799
0.994641
0.997708
0.995553
0.998060
0.996775
0.998995
0.998521
1.000716
1.001060
1.003496
1.004730
1.007685
1.009933
1.013691
1.017107
1.021923
1.026641
1.032663
1.038694
1.045831
1.052911
1.060661
1.068057
1.075373
1.081785
1.087163
1.090973
1.092935
1.092977
1.090932
1.087211
1.081845
1.075500
1.068291
1.060859
1.053292
1.046046
1.039146
1.032837
1.027102
1.022017
1.017552
1.013678
1.010369
1.007545
1.005190
1.003208
1.001593
1.000254
0.999190
0.998323
0.997656
0.997127
0.996740
0.996448
0.996254
0.996123
0.996060
0.996036
0.996059
0.996103
0.996182
0.996267
0.996381
0.996487
0.996622
0.996735
0.996883
0.996994
0.997149
0.997249
0.997412
0.997494
0.997664
0.997723
0.997904
0.997933
0.998129
0.998121
0.998341
0.998286
0.998540
0.998428
0.998729
0.998545
0.998909
0.998637
0.999084
0.998702
0.999259
0.998738
0.999437
0.998742
0.999627
0.990783
0.998670
0.991692
0.997589
0.992385
0.996814
0.993009
0.996388
0.993717
0.996394
0.994685
0.996971
0.996143
0.998333
0.998385
1.000787
1.001799
1.004742
1.006872
1.010714
1.014179
1.019276
1.024301
1.030923
1.037637
1.045804
1.054035
1.063267
1.072254
1.081333
1.089476
1.096444
1.101516
1.104230
1.104476
1.102003
1.097380
1.090683
1.082816
1.073963
1.064956
1.055913
1.047387
1.039400
1.032219
1.025804
1.020216
1.015400
1.011297
1.007865
1.004990
1.002650
1.000722
0.999196
0.997962
0.997019
0.996278
0.995741
0.995339
0.995078
0.994904
0.994824
0.994799
0.994837
0.994906
0.995016
0.995140
0.995294
0.995446
0.995624
0.995787
0.995976
0.996137
0.996332
0.996482
0.996678
0.996809
0.997007
0.997115
0.997317
0.997395
0.997606
0.997647
0.997873
0.997871
0.998121
0.998066
0.998352
0.998232
0.998569
0.998368
0.998775
0.998475
0.998974
0.998551
0.999170
0.998593
0.999371
0.998598
0.999584
0.989389
0.998359
0.990308
0.996941
0.990914
0.995830
0.991384
0.995064
0.991881
0.994718
0.992589
0.994932
0.993751
0.995930
0.995691
0.998053
0.998850
1.001784
1.003812
1.007760
1.011313
1.016753
1.022173
1.029531
1.037096
1.046538
1.056201
1.067277
1.078235
1.089473
1.099687
1.108472
1.114826
1.118094
1.118126
1.114611
1.108378
1.099602
1.089541
1.078471
1.067474
1.056679
1.046745
1.037648
1.029662
1.022691
1.016759
1.011769
1.007616
1.004233
1.001470
0.999292
0.997547
0.996225
0.995194
0.994459
0.993913
0.993567
0.993341
0.993247
0.993226
0.993289
0.993393
0.993550
0.993726
0.993937
0.994150
0.994386
0.994612
0.994859
0.995082
0.995329
0.995540
0.995783
0.995973
0.996211
0.996375
0.996609
0.996742
0.996976
0.997073
0.997314
0.997367
0.997623
0.997627
0.997907
0.997851
0.998169
0.998041
0.998414
0.998197
0.998644
0.998318
0.998866
0.998404
0.999085
0.998453
0.999306
0.998460
0.999542
0.987976
0.998025
0.988890
0.996239
0.989377
0.994751
0.989647
0.993588
0.989863
0.992806
0.990210
0.992534
0.990930
0.992995
0.992363
0.994547
0.994986
0.997730
0.999470
1.003305
1.006719
1.012266
1.017847
1.025746
1.033996
1.044675
1.055821
1.069023
1.082423
1.096555
1.109817
1.121541
1.130302
1.135009
1.135387
1.130975
1.122961
1.111699
1.098935
1.085112
1.071626
1.058647
1.046948
1.036465
1.027462
1.019787
1.013403
1.008171
1.003923
1.000566
0.997899
0.995879
0.994316
0.993201
0.992378
0.991854
0.991510
0.991360
0.991316
0.991393
0.991529
0.991738
0.991975
0.992255
0.992542
0.992854
0.993158
0.993479
0.993781
0.994097
0.994383
0.994688
0.994949
0.995241
0.995472
0.995751
0.995948
0.996218
0.996377
0.996643
0.996759
0.997029
0.997096
0.997380
0.997390
0.997699
0.997643
0.997992
0.997857
0.998264
0.998031
0.998519
0.998167
0.998763
0.998263
0.999003
0.998318
0.999245
0.998327
0.999502
0.986615
0.997702
0.987516
0.995554
0.987881
0.993694
0.987948
0.992137
0.987883
0.990922
0.987867
0.990164
0.988144
0.990083
0.989062
0.991057
0.991140
0.993683
0.995139
0.998858
1.002154
1.007843
1.013649
1.022218
1.031329
1.043560
1.056575
1.072483
1.089006
1.106808
1.123912
1.139192
1.150528
1.156384
1.156334
1.149811
1.138619
1.123445
1.106776
1.089264
1.072712
1.057261
1.043770
1.032044
1.022285
1.014220
1.007723
1.002579
0.998542
0.995489
0.993161
0.991508
0.990306
0.989548
0.989056
0.988847
0.988788
0.988903
0.989095
0.989389
0.989717
0.990102
0.990494
0.990914
0.991326
0.991751
0.992156
0.992567
0.992949
0.993339
0.993689
0.994055
0.994368
0.994709
0.994982
0.995303
0.995533
0.995839
0.996023
0.996321
0.996455
0.996755
0.996834
0.997146
0.997163
0.997500
0.997444
0.997823
0.997681
0.998120
0.997873
0.998399
0.998023
0.998664
0.998129
0.998924
0.998190
0.999186
0.998201
0.999464
0.985257
0.997361
0.986129
0.994826
0.986343
0.992559
0.986162
0.990552
0.985745
0.988818
0.985259
0.987442
0.984928
0.986619
0.985087
0.986715
0.986257
0.988349
0.989254
0.992518
0.995331
1.000737
1.006317
1.015108
1.024623
1.038108
1.052775
1.071580
1.091749
1.114322
1.137044
1.158159
1.174456
1.183275
1.183789
1.175177
1.160159
1.140056
1.118392
1.096185
1.075719
1.057137
1.041360
1.028055
1.017311
1.008727
1.002036
0.996949
0.993110
0.990364
0.988383
0.987109
0.986276
0.985884
0.985731
0.985844
0.986074
0.986457
0.986888
0.987401
0.987923
0.988483
0.989031
0.989592
0.990129
0.990666
0.991171
0.991674
0.992135
0.992599
0.993013
0.993438
0.993803
0.994193
0.994507
0.994869
0.995132
0.995473
0.995682
0.996011
0.996164
0.996492
0.996584
0.996922
0.996946
0.997310
0.997255
0.997661
0.997513
0.997984
0.997723
0.998285
0.997886
0.998571
0.998002
0.998850
0.998069
0.999131
0.998081
0.999428
0.983975
0.997039
0.984815
0.994134
0.984879
0.991473
0.984456
0.989033
0.983697
0.986795
0.982752
0.984815
0.981823
0.983258
0.981225
0.982471
0.981476
0.983088
0.983433
0.986202
0.988512
0.993599
0.998949
1.008004
1.018019
1.033063
1.049794
1.072352
1.097302
1.126130
1.156433
1.185158
1.207070
1.218511
1.218115
1.204814
1.182970
1.155023
1.126142
1.097778
1.072757
1.050991
1.033299
1.019005
1.007959
0.999537
0.993285
0.988815
0.985652
0.983618
0.982314
0.981693
0.981448
0.981601
0.981927
0.982473
0.983082
0.983803
0.984528
0.985302
0.986051
0.986813
0.987536
0.988254
0.988926
0.989585
0.990196
0.990793
0.991338
0.991877
0.992357
0.992842
0.993258
0.993698
0.994052
0.994455
0.994749
0.995124
0.995358
0.995717
0.995888
0.996243
0.996347
0.996711
0.996741
0.997130
0.997076
0.997509
0.997355
0.997856
0.997582
0.998178
0.997758
0.998483
0.997883
0.998780
0.997955
0.999079
0.997970
0.999394
0.982722
0.996706
0.983516
0.993417
0.983407
0.990338
0.982703
0.987419
0.981540
0.984601
0.980034
0.981889
0.978344
0.979390
0.976728
0.977386
0.975641
0.976456
0.975901
0.977693
0.978974
0.983052
0.987397
0.995821
1.005324
1.021023
1.038835
1.064836
1.094670
1.131045
1.172213
1.213577
1.246581
1.264629
1.265019
1.246287
1.215491
1.177217
1.138870
1.102539
1.071594
1.045717
1.025513
1.009920
0.998423
0.990141
0.984350
0.980553
0.978120
0.976849
0.976261
0.976321
0.976685
0.977393
0.978205
0.979187
0.980172
0.981228
0.982243
0.983274
0.984245
0.985204
0.986098
0.986967
0.987771
0.988548
0.989262
0.989951
0.990577
0.991188
0.991731
0.992274
0.992741
0.993227
0.993621
0.994063
0.994388
0.994796
0.995053
0.995440
0.995629
0.996009
0.996125
0.996513
0.996550
0.996962
0.996909
0.997367
0.997209
0.997736
0.997451
0.998078
0.997639
0.998401
0.997772
0.998715
0.997850
0.999030
0.997866
0.999363
0.981572
0.996403
0.982319
0.992756
0.982046
0.989287
0.981079
0.985920
0.979536
0.982558
0.977502
0.979152
0.975087
0.975748
0.972485
0.972549
0.970070
0.970056
0.968590
0.969322
0.969509
0.972422
0.975624
0.983226
0.992040
1.008423
1.027369
1.057813
1.093918
1.140328
1.197606
1.256865
1.302844
1.327218
1.325709
1.295656
1.248837
1.193769
1.141763
1.095576
1.058728
1.029829
1.008677
0.993411
0.982948
0.976078
0.971788
0.969499
0.968451
0.968456
0.968980
0.970029
0.971234
0.972680
0.974114
0.975636
0.977078
0.978530
0.979880
0.981201
0.982419
0.983593
0.984672
0.985701
0.986645
0.987543
0.988361
0.989144
0.989850
0.990534
0.991139
0.991739
0.992254
0.992786
0.993218
0.993696
0.994051
0.994490
0.994770
0.995183
0.995389
0.995792
0.995920
0.996330
0.996373
0.996807
0.996756
0.997236
0.997073
0.997626
0.997331
0.997986
0.997530
0.998326
0.997671
0.998656
0.997753
0.998986
0.997771
0.999334
0.980479
0.996099
0.981170
0.992094
0.980719
0.988225
0.979464
0.984386
0.977498
0.980425
0.974859
0.976227
0.971586
0.971739
0.967763
0.967030
0.963612
0.962421
0.959677
0.958755
0.957198
0.957953
0.958875
0.964086
0.970319
0.985231
1.002515
1.035534
1.075502
1.132074
1.212078
1.300407
1.370452
1.408438
1.407997
1.364333
1.296462
1.219824
1.150295
1.091276
1.046389
1.013292
0.990703
0.975777
0.966552
0.961387
0.958855
0.958294
0.958784
0.960174
0.961873
0.963947
0.966008
0.968191
0.970238
0.972289
0.974171
0.976002
0.977670
0.979267
0.980718
0.982094
0.983345
0.984525
0.985598
0.986610
0.987527
0.988396
0.989178
0.989929
0.990593
0.991246
0.991806
0.992380
0.992847
0.993360
0.993742
0.994209
0.994511
0.994948
0.995170
0.995595
0.995733
0.996163
0.996213
0.996666
0.996616
0.997117
0.996951
0.997526
0.997222
0.997903
0.997431
0.998258
0.997579
0.998602
0.997666
0.998946
0.997685
0.999308
0.979513
0.995833
0.980152
0.991508
0.979540
0.987283
0.978028
0.983021
0.975684
0.978524
0.972502
0.973609
0.968449
0.968124
0.963496
0.961994
0.957695
0.955324
0.951333
0.948668
0.945309
0.943625
0.941996
0.944205
0.947165
0.959739
0.974058
1.010028
1.052614
1.123745
1.241701
1.366286
1.451305
1.491562
1.489701
1.431298
1.334094
1.223995
1.130949
1.059956
1.011501
0.979339
0.959785
0.948726
0.943364
0.941832
0.942447
0.944618
0.947365
0.950659
0.953906
0.957274
0.960384
0.963445
0.966206
0.968856
0.971230
0.973477
0.975488
0.977377
0.979072
0.980657
0.982083
0.983415
0.984617
0.985741
0.986753
0.987707
0.988561
0.989376
0.990094
0.990797
0.991400
0.992013
0.992513
0.993057
0.993465
0.993958
0.994278
0.994738
0.994973
0.995418
0.995566
0.996014
0.996069
0.996541
0.996492
0.997011
0.996842
0.997437
0.997124
0.997829
0.997343
0.998198
0.997498
0.998554
0.997589
0.998910
0.997609
0.999285
0.978635
0.995580
0.979218
0.990951
0.978444
0.986380
0.976669
0.981697
0.973933
0.976648
0.970174
0.970969
0.965269
0.964385
0.959044
0.956622
0.951307
0.947464
0.941945
0.936954
0.931205
0.925916
0.920464
0.917373
0.914275
0.920220
0.925561
0.958305
0.990644
1.076293
1.238255
1.380932
1.447225
1.462883
1.462103
1.427100
1.348390
1.231337
1.117367
1.028703
0.972268
0.939963
0.924245
0.918491
0.918282
0.921370
0.925779
0.931087
0.936314
0.941624
0.946456
0.951115
0.955246
0.959145
0.962577
0.965782
0.968606
0.971230
0.973550
0.975701
0.977614
0.979384
0.980967
0.982433
0.983749
0.984972
0.986070
0.987097
0.988015
0.988887
0.989655
0.990401
0.991041
0.991690
0.992219
0.992791
0.993220
0.993737
0.994074
0.994554
0.994802
0.995263
0.995420
0.995884
0.995944
0.996431
0.996383
0.996919
0.996747
0.997360
0.997040
0.997765
0.997266
0.998145
0.997427
0.998513
0.997521
0.998879
0.997543
0.999265
0.977903
0.995371
0.978438
0.990489
0.977528
0.985629
0.975535
0.980595
0.972473
0.975085
0.968233
0.968763
0.962610
0.961239
0.955293
0.952045
0.945848
0.940629
0.933732
0.926440
0.918416
0.909268
0.899877
0.890457
0.880357
0.876866
0.870034
0.894306
0.906401
1.021036
1.197673
1.211191
1.060665
0.934684
0.919872
0.972679
1.034611
1.034560
0.988211
0.933221
0.896408
0.879037
0.875635
0.880237
0.888230
0.897849
0.907242
0.916448
0.924636
0.932268
0.938880
0.944951
0.950180
0.954962
0.959090
0.962863
0.966141
0.969141
0.971766
0.974171
0.976293
0.978241
0.979971
0.981563
0.982984
0.984298
0.985473
0.986568
0.987543
0.988465
0.989276
0.990062
0.990735
0.991413
0.991968
0.992564
0.993013
0.993549
0.993901
0.994397
0.994656
0.995132
0.995297
0.995774
0.995838
0.996338
0.996292
0.996841
0.996667
0.997294
0.996969
0.997710
0.997202
0.998101
0.997368
0.998478
0.997465
0.998853
0.997488
0.999248
0.977287
0.995189
0.977778
0.990085
0.976743
0.984968
0.974548
0.979615
0.971180
0.973675
0.966481
0.966739
0.960162
0.958294
0.951760
0.947654
0.940575
0.933875
0.925562
0.915658
0.905206
0.891331
0.877463
0.859316
0.840282
0.820529
0.794944
0.788482
0.760058
0.840413
0.800415
0.422171
0.035334
-0.086109
0.011519
0.232916
0.465191
0.614696
0.697301
0.736291
0.764349
0.789795
0.813943
0.836695
0.856667
0.874584
0.889717
0.903083
0.914260
0.924133
0.932404
0.939753
0.945952
0.951499
0.956221
0.960472
0.964129
0.967438
0.970314
0.972927
0.975220
0.977311
0.979160
0.980854
0.982361
0.983749
0.984986
0.986136
0.987158
0.988121
0.988968
0.989785
0.990485
0.991188
0.991763
0.992379
0.992844
0.993396
0.993760
0.994270
0.994538
0.995026
0.995196
0.995685
0.995752
0.996263
0.996218
0.996778
0.996602
0.997241
0.996911
0.997666
0.997150
0.998065
0.997320
0.998449
0.997419
0.998832
0.997443
0.999235
0.976829
0.995056
0.977287
0.989788
0.976161
0.984483
0.973819
0.978895
0.970229
0.972640
0.965195
0.965252
0.958363
0.956120
0.949152
0.944380
0.936641
0.928740
0.919345
0.907184
0.894820
0.876467
0.858918
0.831314
0.804465
0.763151
0.719645
0.657842
0.587455
0.512328
0.174392
-0.289714
-0.472343
-0.444413
-0.326914
-0.152005
0.059348
0.254276
0.412631
0.532004
0.625542
0.697378
0.751591
0.793912
0.826446
0.852825
0.873647
0.891038
0.905043
0.917000
0.926789
0.935293
0.942359
0.948582
0.953825
0.958492
0.962475
0.966050
0.969138
0.971926
0.974362
0.976572
0.978520
0.980297
0.981874
0.983321
0.984609
0.985802
0.986862
0.987857
0.988731
0.989573
0.990294
0.991016
0.991607
0.992238
0.992716
0.993280
0.993654
0.994174
0.994448
0.994945
0.995121
0.995617
0.995688
0.996207
0.996162
0.996730
0.996553
0.997201
0.996868
0.997633
0.997111
0.998038
0.997283
0.998428
0.997385
0.998816
0.997409
0.999225
0.976512
0.994960
0.976944
0.989575
0.975751
0.984133
0.973299
0.978372
0.969541
0.971881
0.964252
0.964148
0.957023
0.954482
0.947182
0.941873
0.933627
0.924735
0.914522
0.900420
0.886684
0.864226
0.844314
0.807249
0.776170
0.711301
0.658973
0.535866
0.439381
0.186466
-0.120435
-0.168579
-0.014579
0.033298
-0.015271
-0.082711
-0.057398
0.077862
0.240338
0.401075
0.531758
0.632977
0.706860
0.762874
0.804450
0.837096
0.862147
0.882527
0.898611
0.912080
0.922956
0.932274
0.939942
0.946631
0.952227
0.957175
0.961376
0.965128
0.968357
0.971261
0.973791
0.976080
0.978093
0.979925
0.981548
0.983035
0.984356
0.985578
0.986662
0.987680
0.988572
0.989430
0.990165
0.990901
0.991502
0.992144
0.992629
0.993202
0.993582
0.994109
0.994388
0.994891
0.995070
0.995572
0.995644
0.996168
0.996124
0.996698
0.996520
0.997175
0.996839
0.997611
0.997084
0.998020
0.997259
0.998414
0.997362
0.998805
0.997386
0.999218
0.976356
0.994914
0.976777
0.989473
0.975551
0.983965
0.973047
0.978122
0.969210
0.971519
0.963801
0.963621
0.956386
0.953701
0.946245
0.940672
0.932188
0.922793
0.912196
0.897059
0.882700
0.857887
0.837000
0.794035
0.761481
0.681059
0.625139
0.462774
0.346116
0.002584
-0.070280
0.207695
0.397302
0.371427
0.229580
0.079464
-0.036062
-0.001017
0.148434
0.334066
0.483237
0.599471
0.683011
0.746115
0.792436
0.828474
0.855831
0.877858
0.895089
0.909393
0.920868
0.930635
0.938635
0.945579
0.951370
0.956471
0.960792
0.964640
0.967945
0.970912
0.973493
0.975824
0.977872
0.979733
0.981380
0.982888
0.984227
0.985464
0.986561
0.987590
0.988492
0.989358
0.990101
0.990842
0.991450
0.992096
0.992586
0.993163
0.993546
0.994076
0.994358
0.994864
0.995044
0.995549
0.995622
0.996149
0.996105
0.996682
0.996504
0.997161
0.996824
0.997600
0.997071
0.998011
0.997247
0.998406
0.997350
0.998800
0.997375
0.999214
0.976356
0.994914
0.976777
0.989473
0.975551
0.983965
0.973047
0.978122
0.969210
0.971519
0.963801
0.963621
0.956386
0.953701
0.946245
0.940672
0.932188
0.922793
0.912196
0.897059
0.882700
0.857887
0.837000
0.794035
0.761481
0.681059
0.625139
0.462774
0.346116
0.002584
-0.070280
0.207695
0.397302
0.371427
0.229580
0.079464
-0.036062
-0.001017
0.148434
0.334066
0.483237
0.599471
0.683011
0.746115
0.792436
0.828474
0.855831
0.877858
0.895089
0.909393
0.920868
0.930635
0.938635
0.945579
0.951370
0.956471
0.960792
0.964640
0.967945
0.970912
0.973493
0.975824
0.977872
0.979733
0.981380
0.982888
0.984227
0.985464
0.986561
0.987590
0.988492
0.989358
0.990101
0.990842
0.991450
0.992096
0.992586
0.993163
0.993546
0.994076
0.994358
0.994864
0.995044
0.995549
0.995622
0.996149
0.996105
0.996682
0.996504
0.997161
0.996824
0.997600
0.997071
0.998011
0.997247
0.998406
0.997350
0.998800
0.997375
0.999214
0.976512
0.994960
0.976944
0.989575
0.975751
0.984133
0.973299
0.978372
0.969541
0.971881
0.964252
0.964148
0.957023
0.954482
0.947182
0.941873
0.933627
0.924735
0.914522
0.900420
0.886684
0.864226
0.844314
0.807249
0.776170
0.711301
0.658973
0.535866
0.439381
0.186466
-0.120435
-0.168579
-0.014579
0.033298
-0.015271
-0.082711
-0.057398
0.077862
0.240338
0.401075
0.531758
0.632977
0.706860
0.762874
0.804450
0.837096
0.862147
0.882527
0.898611
0.912080
0.922956
0.932274
0.939942
0.946631
0.952227
0.957175
0.961376
0.965128
0.968357
0.971261
0.973791
0.976080
0.978093
0.979925
0.981548
0.983035
0.984356
0.985578
0.986662
0.987680
0.988572
0.989430
0.990165
0.990901
0.991502
0.992144
0.992629
0.993202
0.993582
0.994109
0.994388
0.994891
0.995070
0.995572
0.995644
0.996168
0.996124
0.996698
0.996520
0.997175
0.996839
0.997611
0.997084
0.998020
0.997259
0.998414
0.997362
0.998805
0.997386
0.999218
0.976829
0.995056
0.977287
0.989788
0.976161
0.984483
0.973819
0.978895
0.970229
0.972640
0.965195
0.965252
0.958363
0.956120
0.949152
0.944380
0.936641
0.928740
0.919345
0.907184
0.894820
0.876467
0.858918
0.831314
0.804465
0.763151
0.719645
0.657842
0.587455
0.512328
0.174392
-0.289714
-0.472343
-0.444413
-0.326914
-0.152005
0.059348
0.254276
0.412631
0.532004
0.625542
0.697378
0.751591
0.793912
0.826446
0.852825
0.873647
0.891038
0.905043
0.917000
0.926789
0.935293
0.942359
0.948582
0.953825
0.958492
0.962475
0.966050
0.969138
0.971926
0.974362
0.976572
0.978520
0.980297
0.981874
0.983321
0.984609
0.985802
0.986862
0.987857
0.988731
0.989573
0.990294
0.991016
0.991607
0.992238
0.992716
0.993280
0.993654
0.994174
0.994448
0.994945
0.995121
0.995617
0.995688
0.996207
0.996162
0.996730
0.996553
0.997201
0.996868
0.997633
0.997111
0.998038
0.997283
0.998428
0.997385
0.998816
0.997409
0.999225
0.977287
0.995189
0.977778
0.990085
0.976743
0.984968
0.974548
0.979615
0.971180
0.973675
0.966481
0.966739
0.960162
0.958294
0.951760
0.947654
0.940575
0.933875
0.925562
0.915658
0.905206
0.891331
0.877463
0.859316
0.840282
0.820529
0.794944
0.788482
0.760058
0.840413
0.800415
0.422171
0.035334
-0.086109
0.011519
0.232916
0.465191
0.614696
0.697301
0.736291
0.764349
0.789795
0.813943
0.836695
0.856667
0.874584
0.889717
0.903083
0.914260
0.924133
0.932404
0.939753
0.945952
0.951499
0.956221
0.960472
0.964129
0.967438
0.970314
0.972927
0.975220
0.977311
0.979160
0.980854
0.982361
0.983749
0.984986
0.986136
0.987158
0.988121
0.988968
0.989785
0.990485
0.991188
0.991763
0.992379
0.992844
0.993396
0.993760
0.994270
0.994538
0.995026
0.995196
0.995685
0.995752
0.996263
0.996218
0.996778
0.996602
0.997241
0.996911
0.997666
0.997150
0.998065
0.997320
0.998449
0.997419
0.998832
0.997443
0.999235
0.977903
0.995371
0.978438
0.990489
0.977528
0.985629
0.975535
0.980595
0.972473
0.975085
0.968233
0.968763
0.962610
0.961239
0.955293
0.952045
0.945848
0.940629
0.933732
0.926440
0.918416
0.909268
0.899877
0.890457
0.880357
0.876866
0.870034
0.894306
0.906401
1.021036
1.197673
1.211191
1.060665
0.934684
0.919872
0.972679
1.034611
1.034560
0.988211
0.933221
0.896408
0.879037
0.875635
0.880237
0.888230
0.897849
0.907242
0.916448
0.924636
0.932268
0.938880
0.944951
0.950180
0.954962
0.959090
0.962863
0.966141
0.969141
0.971766
0.974171
0.976293
0.978241
0.979971
0.981563
0.982984
0.984298
0.985473
0.986568
0.987543
0.988465
0.989276
0.990062
0.990735
0.991413
0.991968
0.992564
0.993013
0.993549
0.993901
0.994397
0.994656
0.995132
0.995297
0.995774
0.995838
0.996338
0.996292
0.996841
0.996667
0.997294
0.996969
0.997710
0.997202
0.998101
0.997368
0.998478
0.997465
0.998853
0.997488
0.999248
0.978635
0.995580
0.979218
0.990951
0.978444
0.986380
0.976669
0.981697
0.973933
0.976648
0.970174
0.970969
0.965269
0.964385
0.959044
0.956622
0.951307
0.947464
0.941945
0.936954
0.931205
0.925916
0.920464
0.917373
0.914275
0.920220
0.925561
0.958305
0.990644
1.076293
1.238255
1.380932
1.447225
1.462883
1.462103
1.427100
1.348390
1.231337
1.117367
1.028703
0.972268
0.939963
0.924245
0.918491
0.918282
0.921370
0.925779
0.931087
0.936314
0.941624
0.946456
0.951115
0.955246
0.959145
0.962577
0.965782
0.968606
0.971230
0.973550
0.975701
0.977614
0.979384
0.980967
0.982433
0.983749
0.984972
0.986070
0.987097
0.988015
0.988887
0.989655
0.990401
0.991041
0.991690
0.992219
0.992791
0.993220
0.993737
0.994074
0.994554
0.994802
0.995263
0.995420
0.995884
0.995944
0.996431
0.996383
0.996919
0.996747
0.997360
0.997040
0.997765
0.997266
0.998145
0.997427
0.998513
0.997521
0.998879
0.997543
0.999265
0.979513
0.995833
0.980152
0.991508
0.979540
0.987283
0.978028
0.983021
0.975684
0.978524
0.972502
0.973609
0.968449
0.968124
0.963496
0.961994
0.957695
0.955324
0.951333
0.948668
0.945309
0.943625
0.941996
0.944205
0.947165
0.959739
0.974058
1.010028
1.052614
1.123745
1.241701
1.366286
1.451305
1.491562
1.489701
1.431298
1.334094
1.223995
1.130949
1.059956
1.011501
0.979339
0.959785
0.948726
0.943364
0.941832
0.942447
0.944618
0.947365
0.950659
0.953906
0.957274
0.960384
0.963445
0.966206
0.968856
0.971230
0.973477
0.975488
0.977377
0.979072
0.980657
0.982083
0.983415
0.984617
0.985741
0.986753
0.987707
0.988561
0.989376
0.990094
0.990797
0.991400
0.992013
0.992513
0.993057
0.993465
0.993958
0.994278
0.994738
0.994973
0.995418
0.995566
0.996014
0.996069
0.996541
0.996492
0.997011
0.996842
0.997437
0.997124
0.997829
0.997343
0.998198
0.997498
0.998554
0.997589
0.998910
0.997609
0.999285
0.980479
0.996099
0.981170
0.992094
0.980719
0.988225
0.979464
0.984386
0.977498
0.980425
0.974859
0.976227
0.971586
0.971739
0.967763
0.967030
0.963612
0.962421
0.959677
0.958755
0.957198
0.957953
0.958875
0.964086
0.970319
0.985231
1.002515
1.035534
1.075502
1.132074
1.212078
1.300407
1.370452
1.408438
1.407997
1.364333
1.296462
1.219824
1.150295
1.091276
1.046389
1.013292
0.990703
0.975777
0.966552
0.961387
0.958855
0.958294
0.958784
0.960174
0.961873
0.963947
0.966008
0.968191
0.970238
0.972289
0.974171
0.976002
0.977670
0.979267
0.980718
0.982094
0.983345
0.984525
0.985598
0.986610
0.987527
0.988396
0.989178
0.989929
0.990593
0.991246
0.991806
0.992380
0.992847
0.993360
0.993742
0.994209
0.994511
0.994948
0.995170
0.995595
0.995733
0.996163
0.996213
0.996666
0.996616
0.997117
0.996951
0.997526
0.997222
0.997903
0.997431
0.998258
0.997579
0.998602
0.997666
0.998946
0.997685
0.999308
0.981572
0.996403
0.982319
0.992756
0.982046
0.989287
0.981079
0.985920
0.979536
0.982558
0.977502
0.979152
0.975087
0.975748
0.972485
0.972549
0.970070
0.970056
0.968590
0.969322
0.969509
0.972422
0.975624
0.983226
0.992040
1.008423
1.027369
1.057813
1.093918
1.140328
1.197606
1.256865
1.302844
1.327218
1.325709
1.295656
1.248837
1.193769
1.141763
1.095576
1.058728
1.029829
1.008677
0.993411
0.982948
0.976078
0.971788
0.969499
0.968451
0.968456
0.968980
0.970029
0.971234
0.972680
0.974114
0.975636
0.977078
0.978530
0.979880
0.981201
0.982419
0.983593
0.984672
0.985701
0.986645
0.987543
0.988361
0.989144
0.989850
0.990534
0.991139
0.991739
0.992254
0.992786
0.993218
0.993696
0.994051
0.994490
0.994770
0.995183
0.995389
0.995792
0.995920
0.996330
0.996373
0.996807
0.996756
0.997236
0.997073
0.997626
0.997331
0.997986
0.997530
0.998326
0.997671
0.998656
0.997753
0.998986
0.997771
0.999334
0.982722
0.996706
0.983516
0.993417
0.983407
0.990338
0.982703
0.987419
0.981540
0.984601
0.980034
0.981889
0.978344
0.979390
0.976728
0.977386
0.975641
0.976456
0.975901
0.977693
0.978974
0.983052
0.987397
0.995821
1.005324
1.021023
1.038835
1.064836
1.094670
1.131045
1.172213
1.213577
1.246581
1.264629
1.265019
1.246287
1.215491
1.177217
1.138870
1.102539
1.071594
1.045717
1.025513
1.009920
0.998423
0.990141
0.984350
0.980553
0.978120
0.976849
0.976261
0.976321
0.976685
0.977393
0.978205
0.979187
0.980172
0.981228
0.982243
0.983274
0.984245
0.985204
0.986098
0.986967
0.987771
0.988548
0.989262
0.989951
0.990577
0.991188
0.991731
0.992274
0.992741
0.993227
0.993621
0.994063
0.994388
0.994796
0.995053
0.995440
0.995629
0.996009
0.996125
0.996513
0.996550
0.996962
0.996909
0.997367
0.997209
0.997736
0.997451
0.998078
0.997639
0.998401
0.997772
0.998715
0.997850
0.999030
0.997866
0.999363
0.983975
0.997039
0.984815
0.994134
0.984879
0.991473
0.984456
0.989033
0.983697
0.986795
0.982752
0.984815
0.981823
0.983258
0.981225
0.982471
0.981476
0.983088
0.983433
0.986202
0.988512
0.993599
0.998949
1.008004
1.018019
1.033063
1.049794
1.072352
1.097302
1.126130
1.156433
1.185158
1.207070
1.218511
1.218115
1.204814
1.182970
1.155023
1.126142
1.097778
1.072757
1.050991
1.033299
1.019005
1.007959
0.999537
0.993285
0.988815
0.985652
0.983618
0.982314
0.981693
0.981448
0.981601
0.981927
0.982473
0.983082
0.983803
0.984528
0.985302
0.986051
0.986813
0.987536
0.988254
0.988926
0.989585
0.990196
0.990793
0.991338
0.991877
0.992357
0.992842
0.993258
0.993698
0.994052
0.994455
0.994749
0.995124
0.995358
0.995717
0.995888
0.996243
0.996347
0.996711
0.996741
0.997130
0.997076
0.997509
0.997355
0.997856
0.997582
0.998178
0.997758
0.998483
0.997883
0.998780
0.997955
0.999079
0.997970
0.999394
0.985257
0.997361
0.986129
0.994826
0.986343
0.992559
0.986162
0.990552
0.985745
0.988818
0.985259
0.987442
0.984928
0.986619
0.985087
0.986715
0.986257
0.988349
0.989254
0.992518
0.995331
1.000737
1.006317
1.015108
1.024623
1.038108
1.052775
1.071580
1.091749
1.114322
1.137044
1.158159
1.174456
1.183275
1.183789
1.175177
1.160159
1.140056
1.118392
1.096185
1.075719
1.057137
1.041360
1.028055
1.017311
1.008727
1.002036
0.996949
0.993110
0.990364
0.988383
0.987109
0.986276
0.985884
0.985731
0.985844
0.986074
0.986457
0.986888
0.987401
0.987923
0.988483
0.989031
0.989592
0.990129
0.990666
0.991171
0.991674
0.992135
0.992599
0.993013
0.993438
0.993803
0.994193
0.994507
0.994869
0.995132
0.995473
0.995682
0.996011
0.996164
0.996492
0.996584
0.996922
0.996946
0.997310
0.997255
0.997661
0.997513
0.997984
0.997723
0.998285
0.997886
0.998571
0.998002
0.998850
0.998069
0.999131
0.998081
0.999428
0.986615
0.997702
0.987516
0.995554
0.987881
0.993694
0.987948
0.992137
0.987883
0.990922
0.987867
0.990164
0.988144
0.990083
0.989062
0.991057
0.991140
0.993683
0.995139
0.998858
1.002154
1.007843
1.013649
1.022218
1.031329
1.043560
1.056575
1.072483
1.089006
1.106808
1.123912
1.139192
1.150528
1.156384
1.156334
1.149811
1.138619
1.123445
1.106776
1.089264
1.072712
1.057261
1.043770
1.032044
1.022285
1.014220
1.007723
1.002579
0.998542
0.995489
0.993161
0.991508
0.990306
0.989548
0.989056
0.988847
0.988788
0.988903
0.989095
0.989389
0.989717
0.990102
0.990494
0.990914
0.991326
0.991751
0.992156
0.992567
0.992949
0.993339
0.993689
0.994055
0.994368
0.994709
0.994982
0.995303
0.995533
0.995839
0.996023
0.996321
0.996455
0.996755
0.996834
0.997146
0.997163
0.997500
0.997444
0.997823
0.997681
0.998120
0.997873
0.998399
0.998023
0.998664
0.998129
0.998924
0.998190
0.999186
0.998201
0.999464
0.987976
0.998025
0.988890
0.996239
0.989377
0.994751
0.989647
0.993588
0.989863
0.992806
0.990210
0.992534
0.990930
0.992995
0.992363
0.994547
0.994986
0.997730
0.999470
1.003305
1.006719
1.012266
1.017847
1.025746
1.033996
1.044675
1.055821
1.069023
1.082423
1.096555
1.109817
1.121541
1.130302
1.135009
1.135387
1.130975
1.122961
1.111699
1.098935
1.085112
1.071626
1.058647
1.046948
1.036465
1.027462
1.019787
1.013403
1.008171
1.003923
1.000566
0.997899
0.995879
0.994316
0.993201
0.992378
0.991854
0.991510
0.991360
0.991316
0.991393
0.991529
0.991738
0.991975
0.992255
0.992542
0.992854
0.993158
0.993479
0.993781
0.994097
0.994383
0.994688
0.994949
0.995241
0.995472
0.995751
0.995948
0.996218
0.996377
0.996643
0.996759
0.997029
0.997096
0.997380
0.997390
0.997699
0.997643
0.997992
0.997857
0.998264
0.998031
0.998519
0.998167
0.998763
0.998263
0.999003
0.998318
0.999245
0.998327
0.999502
0.989389
0.998359
0.990308
0.996941
0.990914
0.995830
0.991384
0.995064
0.991881
0.994718
0.992589
0.994932
0.993751
0.995930
0.995691
0.998053
0.998850
1.001784
1.003812
1.007760
1.011313
1.016753
1.022173
1.029531
1.037096
1.046538
1.056201
1.067277
1.078235
1.089473
1.099687
1.108472
1.114826
1.118094
1.118126
1.114611
1.108378
1.099602
1.089541
1.078471
1.067474
1.056679
1.046745
1.037648
1.029662
1.022691
1.016759
1.011769
1.007616
1.004233
1.001470
0.999292
0.997547
0.996225
0.995194
0.994459
0.993913
0.993567
0.993341
0.993247
0.993226
0.993289
0.993393
0.993550
0.993726
0.993937
0.994150
0.994386
0.994612
0.994859
0.995082
0.995329
0.995540
0.995783
0.995973
0.996211
0.996375
0.996609
0.996742
0.996976
0.997073
0.997314
0.997367
0.997623
0.997627
0.997907
0.997851
0.998169
0.998041
0.998414
0.998197
0.998644
0.998318
0.998866
0.998404
0.999085
0.998453
0.999306
0.998460
0.999542
0.990783
0.998670
0.991692
0.997589
0.992385
0.996814
0.993009
0.996388
0.993717
0.996394
0.994685
0.996971
0.996143
0.998333
0.998385
1.000787
1.001799
1.004742
1.006872
1.010714
1.014179
1.019276
1.024301
1.030923
1.037637
1.045804
1.054035
1.063267
1.072254
1.081333
1.089476
1.096444
1.101516
1.104230
1.104476
1.102003
1.097380
1.090683
1.082816
1.073963
1.064956
1.055913
1.047387
1.039400
1.032219
1.025804
1.020216
1.015400
1.011297
1.007865
1.004990
1.002650
1.000722
0.999196
0.997962
0.997019
0.996278
0.995741
0.995339
0.995078
0.994904
0.994824
0.994799
0.994837
0.994906
0.995016
0.995140
0.995294
0.995446
0.995624
0.995787
0.995976
0.996137
0.996332
0.996482
0.996678
0.996809
0.997007
0.997115
0.997317
0.997395
0.997606
0.997647
0.997873
0.997871
0.998121
0.998066
0.998352
0.998232
0.998569
0.998368
0.998775
0.998475
0.998974
0.998551
0.999170
0.998593
0.999371
0.998598
0.999584
0.992206
0.998985
0.993097
0.998241
0.993869
0.997799
0.994641
0.997708
0.995553
0.998060
0.996775
0.998995
0.998521
1.000716
1.001060
1.003496
1.004730
1.007685
1.009933
1.013691
1.017107
1.021923
1.026641
1.032663
1.038694
1.045831
1.052911
1.060661
1.068057
1.075373
1.081785
1.087163
1.090973
1.092935
1.092977
1.090932
1.087211
1.081845
1.075500
1.068291
1.060859
1.053292
1.046046
1.039146
1.032837
1.027102
1.022017
1.017552
1.013678
1.010369
1.007545
1.005190
1.003208
1.001593
1.000254
0.999190
0.998323
0.997656
0.997127
0.996740
0.996448
0.996254
0.996123
0.996060
0.996036
0.996059
0.996103
0.996182
0.996267
0.996381
0.996487
0.996622
0.996735
0.996883
0.996994
0.997149
0.997249
0.997412
0.997494
0.997664
0.997723
0.997904
0.997933
0.998129
0.998121
0.998341
0.998286
0.998540
0.998428
0.998729
0.998545
0.998909
0.998637
0.999084
0.998702
0.999259
0.998738
0.999437
0.998742
0.999627
0.993593
0.999274
0.994451
0.998833
0.995274
0.998683
0.996149
0.998873
0.997202
0.999496
0.998590
1.000686
1.000505
1.002626
1.003183
1.005554
1.006907
1.009755
1.011999
1.015543
1.018783
1.023198
1.027502
1.032859
1.038176
1.044339
1.050387
1.056898
1.063046
1.069059
1.074291
1.078669
1.081792
1.083460
1.083616
1.082126
1.079281
1.075083
1.070021
1.064172
1.058028
1.051665
1.045456
1.039440
1.033835
1.028649
1.023965
1.019776
1.016076
1.012854
1.010055
1.007671
1.005628
1.003921
1.002476
1.001292
1.000304
0.999512
0.998862
0.998355
0.997949
0.997647
0.997414
0.997255
0.997142
0.997082
0.997050
0.997057
0.997077
0.997130
0.997181
0.997263
0.997331
0.997433
0.997506
0.997622
0.997692
0.997819
0.997877
0.998015
0.998056
0.998206
0.998223
0.998390
0.998375
0.998565
0.998511
0.998732
0.998629
0.998892
0.998727
0.999047
0.998804
0.999198
0.998858
0.999350
0.998888
0.999505
0.998890
0.999671
0.994989
0.999563
0.995806
0.999419
0.996671
0.999553
0.997640
1.000015
0.998826
1.000900
1.000372
1.002338
1.002450
1.004494
1.005266
1.007573
1.009055
1.011807
1.014071
1.017431
1.020540
1.024620
1.028591
1.033400
1.038135
1.043499
1.048702
1.054194
1.059306
1.064221
1.068428
1.071893
1.074312
1.075559
1.075596
1.074331
1.071980
1.068537
1.064371
1.059529
1.054395
1.049025
1.043720
1.038518
1.033606
1.028998
1.024780
1.020951
1.017522
1.014488
1.011813
1.009496
1.007479
1.005762
1.004284
1.003046
1.001992
1.001124
1.000393
0.999802
0.999313
0.998926
0.998613
0.998375
0.998188
0.998057
0.997958
0.997902
0.997864
0.997860
0.997862
0.997895
0.997920
0.997979
0.998016
0.998094
0.998134
0.998226
0.998261
0.998367
0.998390
0.998510
0.998516
0.998653
0.998633
0.998792
0.998740
0.998927
0.998834
0.999058
0.998912
0.999187
0.998974
0.999314
0.999018
0.999442
0.999041
0.999574
0.999041
0.999717
0.996338
0.999825
0.997102
0.999947
0.997982
1.000325
0.999007
1.001010
1.000273
1.002094
1.001906
1.003697
1.004055
1.005965
1.006894
1.009070
1.010613
1.013195
1.015404
1.018509
1.021421
1.025116
1.028716
1.032972
1.037147
1.041788
1.046264
1.050920
1.055228
1.059331
1.062831
1.065710
1.067736
1.068814
1.068915
1.067964
1.066118
1.063364
1.059977
1.055990
1.051701
1.047154
1.042595
1.038063
1.033719
1.029587
1.025748
1.022213
1.019000
1.016116
1.013537
1.011267
1.009265
1.007530
1.006016
1.004723
1.003606
1.002664
1.001858
1.001187
1.000620
1.000155
0.999767
0.999455
0.999199
0.999001
0.998840
0.998724
0.998631
0.998575
0.998529
0.998515
0.998500
0.998517
0.998520
0.998561
0.998573
0.998632
0.998644
0.998719
0.998726
0.998816
0.998811
0.998918
0.998894
0.999021
0.998971
0.999124
0.999041
0.999227
0.999100
0.999329
0.999147
0.999432
0.999180
0.999536
0.999197
0.999645
0.999196
0.999763
0.997678
1.000083
0.998381
1.000460
0.999269
1.001073
1.000342
1.001971
1.001680
1.003245
1.003393
1.005007
1.005610
1.007386
1.008475
1.010526
1.012140
1.014569
1.016747
1.019630
1.022387
1.025753
1.029052
1.032844
1.036557
1.040594
1.044464
1.048417
1.052043
1.055443
1.058314
1.060641
1.062253
1.063083
1.063114
1.062290
1.060734
1.058432
1.055596
1.052246
1.048617
1.044742
1.040821
1.036885
1.033073
1.029408
1.025964
1.022756
1.019807
1.017125
1.014700
1.012536
1.010604
1.008906
1.007406
1.006105
1.004965
1.003987
1.003138
1.002416
1.001795
1.001273
1.000827
1.000458
1.000145
0.999891
0.999677
0.999509
0.999368
0.999264
0.999175
0.999119
0.999066
0.999044
0.999016
0.999021
0.999006
0.999033
0.999025
0.999069
0.999060
0.999120
0.999105
0.999182
0.999154
0.999250
0.999203
0.999322
0.999249
0.999396
0.999290
0.999472
0.999322
0.999550
0.999345
0.999632
0.999355
0.999717
0.999352
0.999810
0.998966
1.000316
0.999598
1.000919
1.000471
1.001732
1.001559
1.002801
1.002927
1.004214
1.004666
1.006073
1.006883
1.008489
1.009696
1.011580
1.013222
1.015455
1.017560
1.020187
1.022759
1.025782
1.028774
1.032123
1.035411
1.038916
1.042276
1.045655
1.048753
1.051628
1.054059
1.056023
1.057397
1.058124
1.058193
1.057554
1.056304
1.054425
1.052080
1.049282
1.046215
1.042907
1.039519
1.036082
1.032712
1.029435
1.026319
1.023382
1.020650
1.018136
1.015836
1.013759
1.011884
1.010214
1.008723
1.007410
1.006248
1.005236
1.004346
1.003578
1.002907
1.002333
1.001835
1.001412
1.001048
1.000743
1.000481
1.000265
1.000079
0.999931
0.999802
0.999705
0.999618
0.999560
0.999501
0.999473
0.999434
0.999429
0.999401
0.999415
0.999392
0.999423
0.999398
0.999446
0.999415
0.999480
0.999436
0.999520
0.999459
0.999566
0.999481
0.999616
0.999499
0.999670
0.999511
0.999728
0.999516
0.999790
0.999511
0.999858
1.000230
1.000542
1.000786
1.001360
1.001638
1.002361
1.002734
1.003592
1.004124
1.005136
1.005884
1.007086
1.008102
1.009542
1.010870
1.012597
1.014277
1.016331
1.018385
1.020786
1.023209
1.025937
1.028675
1.031646
1.034580
1.037633
1.040561
1.043450
1.046091
1.048505
1.050535
1.052152
1.053272
1.053846
1.053873
1.053312
1.052243
1.050646
1.048654
1.046272
1.043647
1.040800
1.037863
1.034861
1.031893
1.028982
1.026188
1.023529
1.021033
1.018712
1.016568
1.014610
1.012826
1.011218
1.009768
1.008476
1.007321
1.006300
1.005394
1.004600
1.003900
1.003290
1.002754
1.002291
1.001887
1.001539
1.001237
1.000980
1.000756
1.000568
1.000404
1.000271
1.000152
1.000060
0.999974
0.999914
0.999851
0.999817
0.999770
0.999756
0.999718
0.999722
0.999688
0.999707
0.999673
0.999707
0.999667
0.999717
0.999668
0.999736
0.999671
0.999760
0.999675
0.999790
0.999677
0.999824
0.999676
0.999862
0.999670
0.999906
1.001439
1.000746
1.001911
1.001752
1.002723
1.002912
1.003803
1.004270
1.005184
1.005906
1.006926
1.007904
1.009097
1.010347
1.011769
1.013313
1.015005
1.016859
1.018841
1.021002
1.023267
1.025701
1.028196
1.030817
1.033434
1.036095
1.038662
1.041151
1.043438
1.045501
1.047247
1.048628
1.049598
1.050103
1.050154
1.049707
1.048830
1.047503
1.045830
1.043814
1.041571
1.039118
1.036564
1.033930
1.031301
1.028697
1.026174
1.023750
1.021452
1.019293
1.017281
1.015424
1.013716
1.012161
1.010746
1.009471
1.008321
1.007294
1.006373
1.005557
1.004829
1.004188
1.003619
1.003120
1.002679
1.002294
1.001956
1.001661
1.001403
1.001180
1.000984
1.000816
1.000668
1.000545
1.000433
1.000344
1.000259
1.000197
1.000132
1.000091
1.000040
1.000016
0.999975
0.999965
0.999929
0.999933
0.999898
0.999914
0.999876
0.999905
0.999862
0.999904
0.999851
0.999909
0.999844
0.999920
0.999837
0.999935
0.999830
0.999953
1.002613
1.000941
1.002998
1.002124
1.003767
1.003433
1.004825
1.004909
1.006192
1.006629
1.007913
1.008671
1.010040
1.011107
1.012625
1.013998
1.015710
1.017381
1.019309
1.021258
1.023392
1.025571
1.027862
1.030181
1.032531
1.034854
1.037113
1.039256
1.041231
1.042982
1.044466
1.045620
1.046430
1.046836
1.046863
1.046466
1.045707
1.044564
1.043125
1.041387
1.039447
1.037316
1.035085
1.032770
1.030442
1.028122
1.025856
1.023661
1.021563
1.019577
1.017710
1.015971
1.014358
1.012876
1.011516
1.010279
1.009152
1.008136
1.007218
1.006394
1.005654
1.004993
1.004402
1.003877
1.003409
1.002995
1.002627
1.002301
1.002013
1.001759
1.001535
1.001337
1.001163
1.001011
1.000876
1.000759
1.000654
1.000565
1.000484
1.000417
1.000354
1.000304
1.000256
1.000218
1.000181
1.000154
1.000124
1.000106
1.000081
1.000071
1.000050
1.000045
1.000026
1.000027
1.000009
1.000015
0.999997
1.000007
0.999988
1.000001
1.003733
1.001116
1.004025
1.002454
1.004736
1.003887
1.005754
1.005455
1.007083
1.007231
1.008756
1.009286
1.010808
1.011681
1.013276
1.014464
1.016182
1.017661
1.019525
1.021260
1.023265
1.025198
1.027300
1.029344
1.031459
1.033489
1.035492
1.037350
1.039083
1.040593
1.041888
1.042883
1.043594
1.043952
1.043994
1.043669
1.043037
1.042070
1.040845
1.039355
1.037680
1.035827
1.033872
1.031829
1.029759
1.027679
1.025632
1.023632
1.021706
1.019867
1.018124
1.016487
1.014957
1.013539
1.012227
1.011023
1.009919
1.008914
1.007998
1.007169
1.006419
1.005742
1.005133
1.004586
1.004094
1.003654
1.003260
1.002907
1.002593
1.002311
1.002061
1.001836
1.001638
1.001459
1.001303
1.001160
1.001038
1.000923
1.000828
1.000735
1.000662
1.000586
1.000532
1.000468
1.000429
1.000373
1.000348
1.000297
1.000285
1.000236
1.000237
1.000186
1.000200
1.000145
1.000174
1.000110
1.000156
1.000079
1.000147
1.000048
1.004809
1.001282
1.005008
1.002763
1.005659
1.004311
1.006633
1.005963
1.007923
1.007789
1.009547
1.009855
1.011529
1.012215
1.013888
1.014904
1.016635
1.017939
1.019754
1.021297
1.023195
1.024912
1.026855
1.028659
1.030575
1.032350
1.034132
1.035741
1.037259
1.038553
1.039672
1.040514
1.041120
1.041413
1.041440
1.041149
1.040597
1.039755
1.038690
1.037391
1.035928
1.034304
1.032582
1.030774
1.028931
1.027069
1.025224
1.023411
1.021652
1.019960
1.018345
1.016817
1.015379
1.014035
1.012782
1.011624
1.010553
1.009570
1.008668
1.007845
1.007094
1.006411
1.005792
1.005229
1.004721
1.004261
1.003847
1.003471
1.003135
1.002829
1.002558
1.002308
1.002090
1.001887
1.001712
1.001545
1.001406
1.001267
1.001159
1.001042
1.000960
1.000859
1.000799
1.000709
1.000670
1.000585
1.000566
1.000483
1.000484
1.000397
1.000420
1.000324
1.000371
1.000260
1.000336
1.000202
1.000313
1.000149
1.000303
1.000095
1.005833
1.001432
1.005935
1.003038
1.006516
1.004680
1.007433
1.006396
1.008668
1.008252
1.010225
1.010308
1.012117
1.012611
1.014351
1.015190
1.016925
1.018052
1.019816
1.021170
1.022966
1.024480
1.026278
1.027866
1.029608
1.031163
1.032761
1.034163
1.035512
1.036635
1.037625
1.038356
1.038895
1.039154
1.039191
1.038946
1.038479
1.037756
1.036838
1.035711
1.034435
1.033009
1.031490
1.029884
1.028237
1.026562
1.024891
1.023237
1.021622
1.020058
1.018555
1.017123
1.015764
1.014486
1.013287
1.012170
1.011131
1.010170
1.009282
1.008465
1.007715
1.007028
1.006401
1.005827
1.005305
1.004828
1.004397
1.004002
1.003647
1.003320
1.003029
1.002758
1.002521
1.002296
1.002104
1.001915
1.001761
1.001601
1.001480
1.001341
1.001250
1.001125
1.001061
1.000945
1.000906
1.000794
1.000781
1.000666
1.000680
1.000556
1.000601
1.000460
1.000540
1.000374
1.000496
1.000295
1.000469
1.000219
1.000458
1.000141
1.006806
1.001572
1.006813
1.003292
1.007324
1.005021
1.008184
1.006793
1.009362
1.008676
1.010855
1.010723
1.012662
1.012975
1.014782
1.015456
1.017202
1.018166
1.019890
1.021076
1.022786
1.024120
1.025796
1.027193
1.028787
1.030149
1.031588
1.032807
1.034006
1.034975
1.035845
1.036469
1.036939
1.037153
1.037182
1.036960
1.036550
1.035913
1.035107
1.034115
1.032990
1.031729
1.030381
1.028949
1.027474
1.025966
1.024454
1.022949
1.021471
1.020030
1.018638
1.017302
1.016027
1.014819
1.013679
1.012609
1.011608
1.010675
1.009808
1.009005
1.008262
1.007577
1.006947
1.006367
1.005837
1.005348
1.004904
1.004493
1.004123
1.003778
1.003471
1.003181
1.002927
1.002682
1.002475
1.002266
1.002099
1.001918
1.001786
1.001626
1.001526
1.001380
1.001311
1.001172
1.001133
1.000995
1.000988
1.000842
1.000870
1.000709
1.000776
1.000591
1.000704
1.000484
1.000652
1.000384
1.000620
1.000287
1.000609
1.000186
1.007733
1.001699
1.007642
1.003519
1.008076
1.005319
1.008869
1.007134
1.009981
1.009027
1.011397
1.011050
1.013109
1.013240
1.015105
1.015615
1.017366
1.018171
1.019854
1.020878
1.022510
1.023676
1.025243
1.026468
1.027933
1.029127
1.030434
1.031500
1.032578
1.033424
1.034203
1.034748
1.035172
1.035360
1.035396
1.035205
1.034854
1.034299
1.033596
1.032725
1.031734
1.030618
1.029418
1.028138
1.026812
1.025449
1.024075
1.022699
1.021340
1.020007
1.018711
1.017461
1.016260
1.015116
1.014029
1.013003
1.012036
1.011131
1.010284
1.009495
1.008761
1.008080
1.007450
1.006866
1.006329
1.005831
1.005377
1.004953
1.004570
1.004209
1.003888
1.003581
1.003314
1.003051
1.002831
1.002603
1.002424
1.002224
1.002082
1.001902
1.001796
1.001628
1.001556
1.001394
1.001356
1.001191
1.001191
1.001015
1.001056
1.000860
1.000949
1.000721
1.000866
1.000593
1.000806
1.000472
1.000770
1.000354
1.000759
1.000231
1.008602
1.001815
1.008417
1.003726
1.008776
1.005589
1.009504
1.007441
1.010551
1.009343
1.011895
1.011345
1.013519
1.013479
1.015403
1.015759
1.017521
1.018180
1.019832
1.020710
1.022276
1.023293
1.024767
1.025841
1.027196
1.028242
1.029433
1.030364
1.031335
1.032070
1.032766
1.033235
1.033611
1.033768
1.033800
1.033625
1.033315
1.032821
1.032199
1.031424
1.030544
1.029547
1.028474
1.027324
1.026130
1.024895
1.023645
1.022388
1.021139
1.019908
1.018706
1.017538
1.016411
1.015330
1.014298
1.013318
1.012390
1.011515
1.010692
1.009920
1.009199
1.008525
1.007899
1.007314
1.006775
1.006270
1.005809
1.005375
1.004981
1.004608
1.004275
1.003953
1.003674
1.003395
1.003163
1.002918
1.002729
1.002511
1.002361
1.002162
1.002050
1.001862
1.001787
1.001603
1.001567
1.001377
1.001384
1.001179
1.001233
1.001003
1.001113
1.000843
1.001020
1.000696
1.000953
1.000556
1.000913
1.000418
1.000901
1.000273
1.009432
1.001923
1.009152
1.003913
1.009431
1.005828
1.010088
1.007706
1.011063
1.009607
1.012328
1.011578
1.013856
1.013648
1.015624
1.015831
1.017600
1.018118
1.019740
1.020480
1.021985
1.022864
1.024256
1.025194
1.026454
1.027370
1.028464
1.029280
1.030165
1.030808
1.031440
1.031851
1.032194
1.032331
1.032367
1.032213
1.031945
1.031508
1.030961
1.030273
1.029490
1.028600
1.027638
1.026602
1.025521
1.024400
1.023258
1.022105
1.020954
1.019812
1.018692
1.017598
1.016538
1.015515
1.014533
1.013595
1.012703
1.011857
1.011057
1.010303
1.009596
1.008930
1.008309
1.007726
1.007186
1.006677
1.006211
1.005768
1.005367
1.004983
1.004641
1.004306
1.004017
1.003723
1.003481
1.003221
1.003023
1.002788
1.002631
1.002414
1.002297
1.002090
1.002013
1.001808
1.001774
1.001560
1.001574
1.001341
1.001408
1.001144
1.001276
1.000965
1.001173
1.000799
1.001100
1.000639
1.001056
1.000481
1.001044
1.000315
1.010197
1.002018
1.009827
1.004078
1.010032
1.006040
1.010620
1.007940
1.011529
1.009840
1.012720
1.011783
1.014162
1.013797
1.015825
1.015893
1.017674
1.018063
1.019663
1.020278
1.021734
1.022490
1.023812
1.024629
1.025808
1.026610
1.027619
1.028334
1.029142
1.029704
1.030277
1.030633
1.030943
1.031058
1.031092
1.030950
1.030711
1.030319
1.029830
1.029212
1.028511
1.027709
1.026842
1.025904
1.024923
1.023901
1.022857
1.021797
1.020734
1.019677
1.018633
1.017609
1.016612
1.015645
1.014713
1.013817
1.012961
1.012145
1.011370
1.010635
1.009943
1.009287
1.008674
1.008094
1.007555
1.007045
1.006574
1.006126
1.005719
1.005326
1.004975
1.004630
1.004331
1.004025
1.003774
1.003500
1.003294
1.003044
1.002880
1.002647
1.002526
1.002301
1.002223
1.001997
1.001966
1.001729
1.001750
1.001491
1.001571
1.001276
1.001427
1.001078
1.001316
1.000894
1.001236
1.000717
1.001189
1.000540
1.001177
1.000355
1.010934
1.002109
1.010473
1.004231
1.010598
1.006230
1.011115
1.008146
1.011951
1.010036
1.013064
1.011944
1.014416
1.013899
1.015973
1.015907
1.017697
1.017963
1.019542
1.020040
1.021450
1.022093
1.023353
1.024061
1.025169
1.025870
1.026808
1.027435
1.028180
1.028674
1.029200
1.029512
1.029799
1.029898
1.029936
1.029807
1.029599
1.029248
1.028813
1.028259
1.027629
1.026906
1.026123
1.025272
1.024379
1.023444
1.022485
1.021508
1.020525
1.019541
1.018566
1.017606
1.016666
1.015750
1.014863
1.014008
1.013186
1.012398
1.011648
1.010932
1.010255
1.009611
1.009006
1.008431
1.007895
1.007384
1.006913
1.006460
1.006049
1.005648
1.005292
1.004937
1.004631
1.004314
1.004055
1.003769
1.003556
1.003292
1.003123
1.002875
1.002750
1.002508
1.002429
1.002184
1.002156
1.001897
1.001925
1.001640
1.001733
1.001406
1.001578
1.001192
1.001458
1.000989
1.001373
1.000794
1.001323
1.000599
1.001311
1.000394
1.011595
1.002186
1.011053
1.004362
1.011106
1.006394
1.011557
1.008322
1.012328
1.010204
1.013370
1.012083
1.014642
1.013985
1.016105
1.015917
1.017719
1.017874
1.019437
1.019830
1.021204
1.021746
1.022954
1.023567
1.024614
1.025227
1.026104
1.026653
1.027343
1.027775
1.028260
1.028532
1.028796
1.028879
1.028916
1.028796
1.028610
1.028290
1.027899
1.027397
1.026828
1.026170
1.025458
1.024681
1.023865
1.023006
1.022124
1.021220
1.020308
1.019391
1.018479
1.017577
1.016690
1.015823
1.014979
1.014160
1.013371
1.012612
1.011885
1.011189
1.010527
1.009895
1.009299
1.008730
1.008197
1.007687
1.007215
1.006760
1.006345
1.005939
1.005577
1.005213
1.004902
1.004574
1.004310
1.004012
1.003793
1.003517
1.003343
1.003080
1.002952
1.002695
1.002616
1.002353
1.002327
1.002048
1.002083
1.001774
1.001880
1.001524
1.001715
1.001293
1.001588
1.001076
1.001497
1.000864
1.001444
1.000653
1.001432
1.000431
1.012244
1.002263
1.011616
1.004488
1.011593
1.006546
1.011974
1.008480
1.012675
1.010348
1.013643
1.012193
1.014832
1.014039
1.016201
1.015896
1.017707
1.017757
1.019304
1.019599
1.020939
1.021388
1.022549
1.023075
1.024069
1.024603
1.025427
1.025909
1.026553
1.026933
1.027383
1.027622
1.027869
1.027940
1.027979
1.027869
1.027705
1.027415
1.027064
1.026608
1.026093
1.025495
1.024845
1.024135
1.023386
1.022596
1.021781
1.020943
1.020094
1.019238
1.018384
1.017534
1.016697
1.015873
1.015070
1.014287
1.013529
1.012797
1.012093
1.011416
1.010771
1.010151
1.009565
1.009003
1.008476
1.007968
1.007497
1.007041
1.006624
1.006213
1.005848
1.005478
1.005161
1.004825
1.004556
1.004248
1.004024
1.003736
1.003558
1.003283
1.003152
1.002880
1.002801
1.002521
1.002498
1.002200
1.002242
1.001909
1.002028
1.001644
1.001853
1.001397
1.001718
1.001163
1.001622
1.000936
1.001567
1.000708
1.001555
1.000467
1.012803
1.002323
1.012103
1.004589
1.012015
1.006670
1.012336
1.008610
1.012977
1.010467
1.013880
1.012283
1.014997
1.014083
1.016285
1.015875
1.017699
1.017654
1.019191
1.019399
1.020712
1.021080
1.022203
1.022653
1.023603
1.024068
1.024847
1.025270
1.025874
1.026209
1.026629
1.026838
1.027069
1.027127
1.027167
1.027063
1.026916
1.026650
1.026331
1.025913
1.025443
1.024894
1.024298
1.023644
1.022953
1.022222
1.021466
1.020685
1.019893
1.019090
1.018287
1.017484
1.016691
1.015907
1.015140
1.014390
1.013661
1.012953
1.012271
1.011612
1.010981
1.010374
1.009797
1.009242
1.008719
1.008214
1.007745
1.007287
1.006869
1.006454
1.006086
1.005710
1.005389
1.005046
1.004771
1.004454
1.004226
1.003928
1.003747
1.003460
1.003327
1.003042
1.002963
1.002668
1.002648
1.002332
1.002381
1.002027
1.002156
1.001747
1.001974
1.001486
1.001833
1.001239
1.001732
1.000998
1.001674
1.000755
1.001662
1.000500
1.013369
1.002388
1.012589
1.004692
1.012431
1.006792
1.012685
1.008733
1.013261
1.010574
1.014096
1.012357
1.015140
1.014107
1.016345
1.015834
1.017667
1.017532
1.019060
1.019185
1.020472
1.020765
1.021852
1.022233
1.023142
1.023546
1.024285
1.024656
1.025226
1.025520
1.025916
1.026099
1.026317
1.026366
1.026407
1.026310
1.026179
1.025935
1.025645
1.025263
1.024833
1.024328
1.023781
1.023177
1.022539
1.021861
1.021158
1.020430
1.019689
1.018935
1.018178
1.017420
1.016667
1.015922
1.015189
1.014470
1.013769
1.013086
1.012425
1.011785
1.011170
1.010575
1.010009
1.009462
1.008945
1.008444
1.007977
1.007520
1.007102
1.006686
1.006315
1.005935
1.005611
1.005262
1.004984
1.004659
1.004427
1.004120
1.003935
1.003638
1.003504
1.003206
1.003127
1.002817
1.002801
1.002467
1.002522
1.002148
1.002289
1.001854
1.002099
1.001579
1.001951
1.001318
1.001846
1.001062
1.001786
1.000804
1.001775
1.000532
1.013828
1.002435
1.012987
1.004769
1.012773
1.006884
1.012974
1.008826
1.013497
1.010656
1.014277
1.012413
1.015259
1.014124
1.016397
1.015797
1.017643
1.017430
1.018951
1.019006
1.020275
1.020502
1.021562
1.021883
1.022761
1.023111
1.023818
1.024145
1.024686
1.024946
1.025320
1.025481
1.025688
1.025728
1.025769
1.025676
1.025559
1.025332
1.025066
1.024712
1.024315
1.023848
1.023341
1.022779
1.022185
1.021551
1.020893
1.020210
1.019512
1.018800
1.018083
1.017363
1.016645
1.015933
1.015230
1.014537
1.013861
1.013199
1.012557
1.011932
1.011331
1.010747
1.010190
1.009649
1.009138
1.008640
1.008175
1.007718
1.007300
1.006881
1.006510
1.006125
1.005798
1.005443
1.005162
1.004830
1.004595
1.004280
1.004093
1.003786
1.003650
1.003341
1.003263
1.002941
1.002927
1.002578
1.002640
1.002247
1.002399
1.001942
1.002202
1.001655
1.002048
1.001382
1.001940
1.001115
1.001878
1.000845
1.001867
1.000560
1.014317
1.002490
1.013405
1.004854
1.013124
1.006981
1.013265
1.008921
1.013730
1.010734
1.014448
1.012461
1.015366
1.014128
1.016432
1.015746
1.017601
1.017313
1.018827
1.018814
1.020064
1.020230
1.021263
1.021529
1.022376
1.022678
1.023355
1.023641
1.024156
1.024385
1.024741
1.024882
1.025080
1.025112
1.025155
1.025066
1.024961
1.024750
1.024506
1.024178
1.023812
1.023378
1.022908
1.022385
1.021831
1.021239
1.020623
1.019981
1.019324
1.018652
1.017973
1.017289
1.016605
1.015924
1.015251
1.014585
1.013933
1.013292
1.012670
1.012062
1.011475
1.010903
1.010357
1.009824
1.009320
1.008826
1.008365
1.007910
1.007494
1.007074
1.006702
1.006314
1.005986
1.005626
1.005343
1.005005
1.004768
1.004444
1.004256
1.003939
1.003804
1.003484
1.003406
1.003072
1.003061
1.002697
1.002765
1.002354
1.002516
1.002036
1.002312
1.001738
1.002153
1.001452
1.002041
1.001172
1.001977
1.000889
1.001967
1.000588
1.014675
1.002523
1.013715
1.004908
1.013390
1.007046
1.013488
1.008986
1.013909
1.010788
1.014582
1.012494
1.015450
1.014130
1.016462
1.015705
1.017572
1.017221
1.018733
1.018665
1.019901
1.020017
1.021030
1.021251
1.022075
1.022338
1.022992
1.023245
1.023740
1.023943
1.024284
1.024409
1.024599
1.024624
1.024668
1.024582
1.024486
1.024288
1.024062
1.023754
1.023413
1.023006
1.022565
1.022073
1.021552
1.020993
1.020411
1.019802
1.019178
1.018538
1.017890
1.017234
1.016578
1.015923
1.015273
1.014629
1.013995
1.013372
1.012765
1.012170
1.011594
1.011032
1.010493
1.009966
1.009467
1.008977
1.008519
1.008064
1.007648
1.007227
1.006854
1.006464
1.006134
1.005770
1.005485
1.005141
1.004902
1.004572
1.004382
1.004058
1.003921
1.003593
1.003516
1.003171
1.003163
1.002787
1.002860
1.002434
1.002604
1.002107
1.002395
1.001799
1.002233
1.001505
1.002118
1.001215
1.002052
1.000922
1.002042
1.000612
1.015095
1.002571
1.014070
1.004980
1.013686
1.007125
1.013729
1.009060
1.014097
1.010846
1.014717
1.012525
1.015529
1.014123
1.016482
1.015653
1.017527
1.017114
1.018621
1.018497
1.019720
1.019786
1.020779
1.020956
1.021757
1.021981
1.022613
1.022835
1.023310
1.023490
1.023817
1.023926
1.024109
1.024128
1.024173
1.024091
1.024004
1.023817
1.023608
1.023320
1.023001
1.022620
1.022207
1.021746
1.021256
1.020729
1.020179
1.019603
1.019011
1.018402
1.017785
1.017159
1.016531
1.015901
1.015276
1.014654
1.014041
1.013437
1.012846
1.012266
1.011704
1.011152
1.010623
1.010104
1.009612
1.009126
1.008672
1.008220
1.007806
1.007385
1.007013
1.006620
1.006290
1.005923
1.005636
1.005288
1.005048
1.004712
1.004521
1.004189
1.004052
1.003715
1.003639
1.003283
1.003279
1.002889
1.002968
1.002527
1.002706
1.002189
1.002491
1.001871
1.002325
1.001566
1.002206
1.001265
1.002140
1.000960
1.002130
1.000636
1.015351
1.002591
1.014293
1.005014
1.013877
1.007167
1.013890
1.009101
1.014226
1.010879
1.014812
1.012542
1.015587
1.014117
1.016499
1.015616
1.017501
1.017041
1.018547
1.018382
1.019596
1.019625
1.020606
1.020749
1.021535
1.021731
1.022347
1.022545
1.023006
1.023168
1.023485
1.023582
1.023760
1.023775
1.023820
1.023740
1.023660
1.023482
1.023285
1.023011
1.022710
1.022348
1.021956
1.021516
1.021049
1.020546
1.020020
1.019468
1.018900
1.018314
1.017719
1.017114
1.016506
1.015896
1.015287
1.014682
1.014084
1.013492
1.012913
1.012342
1.011789
1.011245
1.010722
1.010208
1.009719
1.009236
1.008784
1.008333
1.007920
1.007498
1.007125
1.006731
1.006400
1.006029
1.005742
1.005389
1.005148
1.004807
1.004615
1.004278
1.004140
1.003796
1.003721
1.003358
1.003355
1.002956
1.003039
1.002586
1.002773
1.002242
1.002554
1.001917
1.002384
1.001605
1.002264
1.001297
1.002196
1.000985
1.002186
1.000654
1.015712
1.002633
1.014594
1.005075
1.014124
1.007232
1.014088
1.009161
1.014378
1.010923
1.014918
1.012562
1.015645
1.014106
1.016508
1.015566
1.017457
1.016947
1.018450
1.018240
1.019444
1.019433
1.020398
1.020507
1.021276
1.021442
1.022041
1.022214
1.022661
1.022805
1.023111
1.023197
1.023370
1.023379
1.023425
1.023348
1.023274
1.023105
1.022921
1.022661
1.022378
1.022035
1.021664
1.021247
1.020804
1.020326
1.019825
1.019299
1.018756
1.018195
1.017624
1.017043
1.016457
1.015868
1.015279
1.014692
1.014111
1.013535
1.012970
1.012413
1.011870
1.011336
1.010822
1.010315
1.009832
1.009354
1.008906
1.008457
1.008047
1.007626
1.007254
1.006859
1.006528
1.006155
1.005867
1.005511
1.005269
1.004923
1.004731
1.004387
1.004250
1.003899
1.003825
1.003453
1.003453
1.003043
1.003131
1.002665
1.002859
1.002313
1.002636
1.001979
1.002463
1.001657
1.002340
1.001340
1.002271
1.001018
1.002263
1.000674
1.015860
1.002641
1.014729
1.005091
1.014243
1.007253
1.014188
1.009183
1.014459
1.010941
1.014978
1.012571
1.015682
1.014099
1.016518
1.015541
1.017439
1.016897
1.018401
1.018164
1.019363
1.019328
1.020285
1.020372
1.021132
1.021278
1.021868
1.022026
1.022465
1.022596
1.022896
1.022975
1.023144
1.023151
1.023197
1.023121
1.023052
1.022888
1.022712
1.022461
1.022189
1.021858
1.021501
1.021098
1.020670
1.020207
1.019722
1.019211
1.018683
1.018137
1.017581
1.017014
1.016441
1.015864
1.015287
1.014710
1.014139
1.013571
1.013014
1.012463
1.011926
1.011397
1.010887
1.010383
1.009903
1.009426
1.008980
1.008532
1.008121
1.007700
1.007328
1.006932
1.006600
1.006225
1.005936
1.005577
1.005334
1.004985
1.004792
1.004445
1.004308
1.003952
1.003879
1.003501
1.003502
1.003086
1.003178
1.002704
1.002903
1.002347
1.002677
1.002008
1.002501
1.001682
1.002377
1.001361
1.002307
1.001034
1.002298
1.000687
1.016172
1.002680
1.014984
1.005144
1.014448
1.007308
1.014350
1.009230
1.014580
1.010974
1.015060
1.012583
1.015724
1.014085
1.016520
1.015495
1.017399
1.016817
1.018318
1.018045
1.019236
1.019170
1.020116
1.020177
1.020923
1.021047
1.021624
1.021763
1.022191
1.022309
1.022601
1.022670
1.022836
1.022839
1.022886
1.022811
1.022747
1.022590
1.022423
1.022184
1.021925
1.021608
1.021267
1.020881
1.020472
1.020027
1.019562
1.019070
1.018562
1.018036
1.017498
1.016949
1.016395
1.015834
1.015273
1.014711
1.014154
1.013599
1.013054
1.012513
1.011986
1.011465
1.010962
1.010465
1.009990
1.009518
1.009076
1.008630
1.008222
1.007802
1.007431
1.007034
1.006703
1.006326
1.006037
1.005676
1.005432
1.005080
1.004887
1.004535
1.004398
1.004036
1.003964
1.003579
1.003583
1.003159
1.003254
1.002769
1.002975
1.002405
1.002746
1.002060
1.002567
1.001726
1.002441
1.001397
1.002371
1.001061
1.002364
1.000703
1.016208
1.002675
1.015026
1.005144
1.014492
1.007312
1.014392
1.009237
1.014617
1.010981
1.015089
1.012587
1.015744
1.014084
1.016528
1.015485
1.017394
1.016796
1.018298
1.018012
1.019201
1.019123
1.020066
1.020115
1.020857
1.020972
1.021544
1.021675
1.022099
1.022211
1.022500
1.022565
1.022729
1.022731
1.022778
1.022704
1.022642
1.022487
1.022324
1.022089
1.021836
1.021525
1.021191
1.020812
1.020410
1.019973
1.019515
1.019031
1.018531
1.018012
1.017481
1.016939
1.016391
1.015836
1.015281
1.014724
1.014171
1.013620
1.013078
1.012540
1.012016
1.011497
1.010996
1.010499
1.010026
1.009554
1.009112
1.008666
1.008258
1.007837
1.007466
1.007069
1.006737
1.006359
1.006069
1.005706
1.005462
1.005108
1.004914
1.004561
1.004424
1.004059
1.003988
1.003600
1.003605
1.003177
1.003274
1.002785
1.002993
1.002419
1.002763
1.002072
1.002583
1.001737
1.002456
1.001405
1.002385
1.001069
1.002375
1.000710
1.016482
1.002711
1.015244
1.005190
1.014663
1.007357
1.014523
1.009274
1.014712
1.011005
1.015151
1.012593
1.015774
1.014068
1.016525
1.015445
1.017358
1.016728
1.018228
1.017915
1.019098
1.018996
1.019930
1.019959
1.020691
1.020788
1.021351
1.021469
1.021884
1.021986
1.022269
1.022328
1.022489
1.022488
1.022535
1.022462
1.022404
1.022254
1.022099
1.021872
1.021628
1.021328
1.021006
1.020640
1.020252
1.019829
1.019386
1.018917
1.018432
1.017928
1.017412
1.016884
1.016349
1.015808
1.015265
1.014720
1.014178
1.013637
1.013105
1.012576
1.012059
1.011547
1.011052
1.010561
1.010092
1.009624
1.009186
1.008742
1.008336
1.007917
1.007547
1.007149
1.006818
1.006440
1.006150
1.005785
1.005541
1.005185
1.004991
1.004633
1.004497
1.004128
1.004057
1.003664
1.003671
1.003236
1.003336
1.002839
1.003052
1.002468
1.002819
1.002114
1.002638
1.001773
1.002510
1.001435
1.002439
1.001090
1.002432
1.000723
1.016402
1.002700
1.015195
1.005181
1.014635
1.007352
1.014509
1.009274
1.014708
1.011008
1.015153
1.012600
1.015780
1.014078
1.016535
1.015457
1.017369
1.016741
1.018241
1.017928
1.019111
1.019009
1.019942
1.019971
1.020702
1.020799
1.021361
1.021478
1.021893
1.021994
1.022276
1.022334
1.022495
1.022493
1.022540
1.022467
1.022409
1.022259
1.022103
1.021877
1.021633
1.021334
1.021012
1.020647
1.020259
1.019836
1.019394
1.018925
1.018440
1.017936
1.017420
1.016892
1.016358
1.015816
1.015273
1.014728
1.014186
1.013645
1.013111
1.012582
1.012065
1.011552
1.011056
1.010564
1.010095
1.009626
1.009187
1.008742
1.008336
1.007916
1.007545
1.007147
1.006815
1.006436
1.006146
1.005781
1.005537
1.005180
1.004985
1.004628
1.004491
1.004122
1.004051
1.003658
1.003665
1.003230
1.003330
1.002833
1.003046
1.002462
1.002812
1.002109
1.002630
1.001769
1.002502
1.001431
1.002429
1.001089
1.002420
1.000724
1.016689
1.002748
1.015422
1.005236
1.014808
1.007403
1.014638
1.009314
1.014800
1.011033
1.015212
1.012607
1.015807
1.014063
1.016530
1.015417
1.017333
1.016675
1.018172
1.017834
1.019011
1.018887
1.019812
1.019822
1.020544
1.020625
1.021178
1.021282
1.021689
1.021781
1.022058
1.022110
1.022268
1.022264
1.022311
1.022239
1.022184
1.022038
1.021889
1.021670
1.021435
1.021145
1.020835
1.020481
1.020106
1.019696
1.019267
1.018812
1.018341
1.017851
1.017349
1.016835
1.016313
1.015784
1.015253
1.014719
1.014188
1.013656
1.013133
1.012611
1.012102
1.011596
1.011107
1.010620
1.010156
1.009691
1.009255
1.008814
1.008410
1.007991
1.007622
1.007225
1.006893
1.006514
1.006224
1.005858
1.005613
1.005254
1.005060
1.004699
1.004562
1.004190
1.004120
1.003721
1.003730
1.003289
1.003391
1.002887
1.003104
1.002510
1.002868
1.002152
1.002685
1.001805
1.002555
1.001461
1.002484
1.001110
1.002478
1.000735
