# v - 400 ites
-0.000113
-0.000094
-0.000171
-0.000147
-0.000196
-0.000178
-0.000213
-0.000201
-0.000227
-0.000220
-0.000239
-0.000235
-0.000248
-0.000244
-0.000252
-0.000248
-0.000251
-0.000246
-0.000246
-0.000239
-0.000234
-0.000224
-0.000216
-0.000204
-0.000192
-0.000177
-0.000162
-0.000145
-0.000127
-0.000108
-0.000088
-0.000067
-0.000045
-0.000023
-0.000000
0.000022
0.000045
0.000067
0.000089
0.000110
0.000130
0.000150
0.000168
0.000186
0.000202
0.000216
0.000230
0.000242
0.000252
0.000261
0.000269
0.000275
0.000280
0.000283
0.000285
0.000286
0.000286
0.000285
0.000282
0.000279
0.000276
0.000271
0.000266
0.000260
0.000254
0.000247
0.000240
0.000233
0.000226
0.000218
0.000210
0.000203
0.000195
0.000187
0.000180
0.000172
0.000165
0.000158
0.000151
0.000144
0.000138
0.000131
0.000125
0.000118
0.000113
0.000106
0.000103
0.000096
0.000093
0.000086
0.000084
0.000076
0.000076
0.000067
0.000070
0.000059
0.000064
0.000051
0.000062
0.000037
-0.000770
-0.000462
-0.000965
-0.000679
-0.001019
-0.000797
-0.001045
-0.000884
-0.001066
-0.000949
-0.001080
-0.000993
-0.001084
-0.001016
-0.001074
-0.001018
-0.001048
-0.000996
-0.001002
-0.000950
-0.000937
-0.000881
-0.000849
-0.000788
-0.000741
-0.000673
-0.000613
-0.000538
-0.000468
-0.000387
-0.000309
-0.000224
-0.000141
-0.000054
0.000031
0.000118
0.000202
0.000286
0.000367
0.000445
0.000520
0.000591
0.000658
0.000720
0.000777
0.000828
0.000875
0.000916
0.000951
0.000981
0.001006
0.001025
0.001039
0.001049
0.001054
0.001054
0.001051
0.001044
0.001034
0.001020
0.001004
0.000985
0.000965
0.000942
0.000918
0.000892
0.000866
0.000839
0.000811
0.000782
0.000755
0.000725
0.000698
0.000668
0.000642
0.000612
0.000587
0.000558
0.000536
0.000507
0.000487
0.000458
0.000441
0.000411
0.000399
0.000367
0.000360
0.000326
0.000325
0.000287
0.000294
0.000250
0.000267
0.000215
0.000243
0.000180
0.000225
0.000144
0.000217
0.000084
-0.000943
-0.000594
-0.001220
-0.000878
-0.001299
-0.001030
-0.001338
-0.001143
-0.001371
-0.001230
-0.001395
-0.001292
-0.001406
-0.001326
-0.001399
-0.001331
-0.001370
-0.001307
-0.001315
-0.001250
-0.001233
-0.001162
-0.001122
-0.001043
-0.000982
-0.000893
-0.000815
-0.000717
-0.000624
-0.000518
-0.000415
-0.000302
-0.000192
-0.000076
0.000037
0.000152
0.000265
0.000376
0.000484
0.000588
0.000688
0.000783
0.000871
0.000954
0.001030
0.001098
0.001160
0.001214
0.001261
0.001301
0.001333
0.001358
0.001377
0.001389
0.001395
0.001395
0.001390
0.001380
0.001366
0.001347
0.001325
0.001300
0.001272
0.001242
0.001209
0.001175
0.001140
0.001103
0.001066
0.001028
0.000991
0.000952
0.000916
0.000877
0.000842
0.000803
0.000770
0.000732
0.000701
0.000664
0.000637
0.000599
0.000577
0.000538
0.000521
0.000481
0.000471
0.000428
0.000425
0.000377
0.000384
0.000330
0.000348
0.000284
0.000318
0.000240
0.000293
0.000195
0.000283
0.000117
-0.001514
-0.000929
-0.001928
-0.001368
-0.002041
-0.001604
-0.002096
-0.001777
-0.002140
-0.001909
-0.002171
-0.002000
-0.002182
-0.002049
-0.002165
-0.002054
-0.002114
-0.002012
-0.002026
-0.001923
-0.001896
-0.001785
-0.001722
-0.001598
-0.001504
-0.001367
-0.001246
-0.001095
-0.000952
-0.000789
-0.000630
-0.000457
-0.000288
-0.000111
0.000062
0.000238
0.000410
0.000580
0.000744
0.000904
0.001055
0.001199
0.001334
0.001459
0.001574
0.001678
0.001771
0.001853
0.001923
0.001983
0.002031
0.002069
0.002097
0.002114
0.002123
0.002123
0.002114
0.002099
0.002076
0.002048
0.002014
0.001975
0.001932
0.001885
0.001836
0.001784
0.001730
0.001674
0.001619
0.001560
0.001504
0.001445
0.001389
0.001330
0.001276
0.001217
0.001167
0.001109
0.001063
0.001006
0.000965
0.000907
0.000874
0.000815
0.000790
0.000728
0.000713
0.000646
0.000643
0.000568
0.000581
0.000495
0.000527
0.000425
0.000480
0.000357
0.000443
0.000287
0.000428
0.000167
-0.001759
-0.001095
-0.002264
-0.001616
-0.002402
-0.001892
-0.002469
-0.002097
-0.002524
-0.002255
-0.002564
-0.002365
-0.002581
-0.002427
-0.002565
-0.002437
-0.002510
-0.002392
-0.002409
-0.002289
-0.002258
-0.002128
-0.002054
-0.001908
-0.001797
-0.001634
-0.001490
-0.001310
-0.001140
-0.000944
-0.000755
-0.000548
-0.000346
-0.000134
0.000074
0.000286
0.000491
0.000695
0.000892
0.001083
0.001264
0.001436
0.001597
0.001746
0.001883
0.002006
0.002117
0.002213
0.002296
0.002366
0.002422
0.002465
0.002496
0.002516
0.002524
0.002522
0.002511
0.002490
0.002462
0.002426
0.002385
0.002337
0.002285
0.002228
0.002168
0.002105
0.002041
0.001973
0.001906
0.001837
0.001769
0.001699
0.001632
0.001562
0.001498
0.001429
0.001369
0.001300
0.001246
0.001178
0.001131
0.001062
0.001023
0.000953
0.000924
0.000851
0.000833
0.000755
0.000751
0.000664
0.000679
0.000579
0.000615
0.000497
0.000561
0.000418
0.000517
0.000337
0.000500
0.000197
-0.002280
-0.001410
-0.002919
-0.002078
-0.003094
-0.002435
-0.003180
-0.002700
-0.003250
-0.002903
-0.003301
-0.003045
-0.003321
-0.003124
-0.003301
-0.003136
-0.003230
-0.003078
-0.003100
-0.002946
-0.002906
-0.002738
-0.002643
-0.002456
-0.002313
-0.002103
-0.001918
-0.001686
-0.001467
-0.001216
-0.000971
-0.000706
-0.000445
-0.000172
0.000096
0.000367
0.000632
0.000894
0.001147
0.001392
0.001625
0.001845
0.002051
0.002243
0.002417
0.002575
0.002716
0.002839
0.002944
0.003032
0.003103
0.003158
0.003197
0.003221
0.003230
0.003227
0.003211
0.003184
0.003147
0.003101
0.003047
0.002985
0.002918
0.002844
0.002768
0.002687
0.002604
0.002517
0.002432
0.002342
0.002256
0.002165
0.002081
0.001991
0.001909
0.001820
0.001744
0.001656
0.001587
0.001500
0.001440
0.001352
0.001302
0.001213
0.001175
0.001083
0.001060
0.000960
0.000956
0.000844
0.000863
0.000735
0.000782
0.000631
0.000713
0.000529
0.000657
0.000425
0.000635
0.000246
-0.002577
-0.001604
-0.003318
-0.002367
-0.003520
-0.002771
-0.003618
-0.003073
-0.003700
-0.003307
-0.003762
-0.003473
-0.003791
-0.003568
-0.003773
-0.003587
-0.003697
-0.003525
-0.003553
-0.003379
-0.003335
-0.003145
-0.003037
-0.002824
-0.002660
-0.002421
-0.002208
-0.001942
-0.001690
-0.001400
-0.001118
-0.000811
-0.000510
-0.000195
0.000114
0.000428
0.000734
0.001036
0.001328
0.001610
0.001877
0.002131
0.002367
0.002586
0.002785
0.002965
0.003124
0.003263
0.003382
0.003480
0.003559
0.003618
0.003660
0.003684
0.003691
0.003684
0.003663
0.003629
0.003583
0.003528
0.003463
0.003390
0.003311
0.003225
0.003136
0.003042
0.002946
0.002846
0.002747
0.002644
0.002545
0.002441
0.002344
0.002241
0.002149
0.002047
0.001961
0.001861
0.001783
0.001684
0.001615
0.001517
0.001460
0.001359
0.001317
0.001212
0.001187
0.001074
0.001069
0.000944
0.000965
0.000822
0.000874
0.000705
0.000797
0.000591
0.000734
0.000475
0.000710
0.000274
-0.003069
-0.001907
-0.003942
-0.002814
-0.004184
-0.003299
-0.004304
-0.003661
-0.004405
-0.003942
-0.004482
-0.004142
-0.004520
-0.004259
-0.004502
-0.004285
-0.004416
-0.004215
-0.004248
-0.004043
-0.003991
-0.003767
-0.003638
-0.003386
-0.003190
-0.002904
-0.002650
-0.002332
-0.002030
-0.001683
-0.001345
-0.000977
-0.000616
-0.000238
0.000133
0.000509
0.000876
0.001239
0.001588
0.001926
0.002246
0.002550
0.002832
0.003093
0.003330
0.003544
0.003733
0.003897
0.004037
0.004153
0.004244
0.004313
0.004360
0.004387
0.004394
0.004383
0.004356
0.004313
0.004257
0.004189
0.004111
0.004022
0.003927
0.003824
0.003716
0.003603
0.003488
0.003369
0.003250
0.003128
0.003010
0.002886
0.002771
0.002649
0.002539
0.002418
0.002315
0.002197
0.002104
0.001987
0.001906
0.001789
0.001722
0.001603
0.001553
0.001429
0.001399
0.001266
0.001260
0.001113
0.001137
0.000968
0.001029
0.000829
0.000938
0.000696
0.000864
0.000558
0.000835
0.000322
-0.003407
-0.002126
-0.004391
-0.003139
-0.004663
-0.003679
-0.004799
-0.004084
-0.004916
-0.004402
-0.005008
-0.004631
-0.005056
-0.004768
-0.005044
-0.004805
-0.004955
-0.004734
-0.004775
-0.004548
-0.004492
-0.004243
-0.004101
-0.003818
-0.003599
-0.003278
-0.002992
-0.002633
-0.002292
-0.001900
-0.001517
-0.001101
-0.000691
-0.000263
0.000158
0.000585
0.001000
0.001411
0.001806
0.002188
0.002549
0.002891
0.003207
0.003500
0.003765
0.004002
0.004212
0.004393
0.004546
0.004671
0.004769
0.004841
0.004889
0.004913
0.004916
0.004899
0.004863
0.004811
0.004743
0.004663
0.004571
0.004468
0.004358
0.004239
0.004117
0.003988
0.003857
0.003722
0.003588
0.003450
0.003317
0.003179
0.003050
0.002913
0.002790
0.002656
0.002542
0.002410
0.002307
0.002178
0.002088
0.001959
0.001884
0.001754
0.001698
0.001562
0.001528
0.001382
0.001376
0.001214
0.001240
0.001055
0.001123
0.000904
0.001022
0.000757
0.000941
0.000607
0.000910
0.000348
-0.003883
-0.002424
-0.005002
-0.003581
-0.005315
-0.004202
-0.005476
-0.004671
-0.005617
-0.005039
-0.005729
-0.005309
-0.005793
-0.005472
-0.005788
-0.005522
-0.005695
-0.005448
-0.005497
-0.005242
-0.005180
-0.004898
-0.004736
-0.004414
-0.004163
-0.003796
-0.003466
-0.003054
-0.002660
-0.002208
-0.001764
-0.001283
-0.000808
-0.000312
0.000175
0.000669
0.001151
0.001627
0.002084
0.002525
0.002942
0.003336
0.003700
0.004036
0.004340
0.004612
0.004851
0.005056
0.005229
0.005369
0.005478
0.005558
0.005608
0.005632
0.005631
0.005607
0.005563
0.005499
0.005418
0.005322
0.005214
0.005094
0.004965
0.004827
0.004684
0.004535
0.004384
0.004228
0.004075
0.003916
0.003763
0.003605
0.003457
0.003301
0.003160
0.003007
0.002877
0.002727
0.002610
0.002463
0.002360
0.002214
0.002129
0.001981
0.001917
0.001764
0.001725
0.001560
0.001552
0.001370
0.001399
0.001190
0.001266
0.001019
0.001152
0.000854
0.001061
0.000684
0.001025
0.000392
-0.004253
-0.002665
-0.005492
-0.003939
-0.005841
-0.004623
-0.006022
-0.005142
-0.006183
-0.005554
-0.006316
-0.005859
-0.006397
-0.006050
-0.006403
-0.006116
-0.006311
-0.006045
-0.006103
-0.005827
-0.005761
-0.005454
-0.005276
-0.004922
-0.004643
-0.004237
-0.003869
-0.003410
-0.002969
-0.002464
-0.001967
-0.001428
-0.000894
-0.000338
0.000210
0.000764
0.001304
0.001836
0.002348
0.002840
0.003305
0.003743
0.004147
0.004519
0.004853
0.005151
0.005411
0.005633
0.005818
0.005967
0.006081
0.006161
0.006209
0.006228
0.006219
0.006185
0.006128
0.006050
0.005954
0.005842
0.005717
0.005578
0.005431
0.005275
0.005113
0.004945
0.004776
0.004602
0.004430
0.004254
0.004085
0.003910
0.003746
0.003574
0.003419
0.003252
0.003109
0.002945
0.002816
0.002656
0.002544
0.002385
0.002292
0.002132
0.002062
0.001896
0.001854
0.001676
0.001667
0.001470
0.001502
0.001276
0.001358
0.001092
0.001235
0.000914
0.001137
0.000731
0.001098
0.000416
-0.004723
-0.002963
-0.006100
-0.004385
-0.006493
-0.005152
-0.006704
-0.005738
-0.006894
-0.006207
-0.007055
-0.006559
-0.007159
-0.006785
-0.007181
-0.006872
-0.007094
-0.006807
-0.006874
-0.006575
-0.006504
-0.006166
-0.005969
-0.005577
-0.005265
-0.004810
-0.004397
-0.003880
-0.003381
-0.002811
-0.002247
-0.001636
-0.001030
-0.000398
0.000225
0.000854
0.001468
0.002073
0.002653
0.003212
0.003738
0.004232
0.004688
0.005105
0.005480
0.005813
0.006102
0.006348
0.006551
0.006712
0.006834
0.006917
0.006965
0.006979
0.006963
0.006918
0.006847
0.006754
0.006641
0.006510
0.006364
0.006205
0.006036
0.005857
0.005674
0.005483
0.005292
0.005095
0.004902
0.004704
0.004514
0.004318
0.004135
0.003943
0.003770
0.003584
0.003424
0.003243
0.003099
0.002922
0.002797
0.002622
0.002519
0.002343
0.002265
0.002082
0.002035
0.001840
0.001829
0.001613
0.001647
0.001400
0.001488
0.001197
0.001353
0.001002
0.001245
0.000801
0.001202
0.000457
-0.005119
-0.003222
-0.006626
-0.004772
-0.007060
-0.005610
-0.007296
-0.006255
-0.007514
-0.006776
-0.007702
-0.007174
-0.007832
-0.007436
-0.007873
-0.007547
-0.007795
-0.007491
-0.007571
-0.007251
-0.007178
-0.006814
-0.006600
-0.006173
-0.005830
-0.005331
-0.004874
-0.004303
-0.003748
-0.003114
-0.002486
-0.001805
-0.001129
-0.000424
0.000271
0.000973
0.001657
0.002330
0.002975
0.003595
0.004177
0.004722
0.005223
0.005680
0.006088
0.006449
0.006759
0.007022
0.007235
0.007403
0.007525
0.007606
0.007647
0.007651
0.007622
0.007561
0.007474
0.007361
0.007228
0.007076
0.006908
0.006727
0.006535
0.006334
0.006128
0.005915
0.005703
0.005485
0.005271
0.005053
0.004844
0.004630
0.004429
0.004220
0.004032
0.003830
0.003656
0.003460
0.003305
0.003114
0.002979
0.002791
0.002680
0.002490
0.002407
0.002211
0.002160
0.001952
0.001940
0.001710
0.001745
0.001482
0.001576
0.001267
0.001433
0.001059
0.001317
0.000846
0.001272
0.000479
-0.005587
-0.003525
-0.007238
-0.005226
-0.007720
-0.006151
-0.007991
-0.006869
-0.008246
-0.007456
-0.008471
-0.007910
-0.008635
-0.008218
-0.008703
-0.008362
-0.008641
-0.008322
-0.008416
-0.008077
-0.008002
-0.007611
-0.007379
-0.006914
-0.006536
-0.005987
-0.005479
-0.004846
-0.004227
-0.003519
-0.002814
-0.002051
-0.001291
-0.000500
0.000283
0.001072
0.001842
0.002598
0.003322
0.004016
0.004668
0.005276
0.005834
0.006340
0.006791
0.007187
0.007526
0.007810
0.008039
0.008216
0.008342
0.008421
0.008456
0.008451
0.008408
0.008331
0.008225
0.008091
0.007935
0.007759
0.007567
0.007360
0.007143
0.006916
0.006685
0.006446
0.006209
0.005966
0.005729
0.005488
0.005257
0.005020
0.004799
0.004570
0.004363
0.004142
0.003952
0.003738
0.003568
0.003361
0.003213
0.003009
0.002888
0.002683
0.002592
0.002381
0.002325
0.002100
0.002086
0.001839
0.001876
0.001594
0.001693
0.001361
0.001539
0.001138
0.001414
0.000908
0.001365
0.000515
-0.006004
-0.003801
-0.007794
-0.005640
-0.008323
-0.006645
-0.008626
-0.007431
-0.008916
-0.008080
-0.009180
-0.008590
-0.009381
-0.008946
-0.009480
-0.009127
-0.009437
-0.009106
-0.009217
-0.008861
-0.008786
-0.008369
-0.008120
-0.007618
-0.007206
-0.006607
-0.006048
-0.005351
-0.004665
-0.003882
-0.003098
-0.002251
-0.001404
-0.000524
0.000347
0.001224
0.002080
0.002918
0.003721
0.004487
0.005204
0.005872
0.006481
0.007031
0.007518
0.007943
0.008303
0.008601
0.008837
0.009016
0.009138
0.009208
0.009230
0.009208
0.009145
0.009047
0.008916
0.008757
0.008575
0.008371
0.008152
0.007917
0.007673
0.007418
0.007161
0.006896
0.006634
0.006367
0.006107
0.005843
0.005591
0.005334
0.005094
0.004846
0.004623
0.004384
0.004180
0.003951
0.003768
0.003547
0.003389
0.003172
0.003042
0.002824
0.002727
0.002503
0.002443
0.002206
0.002191
0.001930
0.001968
0.001671
0.001775
0.001426
0.001612
0.001190
0.001481
0.000949
0.001429
0.000534
-0.006473
-0.004109
-0.008411
-0.006105
-0.008995
-0.007203
-0.009339
-0.008070
-0.009676
-0.008795
-0.009989
-0.009375
-0.010238
-0.009791
-0.010379
-0.010019
-0.010368
-0.010030
-0.010161
-0.009793
-0.009721
-0.009281
-0.009016
-0.008478
-0.008030
-0.007378
-0.006763
-0.005997
-0.005237
-0.004369
-0.003496
-0.002552
-0.001606
-0.000622
0.000353
0.001335
0.002292
0.003229
0.004125
0.004978
0.005776
0.006515
0.007187
0.007792
0.008324
0.008785
0.009172
0.009489
0.009737
0.009920
0.010040
0.010102
0.010111
0.010072
0.009988
0.009866
0.009709
0.009522
0.009310
0.009077
0.008826
0.008561
0.008286
0.008001
0.007714
0.007421
0.007130
0.006836
0.006550
0.006261
0.005986
0.005705
0.005445
0.005175
0.004933
0.004675
0.004454
0.004207
0.004010
0.003773
0.003602
0.003370
0.003230
0.002998
0.002893
0.002656
0.002590
0.002339
0.002321
0.002044
0.002083
0.001769
0.001878
0.001509
0.001705
0.001259
0.001565
0.001003
0.001510
0.000565
-0.006905
-0.004399
-0.008990
-0.006543
-0.009626
-0.007729
-0.010012
-0.008674
-0.010396
-0.009474
-0.010760
-0.010125
-0.011061
-0.010605
-0.011248
-0.010885
-0.011272
-0.010930
-0.011084
-0.010704
-0.010636
-0.010174
-0.009892
-0.009316
-0.008829
-0.008122
-0.007446
-0.006606
-0.005765
-0.004807
-0.003837
-0.002790
-0.001736
-0.000643
0.000443
0.001533
0.002597
0.003634
0.004625
0.005565
0.006440
0.007248
0.007979
0.008632
0.009202
0.009690
0.010096
0.010424
0.010673
0.010850
0.010958
0.011004
0.010991
0.010926
0.010813
0.010660
0.010470
0.010249
0.010003
0.009735
0.009450
0.009150
0.008842
0.008525
0.008207
0.007883
0.007564
0.007242
0.006931
0.006617
0.006318
0.006015
0.005734
0.005445
0.005185
0.004909
0.004673
0.004410
0.004200
0.003948
0.003767
0.003522
0.003373
0.003129
0.003018
0.002768
0.002699
0.002435
0.002415
0.002127
0.002167
0.001838
0.001952
0.001567
0.001770
0.001306
0.001624
0.001039
0.001567
0.000582
-0.007372
-0.004712
-0.009614
-0.007019
-0.010310
-0.008306
-0.010745
-0.009341
-0.011187
-0.010230
-0.011617
-0.010966
-0.011983
-0.011526
-0.012234
-0.011875
-0.012311
-0.011972
-0.012156
-0.011773
-0.011716
-0.011238
-0.010944
-0.010334
-0.009812
-0.009049
-0.008312
-0.007394
-0.006467
-0.005409
-0.004332
-0.003169
-0.001993
-0.000774
0.000440
0.001657
0.002846
0.004003
0.005106
0.006151
0.007120
0.008012
0.008814
0.009527
0.010144
0.010670
0.011100
0.011443
0.011697
0.011871
0.011968
0.011997
0.011961
0.011869
0.011725
0.011538
0.011313
0.011055
0.010771
0.010465
0.010143
0.009806
0.009461
0.009109
0.008756
0.008400
0.008050
0.007698
0.007358
0.007016
0.006692
0.006365
0.006062
0.005751
0.005471
0.005176
0.004923
0.004643
0.004419
0.004151
0.003958
0.003698
0.003540
0.003283
0.003163
0.002901
0.002826
0.002550
0.002528
0.002225
0.002266
0.001923
0.002039
0.001637
0.001849
0.001364
0.001696
0.001085
0.001636
0.000607
-0.007812
-0.005012
-0.010207
-0.007475
-0.010964
-0.008859
-0.011449
-0.009984
-0.011951
-0.010963
-0.012448
-0.011788
-0.012886
-0.012431
-0.013204
-0.012853
-0.013338
-0.013006
-0.013221
-0.012836
-0.012789
-0.012294
-0.011986
-0.011339
-0.010775
-0.009951
-0.009142
-0.008137
-0.007112
-0.005944
-0.004746
-0.003455
-0.002143
-0.000787
0.000567
0.001921
0.003242
0.004525
0.005744
0.006894
0.007956
0.008927
0.009794
0.010559
0.011215
0.011765
0.012209
0.012554
0.012800
0.012959
0.013032
0.013031
0.012961
0.012831
0.012646
0.012416
0.012147
0.011845
0.011517
0.011167
0.010801
0.010423
0.010039
0.009648
0.009259
0.008868
0.008485
0.008102
0.007733
0.007365
0.007015
0.006664
0.006339
0.006007
0.005709
0.005396
0.005127
0.004831
0.004594
0.004312
0.004108
0.003836
0.003669
0.003400
0.003274
0.003001
0.002922
0.002635
0.002610
0.002297
0.002337
0.001982
0.002102
0.001687
0.001904
0.001403
0.001746
0.001115
0.001684
0.000620
-0.008275
-0.005328
-0.010831
-0.007960
-0.011654
-0.009451
-0.012200
-0.010680
-0.012775
-0.011763
-0.013356
-0.012694
-0.013883
-0.013441
-0.014291
-0.013960
-0.014507
-0.014194
-0.014454
-0.014080
-0.014056
-0.013556
-0.013244
-0.012569
-0.011970
-0.011090
-0.010213
-0.009120
-0.007993
-0.006707
-0.005377
-0.003944
-0.002480
-0.000966
0.000549
0.002063
0.003540
0.004971
0.006331
0.007607
0.008783
0.009851
0.010801
0.011631
0.012337
0.012922
0.013386
0.013739
0.013981
0.014125
0.014175
0.014145
0.014038
0.013867
0.013639
0.013363
0.013046
0.012697
0.012320
0.011923
0.011512
0.011089
0.010661
0.010230
0.009801
0.009373
0.008955
0.008539
0.008139
0.007741
0.007365
0.006989
0.006640
0.006286
0.005968
0.005636
0.005350
0.005037
0.004785
0.004489
0.004273
0.003988
0.003812
0.003531
0.003398
0.003113
0.003029
0.002731
0.002703
0.002379
0.002419
0.002052
0.002174
0.001744
0.001968
0.001451
0.001803
0.001151
0.001739
0.000640
-0.008714
-0.005633
-0.011428
-0.008428
-0.012318
-0.010025
-0.012926
-0.011355
-0.013576
-0.012546
-0.014244
-0.013586
-0.014867
-0.014443
-0.015371
-0.015064
-0.015674
-0.015383
-0.015687
-0.015325
-0.015322
-0.014815
-0.014495
-0.013786
-0.013143
-0.012195
-0.011236
-0.010040
-0.008793
-0.007370
-0.005888
-0.004291
-0.002654
-0.000964
0.000730
0.002418
0.004066
0.005654
0.007158
0.008562
0.009849
0.011009
0.012031
0.012916
0.013656
0.014260
0.014727
0.015069
0.015289
0.015401
0.015411
0.015333
0.015175
0.014949
0.014664
0.014330
0.013955
0.013548
0.013115
0.012664
0.012200
0.011727
0.011252
0.010776
0.010305
0.009838
0.009383
0.008933
0.008501
0.008074
0.007671
0.007269
0.006898
0.006523
0.006185
0.005835
0.005533
0.005205
0.004940
0.004630
0.004404
0.004107
0.003922
0.003631
0.003491
0.003197
0.003108
0.002801
0.002771
0.002437
0.002477
0.002100
0.002225
0.001784
0.002012
0.001482
0.001843
0.001174
0.001776
0.000649
-0.009165
-0.005948
-0.012042
-0.008915
-0.013006
-0.010627
-0.013687
-0.012073
-0.014427
-0.013388
-0.015202
-0.014560
-0.015944
-0.015553
-0.016573
-0.016307
-0.016997
-0.016748
-0.017116
-0.016786
-0.016824
-0.016330
-0.016020
-0.015294
-0.014622
-0.013620
-0.012587
-0.011292
-0.009923
-0.008358
-0.006712
-0.004937
-0.003105
-0.001214
0.000689
0.002582
0.004430
0.006207
0.007888
0.009450
0.010874
0.012150
0.013266
0.014222
0.015012
0.015647
0.016125
0.016462
0.016663
0.016745
0.016713
0.016588
0.016375
0.016092
0.015746
0.015351
0.014913
0.014445
0.013952
0.013443
0.012923
0.012397
0.011872
0.011348
0.010833
0.010324
0.009830
0.009344
0.008879
0.008421
0.007990
0.007562
0.007167
0.006770
0.006412
0.006043
0.005725
0.005381
0.005102
0.004778
0.004541
0.004232
0.004038
0.003737
0.003590
0.003287
0.003193
0.002877
0.002844
0.002501
0.002540
0.002153
0.002279
0.001827
0.002061
0.001517
0.001886
0.001202
0.001817
0.000663
-0.009591
-0.006250
-0.012628
-0.009383
-0.013667
-0.011210
-0.014420
-0.012771
-0.015254
-0.014211
-0.016140
-0.015520
-0.017007
-0.016653
-0.017768
-0.017547
-0.018319
-0.018114
-0.018547
-0.018249
-0.018325
-0.017840
-0.017533
-0.016782
-0.016067
-0.014994
-0.013865
-0.012449
-0.010932
-0.009196
-0.007354
-0.005369
-0.003310
-0.001188
0.000950
0.003070
0.005139
0.007117
0.008980
0.010699
0.012256
0.013637
0.014830
0.015838
0.016655
0.017295
0.017758
0.018065
0.018219
0.018245
0.018149
0.017953
0.017664
0.017304
0.016880
0.016407
0.015894
0.015353
0.014790
0.014213
0.013630
0.013045
0.012465
0.011889
0.011327
0.010773
0.010240
0.009716
0.009218
0.008729
0.008269
0.007816
0.007397
0.006978
0.006602
0.006215
0.005880
0.005522
0.005230
0.004894
0.004647
0.004328
0.004126
0.003815
0.003663
0.003351
0.003254
0.002930
0.002895
0.002544
0.002583
0.002188
0.002315
0.001855
0.002092
0.001539
0.001913
0.001217
0.001843
0.000668
-0.010018
-0.006556
-0.013218
-0.009862
-0.014337
-0.011811
-0.015176
-0.013502
-0.016119
-0.015088
-0.017141
-0.016557
-0.018163
-0.017866
-0.019094
-0.018942
-0.019820
-0.019685
-0.020211
-0.019976
-0.020121
-0.019677
-0.019403
-0.018656
-0.017925
-0.016805
-0.015599
-0.014074
-0.012412
-0.010503
-0.008453
-0.006239
-0.003926
-0.001541
0.000872
0.003262
0.005595
0.007820
0.009909
0.011827
0.013553
0.015072
0.016371
0.017454
0.018316
0.018976
0.019434
0.019717
0.019829
0.019801
0.019638
0.019370
0.019003
0.018562
0.018055
0.017502
0.016908
0.016290
0.015652
0.015005
0.014356
0.013709
0.013070
0.012441
0.011829
0.011230
0.010654
0.010093
0.009559
0.009038
0.008549
0.008070
0.007627
0.007187
0.006791
0.006386
0.006036
0.005662
0.005358
0.005010
0.004753
0.004423
0.004213
0.003894
0.003736
0.003416
0.003314
0.002983
0.002945
0.002588
0.002626
0.002224
0.002352
0.001884
0.002123
0.001562
0.001941
0.001234
0.001869
0.000676
-0.010416
-0.006846
-0.013773
-0.010318
-0.014973
-0.012387
-0.015898
-0.014206
-0.016954
-0.015938
-0.018114
-0.017573
-0.019298
-0.019062
-0.020405
-0.020326
-0.021312
-0.021251
-0.021870
-0.021697
-0.021908
-0.021499
-0.021249
-0.020493
-0.019727
-0.018536
-0.017223
-0.015556
-0.013709
-0.011584
-0.009279
-0.006789
-0.004172
-0.001479
0.001251
0.003943
0.006567
0.009053
0.011377
0.013489
0.015373
0.017008
0.018386
0.019511
0.020382
0.021022
0.021434
0.021654
0.021685
0.021565
0.021302
0.020930
0.020456
0.019910
0.019298
0.018643
0.017953
0.017242
0.016519
0.015792
0.015067
0.014351
0.013649
0.012962
0.012297
0.011650
0.011031
0.010430
0.009861
0.009308
0.008791
0.008285
0.007820
0.007358
0.006944
0.006522
0.006158
0.005771
0.005455
0.005096
0.004830
0.004491
0.004275
0.003948
0.003784
0.003459
0.003353
0.003017
0.002976
0.002614
0.002651
0.002244
0.002372
0.001900
0.002140
0.001573
0.001955
0.001241
0.001882
0.000677
-0.010805
-0.007133
-0.014318
-0.010773
-0.015605
-0.012970
-0.016628
-0.014932
-0.017815
-0.016832
-0.019141
-0.018663
-0.020523
-0.020374
-0.021856
-0.021881
-0.023007
-0.023058
-0.023809
-0.023743
-0.024066
-0.023741
-0.023563
-0.022845
-0.022090
-0.020871
-0.019485
-0.017702
-0.015684
-0.013347
-0.010776
-0.007988
-0.005031
-0.001983
0.001120
0.004177
0.007158
0.009971
0.012591
0.014956
0.017050
0.018847
0.020341
0.021539
0.022442
0.023081
0.023460
0.023623
0.023577
0.023368
0.023004
0.022525
0.021940
0.021284
0.020563
0.019803
0.019011
0.018205
0.017391
0.016581
0.015779
0.014991
0.014224
0.013477
0.012758
0.012062
0.011399
0.010758
0.010153
0.009568
0.009022
0.008491
0.008003
0.007521
0.007088
0.006651
0.006272
0.005872
0.005545
0.005176
0.004900
0.004554
0.004330
0.003997
0.003828
0.003498
0.003388
0.003047
0.003004
0.002638
0.002673
0.002263
0.002390
0.001914
0.002154
0.001583
0.001967
0.001248
0.001893
0.000679
-0.011157
-0.007399
-0.014818
-0.011197
-0.016190
-0.013517
-0.017312
-0.015620
-0.018632
-0.017688
-0.020125
-0.019716
-0.021710
-0.021654
-0.023276
-0.023409
-0.024677
-0.024842
-0.025727
-0.025766
-0.026198
-0.025949
-0.025832
-0.025137
-0.024367
-0.023088
-0.021587
-0.019640
-0.017392
-0.014780
-0.011869
-0.008711
-0.005338
-0.001869
0.001671
0.005141
0.008517
0.011677
0.014599
0.017205
0.019483
0.021405
0.022967
0.024183
0.025059
0.025634
0.025919
0.025967
0.025788
0.025437
0.024923
0.024295
0.023562
0.022763
0.021904
0.021015
0.020101
0.019183
0.018265
0.017360
0.016472
0.015606
0.014768
0.013958
0.013182
0.012435
0.011726
0.011045
0.010405
0.009788
0.009214
0.008658
0.008148
0.007647
0.007197
0.006745
0.006353
0.005941
0.005605
0.005227
0.004944
0.004590
0.004361
0.004023
0.003850
0.003515
0.003403
0.003059
0.003014
0.002645
0.002678
0.002266
0.002393
0.001915
0.002155
0.001583
0.001967
0.001247
0.001892
0.000675
-0.011489
-0.007653
-0.015292
-0.011608
-0.016754
-0.014058
-0.017987
-0.016314
-0.019459
-0.018572
-0.021151
-0.020833
-0.022982
-0.023047
-0.024840
-0.025120
-0.026573
-0.026903
-0.027977
-0.028184
-0.028792
-0.028692
-0.028711
-0.028114
-0.027405
-0.026137
-0.024583
-0.022524
-0.020079
-0.017209
-0.013952
-0.010396
-0.006557
-0.002597
0.001465
0.005443
0.009312
0.012917
0.016234
0.019166
0.021703
0.023811
0.025491
0.026766
0.027643
0.028177
0.028380
0.028322
0.028012
0.027520
0.026855
0.026076
0.025190
0.024243
0.023242
0.022220
0.021181
0.020147
0.019123
0.018120
0.017144
0.016199
0.015289
0.014415
0.013582
0.012784
0.012030
0.011309
0.010634
0.009986
0.009385
0.008805
0.008274
0.007755
0.007289
0.006823
0.006419
0.005997
0.005651
0.005266
0.004976
0.004617
0.004382
0.004040
0.003863
0.003526
0.003410
0.003064
0.003017
0.002647
0.002678
0.002266
0.002391
0.001913
0.002152
0.001580
0.001963
0.001243
0.001888
0.000671
-0.011773
-0.007879
-0.015707
-0.011977
-0.017256
-0.014549
-0.018598
-0.016953
-0.020221
-0.019398
-0.022111
-0.021889
-0.024190
-0.024382
-0.026346
-0.026778
-0.028416
-0.028914
-0.030178
-0.030553
-0.031333
-0.031375
-0.031516
-0.030998
-0.030318
-0.029021
-0.027356
-0.025117
-0.022390
-0.019166
-0.015452
-0.011388
-0.006964
-0.002408
0.002273
0.006832
0.011250
0.015323
0.019035
0.022264
0.025009
0.027235
0.028952
0.030193
0.030976
0.031374
0.031403
0.031150
0.030629
0.029924
0.029042
0.028055
0.026968
0.025834
0.024656
0.023472
0.022284
0.021117
0.019971
0.018860
0.017786
0.016755
0.015769
0.014828
0.013936
0.013087
0.012288
0.011527
0.010817
0.010140
0.009513
0.008911
0.008360
0.007825
0.007345
0.006866
0.006452
0.006022
0.005668
0.005277
0.004981
0.004618
0.004380
0.004035
0.003855
0.003516
0.003398
0.003052
0.003003
0.002634
0.002663
0.002253
0.002375
0.001900
0.002136
0.001567
0.001947
0.001232
0.001872
0.000662
-0.012024
-0.008084
-0.016079
-0.012319
-0.017717
-0.015016
-0.019179
-0.017579
-0.020972
-0.020233
-0.023091
-0.022992
-0.025467
-0.025819
-0.027990
-0.028621
-0.030501
-0.031230
-0.032760
-0.033387
-0.034438
-0.034725
-0.035104
-0.034783
-0.034255
-0.033048
-0.031383
-0.029060
-0.026119
-0.022585
-0.018417
-0.013812
-0.008729
-0.003472
0.001962
0.007252
0.012373
0.017066
0.021313
0.024964
0.028020
0.030448
0.032267
0.033524
0.034247
0.034531
0.034399
0.033960
0.033230
0.032310
0.031209
0.030011
0.028718
0.027392
0.026033
0.024685
0.023346
0.022043
0.020774
0.019555
0.018384
0.017267
0.016206
0.015199
0.014249
0.013350
0.012507
0.011709
0.010967
0.010261
0.009610
0.008988
0.008420
0.007869
0.007377
0.006888
0.006465
0.006027
0.005667
0.005271
0.004971
0.004605
0.004364
0.004018
0.003835
0.003497
0.003377
0.003032
0.002981
0.002614
0.002641
0.002233
0.002354
0.001882
0.002115
0.001551
0.001927
0.001218
0.001852
0.000653
-0.012217
-0.008252
-0.016375
-0.012603
-0.018096
-0.015414
-0.019672
-0.018127
-0.021630
-0.020980
-0.023975
-0.024001
-0.026644
-0.027160
-0.029536
-0.030369
-0.032489
-0.033454
-0.035251
-0.036130
-0.037450
-0.037977
-0.038582
-0.038437
-0.038025
-0.036859
-0.035119
-0.032620
-0.029341
-0.025356
-0.020563
-0.015242
-0.009313
-0.003185
0.003161
0.009295
0.015199
0.020539
0.025303
0.029313
0.032587
0.035093
0.036870
0.037993
0.038504
0.038527
0.038095
0.037343
0.036291
0.035059
0.033654
0.032173
0.030614
0.029048
0.027470
0.025926
0.024411
0.022953
0.021548
0.020209
0.018934
0.017727
0.016587
0.015513
0.014505
0.013556
0.012671
0.011837
0.011064
0.010333
0.009660
0.009020
0.008437
0.007874
0.007371
0.006874
0.006443
0.006001
0.005636
0.005238
0.004934
0.004568
0.004325
0.003979
0.003795
0.003458
0.003337
0.002995
0.002942
0.002579
0.002604
0.002202
0.002319
0.001854
0.002082
0.001527
0.001896
0.001197
0.001821
0.000640
-0.012362
-0.008389
-0.016608
-0.012844
-0.018412
-0.015768
-0.020110
-0.018637
-0.022249
-0.021708
-0.024847
-0.025024
-0.027858
-0.028574
-0.031197
-0.032285
-0.034713
-0.035991
-0.038153
-0.039396
-0.041120
-0.042034
-0.043037
-0.043250
-0.043151
-0.042223
-0.040600
-0.038101
-0.034623
-0.030283
-0.024894
-0.018823
-0.011934
-0.004763
0.002715
0.009940
0.016880
0.023106
0.028601
0.033150
0.036781
0.039476
0.041292
0.042336
0.042668
0.042451
0.041729
0.040668
0.039292
0.037743
0.036030
0.034262
0.032434
0.030625
0.028825
0.027085
0.025394
0.023783
0.022243
0.020787
0.019410
0.018117
0.016902
0.015764
0.014702
0.013707
0.012783
0.011916
0.011116
0.010362
0.009670
0.009014
0.008419
0.007846
0.007335
0.006832
0.006397
0.005951
0.005584
0.005184
0.004879
0.004514
0.004269
0.003926
0.003741
0.003408
0.003286
0.002948
0.002894
0.002536
0.002559
0.002163
0.002277
0.001820
0.002043
0.001497
0.001859
0.001173
0.001786
0.000625
-0.012436
-0.008478
-0.016747
-0.013012
-0.018624
-0.016031
-0.020435
-0.019041
-0.022743
-0.022314
-0.025583
-0.025911
-0.028925
-0.029840
-0.032703
-0.034045
-0.036779
-0.038371
-0.040901
-0.042508
-0.044641
-0.045941
-0.047337
-0.047891
-0.048072
-0.047330
-0.045737
-0.043120
-0.039268
-0.034366
-0.028116
-0.021010
-0.012849
-0.004352
0.004520
0.013023
0.021117
0.028251
0.034424
0.039381
0.043188
0.045847
0.047458
0.048175
0.048088
0.047408
0.046192
0.044645
0.042793
0.040802
0.038674
0.036533
0.034368
0.032262
0.030199
0.028232
0.026343
0.024563
0.022876
0.021296
0.019814
0.018431
0.017142
0.015941
0.014826
0.013788
0.012828
0.011932
0.011108
0.010335
0.009628
0.008960
0.008355
0.007776
0.007259
0.006753
0.006315
0.005869
0.005501
0.005103
0.004798
0.004435
0.004191
0.003852
0.003668
0.003339
0.003217
0.002885
0.002830
0.002479
0.002500
0.002113
0.002223
0.001776
0.001993
0.001460
0.001812
0.001143
0.001740
0.000607
-0.012448
-0.008525
-0.016801
-0.013118
-0.018747
-0.016225
-0.020673
-0.019375
-0.023159
-0.022859
-0.026261
-0.026763
-0.029976
-0.031125
-0.034269
-0.035922
-0.039036
-0.041031
-0.044049
-0.046159
-0.048878
-0.050763
-0.052801
-0.053965
-0.054738
-0.054507
-0.053275
-0.050863
-0.046909
-0.041658
-0.034638
-0.026471
-0.016861
-0.006741
0.003915
0.014126
0.023798
0.032229
0.039400
0.045023
0.049190
0.051947
0.053434
0.053875
0.053391
0.052257
0.050546
0.048508
0.046170
0.043729
0.041180
0.038664
0.036159
0.033758
0.031434
0.029244
0.027161
0.025217
0.023390
0.021694
0.020113
0.018648
0.017290
0.016033
0.014872
0.013797
0.012806
0.011887
0.011043
0.010256
0.009538
0.008862
0.008251
0.007668
0.007149
0.006643
0.006204
0.005761
0.005393
0.004998
0.004696
0.004337
0.004096
0.003761
0.003579
0.003257
0.003135
0.002811
0.002755
0.002413
0.002432
0.002055
0.002160
0.001726
0.001936
0.001418
0.001759
0.001109
0.001689
0.000587
-0.012377
-0.008514
-0.016744
-0.013134
-0.018744
-0.016306
-0.020769
-0.019572
-0.023415
-0.023242
-0.026757
-0.027427
-0.030821
-0.032195
-0.035607
-0.037564
-0.041050
-0.043443
-0.046952
-0.049564
-0.052882
-0.055358
-0.058051
-0.059825
-0.061179
-0.061421
-0.060466
-0.058127
-0.053844
-0.047943
-0.039741
-0.030038
-0.018440
-0.006195
0.006704
0.018940
0.030372
0.040098
0.048127
0.054141
0.058313
0.060762
0.061707
0.061468
0.060213
0.058296
0.055804
0.053038
0.050021
0.046976
0.043886
0.040901
0.037988
0.035240
0.032619
0.030180
0.027888
0.025770
0.023799
0.021984
0.020305
0.018762
0.017339
0.016031
0.014830
0.013722
0.012707
0.011769
0.010911
0.010115
0.009390
0.008710
0.008097
0.007515
0.006997
0.006494
0.006058
0.005619
0.005255
0.004866
0.004567
0.004216
0.003977
0.003651
0.003471
0.003157
0.003037
0.002722
0.002666
0.002334
0.002351
0.001986
0.002087
0.001666
0.001869
0.001368
0.001697
0.001069
0.001629
0.000564
-0.012228
-0.008449
-0.016580
-0.013067
-0.018625
-0.016289
-0.020743
-0.019660
-0.023546
-0.023512
-0.027133
-0.027986
-0.031570
-0.033197
-0.036910
-0.039218
-0.043149
-0.046030
-0.050161
-0.053432
-0.057571
-0.060892
-0.064581
-0.067349
-0.069758
-0.070997
-0.070890
-0.069220
-0.065143
-0.059059
-0.049931
-0.038717
-0.024834
-0.009914
0.005963
0.021019
0.034954
0.046610
0.055974
0.062725
0.067116
0.069386
0.069842
0.068941
0.066903
0.064182
0.060883
0.057369
0.053654
0.049994
0.046355
0.042903
0.039584
0.036498
0.033590
0.030914
0.028424
0.026146
0.024043
0.022123
0.020359
0.018748
0.017273
0.015924
0.014690
0.013560
0.012528
0.011578
0.010713
0.009913
0.009186
0.008508
0.007898
0.007320
0.006807
0.006310
0.005880
0.005448
0.005091
0.004710
0.004417
0.004074
0.003840
0.003523
0.003347
0.003043
0.002925
0.002621
0.002566
0.002246
0.002261
0.001909
0.002005
0.001601
0.001794
0.001313
0.001629
0.001025
0.001563
0.000539
-0.011987
-0.008318
-0.016289
-0.012896
-0.018359
-0.016138
-0.020549
-0.019582
-0.023479
-0.023578
-0.027275
-0.028298
-0.032044
-0.033904
-0.037892
-0.040532
-0.044889
-0.048242
-0.052991
-0.056915
-0.061894
-0.066073
-0.070803
-0.074597
-0.078111
-0.080362
-0.081077
-0.079980
-0.075856
-0.069191
-0.058511
-0.044957
-0.027807
-0.009278
0.010439
0.028889
0.045608
0.059111
0.069454
0.076358
0.080267
0.081616
0.080866
0.078653
0.075269
0.071280
0.066799
0.062244
0.057609
0.053170
0.048864
0.044861
0.041080
0.037619
0.034403
0.031480
0.028791
0.026355
0.024127
0.022109
0.020269
0.018600
0.017082
0.015701
0.014446
0.013301
0.012260
0.011307
0.010441
0.009644
0.008922
0.008251
0.007647
0.007078
0.006574
0.006087
0.005666
0.005245
0.004896
0.004526
0.004241
0.003909
0.003682
0.003376
0.003205
0.002912
0.002798
0.002506
0.002452
0.002145
0.002158
0.001822
0.001913
0.001527
0.001711
0.001251
0.001552
0.000976
0.001489
0.000512
-0.011655
-0.008121
-0.015873
-0.012624
-0.017951
-0.015860
-0.020196
-0.019352
-0.023234
-0.023467
-0.027222
-0.028415
-0.032315
-0.034416
-0.038692
-0.041690
-0.046525
-0.050417
-0.055908
-0.060631
-0.066695
-0.072018
-0.078225
-0.083550
-0.088864
-0.092935
-0.095434
-0.096003
-0.092898
-0.086701
-0.075166
-0.059493
-0.038558
-0.015295
0.009759
0.033170
0.054016
0.070393
0.082378
0.089831
0.093427
0.093901
0.091899
0.088302
0.083482
0.078149
0.072422
0.066783
0.061200
0.055971
0.050999
0.046454
0.042229
0.038414
0.034913
0.031767
0.028902
0.026331
0.023999
0.021904
0.020006
0.018298
0.016751
0.015354
0.014089
0.012941
0.011901
0.010953
0.010096
0.009308
0.008597
0.007939
0.007348
0.006793
0.006301
0.005828
0.005419
0.005012
0.004674
0.004318
0.004042
0.003723
0.003505
0.003212
0.003047
0.002768
0.002657
0.002379
0.002326
0.002035
0.002046
0.001727
0.001812
0.001446
0.001620
0.001185
0.001469
0.000923
0.001409
0.000483
-0.011225
-0.007853
-0.015320
-0.012236
-0.017382
-0.015432
-0.019654
-0.018930
-0.022759
-0.023113
-0.026887
-0.028227
-0.032237
-0.034546
-0.039064
-0.042382
-0.047652
-0.052044
-0.058250
-0.063748
-0.070911
-0.077389
-0.085158
-0.092090
-0.099367
-0.105403
-0.109839
-0.112177
-0.109933
-0.103825
-0.090571
-0.071266
-0.044635
-0.014784
0.017361
0.046868
0.072279
0.091177
0.103889
0.110605
0.112474
0.110708
0.106240
0.100258
0.093208
0.085935
0.078524
0.071496
0.064757
0.058604
0.052885
0.047756
0.043068
0.038898
0.035121
0.031769
0.028747
0.026063
0.023648
0.021496
0.019561
0.017830
0.016272
0.014873
0.013612
0.012473
0.011446
0.010513
0.009672
0.008902
0.008210
0.007570
0.006997
0.006460
0.005985
0.005531
0.005137
0.004747
0.004423
0.004083
0.003819
0.003516
0.003307
0.003029
0.002872
0.002607
0.002502
0.002239
0.002188
0.001914
0.001924
0.001623
0.001702
0.001358
0.001521
0.001112
0.001379
0.000866
0.001322
0.000452
-0.010695
-0.007510
-0.014626
-0.011730
-0.016649
-0.014851
-0.018918
-0.018315
-0.022053
-0.022517
-0.026271
-0.027739
-0.031826
-0.034320
-0.039056
-0.042677
-0.048386
-0.053290
-0.060281
-0.066638
-0.075109
-0.082988
-0.092797
-0.101904
-0.112081
-0.121218
-0.129155
-0.135212
-0.135932
-0.132341
-0.119346
-0.097325
-0.064028
-0.025044
0.017541
0.056431
0.088867
0.111843
0.126021
0.132244
0.132290
0.128060
0.120835
0.112204
0.102697
0.093320
0.084114
0.075637
0.067721
0.060649
0.054206
0.048528
0.043419
0.038937
0.034928
0.031411
0.028271
0.025508
0.023043
0.020863
0.018916
0.017186
0.015637
0.014253
0.013012
0.011896
0.010893
0.009986
0.009171
0.008428
0.007760
0.007145
0.006596
0.006083
0.005630
0.005197
0.004823
0.004453
0.004146
0.003824
0.003574
0.003289
0.003091
0.002830
0.002682
0.002434
0.002334
0.002088
0.002040
0.001784
0.001792
0.001512
0.001585
0.001264
0.001415
0.001034
0.001282
0.000805
0.001229
0.000419
-0.010066
-0.007094
-0.013792
-0.011104
-0.015749
-0.014111
-0.017982
-0.017493
-0.021097
-0.021650
-0.025336
-0.026897
-0.031000
-0.033630
-0.038513
-0.042369
-0.048437
-0.053773
-0.061474
-0.068613
-0.078363
-0.087612
-0.099555
-0.110933
-0.124341
-0.136926
-0.148937
-0.159392
-0.163385
-0.162598
-0.149137
-0.121455
-0.077452
-0.025409
0.031554
0.082361
0.122472
0.148276
0.161456
0.164208
0.159511
0.150337
0.138409
0.125731
0.112806
0.100709
0.089336
0.079204
0.070015
0.061999
0.054851
0.048664
0.043187
0.038449
0.034266
0.030636
0.027429
0.024632
0.022156
0.019983
0.018055
0.016351
0.014835
0.013487
0.012283
0.011205
0.010240
0.009371
0.008591
0.007883
0.007248
0.006665
0.006146
0.005661
0.005234
0.004827
0.004476
0.004129
0.003841
0.003541
0.003307
0.003041
0.002857
0.002614
0.002476
0.002246
0.002153
0.001926
0.001880
0.001644
0.001650
0.001392
0.001459
0.001164
0.001302
0.000952
0.001179
0.000740
0.001130
0.000385
-0.009334
-0.006599
-0.012812
-0.010352
-0.014673
-0.013200
-0.016828
-0.016443
-0.019863
-0.020481
-0.024041
-0.025653
-0.029705
-0.032408
-0.037358
-0.041371
-0.047716
-0.053395
-0.061753
-0.069611
-0.080696
-0.091370
-0.105805
-0.119862
-0.137546
-0.154862
-0.173272
-0.191337
-0.202512
-0.210373
-0.202366
-0.172323
-0.115577
-0.044061
0.035480
0.105475
0.157600
0.188053
0.200423
0.199195
0.188899
0.173907
0.156473
0.139133
0.122358
0.107283
0.093615
0.081795
0.071359
0.062460
0.054686
0.048073
0.042312
0.037397
0.033110
0.029431
0.026212
0.023429
0.020985
0.018856
0.016978
0.015329
0.013869
0.012577
0.011428
0.010403
0.009490
0.008669
0.007935
0.007270
0.006676
0.006132
0.005647
0.005197
0.004800
0.004423
0.004098
0.003778
0.003512
0.003235
0.003020
0.002776
0.002606
0.002384
0.002257
0.002047
0.001961
0.001753
0.001711
0.001496
0.001501
0.001266
0.001326
0.001058
0.001183
0.000864
0.001071
0.000672
0.001027
0.000348
-0.008509
-0.006034
-0.011699
-0.009485
-0.013437
-0.012137
-0.015479
-0.015190
-0.018380
-0.019038
-0.022415
-0.024035
-0.027960
-0.030671
-0.035586
-0.039658
-0.046145
-0.052032
-0.060882
-0.069286
-0.081550
-0.093475
-0.110383
-0.127077
-0.149474
-0.171949
-0.198124
-0.225591
-0.245477
-0.265837
-0.265000
-0.225981
-0.146982
-0.047681
0.063837
0.159690
0.224881
0.255666
0.260049
0.247486
0.225549
0.200572
0.175028
0.151597
0.130273
0.111971
0.096003
0.082616
0.071115
0.061526
0.053315
0.046450
0.040559
0.035600
0.031324
0.027693
0.024544
0.021845
0.019490
0.017453
0.015666
0.014105
0.012729
0.011517
0.010443
0.009490
0.008641
0.007881
0.007204
0.006592
0.006046
0.005547
0.005104
0.004692
0.004330
0.003987
0.003691
0.003401
0.003159
0.002909
0.002714
0.002493
0.002339
0.002139
0.002024
0.001835
0.001757
0.001571
0.001532
0.001339
0.001344
0.001133
0.001187
0.000946
0.001058
0.000773
0.000958
0.000600
0.000918
0.000311
-0.007585
-0.005393
-0.010444
-0.008492
-0.012025
-0.010897
-0.013904
-0.013694
-0.016595
-0.017255
-0.020373
-0.021937
-0.025633
-0.028251
-0.032987
-0.036967
-0.043396
-0.049269
-0.058352
-0.066994
-0.080158
-0.092961
-0.112218
-0.131286
-0.159003
-0.187153
-0.223936
-0.264638
-0.299491
-0.347652
-0.371433
-0.331703
-0.224340
-0.082415
0.079085
0.216386
0.301682
0.333673
0.328644
0.302709
0.266662
0.229342
0.193836
0.163126
0.136637
0.114879
0.096625
0.081801
0.069417
0.059329
0.050867
0.043912
0.038034
0.033150
0.028988
0.025488
0.022481
0.019924
0.017709
0.015804
0.014143
0.012700
0.011433
0.010322
0.009341
0.008473
0.007703
0.007015
0.006404
0.005853
0.005362
0.004914
0.004517
0.004150
0.003827
0.003521
0.003257
0.002999
0.002785
0.002563
0.002390
0.002195
0.002058
0.001881
0.001779
0.001613
0.001544
0.001380
0.001346
0.001176
0.001179
0.000995
0.001041
0.000830
0.000928
0.000678
0.000840
0.000526
0.000805
0.000272
-0.006583
-0.004693
-0.009077
-0.007402
-0.010477
-0.009526
-0.012161
-0.012020
-0.014589
-0.015228
-0.018031
-0.019495
-0.022878
-0.025331
-0.029763
-0.033534
-0.039713
-0.045382
-0.054408
-0.062985
-0.076643
-0.089872
-0.111046
-0.131924
-0.165009
-0.198473
-0.248259
-0.303745
-0.358673
-0.454485
-0.506547
-0.434340
-0.271143
-0.085563
0.124941
0.315739
0.432744
0.459121
0.424558
0.367172
0.306477
0.252456
0.205836
0.168141
0.137288
0.112979
0.093294
0.077767
0.065121
0.055036
0.046730
0.040009
0.034407
0.029805
0.025923
0.022689
0.019930
0.017600
0.015594
0.013878
0.012389
0.011100
0.009973
0.008987
0.008120
0.007354
0.006677
0.006074
0.005538
0.005056
0.004628
0.004238
0.003893
0.003573
0.003293
0.003028
0.002800
0.002576
0.002391
0.002199
0.002050
0.001882
0.001764
0.001612
0.001524
0.001381
0.001322
0.001181
0.001152
0.001006
0.001009
0.000851
0.000890
0.000710
0.000793
0.000579
0.000718
0.000450
0.000687
0.000232
-0.005495
-0.003924
-0.007585
-0.006197
-0.008769
-0.007991
-0.010206
-0.010113
-0.012290
-0.012862
-0.015264
-0.016552
-0.019495
-0.021658
-0.025587
-0.028942
-0.034553
-0.039677
-0.048135
-0.056065
-0.069417
-0.082065
-0.103999
-0.124982
-0.162216
-0.198399
-0.262433
-0.329915
-0.417865
-0.596365
-0.677598
-0.543163
-0.308589
-0.099745
0.113136
0.328467
0.496327
0.563707
0.530892
0.447405
0.355253
0.277159
0.215201
0.168964
0.133671
0.107303
0.086840
0.071215
0.058827
0.049156
0.041336
0.035103
0.029974
0.025809
0.022329
0.019453
0.017019
0.014976
0.013227
0.011739
0.010453
0.009345
0.008380
0.007538
0.006800
0.006150
0.005577
0.005067
0.004616
0.004210
0.003850
0.003523
0.003234
0.002967
0.002732
0.002511
0.002321
0.002135
0.001980
0.001821
0.001697
0.001557
0.001459
0.001333
0.001260
0.001142
0.001092
0.000976
0.000951
0.000831
0.000833
0.000702
0.000735
0.000586
0.000655
0.000478
0.000592
0.000371
0.000567
0.000191
-0.004352
-0.003113
-0.006012
-0.004923
-0.006965
-0.006364
-0.008132
-0.008080
-0.009833
-0.010321
-0.012278
-0.013357
-0.015790
-0.017603
-0.020909
-0.023744
-0.028571
-0.032956
-0.040448
-0.047362
-0.059673
-0.071003
-0.092412
-0.112022
-0.151559
-0.187693
-0.265737
-0.339595
-0.484887
-0.746174
-0.695883
-0.294743
0.008588
0.057908
0.090084
0.202506
0.371705
0.505711
0.526308
0.459102
0.360942
0.273359
0.204794
0.155641
0.119767
0.094038
0.074749
0.060429
0.049334
0.040832
0.034065
0.028741
0.024407
0.020919
0.018028
0.015654
0.013656
0.011987
0.010565
0.009359
0.008320
0.007427
0.006651
0.005977
0.005386
0.004866
0.004409
0.004003
0.003643
0.003321
0.003035
0.002776
0.002546
0.002335
0.002149
0.001975
0.001824
0.001677
0.001555
0.001430
0.001332
0.001222
0.001145
0.001046
0.000988
0.000895
0.000856
0.000765
0.000745
0.000651
0.000653
0.000550
0.000575
0.000459
0.000513
0.000374
0.000464
0.000290
0.000444
0.000150
-0.003142
-0.002250
-0.004345
-0.003560
-0.005036
-0.004606
-0.005886
-0.005855
-0.007130
-0.007492
-0.008925
-0.009721
-0.011517
-0.012859
-0.015329
-0.017438
-0.021107
-0.024393
-0.030233
-0.035462
-0.045423
-0.054076
-0.072362
-0.087533
-0.123867
-0.152740
-0.230838
-0.294562
-0.469660
-0.637513
-0.257767
0.223661
0.199897
-0.077142
-0.204789
-0.123917
0.115092
0.331432
0.409514
0.380143
0.301755
0.227463
0.168248
0.126167
0.095723
0.074205
0.058290
0.046643
0.037737
0.030995
0.025685
0.021546
0.018205
0.015536
0.013337
0.011543
0.010040
0.008790
0.007729
0.006833
0.006064
0.005404
0.004833
0.004337
0.003904
0.003524
0.003190
0.002894
0.002632
0.002398
0.002190
0.002002
0.001836
0.001683
0.001548
0.001422
0.001313
0.001207
0.001119
0.001029
0.000958
0.000879
0.000823
0.000752
0.000710
0.000643
0.000615
0.000550
0.000535
0.000468
0.000469
0.000395
0.000413
0.000329
0.000368
0.000269
0.000333
0.000208
0.000319
0.000107
-0.001907
-0.001367
-0.002638
-0.002166
-0.003063
-0.002808
-0.003590
-0.003580
-0.004364
-0.004598
-0.005486
-0.005991
-0.007118
-0.007968
-0.009536
-0.010876
-0.013239
-0.015335
-0.019171
-0.022508
-0.029236
-0.034730
-0.047575
-0.057113
-0.083780
-0.102288
-0.160917
-0.206617
-0.339512
-0.334405
0.105415
0.349509
0.162176
-0.090584
-0.203916
-0.183934
-0.035001
0.151893
0.248866
0.246087
0.195700
0.147371
0.108338
0.080841
0.060896
0.046882
0.036561
0.029069
0.023384
0.019115
0.015778
0.013194
0.011120
0.009471
0.008118
0.007017
0.006097
0.005334
0.004687
0.004142
0.003674
0.003273
0.002926
0.002625
0.002362
0.002131
0.001929
0.001749
0.001591
0.001449
0.001323
0.001209
0.001108
0.001016
0.000934
0.000858
0.000792
0.000728
0.000675
0.000620
0.000577
0.000530
0.000496
0.000453
0.000428
0.000388
0.000371
0.000331
0.000322
0.000282
0.000282
0.000238
0.000249
0.000198
0.000222
0.000162
0.000200
0.000125
0.000192
0.000065
-0.000634
-0.000454
-0.000877
-0.000718
-0.001016
-0.000929
-0.001187
-0.001181
-0.001438
-0.001511
-0.001801
-0.001962
-0.002328
-0.002600
-0.003109
-0.003538
-0.004309
-0.004982
-0.006247
-0.007321
-0.009589
-0.011363
-0.015832
-0.018942
-0.028540
-0.034879
-0.056312
-0.073834
-0.120465
-0.079593
0.098289
0.118570
0.001284
-0.075685
-0.088052
-0.081967
-0.046098
0.032959
0.086257
0.088611
0.069778
0.052348
0.038314
0.028559
0.021467
0.016495
0.012829
0.010173
0.008159
0.006649
0.005471
0.004561
0.003832
0.003254
0.002781
0.002397
0.002077
0.001813
0.001589
0.001401
0.001241
0.001103
0.000985
0.000882
0.000793
0.000715
0.000647
0.000586
0.000532
0.000485
0.000442
0.000404
0.000370
0.000339
0.000312
0.000287
0.000265
0.000243
0.000225
0.000207
0.000193
0.000177
0.000166
0.000151
0.000143
0.000129
0.000124
0.000111
0.000108
0.000094
0.000094
0.000079
0.000083
0.000066
0.000074
0.000054
0.000067
0.000042
0.000064
0.000022
0.000634
0.000454
0.000877
0.000718
0.001016
0.000929
0.001187
0.001181
0.001438
0.001511
0.001801
0.001962
0.002328
0.002600
0.003109
0.003538
0.004309
0.004982
0.006247
0.007321
0.009589
0.011363
0.015832
0.018942
0.028540
0.034879
0.056312
0.073834
0.120465
0.079593
-0.098289
-0.118570
-0.001284
0.075685
0.088052
0.081967
0.046098
-0.032959
-0.086257
-0.088611
-0.069778
-0.052348
-0.038314
-0.028559
-0.021467
-0.016495
-0.012829
-0.010173
-0.008159
-0.006649
-0.005471
-0.004561
-0.003832
-0.003254
-0.002781
-0.002397
-0.002077
-0.001813
-0.001589
-0.001401
-0.001241
-0.001103
-0.000985
-0.000882
-0.000793
-0.000715
-0.000647
-0.000586
-0.000532
-0.000485
-0.000442
-0.000404
-0.000370
-0.000339
-0.000312
-0.000287
-0.000265
-0.000243
-0.000225
-0.000207
-0.000193
-0.000177
-0.000166
-0.000151
-0.000143
-0.000129
-0.000124
-0.000111
-0.000108
-0.000094
-0.000094
-0.000079
-0.000083
-0.000066
-0.000074
-0.000054
-0.000067
-0.000042
-0.000064
-0.000022
0.001907
0.001367
0.002638
0.002166
0.003063
0.002808
0.003590
0.003580
0.004364
0.004598
0.005486
0.005991
0.007118
0.007968
0.009536
0.010876
0.013239
0.015335
0.019171
0.022508
0.029236
0.034730
0.047575
0.057113
0.083780
0.102288
0.160917
0.206617
0.339512
0.334405
-0.105415
-0.349509
-0.162176
0.090584
0.203916
0.183934
0.035001
-0.151893
-0.248866
-0.246087
-0.195700
-0.147371
-0.108338
-0.080841
-0.060896
-0.046882
-0.036561
-0.029069
-0.023384
-0.019115
-0.015778
-0.013194
-0.011120
-0.009471
-0.008118
-0.007017
-0.006097
-0.005334
-0.004687
-0.004142
-0.003674
-0.003273
-0.002926
-0.002625
-0.002362
-0.002131
-0.001929
-0.001749
-0.001591
-0.001449
-0.001323
-0.001209
-0.001108
-0.001016
-0.000934
-0.000858
-0.000792
-0.000728
-0.000675
-0.000620
-0.000577
-0.000530
-0.000496
-0.000453
-0.000428
-0.000388
-0.000371
-0.000331
-0.000322
-0.000282
-0.000282
-0.000238
-0.000249
-0.000198
-0.000222
-0.000162
-0.000200
-0.000125
-0.000192
-0.000065
0.003142
0.002250
0.004345
0.003560
0.005036
0.004606
0.005886
0.005855
0.007130
0.007492
0.008925
0.009721
0.011517
0.012859
0.015329
0.017438
0.021107
0.024393
0.030233
0.035462
0.045423
0.054076
0.072362
0.087533
0.123867
0.152740
0.230838
0.294562
0.469660
0.637513
0.257767
-0.223661
-0.199897
0.077142
0.204789
0.123917
-0.115092
-0.331432
-0.409514
-0.380143
-0.301755
-0.227463
-0.168248
-0.126167
-0.095723
-0.074205
-0.058290
-0.046643
-0.037737
-0.030995
-0.025685
-0.021546
-0.018205
-0.015536
-0.013337
-0.011543
-0.010040
-0.008790
-0.007729
-0.006833
-0.006064
-0.005404
-0.004833
-0.004337
-0.003904
-0.003524
-0.003190
-0.002894
-0.002632
-0.002398
-0.002190
-0.002002
-0.001836
-0.001683
-0.001548
-0.001422
-0.001313
-0.001207
-0.001119
-0.001029
-0.000958
-0.000879
-0.000823
-0.000752
-0.000710
-0.000643
-0.000615
-0.000550
-0.000535
-0.000468
-0.000469
-0.000395
-0.000413
-0.000329
-0.000368
-0.000269
-0.000333
-0.000208
-0.000319
-0.000107
0.004352
0.003113
0.006012
0.004923
0.006965
0.006364
0.008132
0.008080
0.009833
0.010321
0.012278
0.013357
0.015790
0.017603
0.020909
0.023744
0.028571
0.032956
0.040448
0.047362
0.059673
0.071003
0.092412
0.112022
0.151559
0.187693
0.265737
0.339595
0.484887
0.746174
0.695883
0.294743
-0.008588
-0.057908
-0.090084
-0.202506
-0.371705
-0.505711
-0.526308
-0.459102
-0.360942
-0.273359
-0.204794
-0.155641
-0.119767
-0.094038
-0.074749
-0.060429
-0.049334
-0.040832
-0.034065
-0.028741
-0.024407
-0.020919
-0.018028
-0.015654
-0.013656
-0.011987
-0.010565
-0.009359
-0.008320
-0.007427
-0.006651
-0.005977
-0.005386
-0.004866
-0.004409
-0.004003
-0.003643
-0.003321
-0.003035
-0.002776
-0.002546
-0.002335
-0.002149
-0.001975
-0.001824
-0.001677
-0.001555
-0.001430
-0.001332
-0.001222
-0.001145
-0.001046
-0.000988
-0.000895
-0.000856
-0.000765
-0.000745
-0.000651
-0.000653
-0.000550
-0.000575
-0.000459
-0.000513
-0.000374
-0.000464
-0.000290
-0.000444
-0.000150
0.005495
0.003924
0.007585
0.006197
0.008769
0.007991
0.010206
0.010113
0.012290
0.012862
0.015264
0.016552
0.019495
0.021658
0.025587
0.028942
0.034553
0.039677
0.048135
0.056065
0.069417
0.082065
0.103999
0.124982
0.162216
0.198399
0.262433
0.329915
0.417865
0.596365
0.677598
0.543163
0.308589
0.099745
-0.113136
-0.328467
-0.496327
-0.563707
-0.530892
-0.447405
-0.355253
-0.277159
-0.215201
-0.168964
-0.133671
-0.107303
-0.086840
-0.071215
-0.058827
-0.049156
-0.041336
-0.035103
-0.029974
-0.025809
-0.022329
-0.019453
-0.017019
-0.014976
-0.013227
-0.011739
-0.010453
-0.009345
-0.008380
-0.007538
-0.006800
-0.006150
-0.005577
-0.005067
-0.004616
-0.004210
-0.003850
-0.003523
-0.003234
-0.002967
-0.002732
-0.002511
-0.002321
-0.002135
-0.001980
-0.001821
-0.001697
-0.001557
-0.001459
-0.001333
-0.001260
-0.001142
-0.001092
-0.000976
-0.000951
-0.000831
-0.000833
-0.000702
-0.000735
-0.000586
-0.000655
-0.000478
-0.000592
-0.000371
-0.000567
-0.000191
0.006583
0.004693
0.009077
0.007402
0.010477
0.009526
0.012161
0.012020
0.014589
0.015228
0.018031
0.019495
0.022878
0.025331
0.029763
0.033534
0.039713
0.045382
0.054408
0.062985
0.076643
0.089872
0.111046
0.131924
0.165009
0.198473
0.248259
0.303745
0.358673
0.454485
0.506547
0.434340
0.271143
0.085563
-0.124941
-0.315739
-0.432744
-0.459121
-0.424558
-0.367172
-0.306477
-0.252456
-0.205836
-0.168141
-0.137288
-0.112979
-0.093294
-0.077767
-0.065121
-0.055036
-0.046730
-0.040009
-0.034407
-0.029805
-0.025923
-0.022689
-0.019930
-0.017600
-0.015594
-0.013878
-0.012389
-0.011100
-0.009973
-0.008987
-0.008120
-0.007354
-0.006677
-0.006074
-0.005538
-0.005056
-0.004628
-0.004238
-0.003893
-0.003573
-0.003293
-0.003028
-0.002800
-0.002576
-0.002391
-0.002199
-0.002050
-0.001882
-0.001764
-0.001612
-0.001524
-0.001381
-0.001322
-0.001181
-0.001152
-0.001006
-0.001009
-0.000851
-0.000890
-0.000710
-0.000793
-0.000579
-0.000718
-0.000450
-0.000687
-0.000232
0.007585
0.005393
0.010444
0.008492
0.012025
0.010897
0.013904
0.013694
0.016595
0.017255
0.020373
0.021937
0.025633
0.028251
0.032987
0.036967
0.043396
0.049269
0.058352
0.066994
0.080158
0.092961
0.112218
0.131286
0.159003
0.187153
0.223936
0.264638
0.299491
0.347652
0.371433
0.331703
0.224340
0.082415
-0.079085
-0.216386
-0.301682
-0.333673
-0.328644
-0.302709
-0.266662
-0.229342
-0.193836
-0.163126
-0.136637
-0.114879
-0.096625
-0.081801
-0.069417
-0.059329
-0.050867
-0.043912
-0.038034
-0.033150
-0.028988
-0.025488
-0.022481
-0.019924
-0.017709
-0.015804
-0.014143
-0.012700
-0.011433
-0.010322
-0.009341
-0.008473
-0.007703
-0.007015
-0.006404
-0.005853
-0.005362
-0.004914
-0.004517
-0.004150
-0.003827
-0.003521
-0.003257
-0.002999
-0.002785
-0.002563
-0.002390
-0.002195
-0.002058
-0.001881
-0.001779
-0.001613
-0.001544
-0.001380
-0.001346
-0.001176
-0.001179
-0.000995
-0.001041
-0.000830
-0.000928
-0.000678
-0.000840
-0.000526
-0.000805
-0.000272
0.008509
0.006034
0.011699
0.009485
0.013437
0.012137
0.015479
0.015190
0.018380
0.019038
0.022415
0.024035
0.027960
0.030671
0.035586
0.039658
0.046145
0.052032
0.060882
0.069286
0.081550
0.093475
0.110383
0.127077
0.149474
0.171949
0.198124
0.225591
0.245477
0.265837
0.265000
0.225981
0.146982
0.047681
-0.063837
-0.159690
-0.224881
-0.255666
-0.260049
-0.247486
-0.225549
-0.200572
-0.175028
-0.151597
-0.130273
-0.111971
-0.096003
-0.082616
-0.071115
-0.061526
-0.053315
-0.046450
-0.040559
-0.035600
-0.031324
-0.027693
-0.024544
-0.021845
-0.019490
-0.017453
-0.015666
-0.014105
-0.012729
-0.011517
-0.010443
-0.009490
-0.008641
-0.007881
-0.007204
-0.006592
-0.006046
-0.005547
-0.005104
-0.004692
-0.004330
-0.003987
-0.003691
-0.003401
-0.003159
-0.002909
-0.002714
-0.002493
-0.002339
-0.002139
-0.002024
-0.001835
-0.001757
-0.001571
-0.001532
-0.001339
-0.001344
-0.001133
-0.001187
-0.000946
-0.001058
-0.000773
-0.000958
-0.000600
-0.000918
-0.000311
0.009334
0.006599
0.012812
0.010352
0.014673
0.013200
0.016828
0.016443
0.019863
0.020481
0.024041
0.025653
0.029705
0.032408
0.037358
0.041371
0.047716
0.053395
0.061753
0.069611
0.080696
0.091370
0.105805
0.119862
0.137546
0.154862
0.173272
0.191337
0.202512
0.210373
0.202366
0.172323
0.115577
0.044061
-0.035480
-0.105475
-0.157600
-0.188053
-0.200423
-0.199195
-0.188899
-0.173907
-0.156473
-0.139133
-0.122358
-0.107283
-0.093615
-0.081795
-0.071359
-0.062460
-0.054686
-0.048073
-0.042312
-0.037397
-0.033110
-0.029431
-0.026212
-0.023429
-0.020985
-0.018856
-0.016978
-0.015329
-0.013869
-0.012577
-0.011428
-0.010403
-0.009490
-0.008669
-0.007935
-0.007270
-0.006676
-0.006132
-0.005647
-0.005197
-0.004800
-0.004423
-0.004098
-0.003778
-0.003512
-0.003235
-0.003020
-0.002776
-0.002606
-0.002384
-0.002257
-0.002047
-0.001961
-0.001753
-0.001711
-0.001496
-0.001501
-0.001266
-0.001326
-0.001058
-0.001183
-0.000864
-0.001071
-0.000672
-0.001027
-0.000348
0.010066
0.007094
0.013792
0.011104
0.015749
0.014111
0.017982
0.017493
0.021097
0.021650
0.025336
0.026897
0.031000
0.033630
0.038513
0.042369
0.048437
0.053773
0.061474
0.068613
0.078363
0.087612
0.099555
0.110933
0.124341
0.136926
0.148937
0.159392
0.163385
0.162598
0.149137
0.121455
0.077452
0.025409
-0.031554
-0.082361
-0.122472
-0.148276
-0.161456
-0.164208
-0.159511
-0.150337
-0.138409
-0.125731
-0.112806
-0.100709
-0.089336
-0.079204
-0.070015
-0.061999
-0.054851
-0.048664
-0.043187
-0.038449
-0.034266
-0.030636
-0.027429
-0.024632
-0.022156
-0.019983
-0.018055
-0.016351
-0.014835
-0.013487
-0.012283
-0.011205
-0.010240
-0.009371
-0.008591
-0.007883
-0.007248
-0.006665
-0.006146
-0.005661
-0.005234
-0.004827
-0.004476
-0.004129
-0.003841
-0.003541
-0.003307
-0.003041
-0.002857
-0.002614
-0.002476
-0.002246
-0.002153
-0.001926
-0.001880
-0.001644
-0.001650
-0.001392
-0.001459
-0.001164
-0.001302
-0.000952
-0.001179
-0.000740
-0.001130
-0.000385
0.010695
0.007510
0.014626
0.011730
0.016649
0.014851
0.018918
0.018315
0.022053
0.022517
0.026271
0.027739
0.031826
0.034320
0.039056
0.042677
0.048386
0.053290
0.060281
0.066638
0.075109
0.082988
0.092797
0.101904
0.112081
0.121218
0.129155
0.135212
0.135932
0.132341
0.119346
0.097325
0.064028
0.025044
-0.017541
-0.056431
-0.088867
-0.111843
-0.126021
-0.132244
-0.132290
-0.128060
-0.120835
-0.112204
-0.102697
-0.093320
-0.084114
-0.075637
-0.067721
-0.060649
-0.054206
-0.048528
-0.043419
-0.038937
-0.034928
-0.031411
-0.028271
-0.025508
-0.023043
-0.020863
-0.018916
-0.017186
-0.015637
-0.014253
-0.013012
-0.011896
-0.010893
-0.009986
-0.009171
-0.008428
-0.007760
-0.007145
-0.006596
-0.006083
-0.005630
-0.005197
-0.004823
-0.004453
-0.004146
-0.003824
-0.003574
-0.003289
-0.003091
-0.002830
-0.002682
-0.002434
-0.002334
-0.002088
-0.002040
-0.001784
-0.001792
-0.001512
-0.001585
-0.001264
-0.001415
-0.001034
-0.001282
-0.000805
-0.001229
-0.000419
0.011225
0.007853
0.015320
0.012236
0.017382
0.015432
0.019654
0.018930
0.022759
0.023113
0.026887
0.028227
0.032237
0.034546
0.039064
0.042382
0.047652
0.052044
0.058250
0.063748
0.070911
0.077389
0.085158
0.092090
0.099367
0.105403
0.109839
0.112177
0.109933
0.103825
0.090571
0.071266
0.044635
0.014784
-0.017361
-0.046868
-0.072279
-0.091177
-0.103889
-0.110605
-0.112474
-0.110708
-0.106240
-0.100258
-0.093208
-0.085935
-0.078524
-0.071496
-0.064757
-0.058604
-0.052885
-0.047756
-0.043068
-0.038898
-0.035121
-0.031769
-0.028747
-0.026063
-0.023648
-0.021496
-0.019561
-0.017830
-0.016272
-0.014873
-0.013612
-0.012473
-0.011446
-0.010513
-0.009672
-0.008902
-0.008210
-0.007570
-0.006997
-0.006460
-0.005985
-0.005531
-0.005137
-0.004747
-0.004423
-0.004083
-0.003819
-0.003516
-0.003307
-0.003029
-0.002872
-0.002607
-0.002502
-0.002239
-0.002188
-0.001914
-0.001924
-0.001623
-0.001702
-0.001358
-0.001521
-0.001112
-0.001379
-0.000866
-0.001322
-0.000452
0.011655
0.008121
0.015873
0.012624
0.017951
0.015860
0.020196
0.019352
0.023234
0.023467
0.027222
0.028415
0.032315
0.034416
0.038692
0.041690
0.046525
0.050417
0.055908
0.060631
0.066695
0.072018
0.078225
0.083550
0.088864
0.092935
0.095434
0.096003
0.092898
0.086701
0.075166
0.059493
0.038558
0.015295
-0.009759
-0.033170
-0.054016
-0.070393
-0.082378
-0.089831
-0.093427
-0.093901
-0.091899
-0.088302
-0.083482
-0.078149
-0.072422
-0.066783
-0.061200
-0.055971
-0.050999
-0.046454
-0.042229
-0.038414
-0.034913
-0.031767
-0.028902
-0.026331
-0.023999
-0.021904
-0.020006
-0.018298
-0.016751
-0.015354
-0.014089
-0.012941
-0.011901
-0.010953
-0.010096
-0.009308
-0.008597
-0.007939
-0.007348
-0.006793
-0.006301
-0.005828
-0.005419
-0.005012
-0.004674
-0.004318
-0.004042
-0.003723
-0.003505
-0.003212
-0.003047
-0.002768
-0.002657
-0.002379
-0.002326
-0.002035
-0.002046
-0.001727
-0.001812
-0.001446
-0.001620
-0.001185
-0.001469
-0.000923
-0.001409
-0.000483
0.011987
0.008318
0.016289
0.012896
0.018359
0.016138
0.020549
0.019582
0.023479
0.023578
0.027275
0.028298
0.032044
0.033904
0.037892
0.040532
0.044889
0.048242
0.052991
0.056915
0.061894
0.066073
0.070803
0.074597
0.078111
0.080362
0.081077
0.079980
0.075856
0.069191
0.058511
0.044957
0.027807
0.009278
-0.010439
-0.028889
-0.045608
-0.059111
-0.069454
-0.076358
-0.080267
-0.081616
-0.080866
-0.078653
-0.075269
-0.071280
-0.066799
-0.062244
-0.057609
-0.053170
-0.048864
-0.044861
-0.041080
-0.037619
-0.034403
-0.031480
-0.028791
-0.026355
-0.024127
-0.022109
-0.020269
-0.018600
-0.017082
-0.015701
-0.014446
-0.013301
-0.012260
-0.011307
-0.010441
-0.009644
-0.008922
-0.008251
-0.007647
-0.007078
-0.006574
-0.006087
-0.005666
-0.005245
-0.004896
-0.004526
-0.004241
-0.003909
-0.003682
-0.003376
-0.003205
-0.002912
-0.002798
-0.002506
-0.002452
-0.002145
-0.002158
-0.001822
-0.001913
-0.001527
-0.001711
-0.001251
-0.001552
-0.000976
-0.001489
-0.000512
0.012228
0.008449
0.016580
0.013067
0.018625
0.016289
0.020743
0.019660
0.023546
0.023512
0.027133
0.027986
0.031570
0.033197
0.036910
0.039218
0.043149
0.046030
0.050161
0.053432
0.057571
0.060892
0.064581
0.067349
0.069758
0.070997
0.070890
0.069220
0.065143
0.059059
0.049931
0.038717
0.024834
0.009914
-0.005963
-0.021019
-0.034954
-0.046610
-0.055974
-0.062725
-0.067116
-0.069386
-0.069842
-0.068941
-0.066903
-0.064182
-0.060883
-0.057369
-0.053654
-0.049994
-0.046355
-0.042903
-0.039584
-0.036498
-0.033590
-0.030914
-0.028424
-0.026146
-0.024043
-0.022123
-0.020359
-0.018748
-0.017273
-0.015924
-0.014690
-0.013560
-0.012528
-0.011578
-0.010713
-0.009913
-0.009186
-0.008508
-0.007898
-0.007320
-0.006807
-0.006310
-0.005880
-0.005448
-0.005091
-0.004710
-0.004417
-0.004074
-0.003840
-0.003523
-0.003347
-0.003043
-0.002925
-0.002621
-0.002566
-0.002246
-0.002261
-0.001909
-0.002005
-0.001601
-0.001794
-0.001313
-0.001629
-0.001025
-0.001563
-0.000539
0.012377
0.008514
0.016744
0.013134
0.018744
0.016306
0.020769
0.019572
0.023415
0.023242
0.026757
0.027427
0.030821
0.032195
0.035607
0.037564
0.041050
0.043443
0.046952
0.049564
0.052882
0.055358
0.058051
0.059825
0.061179
0.061421
0.060466
0.058127
0.053844
0.047943
0.039741
0.030038
0.018440
0.006195
-0.006704
-0.018940
-0.030372
-0.040098
-0.048127
-0.054141
-0.058313
-0.060762
-0.061707
-0.061468
-0.060213
-0.058296
-0.055804
-0.053038
-0.050021
-0.046976
-0.043886
-0.040901
-0.037988
-0.035240
-0.032619
-0.030180
-0.027888
-0.025770
-0.023799
-0.021984
-0.020305
-0.018762
-0.017339
-0.016031
-0.014830
-0.013722
-0.012707
-0.011769
-0.010911
-0.010115
-0.009390
-0.008710
-0.008097
-0.007515
-0.006997
-0.006494
-0.006058
-0.005619
-0.005255
-0.004866
-0.004567
-0.004216
-0.003977
-0.003651
-0.003471
-0.003157
-0.003037
-0.002722
-0.002666
-0.002334
-0.002351
-0.001986
-0.002087
-0.001666
-0.001869
-0.001368
-0.001697
-0.001069
-0.001629
-0.000564
0.012448
0.008525
0.016801
0.013118
0.018747
0.016225
0.020673
0.019375
0.023159
0.022859
0.026261
0.026763
0.029976
0.031125
0.034269
0.035922
0.039036
0.041031
0.044049
0.046159
0.048878
0.050763
0.052801
0.053965
0.054738
0.054507
0.053275
0.050863
0.046909
0.041658
0.034638
0.026471
0.016861
0.006741
-0.003915
-0.014126
-0.023798
-0.032229
-0.039400
-0.045023
-0.049190
-0.051947
-0.053434
-0.053875
-0.053391
-0.052257
-0.050546
-0.048508
-0.046170
-0.043729
-0.041180
-0.038664
-0.036159
-0.033758
-0.031434
-0.029244
-0.027161
-0.025217
-0.023390
-0.021694
-0.020113
-0.018648
-0.017290
-0.016033
-0.014872
-0.013797
-0.012806
-0.011887
-0.011043
-0.010256
-0.009538
-0.008862
-0.008251
-0.007668
-0.007149
-0.006643
-0.006204
-0.005761
-0.005393
-0.004998
-0.004696
-0.004337
-0.004096
-0.003761
-0.003579
-0.003257
-0.003135
-0.002811
-0.002755
-0.002413
-0.002432
-0.002055
-0.002160
-0.001726
-0.001936
-0.001418
-0.001759
-0.001109
-0.001689
-0.000587
0.012436
0.008478
0.016747
0.013012
0.018624
0.016031
0.020435
0.019041
0.022743
0.022314
0.025583
0.025911
0.028925
0.029840
0.032703
0.034045
0.036779
0.038371
0.040901
0.042508
0.044641
0.045941
0.047337
0.047891
0.048072
0.047330
0.045737
0.043120
0.039268
0.034366
0.028116
0.021010
0.012849
0.004352
-0.004520
-0.013023
-0.021117
-0.028251
-0.034424
-0.039381
-0.043188
-0.045847
-0.047458
-0.048175
-0.048088
-0.047408
-0.046192
-0.044645
-0.042793
-0.040802
-0.038674
-0.036533
-0.034368
-0.032262
-0.030199
-0.028232
-0.026343
-0.024563
-0.022876
-0.021296
-0.019814
-0.018431
-0.017142
-0.015941
-0.014826
-0.013788
-0.012828
-0.011932
-0.011108
-0.010335
-0.009628
-0.008960
-0.008355
-0.007776
-0.007259
-0.006753
-0.006315
-0.005869
-0.005501
-0.005103
-0.004798
-0.004435
-0.004191
-0.003852
-0.003668
-0.003339
-0.003217
-0.002885
-0.002830
-0.002479
-0.002500
-0.002113
-0.002223
-0.001776
-0.001993
-0.001460
-0.001812
-0.001143
-0.001740
-0.000607
0.012362
0.008389
0.016608
0.012844
0.018412
0.015768
0.020110
0.018637
0.022249
0.021708
0.024847
0.025024
0.027858
0.028574
0.031197
0.032285
0.034713
0.035991
0.038153
0.039396
0.041120
0.042034
0.043037
0.043250
0.043151
0.042223
0.040600
0.038101
0.034623
0.030283
0.024894
0.018823
0.011934
0.004763
-0.002715
-0.009940
-0.016880
-0.023106
-0.028601
-0.033150
-0.036781
-0.039476
-0.041292
-0.042336
-0.042668
-0.042451
-0.041729
-0.040668
-0.039292
-0.037743
-0.036030
-0.034262
-0.032434
-0.030625
-0.028825
-0.027085
-0.025394
-0.023783
-0.022243
-0.020787
-0.019410
-0.018117
-0.016902
-0.015764
-0.014702
-0.013707
-0.012783
-0.011916
-0.011116
-0.010362
-0.009670
-0.009014
-0.008419
-0.007846
-0.007335
-0.006832
-0.006397
-0.005951
-0.005584
-0.005184
-0.004879
-0.004514
-0.004269
-0.003926
-0.003741
-0.003408
-0.003286
-0.002948
-0.002894
-0.002536
-0.002559
-0.002163
-0.002277
-0.001820
-0.002043
-0.001497
-0.001859
-0.001173
-0.001786
-0.000625
0.012217
0.008252
0.016375
0.012603
0.018096
0.015414
0.019672
0.018127
0.021630
0.020980
0.023975
0.024001
0.026644
0.027160
0.029536
0.030369
0.032489
0.033454
0.035251
0.036130
0.037450
0.037977
0.038582
0.038437
0.038025
0.036859
0.035119
0.032620
0.029341
0.025356
0.020563
0.015242
0.009313
0.003185
-0.003161
-0.009295
-0.015199
-0.020539
-0.025303
-0.029313
-0.032587
-0.035093
-0.036870
-0.037993
-0.038504
-0.038527
-0.038095
-0.037343
-0.036291
-0.035059
-0.033654
-0.032173
-0.030614
-0.029048
-0.027470
-0.025926
-0.024411
-0.022953
-0.021548
-0.020209
-0.018934
-0.017727
-0.016587
-0.015513
-0.014505
-0.013556
-0.012671
-0.011837
-0.011064
-0.010333
-0.009660
-0.009020
-0.008437
-0.007874
-0.007371
-0.006874
-0.006443
-0.006001
-0.005636
-0.005238
-0.004934
-0.004568
-0.004325
-0.003979
-0.003795
-0.003458
-0.003337
-0.002995
-0.002942
-0.002579
-0.002604
-0.002202
-0.002319
-0.001854
-0.002082
-0.001527
-0.001896
-0.001197
-0.001821
-0.000640
0.012024
0.008084
0.016079
0.012319
0.017717
0.015016
0.019179
0.017579
0.020972
0.020233
0.023091
0.022992
0.025467
0.025819
0.027990
0.028621
0.030501
0.031230
0.032760
0.033387
0.034438
0.034725
0.035104
0.034783
0.034255
0.033048
0.031383
0.029060
0.026119
0.022585
0.018417
0.013812
0.008729
0.003472
-0.001962
-0.007252
-0.012373
-0.017066
-0.021313
-0.024964
-0.028020
-0.030448
-0.032267
-0.033524
-0.034247
-0.034531
-0.034399
-0.033960
-0.033230
-0.032310
-0.031209
-0.030011
-0.028718
-0.027392
-0.026033
-0.024685
-0.023346
-0.022043
-0.020774
-0.019555
-0.018384
-0.017267
-0.016206
-0.015199
-0.014249
-0.013350
-0.012507
-0.011709
-0.010967
-0.010261
-0.009610
-0.008988
-0.008420
-0.007869
-0.007377
-0.006888
-0.006465
-0.006027
-0.005667
-0.005271
-0.004971
-0.004605
-0.004364
-0.004018
-0.003835
-0.003497
-0.003377
-0.003032
-0.002981
-0.002614
-0.002641
-0.002233
-0.002354
-0.001882
-0.002115
-0.001551
-0.001927
-0.001218
-0.001852
-0.000653
0.011773
0.007879
0.015707
0.011977
0.017256
0.014549
0.018598
0.016953
0.020221
0.019398
0.022111
0.021889
0.024190
0.024382
0.026346
0.026778
0.028416
0.028914
0.030178
0.030553
0.031333
0.031375
0.031516
0.030998
0.030318
0.029021
0.027356
0.025117
0.022390
0.019166
0.015452
0.011388
0.006964
0.002408
-0.002273
-0.006832
-0.011250
-0.015323
-0.019035
-0.022264
-0.025009
-0.027235
-0.028952
-0.030193
-0.030976
-0.031374
-0.031403
-0.031150
-0.030629
-0.029924
-0.029042
-0.028055
-0.026968
-0.025834
-0.024656
-0.023472
-0.022284
-0.021117
-0.019971
-0.018860
-0.017786
-0.016755
-0.015769
-0.014828
-0.013936
-0.013087
-0.012288
-0.011527
-0.010817
-0.010140
-0.009513
-0.008911
-0.008360
-0.007825
-0.007345
-0.006866
-0.006452
-0.006022
-0.005668
-0.005277
-0.004981
-0.004618
-0.004380
-0.004035
-0.003855
-0.003516
-0.003398
-0.003052
-0.003003
-0.002634
-0.002663
-0.002253
-0.002375
-0.001900
-0.002136
-0.001567
-0.001947
-0.001232
-0.001872
-0.000662
0.011489
0.007653
0.015292
0.011608
0.016754
0.014058
0.017987
0.016314
0.019459
0.018572
0.021151
0.020833
0.022982
0.023047
0.024840
0.025120
0.026573
0.026903
0.027977
0.028184
0.028792
0.028692
0.028711
0.028114
0.027405
0.026137
0.024583
0.022524
0.020079
0.017209
0.013952
0.010396
0.006557
0.002597
-0.001465
-0.005443
-0.009312
-0.012917
-0.016234
-0.019166
-0.021703
-0.023811
-0.025491
-0.026766
-0.027643
-0.028177
-0.028380
-0.028322
-0.028012
-0.027520
-0.026855
-0.026076
-0.025190
-0.024243
-0.023242
-0.022220
-0.021181
-0.020147
-0.019123
-0.018120
-0.017144
-0.016199
-0.015289
-0.014415
-0.013582
-0.012784
-0.012030
-0.011309
-0.010634
-0.009986
-0.009385
-0.008805
-0.008274
-0.007755
-0.007289
-0.006823
-0.006419
-0.005997
-0.005651
-0.005266
-0.004976
-0.004617
-0.004382
-0.004040
-0.003863
-0.003526
-0.003410
-0.003064
-0.003017
-0.002647
-0.002678
-0.002266
-0.002391
-0.001913
-0.002152
-0.001580
-0.001963
-0.001243
-0.001888
-0.000671
0.011157
0.007399
0.014818
0.011197
0.016190
0.013517
0.017312
0.015620
0.018632
0.017688
0.020125
0.019716
0.021710
0.021654
0.023276
0.023409
0.024677
0.024842
0.025727
0.025766
0.026198
0.025949
0.025832
0.025137
0.024367
0.023088
0.021587
0.019640
0.017392
0.014780
0.011869
0.008711
0.005338
0.001869
-0.001671
-0.005141
-0.008517
-0.011677
-0.014599
-0.017205
-0.019483
-0.021405
-0.022967
-0.024183
-0.025059
-0.025634
-0.025919
-0.025967
-0.025788
-0.025437
-0.024923
-0.024295
-0.023562
-0.022763
-0.021904
-0.021015
-0.020101
-0.019183
-0.018265
-0.017360
-0.016472
-0.015606
-0.014768
-0.013958
-0.013182
-0.012435
-0.011726
-0.011045
-0.010405
-0.009788
-0.009214
-0.008658
-0.008148
-0.007647
-0.007197
-0.006745
-0.006353
-0.005941
-0.005605
-0.005227
-0.004944
-0.004590
-0.004361
-0.004023
-0.003850
-0.003515
-0.003403
-0.003059
-0.003014
-0.002645
-0.002678
-0.002266
-0.002393
-0.001915
-0.002155
-0.001583
-0.001967
-0.001247
-0.001892
-0.000675
0.010805
0.007133
0.014318
0.010773
0.015605
0.012970
0.016628
0.014932
0.017815
0.016832
0.019141
0.018663
0.020523
0.020374
0.021856
0.021881
0.023007
0.023058
0.023809
0.023743
0.024066
0.023741
0.023563
0.022845
0.022090
0.020871
0.019485
0.017702
0.015684
0.013347
0.010776
0.007988
0.005031
0.001983
-0.001120
-0.004177
-0.007158
-0.009971
-0.012591
-0.014956
-0.017050
-0.018847
-0.020341
-0.021539
-0.022442
-0.023081
-0.023460
-0.023623
-0.023577
-0.023368
-0.023004
-0.022525
-0.021940
-0.021284
-0.020563
-0.019803
-0.019011
-0.018205
-0.017391
-0.016581
-0.015779
-0.014991
-0.014224
-0.013477
-0.012758
-0.012062
-0.011399
-0.010758
-0.010153
-0.009568
-0.009022
-0.008491
-0.008003
-0.007521
-0.007088
-0.006651
-0.006272
-0.005872
-0.005545
-0.005176
-0.004900
-0.004554
-0.004330
-0.003997
-0.003828
-0.003498
-0.003388
-0.003047
-0.003004
-0.002638
-0.002673
-0.002263
-0.002390
-0.001914
-0.002154
-0.001583
-0.001967
-0.001248
-0.001893
-0.000679
0.010416
0.006846
0.013773
0.010318
0.014973
0.012387
0.015898
0.014206
0.016954
0.015938
0.018114
0.017573
0.019298
0.019062
0.020405
0.020326
0.021312
0.021251
0.021870
0.021697
0.021908
0.021499
0.021249
0.020493
0.019727
0.018536
0.017223
0.015556
0.013709
0.011584
0.009279
0.006789
0.004172
0.001479
-0.001251
-0.003943
-0.006567
-0.009053
-0.011377
-0.013489
-0.015373
-0.017008
-0.018386
-0.019511
-0.020382
-0.021022
-0.021434
-0.021654
-0.021685
-0.021565
-0.021302
-0.020930
-0.020456
-0.019910
-0.019298
-0.018643
-0.017953
-0.017242
-0.016519
-0.015792
-0.015067
-0.014351
-0.013649
-0.012962
-0.012297
-0.011650
-0.011031
-0.010430
-0.009861
-0.009308
-0.008791
-0.008285
-0.007820
-0.007358
-0.006944
-0.006522
-0.006158
-0.005771
-0.005455
-0.005096
-0.004830
-0.004491
-0.004275
-0.003948
-0.003784
-0.003459
-0.003353
-0.003017
-0.002976
-0.002614
-0.002651
-0.002244
-0.002372
-0.001900
-0.002140
-0.001573
-0.001955
-0.001241
-0.001882
-0.000677
0.010018
0.006556
0.013218
0.009862
0.014337
0.011811
0.015176
0.013502
0.016119
0.015088
0.017141
0.016557
0.018163
0.017866
0.019094
0.018942
0.019820
0.019685
0.020211
0.019976
0.020121
0.019677
0.019403
0.018656
0.017925
0.016805
0.015599
0.014074
0.012412
0.010503
0.008453
0.006239
0.003926
0.001541
-0.000872
-0.003262
-0.005595
-0.007820
-0.009909
-0.011827
-0.013553
-0.015072
-0.016371
-0.017454
-0.018316
-0.018976
-0.019434
-0.019717
-0.019829
-0.019801
-0.019638
-0.019370
-0.019003
-0.018562
-0.018055
-0.017502
-0.016908
-0.016290
-0.015652
-0.015005
-0.014356
-0.013709
-0.013070
-0.012441
-0.011829
-0.011230
-0.010654
-0.010093
-0.009559
-0.009038
-0.008549
-0.008070
-0.007627
-0.007187
-0.006791
-0.006386
-0.006036
-0.005662
-0.005358
-0.005010
-0.004753
-0.004423
-0.004213
-0.003894
-0.003736
-0.003416
-0.003314
-0.002983
-0.002945
-0.002588
-0.002626
-0.002224
-0.002352
-0.001884
-0.002123
-0.001562
-0.001941
-0.001234
-0.001869
-0.000676
0.009591
0.006250
0.012628
0.009383
0.013667
0.011210
0.014420
0.012771
0.015254
0.014211
0.016140
0.015520
0.017007
0.016653
0.017768
0.017547
0.018319
0.018114
0.018547
0.018249
0.018325
0.017840
0.017533
0.016782
0.016067
0.014994
0.013865
0.012449
0.010932
0.009196
0.007354
0.005369
0.003310
0.001188
-0.000950
-0.003070
-0.005139
-0.007117
-0.008980
-0.010699
-0.012256
-0.013637
-0.014830
-0.015838
-0.016655
-0.017295
-0.017758
-0.018065
-0.018219
-0.018245
-0.018149
-0.017953
-0.017664
-0.017304
-0.016880
-0.016407
-0.015894
-0.015353
-0.014790
-0.014213
-0.013630
-0.013045
-0.012465
-0.011889
-0.011327
-0.010773
-0.010240
-0.009716
-0.009218
-0.008729
-0.008269
-0.007816
-0.007397
-0.006978
-0.006602
-0.006215
-0.005880
-0.005522
-0.005230
-0.004894
-0.004647
-0.004328
-0.004126
-0.003815
-0.003663
-0.003351
-0.003254
-0.002930
-0.002895
-0.002544
-0.002583
-0.002188
-0.002315
-0.001855
-0.002092
-0.001539
-0.001913
-0.001217
-0.001843
-0.000668
0.009165
0.005948
0.012042
0.008915
0.013006
0.010627
0.013687
0.012073
0.014427
0.013388
0.015202
0.014560
0.015944
0.015553
0.016573
0.016307
0.016997
0.016748
0.017116
0.016786
0.016824
0.016330
0.016020
0.015294
0.014622
0.013620
0.012587
0.011292
0.009923
0.008358
0.006712
0.004937
0.003105
0.001214
-0.000689
-0.002582
-0.004430
-0.006207
-0.007888
-0.009450
-0.010874
-0.012150
-0.013266
-0.014222
-0.015012
-0.015647
-0.016125
-0.016462
-0.016663
-0.016745
-0.016713
-0.016588
-0.016375
-0.016092
-0.015746
-0.015351
-0.014913
-0.014445
-0.013952
-0.013443
-0.012923
-0.012397
-0.011872
-0.011348
-0.010833
-0.010324
-0.009830
-0.009344
-0.008879
-0.008421
-0.007990
-0.007562
-0.007167
-0.006770
-0.006412
-0.006043
-0.005725
-0.005381
-0.005102
-0.004778
-0.004541
-0.004232
-0.004038
-0.003737
-0.003590
-0.003287
-0.003193
-0.002877
-0.002844
-0.002501
-0.002540
-0.002153
-0.002279
-0.001827
-0.002061
-0.001517
-0.001886
-0.001202
-0.001817
-0.000663
0.008714
0.005633
0.011428
0.008428
0.012318
0.010025
0.012926
0.011355
0.013576
0.012546
0.014244
0.013586
0.014867
0.014443
0.015371
0.015064
0.015674
0.015383
0.015687
0.015325
0.015322
0.014815
0.014495
0.013786
0.013143
0.012195
0.011236
0.010040
0.008793
0.007370
0.005888
0.004291
0.002654
0.000964
-0.000730
-0.002418
-0.004066
-0.005654
-0.007158
-0.008562
-0.009849
-0.011009
-0.012031
-0.012916
-0.013656
-0.014260
-0.014727
-0.015069
-0.015289
-0.015401
-0.015411
-0.015333
-0.015175
-0.014949
-0.014664
-0.014330
-0.013955
-0.013548
-0.013115
-0.012664
-0.012200
-0.011727
-0.011252
-0.010776
-0.010305
-0.009838
-0.009383
-0.008933
-0.008501
-0.008074
-0.007671
-0.007269
-0.006898
-0.006523
-0.006185
-0.005835
-0.005533
-0.005205
-0.004940
-0.004630
-0.004404
-0.004107
-0.003922
-0.003631
-0.003491
-0.003197
-0.003108
-0.002801
-0.002771
-0.002437
-0.002477
-0.002100
-0.002225
-0.001784
-0.002012
-0.001482
-0.001843
-0.001174
-0.001776
-0.000649
0.008275
0.005328
0.010831
0.007960
0.011654
0.009451
0.012200
0.010680
0.012775
0.011763
0.013356
0.012694
0.013883
0.013441
0.014291
0.013960
0.014507
0.014194
0.014454
0.014080
0.014056
0.013556
0.013244
0.012569
0.011970
0.011090
0.010213
0.009120
0.007993
0.006707
0.005377
0.003944
0.002480
0.000966
-0.000549
-0.002063
-0.003540
-0.004971
-0.006331
-0.007607
-0.008783
-0.009851
-0.010801
-0.011631
-0.012337
-0.012922
-0.013386
-0.013739
-0.013981
-0.014125
-0.014175
-0.014145
-0.014038
-0.013867
-0.013639
-0.013363
-0.013046
-0.012697
-0.012320
-0.011923
-0.011512
-0.011089
-0.010661
-0.010230
-0.009801
-0.009373
-0.008955
-0.008539
-0.008139
-0.007741
-0.007365
-0.006989
-0.006640
-0.006286
-0.005968
-0.005636
-0.005350
-0.005037
-0.004785
-0.004489
-0.004273
-0.003988
-0.003812
-0.003531
-0.003398
-0.003113
-0.003029
-0.002731
-0.002703
-0.002379
-0.002419
-0.002052
-0.002174
-0.001744
-0.001968
-0.001451
-0.001803
-0.001151
-0.001739
-0.000640
0.007812
0.005012
0.010207
0.007475
0.010964
0.008859
0.011449
0.009984
0.011951
0.010963
0.012448
0.011788
0.012886
0.012431
0.013204
0.012853
0.013338
0.013006
0.013221
0.012836
0.012789
0.012294
0.011986
0.011339
0.010775
0.009951
0.009142
0.008137
0.007112
0.005944
0.004746
0.003455
0.002143
0.000787
-0.000567
-0.001921
-0.003242
-0.004525
-0.005744
-0.006894
-0.007956
-0.008927
-0.009794
-0.010559
-0.011215
-0.011765
-0.012209
-0.012554
-0.012800
-0.012959
-0.013032
-0.013031
-0.012961
-0.012831
-0.012646
-0.012416
-0.012147
-0.011845
-0.011517
-0.011167
-0.010801
-0.010423
-0.010039
-0.009648
-0.009259
-0.008868
-0.008485
-0.008102
-0.007733
-0.007365
-0.007015
-0.006664
-0.006339
-0.006007
-0.005709
-0.005396
-0.005127
-0.004831
-0.004594
-0.004312
-0.004108
-0.003836
-0.003669
-0.003400
-0.003274
-0.003001
-0.002922
-0.002635
-0.002610
-0.002297
-0.002337
-0.001982
-0.002102
-0.001687
-0.001904
-0.001403
-0.001746
-0.001115
-0.001684
-0.000620
0.007372
0.004712
0.009614
0.007019
0.010310
0.008306
0.010745
0.009341
0.011187
0.010230
0.011617
0.010966
0.011983
0.011526
0.012234
0.011875
0.012311
0.011972
0.012156
0.011773
0.011716
0.011238
0.010944
0.010334
0.009812
0.009049
0.008312
0.007394
0.006467
0.005409
0.004332
0.003169
0.001993
0.000774
-0.000440
-0.001657
-0.002846
-0.004003
-0.005106
-0.006151
-0.007120
-0.008012
-0.008814
-0.009527
-0.010144
-0.010670
-0.011100
-0.011443
-0.011697
-0.011871
-0.011968
-0.011997
-0.011961
-0.011869
-0.011725
-0.011538
-0.011313
-0.011055
-0.010771
-0.010465
-0.010143
-0.009806
-0.009461
-0.009109
-0.008756
-0.008400
-0.008050
-0.007698
-0.007358
-0.007016
-0.006692
-0.006365
-0.006062
-0.005751
-0.005471
-0.005176
-0.004923
-0.004643
-0.004419
-0.004151
-0.003958
-0.003698
-0.003540
-0.003283
-0.003163
-0.002901
-0.002826
-0.002550
-0.002528
-0.002225
-0.002266
-0.001923
-0.002039
-0.001637
-0.001849
-0.001364
-0.001696
-0.001085
-0.001636
-0.000607
0.006905
0.004399
0.008990
0.006543
0.009626
0.007729
0.010012
0.008674
0.010396
0.009474
0.010760
0.010125
0.011061
0.010605
0.011248
0.010885
0.011272
0.010930
0.011084
0.010704
0.010636
0.010174
0.009892
0.009316
0.008829
0.008122
0.007446
0.006606
0.005765
0.004807
0.003837
0.002790
0.001736
0.000643
-0.000443
-0.001533
-0.002597
-0.003634
-0.004625
-0.005565
-0.006440
-0.007248
-0.007979
-0.008632
-0.009202
-0.009690
-0.010096
-0.010424
-0.010673
-0.010850
-0.010958
-0.011004
-0.010991
-0.010926
-0.010813
-0.010660
-0.010470
-0.010249
-0.010003
-0.009735
-0.009450
-0.009150
-0.008842
-0.008525
-0.008207
-0.007883
-0.007564
-0.007242
-0.006931
-0.006617
-0.006318
-0.006015
-0.005734
-0.005445
-0.005185
-0.004909
-0.004673
-0.004410
-0.004200
-0.003948
-0.003767
-0.003522
-0.003373
-0.003129
-0.003018
-0.002768
-0.002699
-0.002435
-0.002415
-0.002127
-0.002167
-0.001838
-0.001952
-0.001567
-0.001770
-0.001306
-0.001624
-0.001039
-0.001567
-0.000582
0.006473
0.004109
0.008411
0.006105
0.008995
0.007203
0.009339
0.008070
0.009676
0.008795
0.009989
0.009375
0.010238
0.009791
0.010379
0.010019
0.010368
0.010030
0.010161
0.009793
0.009721
0.009281
0.009016
0.008478
0.008030
0.007378
0.006763
0.005997
0.005237
0.004369
0.003496
0.002552
0.001606
0.000622
-0.000353
-0.001335
-0.002292
-0.003229
-0.004125
-0.004978
-0.005776
-0.006515
-0.007187
-0.007792
-0.008324
-0.008785
-0.009172
-0.009489
-0.009737
-0.009920
-0.010040
-0.010102
-0.010111
-0.010072
-0.009988
-0.009866
-0.009709
-0.009522
-0.009310
-0.009077
-0.008826
-0.008561
-0.008286
-0.008001
-0.007714
-0.007421
-0.007130
-0.006836
-0.006550
-0.006261
-0.005986
-0.005705
-0.005445
-0.005175
-0.004933
-0.004675
-0.004454
-0.004207
-0.004010
-0.003773
-0.003602
-0.003370
-0.003230
-0.002998
-0.002893
-0.002656
-0.002590
-0.002339
-0.002321
-0.002044
-0.002083
-0.001769
-0.001878
-0.001509
-0.001705
-0.001259
-0.001565
-0.001003
-0.001510
-0.000565
0.006004
0.003801
0.007794
0.005640
0.008323
0.006645
0.008626
0.007431
0.008916
0.008080
0.009180
0.008590
0.009381
0.008946
0.009480
0.009127
0.009437
0.009106
0.009217
0.008861
0.008786
0.008369
0.008120
0.007618
0.007206
0.006607
0.006048
0.005351
0.004665
0.003882
0.003098
0.002251
0.001404
0.000524
-0.000347
-0.001224
-0.002080
-0.002918
-0.003721
-0.004487
-0.005204
-0.005872
-0.006481
-0.007031
-0.007518
-0.007943
-0.008303
-0.008601
-0.008837
-0.009016
-0.009138
-0.009208
-0.009230
-0.009208
-0.009145
-0.009047
-0.008916
-0.008757
-0.008575
-0.008371
-0.008152
-0.007917
-0.007673
-0.007418
-0.007161
-0.006896
-0.006634
-0.006367
-0.006107
-0.005843
-0.005591
-0.005334
-0.005094
-0.004846
-0.004623
-0.004384
-0.004180
-0.003951
-0.003768
-0.003547
-0.003389
-0.003172
-0.003042
-0.002824
-0.002727
-0.002503
-0.002443
-0.002206
-0.002191
-0.001930
-0.001968
-0.001671
-0.001775
-0.001426
-0.001612
-0.001190
-0.001481
-0.000949
-0.001429
-0.000534
0.005587
0.003525
0.007238
0.005226
0.007720
0.006151
0.007991
0.006869
0.008246
0.007456
0.008471
0.007910
0.008635
0.008218
0.008703
0.008362
0.008641
0.008322
0.008416
0.008077
0.008002
0.007611
0.007379
0.006914
0.006536
0.005987
0.005479
0.004846
0.004227
0.003519
0.002814
0.002051
0.001291
0.000500
-0.000283
-0.001072
-0.001842
-0.002598
-0.003322
-0.004016
-0.004668
-0.005276
-0.005834
-0.006340
-0.006791
-0.007187
-0.007526
-0.007810
-0.008039
-0.008216
-0.008342
-0.008421
-0.008456
-0.008451
-0.008408
-0.008331
-0.008225
-0.008091
-0.007935
-0.007759
-0.007567
-0.007360
-0.007143
-0.006916
-0.006685
-0.006446
-0.006209
-0.005966
-0.005729
-0.005488
-0.005257
-0.005020
-0.004799
-0.004570
-0.004363
-0.004142
-0.003952
-0.003738
-0.003568
-0.003361
-0.003213
-0.003009
-0.002888
-0.002683
-0.002592
-0.002381
-0.002325
-0.002100
-0.002086
-0.001839
-0.001876
-0.001594
-0.001693
-0.001361
-0.001539
-0.001138
-0.001414
-0.000908
-0.001365
-0.000515
0.005119
0.003222
0.006626
0.004772
0.007060
0.005610
0.007296
0.006255
0.007514
0.006776
0.007702
0.007174
0.007832
0.007436
0.007873
0.007547
0.007795
0.007491
0.007571
0.007251
0.007178
0.006814
0.006600
0.006173
0.005830
0.005331
0.004874
0.004303
0.003748
0.003114
0.002486
0.001805
0.001129
0.000424
-0.000271
-0.000973
-0.001657
-0.002330
-0.002975
-0.003595
-0.004177
-0.004722
-0.005223
-0.005680
-0.006088
-0.006449
-0.006759
-0.007022
-0.007235
-0.007403
-0.007525
-0.007606
-0.007647
-0.007651
-0.007622
-0.007561
-0.007474
-0.007361
-0.007228
-0.007076
-0.006908
-0.006727
-0.006535
-0.006334
-0.006128
-0.005915
-0.005703
-0.005485
-0.005271
-0.005053
-0.004844
-0.004630
-0.004429
-0.004220
-0.004032
-0.003830
-0.003656
-0.003460
-0.003305
-0.003114
-0.002979
-0.002791
-0.002680
-0.002490
-0.002407
-0.002211
-0.002160
-0.001952
-0.001940
-0.001710
-0.001745
-0.001482
-0.001576
-0.001267
-0.001433
-0.001059
-0.001317
-0.000846
-0.001272
-0.000479
0.004723
0.002963
0.006100
0.004385
0.006493
0.005152
0.006704
0.005738
0.006894
0.006207
0.007055
0.006559
0.007159
0.006785
0.007181
0.006872
0.007094
0.006807
0.006874
0.006575
0.006504
0.006166
0.005969
0.005577
0.005265
0.004810
0.004397
0.003880
0.003381
0.002811
0.002247
0.001636
0.001030
0.000398
-0.000225
-0.000854
-0.001468
-0.002073
-0.002653
-0.003212
-0.003738
-0.004232
-0.004688
-0.005105
-0.005480
-0.005813
-0.006102
-0.006348
-0.006551
-0.006712
-0.006834
-0.006917
-0.006965
-0.006979
-0.006963
-0.006918
-0.006847
-0.006754
-0.006641
-0.006510
-0.006364
-0.006205
-0.006036
-0.005857
-0.005674
-0.005483
-0.005292
-0.005095
-0.004902
-0.004704
-0.004514
-0.004318
-0.004135
-0.003943
-0.003770
-0.003584
-0.003424
-0.003243
-0.003099
-0.002922
-0.002797
-0.002622
-0.002519
-0.002343
-0.002265
-0.002082
-0.002035
-0.001840
-0.001829
-0.001613
-0.001647
-0.001400
-0.001488
-0.001197
-0.001353
-0.001002
-0.001245
-0.000801
-0.001202
-0.000457
0.004253
0.002665
0.005492
0.003939
0.005841
0.004623
0.006022
0.005142
0.006183
0.005554
0.006316
0.005859
0.006397
0.006050
0.006403
0.006116
0.006311
0.006045
0.006103
0.005827
0.005761
0.005454
0.005276
0.004922
0.004643
0.004237
0.003869
0.003410
0.002969
0.002464
0.001967
0.001428
0.000894
0.000338
-0.000210
-0.000764
-0.001304
-0.001836
-0.002348
-0.002840
-0.003305
-0.003743
-0.004147
-0.004519
-0.004853
-0.005151
-0.005411
-0.005633
-0.005818
-0.005967
-0.006081
-0.006161
-0.006209
-0.006228
-0.006219
-0.006185
-0.006128
-0.006050
-0.005954
-0.005842
-0.005717
-0.005578
-0.005431
-0.005275
-0.005113
-0.004945
-0.004776
-0.004602
-0.004430
-0.004254
-0.004085
-0.003910
-0.003746
-0.003574
-0.003419
-0.003252
-0.003109
-0.002945
-0.002816
-0.002656
-0.002544
-0.002385
-0.002292
-0.002132
-0.002062
-0.001896
-0.001854
-0.001676
-0.001667
-0.001470
-0.001502
-0.001276
-0.001358
-0.001092
-0.001235
-0.000914
-0.001137
-0.000731
-0.001098
-0.000416
0.003883
0.002424
0.005002
0.003581
0.005315
0.004202
0.005476
0.004671
0.005617
0.005039
0.005729
0.005309
0.005793
0.005472
0.005788
0.005522
0.005695
0.005448
0.005497
0.005242
0.005180
0.004898
0.004736
0.004414
0.004163
0.003796
0.003466
0.003054
0.002660
0.002208
0.001764
0.001283
0.000808
0.000312
-0.000175
-0.000669
-0.001151
-0.001627
-0.002084
-0.002525
-0.002942
-0.003336
-0.003700
-0.004036
-0.004340
-0.004612
-0.004851
-0.005056
-0.005229
-0.005369
-0.005478
-0.005558
-0.005608
-0.005632
-0.005631
-0.005607
-0.005563
-0.005499
-0.005418
-0.005322
-0.005214
-0.005094
-0.004965
-0.004827
-0.004684
-0.004535
-0.004384
-0.004228
-0.004075
-0.003916
-0.003763
-0.003605
-0.003457
-0.003301
-0.003160
-0.003007
-0.002877
-0.002727
-0.002610
-0.002463
-0.002360
-0.002214
-0.002129
-0.001981
-0.001917
-0.001764
-0.001725
-0.001560
-0.001552
-0.001370
-0.001399
-0.001190
-0.001266
-0.001019
-0.001152
-0.000854
-0.001061
-0.000684
-0.001025
-0.000392
0.003407
0.002126
0.004391
0.003139
0.004663
0.003679
0.004799
0.004084
0.004916
0.004402
0.005008
0.004631
0.005056
0.004768
0.005044
0.004805
0.004955
0.004734
0.004775
0.004548
0.004492
0.004243
0.004101
0.003818
0.003599
0.003278
0.002992
0.002633
0.002292
0.001900
0.001517
0.001101
0.000691
0.000263
-0.000158
-0.000585
-0.001000
-0.001411
-0.001806
-0.002188
-0.002549
-0.002891
-0.003207
-0.003500
-0.003765
-0.004002
-0.004212
-0.004393
-0.004546
-0.004671
-0.004769
-0.004841
-0.004889
-0.004913
-0.004916
-0.004899
-0.004863
-0.004811
-0.004743
-0.004663
-0.004571
-0.004468
-0.004358
-0.004239
-0.004117
-0.003988
-0.003857
-0.003722
-0.003588
-0.003450
-0.003317
-0.003179
-0.003050
-0.002913
-0.002790
-0.002656
-0.002542
-0.002410
-0.002307
-0.002178
-0.002088
-0.001959
-0.001884
-0.001754
-0.001698
-0.001562
-0.001528
-0.001382
-0.001376
-0.001214
-0.001240
-0.001055
-0.001123
-0.000904
-0.001022
-0.000757
-0.000941
-0.000607
-0.000910
-0.000348
0.003069
0.001907
0.003942
0.002814
0.004184
0.003299
0.004304
0.003661
0.004405
0.003942
0.004482
0.004142
0.004520
0.004259
0.004502
0.004285
0.004416
0.004215
0.004248
0.004043
0.003991
0.003767
0.003638
0.003386
0.003190
0.002904
0.002650
0.002332
0.002030
0.001683
0.001345
0.000977
0.000616
0.000238
-0.000133
-0.000509
-0.000876
-0.001239
-0.001588
-0.001926
-0.002246
-0.002550
-0.002832
-0.003093
-0.003330
-0.003544
-0.003733
-0.003897
-0.004037
-0.004153
-0.004244
-0.004313
-0.004360
-0.004387
-0.004394
-0.004383
-0.004356
-0.004313
-0.004257
-0.004189
-0.004111
-0.004022
-0.003927
-0.003824
-0.003716
-0.003603
-0.003488
-0.003369
-0.003250
-0.003128
-0.003010
-0.002886
-0.002771
-0.002649
-0.002539
-0.002418
-0.002315
-0.002197
-0.002104
-0.001987
-0.001906
-0.001789
-0.001722
-0.001603
-0.001553
-0.001429
-0.001399
-0.001266
-0.001260
-0.001113
-0.001137
-0.000968
-0.001029
-0.000829
-0.000938
-0.000696
-0.000864
-0.000558
-0.000835
-0.000322
0.002577
0.001604
0.003318
0.002367
0.003520
0.002771
0.003618
0.003073
0.003700
0.003307
0.003762
0.003473
0.003791
0.003568
0.003773
0.003587
0.003697
0.003525
0.003553
0.003379
0.003335
0.003145
0.003037
0.002824
0.002660
0.002421
0.002208
0.001942
0.001690
0.001400
0.001118
0.000811
0.000510
0.000195
-0.000114
-0.000428
-0.000734
-0.001036
-0.001328
-0.001610
-0.001877
-0.002131
-0.002367
-0.002586
-0.002785
-0.002965
-0.003124
-0.003263
-0.003382
-0.003480
-0.003559
-0.003618
-0.003660
-0.003684
-0.003691
-0.003684
-0.003663
-0.003629
-0.003583
-0.003528
-0.003463
-0.003390
-0.003311
-0.003225
-0.003136
-0.003042
-0.002946
-0.002846
-0.002747
-0.002644
-0.002545
-0.002441
-0.002344
-0.002241
-0.002149
-0.002047
-0.001961
-0.001861
-0.001783
-0.001684
-0.001615
-0.001517
-0.001460
-0.001359
-0.001317
-0.001212
-0.001187
-0.001074
-0.001069
-0.000944
-0.000965
-0.000822
-0.000874
-0.000705
-0.000797
-0.000591
-0.000734
-0.000475
-0.000710
-0.000274
0.002280
0.001410
0.002919
0.002078
0.003094
0.002435
0.003180
0.002700
0.003250
0.002903
0.003301
0.003045
0.003321
0.003124
0.003301
0.003136
0.003230
0.003078
0.003100
0.002946
0.002906
0.002738
0.002643
0.002456
0.002313
0.002103
0.001918
0.001686
0.001467
0.001216
0.000971
0.000706
0.000445
0.000172
-0.000096
-0.000367
-0.000632
-0.000894
-0.001147
-0.001392
-0.001625
-0.001845
-0.002051
-0.002243
-0.002417
-0.002575
-0.002716
-0.002839
-0.002944
-0.003032
-0.003103
-0.003158
-0.003197
-0.003221
-0.003230
-0.003227
-0.003211
-0.003184
-0.003147
-0.003101
-0.003047
-0.002985
-0.002918
-0.002844
-0.002768
-0.002687
-0.002604
-0.002517
-0.002432
-0.002342
-0.002256
-0.002165
-0.002081
-0.001991
-0.001909
-0.001820
-0.001744
-0.001656
-0.001587
-0.001500
-0.001440
-0.001352
-0.001302
-0.001213
-0.001175
-0.001083
-0.001060
-0.000960
-0.000956
-0.000844
-0.000863
-0.000735
-0.000782
-0.000631
-0.000713
-0.000529
-0.000657
-0.000425
-0.000635
-0.000246
0.001759
0.001095
0.002264
0.001616
0.002402
0.001892
0.002469
0.002097
0.002524
0.002255
0.002564
0.002365
0.002581
0.002427
0.002565
0.002437
0.002510
0.002392
0.002409
0.002289
0.002258
0.002128
0.002054
0.001908
0.001797
0.001634
0.001490
0.001310
0.001140
0.000944
0.000755
0.000548
0.000346
0.000134
-0.000074
-0.000286
-0.000491
-0.000695
-0.000892
-0.001083
-0.001264
-0.001436
-0.001597
-0.001746
-0.001883
-0.002006
-0.002117
-0.002213
-0.002296
-0.002366
-0.002422
-0.002465
-0.002496
-0.002516
-0.002524
-0.002522
-0.002511
-0.002490
-0.002462
-0.002426
-0.002385
-0.002337
-0.002285
-0.002228
-0.002168
-0.002105
-0.002041
-0.001973
-0.001906
-0.001837
-0.001769
-0.001699
-0.001632
-0.001562
-0.001498
-0.001429
-0.001369
-0.001300
-0.001246
-0.001178
-0.001131
-0.001062
-0.001023
-0.000953
-0.000924
-0.000851
-0.000833
-0.000755
-0.000751
-0.000664
-0.000679
-0.000579
-0.000615
-0.000497
-0.000561
-0.000418
-0.000517
-0.000337
-0.000500
-0.000197
0.001514
0.000929
0.001928
0.001368
0.002041
0.001604
0.002096
0.001777
0.002140
0.001909
0.002171
0.002000
0.002182
0.002049
0.002165
0.002054
0.002114
0.002012
0.002026
0.001923
0.001896
0.001785
0.001722
0.001598
0.001504
0.001367
0.001246
0.001095
0.000952
0.000789
0.000630
0.000457
0.000288
0.000111
-0.000062
-0.000238
-0.000410
-0.000580
-0.000744
-0.000904
-0.001055
-0.001199
-0.001334
-0.001459
-0.001574
-0.001678
-0.001771
-0.001853
-0.001923
-0.001983
-0.002031
-0.002069
-0.002097
-0.002114
-0.002123
-0.002123
-0.002114
-0.002099
-0.002076
-0.002048
-0.002014
-0.001975
-0.001932
-0.001885
-0.001836
-0.001784
-0.001730
-0.001674
-0.001619
-0.001560
-0.001504
-0.001445
-0.001389
-0.001330
-0.001276
-0.001217
-0.001167
-0.001109
-0.001063
-0.001006
-0.000965
-0.000907
-0.000874
-0.000815
-0.000790
-0.000728
-0.000713
-0.000646
-0.000643
-0.000568
-0.000581
-0.000495
-0.000527
-0.000425
-0.000480
-0.000357
-0.000443
-0.000287
-0.000428
-0.000167
0.000943
0.000594
0.001220
0.000878
0.001299
0.001030
0.001338
0.001143
0.001371
0.001230
0.001395
0.001292
0.001406
0.001326
0.001399
0.001331
0.001370
0.001307
0.001315
0.001250
0.001233
0.001162
0.001122
0.001043
0.000982
0.000893
0.000815
0.000717
0.000624
0.000518
0.000415
0.000302
0.000192
0.000076
-0.000037
-0.000152
-0.000265
-0.000376
-0.000484
-0.000588
-0.000688
-0.000783
-0.000871
-0.000954
-0.001030
-0.001098
-0.001160
-0.001214
-0.001261
-0.001301
-0.001333
-0.001358
-0.001377
-0.001389
-0.001395
-0.001395
-0.001390
-0.001380
-0.001366
-0.001347
-0.001325
-0.001300
-0.001272
-0.001242
-0.001209
-0.001175
-0.001140
-0.001103
-0.001066
-0.001028
-0.000991
-0.000952
-0.000916
-0.000877
-0.000842
-0.000803
-0.000770
-0.000732
-0.000701
-0.000664
-0.000637
-0.000599
-0.000577
-0.000538
-0.000521
-0.000481
-0.000471
-0.000428
-0.000425
-0.000377
-0.000384
-0.000330
-0.000348
-0.000284
-0.000318
-0.000240
-0.000293
-0.000195
-0.000283
-0.000117
0.000770
0.000462
0.000965
0.000679
0.001019
0.000797
0.001045
0.000884
0.001066
0.000949
0.001080
0.000993
0.001084
0.001016
0.001074
0.001018
0.001048
0.000996
0.001002
0.000950
0.000937
0.000881
0.000849
0.000788
0.000741
0.000673
0.000613
0.000538
0.000468
0.000387
0.000309
0.000224
0.000141
0.000054
-0.000031
-0.000118
-0.000202
-0.000286
-0.000367
-0.000445
-0.000520
-0.000591
-0.000658
-0.000720
-0.000777
-0.000828
-0.000875
-0.000916
-0.000951
-0.000981
-0.001006
-0.001025
-0.001039
-0.001049
-0.001054
-0.001054
-0.001051
-0.001044
-0.001034
-0.001020
-0.001004
-0.000985
-0.000965
-0.000942
-0.000918
-0.000892
-0.000866
-0.000839
-0.000811
-0.000782
-0.000755
-0.000725
-0.000698
-0.000668
-0.000642
-0.000612
-0.000587
-0.000558
-0.000536
-0.000507
-0.000487
-0.000458
-0.000441
-0.000411
-0.000399
-0.000367
-0.000360
-0.000326
-0.000325
-0.000287
-0.000294
-0.000250
-0.000267
-0.000215
-0.000243
-0.000180
-0.000225
-0.000144
-0.000217
-0.000084
0.000113
0.000094
0.000171
0.000147
0.000196
0.000178
0.000213
0.000201
0.000227
0.000220
0.000239
0.000235
0.000248
0.000244
0.000252
0.000248
0.000251
0.000246
0.000246
0.000239
0.000234
0.000224
0.000216
0.000204
0.000192
0.000177
0.000162
0.000145
0.000127
0.000108
0.000088
0.000067
0.000045
0.000023
0.000000
-0.000022
-0.000045
-0.000067
-0.000089
-0.000110
-0.000130
-0.000150
-0.000168
-0.000186
-0.000202
-0.000216
-0.000230
-0.000242
-0.000252
-0.000261
-0.000269
-0.000275
-0.000280
-0.000283
-0.000285
-0.000286
-0.000286
-0.000285
-0.000282
-0.000279
-0.000276
-0.000271
-0.000266
-0.000260
-0.000254
-0.000247
-0.000240
-0.000233
-0.000226
-0.000218
-0.000210
-0.000203
-0.000195
-0.000187
-0.000180
-0.000172
-0.000165
-0.000158
-0.000151
-0.000144
-0.000138
-0.000131
-0.000125
-0.000118
-0.000113
-0.000106
-0.000103
-0.000096
-0.000093
-0.000086
-0.000084
-0.000076
-0.000076
-0.000067
-0.000070
-0.000059
-0.000064
-0.000051
-0.000062
-0.000037
