# p - 1000 ites
-0.060936
-0.008416
-0.053448
-0.014898
-0.048222
-0.019988
-0.044722
-0.024118
-0.042556
-0.027602
-0.041432
-0.030667
-0.041127
-0.033469
-0.041468
-0.036118
-0.042318
-0.038683
-0.043569
-0.041205
-0.045129
-0.043704
-0.046919
-0.046186
-0.048873
-0.048641
-0.050930
-0.051056
-0.053037
-0.053412
-0.055147
-0.055685
-0.057219
-0.057856
-0.059218
-0.059906
-0.061117
-0.061817
-0.062893
-0.063580
-0.064531
-0.065185
-0.066023
-0.066632
-0.067365
-0.067922
-0.068558
-0.069060
-0.069608
-0.070055
-0.070522
-0.070918
-0.071313
-0.071660
-0.071990
-0.072294
-0.072567
-0.072835
-0.073055
-0.073293
-0.073468
-0.073682
-0.073814
-0.074012
-0.074105
-0.074294
-0.074350
-0.074538
-0.074556
-0.074751
-0.074730
-0.074942
-0.074878
-0.075118
-0.075004
-0.075284
-0.075111
-0.075447
-0.075202
-0.075615
-0.075278
-0.075791
-0.075340
-0.075985
-0.075385
-0.076203
-0.075413
-0.076455
-0.075418
-0.076752
-0.075393
-0.077106
-0.075330
-0.077534
-0.075215
-0.078058
-0.075031
-0.078705
-0.074752
-0.079509
-0.059447
-0.008071
-0.052075
-0.014321
-0.046924
-0.019263
-0.043490
-0.023308
-0.041390
-0.026756
-0.040337
-0.029819
-0.040111
-0.032651
-0.040539
-0.035352
-0.041487
-0.037989
-0.042844
-0.040600
-0.044519
-0.043202
-0.046431
-0.045796
-0.048512
-0.048371
-0.050698
-0.050908
-0.052933
-0.053385
-0.055168
-0.055777
-0.057357
-0.058058
-0.059465
-0.060207
-0.061459
-0.062206
-0.063317
-0.064041
-0.065021
-0.065705
-0.066564
-0.067194
-0.067941
-0.068511
-0.069155
-0.069663
-0.070212
-0.070659
-0.071123
-0.071513
-0.071900
-0.072237
-0.072557
-0.072848
-0.073106
-0.073358
-0.073564
-0.073784
-0.073942
-0.074138
-0.074254
-0.074432
-0.074509
-0.074678
-0.074718
-0.074887
-0.074890
-0.075065
-0.075031
-0.075223
-0.075148
-0.075367
-0.075244
-0.075503
-0.075323
-0.075638
-0.075389
-0.075778
-0.075441
-0.075929
-0.075481
-0.076098
-0.075507
-0.076291
-0.075517
-0.076519
-0.075506
-0.076790
-0.075468
-0.077119
-0.075394
-0.077519
-0.075271
-0.078012
-0.075082
-0.078622
-0.074806
-0.079383
-0.060175
-0.008298
-0.052772
-0.014696
-0.047608
-0.019732
-0.044163
-0.023831
-0.042047
-0.027302
-0.040971
-0.030367
-0.040712
-0.033181
-0.041099
-0.035851
-0.041997
-0.038445
-0.043298
-0.041003
-0.044909
-0.043543
-0.046752
-0.046070
-0.048760
-0.048573
-0.050870
-0.051037
-0.053030
-0.053440
-0.055189
-0.055758
-0.057307
-0.057970
-0.059346
-0.060055
-0.061278
-0.061995
-0.063080
-0.063780
-0.064738
-0.065400
-0.066242
-0.066855
-0.067589
-0.068147
-0.068782
-0.069282
-0.069826
-0.070269
-0.070731
-0.071121
-0.071509
-0.071849
-0.072173
-0.072469
-0.072734
-0.072994
-0.073207
-0.073436
-0.073603
-0.073809
-0.073935
-0.074125
-0.074212
-0.074393
-0.074444
-0.074624
-0.074637
-0.074825
-0.074800
-0.075005
-0.074938
-0.075170
-0.075055
-0.075327
-0.075154
-0.075482
-0.075238
-0.075641
-0.075308
-0.075810
-0.075364
-0.075996
-0.075405
-0.076207
-0.075429
-0.076451
-0.075431
-0.076740
-0.075404
-0.077085
-0.075340
-0.077504
-0.075225
-0.078016
-0.075042
-0.078649
-0.074768
-0.079436
-0.058748
-0.007999
-0.051473
-0.014194
-0.046399
-0.019099
-0.043027
-0.023122
-0.040982
-0.026559
-0.039977
-0.029623
-0.039795
-0.032463
-0.040267
-0.035181
-0.041258
-0.037841
-0.042659
-0.040481
-0.044377
-0.043117
-0.046334
-0.045747
-0.048460
-0.048359
-0.050689
-0.050935
-0.052967
-0.053449
-0.055240
-0.055874
-0.057463
-0.058184
-0.059599
-0.060357
-0.061615
-0.062374
-0.063489
-0.064220
-0.065202
-0.065889
-0.066748
-0.067378
-0.068123
-0.068690
-0.069330
-0.069833
-0.070377
-0.070818
-0.071275
-0.071657
-0.072037
-0.072367
-0.072679
-0.072962
-0.073214
-0.073458
-0.073657
-0.073869
-0.074021
-0.074210
-0.074320
-0.074492
-0.074564
-0.074727
-0.074764
-0.074926
-0.074927
-0.075096
-0.075060
-0.075247
-0.075170
-0.075384
-0.075261
-0.075514
-0.075336
-0.075644
-0.075397
-0.075779
-0.075447
-0.075925
-0.075484
-0.076089
-0.075508
-0.076278
-0.075516
-0.076501
-0.075504
-0.076767
-0.075466
-0.077088
-0.075393
-0.077482
-0.075272
-0.077966
-0.075087
-0.078566
-0.074815
-0.079313
-0.058850
-0.008121
-0.051609
-0.014394
-0.046573
-0.019348
-0.043234
-0.023398
-0.041213
-0.026847
-0.040222
-0.029912
-0.040046
-0.032745
-0.040515
-0.035450
-0.041496
-0.038092
-0.042881
-0.040709
-0.044579
-0.043318
-0.046512
-0.045919
-0.048609
-0.048501
-0.050809
-0.051044
-0.053055
-0.053524
-0.055294
-0.055914
-0.057484
-0.058190
-0.059585
-0.060328
-0.061568
-0.062311
-0.063408
-0.064125
-0.065091
-0.065764
-0.066608
-0.067225
-0.067958
-0.068514
-0.069143
-0.069637
-0.070173
-0.070606
-0.071057
-0.071435
-0.071811
-0.072137
-0.072447
-0.072730
-0.072981
-0.073226
-0.073427
-0.073641
-0.073796
-0.073988
-0.074103
-0.074279
-0.074357
-0.074525
-0.074568
-0.074735
-0.074743
-0.074918
-0.074889
-0.075081
-0.075012
-0.075231
-0.075116
-0.075375
-0.075203
-0.075517
-0.075278
-0.075664
-0.075339
-0.075823
-0.075388
-0.075998
-0.075423
-0.076198
-0.075442
-0.076430
-0.075440
-0.076706
-0.075412
-0.077038
-0.075347
-0.077441
-0.075234
-0.077936
-0.075055
-0.078546
-0.074788
-0.079306
-0.057375
-0.007849
-0.050283
-0.013936
-0.045357
-0.018767
-0.042109
-0.022745
-0.040169
-0.026161
-0.039259
-0.029225
-0.039165
-0.032084
-0.039722
-0.034835
-0.040799
-0.037543
-0.042286
-0.040241
-0.044094
-0.042944
-0.046141
-0.045648
-0.048357
-0.048337
-0.050675
-0.050990
-0.053036
-0.053578
-0.055387
-0.056071
-0.057679
-0.058441
-0.059872
-0.060662
-0.061933
-0.062714
-0.063838
-0.064584
-0.065569
-0.066263
-0.067120
-0.067750
-0.068489
-0.069052
-0.069682
-0.070175
-0.070707
-0.071135
-0.071579
-0.071947
-0.072312
-0.072626
-0.072923
-0.073190
-0.073427
-0.073655
-0.073841
-0.074038
-0.074178
-0.074352
-0.074452
-0.074610
-0.074674
-0.074824
-0.074853
-0.075004
-0.074999
-0.075157
-0.075118
-0.075293
-0.075215
-0.075417
-0.075295
-0.075536
-0.075361
-0.075655
-0.075415
-0.075781
-0.075458
-0.075918
-0.075490
-0.076073
-0.075510
-0.076252
-0.075515
-0.076465
-0.075502
-0.076720
-0.075464
-0.077030
-0.075392
-0.077409
-0.075274
-0.077876
-0.075094
-0.078455
-0.074832
-0.079177
-0.056941
-0.007882
-0.049940
-0.013986
-0.045097
-0.018826
-0.041918
-0.022808
-0.040035
-0.026227
-0.039171
-0.029292
-0.039114
-0.032151
-0.039700
-0.034904
-0.040800
-0.037614
-0.042308
-0.040316
-0.044132
-0.043023
-0.046193
-0.045731
-0.048421
-0.048425
-0.050749
-0.051082
-0.053117
-0.053671
-0.055471
-0.056163
-0.057762
-0.058527
-0.059950
-0.060739
-0.062001
-0.062778
-0.063892
-0.064631
-0.065606
-0.066290
-0.067136
-0.067756
-0.068483
-0.069035
-0.069653
-0.070136
-0.070657
-0.071074
-0.071508
-0.071866
-0.072223
-0.072528
-0.072818
-0.073079
-0.073311
-0.073534
-0.073716
-0.073909
-0.074047
-0.074219
-0.074318
-0.074476
-0.074540
-0.074691
-0.074722
-0.074873
-0.074871
-0.075030
-0.074995
-0.075171
-0.075098
-0.075301
-0.075185
-0.075427
-0.075258
-0.075553
-0.075320
-0.075685
-0.075371
-0.075828
-0.075411
-0.075989
-0.075439
-0.076175
-0.075452
-0.076392
-0.075446
-0.076652
-0.075416
-0.076965
-0.075351
-0.077347
-0.075241
-0.077816
-0.075069
-0.078397
-0.074813
-0.079120
-0.055339
-0.007621
-0.048515
-0.013544
-0.043806
-0.018264
-0.040738
-0.022174
-0.038954
-0.025560
-0.038183
-0.028624
-0.038220
-0.031509
-0.038905
-0.034311
-0.040108
-0.037090
-0.041726
-0.039877
-0.043667
-0.042682
-0.045851
-0.045499
-0.048204
-0.048307
-0.050658
-0.051079
-0.053149
-0.053781
-0.055619
-0.056378
-0.058016
-0.058838
-0.060296
-0.061133
-0.062424
-0.063238
-0.064375
-0.065141
-0.066132
-0.066834
-0.067689
-0.068318
-0.069047
-0.069600
-0.070215
-0.070693
-0.071206
-0.071614
-0.072036
-0.072380
-0.072723
-0.073012
-0.073286
-0.073528
-0.073743
-0.073948
-0.074112
-0.074287
-0.074408
-0.074561
-0.074645
-0.074783
-0.074833
-0.074965
-0.074983
-0.075116
-0.075103
-0.075245
-0.075200
-0.075359
-0.075279
-0.075464
-0.075343
-0.075566
-0.075396
-0.075670
-0.075439
-0.075782
-0.075473
-0.075906
-0.075497
-0.076048
-0.075512
-0.076214
-0.075513
-0.076412
-0.075498
-0.076651
-0.075459
-0.076943
-0.075389
-0.077301
-0.075276
-0.077743
-0.075104
-0.078293
-0.074855
-0.078978
-0.054430
-0.007576
-0.047748
-0.013463
-0.043162
-0.018157
-0.040196
-0.022050
-0.038498
-0.025427
-0.037800
-0.028491
-0.037901
-0.031383
-0.038642
-0.034200
-0.039898
-0.036999
-0.041567
-0.039813
-0.043557
-0.042650
-0.045790
-0.045502
-0.048192
-0.048347
-0.050691
-0.051156
-0.053225
-0.053892
-0.055731
-0.056518
-0.058158
-0.059001
-0.060460
-0.061309
-0.062600
-0.063420
-0.064553
-0.065319
-0.066303
-0.067000
-0.067845
-0.068465
-0.069183
-0.069724
-0.070326
-0.070790
-0.071289
-0.071682
-0.072090
-0.072421
-0.072750
-0.073026
-0.073289
-0.073519
-0.073724
-0.073918
-0.074075
-0.074240
-0.074355
-0.074501
-0.074580
-0.074713
-0.074760
-0.074887
-0.074904
-0.075033
-0.075021
-0.075160
-0.075117
-0.075273
-0.075196
-0.075378
-0.075262
-0.075481
-0.075318
-0.075587
-0.075364
-0.075701
-0.075403
-0.075827
-0.075432
-0.075971
-0.075452
-0.076138
-0.075459
-0.076337
-0.075449
-0.076576
-0.075416
-0.076866
-0.075353
-0.077221
-0.075247
-0.077659
-0.075084
-0.078201
-0.074842
-0.078878
-0.052644
-0.007313
-0.046170
-0.013015
-0.041747
-0.017586
-0.038916
-0.021405
-0.037335
-0.024748
-0.036747
-0.027811
-0.036955
-0.030731
-0.037807
-0.033601
-0.039180
-0.036475
-0.040972
-0.039383
-0.043094
-0.042329
-0.045464
-0.045300
-0.048005
-0.048272
-0.050645
-0.051208
-0.053314
-0.054068
-0.055948
-0.056810
-0.058489
-0.059395
-0.060889
-0.061789
-0.063108
-0.063966
-0.065120
-0.065911
-0.066908
-0.067619
-0.068470
-0.069094
-0.069809
-0.070346
-0.070939
-0.071393
-0.071878
-0.072256
-0.072647
-0.072959
-0.073269
-0.073524
-0.073766
-0.073975
-0.074159
-0.074331
-0.074467
-0.074611
-0.074707
-0.074832
-0.074893
-0.075006
-0.075037
-0.075145
-0.075149
-0.075260
-0.075236
-0.075356
-0.075304
-0.075442
-0.075359
-0.075523
-0.075403
-0.075603
-0.075438
-0.075688
-0.075467
-0.075781
-0.075490
-0.075888
-0.075506
-0.076013
-0.075513
-0.076163
-0.075509
-0.076342
-0.075491
-0.076561
-0.075452
-0.076830
-0.075384
-0.077161
-0.075277
-0.077571
-0.075116
-0.078081
-0.074882
-0.078720
-0.051299
-0.007199
-0.045017
-0.012817
-0.040752
-0.017328
-0.038053
-0.021110
-0.036584
-0.024434
-0.036093
-0.027494
-0.036388
-0.030426
-0.037320
-0.033320
-0.038772
-0.036232
-0.040643
-0.039188
-0.042845
-0.042191
-0.045297
-0.045227
-0.047921
-0.048268
-0.050643
-0.051274
-0.053389
-0.054200
-0.056093
-0.057001
-0.058694
-0.059635
-0.061140
-0.062065
-0.063391
-0.064264
-0.065419
-0.066216
-0.067209
-0.067918
-0.068759
-0.069374
-0.070077
-0.070599
-0.071177
-0.071613
-0.072081
-0.072440
-0.072813
-0.073105
-0.073398
-0.073634
-0.073860
-0.074051
-0.074221
-0.074377
-0.074501
-0.074631
-0.074717
-0.074830
-0.074884
-0.074986
-0.075012
-0.075111
-0.075112
-0.075215
-0.075190
-0.075303
-0.075252
-0.075383
-0.075302
-0.075459
-0.075344
-0.075537
-0.075380
-0.075620
-0.075409
-0.075712
-0.075433
-0.075817
-0.075451
-0.075941
-0.075462
-0.076088
-0.075462
-0.076264
-0.075447
-0.076479
-0.075413
-0.076742
-0.075351
-0.077065
-0.075251
-0.077464
-0.075099
-0.077961
-0.074876
-0.078582
-0.049285
-0.006923
-0.043248
-0.012345
-0.039176
-0.016726
-0.036636
-0.020428
-0.035304
-0.023715
-0.034940
-0.026774
-0.035359
-0.029737
-0.036418
-0.032690
-0.038002
-0.035686
-0.040014
-0.038748
-0.042366
-0.041875
-0.044974
-0.045049
-0.047760
-0.048235
-0.050643
-0.051388
-0.053546
-0.054457
-0.056395
-0.057389
-0.059126
-0.060137
-0.061680
-0.062659
-0.064015
-0.064927
-0.066102
-0.066923
-0.067926
-0.068644
-0.069486
-0.070099
-0.070793
-0.071305
-0.071867
-0.072285
-0.072733
-0.073069
-0.073419
-0.073685
-0.073952
-0.074162
-0.074362
-0.074525
-0.074670
-0.074800
-0.074900
-0.075005
-0.075069
-0.075157
-0.075192
-0.075272
-0.075281
-0.075359
-0.075345
-0.075428
-0.075391
-0.075485
-0.075425
-0.075537
-0.075451
-0.075589
-0.075471
-0.075644
-0.075486
-0.075705
-0.075499
-0.075778
-0.075508
-0.075864
-0.075513
-0.075970
-0.075512
-0.076098
-0.075503
-0.076256
-0.075481
-0.076451
-0.075441
-0.076691
-0.075377
-0.076990
-0.075277
-0.077361
-0.075129
-0.077824
-0.074915
-0.078405
-0.047530
-0.006746
-0.041730
-0.012038
-0.037852
-0.016328
-0.035472
-0.019972
-0.034276
-0.023228
-0.034029
-0.026280
-0.034554
-0.029257
-0.035716
-0.032244
-0.037402
-0.035292
-0.039519
-0.038422
-0.041981
-0.041633
-0.044704
-0.044902
-0.047607
-0.048189
-0.050608
-0.051446
-0.053625
-0.054615
-0.056579
-0.057638
-0.059400
-0.060462
-0.062026
-0.063042
-0.064412
-0.065346
-0.066528
-0.067358
-0.068359
-0.069076
-0.069908
-0.070511
-0.071189
-0.071683
-0.072225
-0.072621
-0.073046
-0.073358
-0.073684
-0.073925
-0.074169
-0.074354
-0.074533
-0.074674
-0.074799
-0.074908
-0.074992
-0.075078
-0.075129
-0.075202
-0.075225
-0.075291
-0.075292
-0.075358
-0.075339
-0.075411
-0.075372
-0.075456
-0.075396
-0.075499
-0.075414
-0.075542
-0.075429
-0.075591
-0.075442
-0.075648
-0.075452
-0.075716
-0.075461
-0.075799
-0.075467
-0.075900
-0.075467
-0.076023
-0.075460
-0.076175
-0.075441
-0.076362
-0.075406
-0.076593
-0.075347
-0.076879
-0.075254
-0.077235
-0.075115
-0.077679
-0.074913
-0.078235
-0.045257
-0.006448
-0.039740
-0.011529
-0.036086
-0.015676
-0.033889
-0.019232
-0.032851
-0.022445
-0.032749
-0.025495
-0.033415
-0.028506
-0.034719
-0.031559
-0.036556
-0.034703
-0.038834
-0.037955
-0.041469
-0.041310
-0.044375
-0.044740
-0.047468
-0.048200
-0.050660
-0.051631
-0.053862
-0.054969
-0.056988
-0.058146
-0.059959
-0.061101
-0.062709
-0.063784
-0.065187
-0.066161
-0.067362
-0.068214
-0.069220
-0.069942
-0.070768
-0.071361
-0.072023
-0.072498
-0.073016
-0.073385
-0.073780
-0.074060
-0.074354
-0.074560
-0.074772
-0.074922
-0.075068
-0.075175
-0.075270
-0.075347
-0.075403
-0.075459
-0.075485
-0.075530
-0.075532
-0.075573
-0.075555
-0.075598
-0.075563
-0.075614
-0.075562
-0.075626
-0.075557
-0.075640
-0.075550
-0.075658
-0.075543
-0.075684
-0.075536
-0.075720
-0.075530
-0.075769
-0.075525
-0.075833
-0.075518
-0.075916
-0.075508
-0.076021
-0.075492
-0.076154
-0.075467
-0.076321
-0.075428
-0.076529
-0.075367
-0.076790
-0.075275
-0.077116
-0.075142
-0.077525
-0.074951
-0.078038
-0.043107
-0.006211
-0.037874
-0.011117
-0.034448
-0.015143
-0.032437
-0.018619
-0.031553
-0.021789
-0.031586
-0.024825
-0.032376
-0.027850
-0.033801
-0.030944
-0.035762
-0.034153
-0.038170
-0.037494
-0.040943
-0.040959
-0.043998
-0.044515
-0.047246
-0.048112
-0.050596
-0.051685
-0.053952
-0.055160
-0.057220
-0.058463
-0.060315
-0.061524
-0.063164
-0.064288
-0.065713
-0.066716
-0.067927
-0.068792
-0.069797
-0.070516
-0.071329
-0.071908
-0.072550
-0.073000
-0.073492
-0.073832
-0.074198
-0.074446
-0.074710
-0.074884
-0.075066
-0.075185
-0.075304
-0.075382
-0.075453
-0.075504
-0.075540
-0.075574
-0.075582
-0.075608
-0.075596
-0.075620
-0.075593
-0.075621
-0.075579
-0.075617
-0.075562
-0.075614
-0.075544
-0.075615
-0.075527
-0.075623
-0.075512
-0.075641
-0.075501
-0.075670
-0.075492
-0.075712
-0.075484
-0.075770
-0.075477
-0.075847
-0.075467
-0.075945
-0.075453
-0.076069
-0.075430
-0.076226
-0.075394
-0.076422
-0.075339
-0.076667
-0.075255
-0.076973
-0.075131
-0.077358
-0.074953
-0.077841
-0.040552
-0.005885
-0.035641
-0.010558
-0.032469
-0.014423
-0.030666
-0.017800
-0.029961
-0.020921
-0.030155
-0.023952
-0.031101
-0.027013
-0.032686
-0.030180
-0.034816
-0.033498
-0.037409
-0.036981
-0.040383
-0.040616
-0.043654
-0.044365
-0.047128
-0.048170
-0.050707
-0.051954
-0.054287
-0.055634
-0.057762
-0.059121
-0.061037
-0.062338
-0.064030
-0.065220
-0.066681
-0.067726
-0.068955
-0.069837
-0.070843
-0.071558
-0.072358
-0.072916
-0.073531
-0.073950
-0.074407
-0.074706
-0.075032
-0.075236
-0.075457
-0.075586
-0.075726
-0.075800
-0.075880
-0.075916
-0.075950
-0.075963
-0.075965
-0.075964
-0.075944
-0.075938
-0.075902
-0.075898
-0.075850
-0.075853
-0.075795
-0.075810
-0.075742
-0.075773
-0.075693
-0.075744
-0.075651
-0.075727
-0.075614
-0.075721
-0.075584
-0.075730
-0.075559
-0.075753
-0.075538
-0.075792
-0.075518
-0.075851
-0.075499
-0.075931
-0.075477
-0.076036
-0.075449
-0.076172
-0.075410
-0.076345
-0.075353
-0.076564
-0.075272
-0.076840
-0.075156
-0.077187
-0.074990
-0.077625
-0.038017
-0.005589
-0.033436
-0.010044
-0.030524
-0.013756
-0.028929
-0.017030
-0.028396
-0.020090
-0.028740
-0.023099
-0.029824
-0.026172
-0.031544
-0.029384
-0.033816
-0.032780
-0.036563
-0.036371
-0.039705
-0.040143
-0.043160
-0.044054
-0.046831
-0.048037
-0.050613
-0.052007
-0.054393
-0.055868
-0.058056
-0.059523
-0.061494
-0.062880
-0.064617
-0.065868
-0.067359
-0.068439
-0.069682
-0.070576
-0.071580
-0.072288
-0.073071
-0.073607
-0.074195
-0.074580
-0.075003
-0.075263
-0.075551
-0.075712
-0.075895
-0.075983
-0.076087
-0.076122
-0.076168
-0.076169
-0.076175
-0.076156
-0.076134
-0.076107
-0.076067
-0.076038
-0.075986
-0.075963
-0.075904
-0.075890
-0.075824
-0.075825
-0.075752
-0.075769
-0.075689
-0.075727
-0.075635
-0.075698
-0.075590
-0.075683
-0.075554
-0.075683
-0.075525
-0.075698
-0.075501
-0.075731
-0.075480
-0.075781
-0.075461
-0.075852
-0.075440
-0.075948
-0.075414
-0.076071
-0.075378
-0.076229
-0.075327
-0.076429
-0.075253
-0.076682
-0.075147
-0.077001
-0.074996
-0.077403
-0.035164
-0.005229
-0.030945
-0.009424
-0.028318
-0.012955
-0.026953
-0.016115
-0.026615
-0.019116
-0.027135
-0.022114
-0.028389
-0.025223
-0.030285
-0.028516
-0.032746
-0.032035
-0.035703
-0.035791
-0.039079
-0.039766
-0.042789
-0.043909
-0.046733
-0.048145
-0.050795
-0.052376
-0.054850
-0.056490
-0.058767
-0.060372
-0.062424
-0.063917
-0.065717
-0.067042
-0.068574
-0.069696
-0.070955
-0.071860
-0.072857
-0.073551
-0.074307
-0.074808
-0.075356
-0.075692
-0.076065
-0.076268
-0.076502
-0.076603
-0.076731
-0.076759
-0.076810
-0.076789
-0.076786
-0.076736
-0.076698
-0.076634
-0.076573
-0.076505
-0.076433
-0.076369
-0.076290
-0.076237
-0.076155
-0.076114
-0.076031
-0.076007
-0.075921
-0.075916
-0.075827
-0.075844
-0.075747
-0.075788
-0.075681
-0.075751
-0.075626
-0.075730
-0.075581
-0.075727
-0.075544
-0.075741
-0.075513
-0.075775
-0.075485
-0.075828
-0.075457
-0.075904
-0.075426
-0.076007
-0.075387
-0.076141
-0.075337
-0.076314
-0.075267
-0.076535
-0.075169
-0.076815
-0.075032
-0.077170
-0.032254
-0.004874
-0.028408
-0.008808
-0.026071
-0.012152
-0.024935
-0.015182
-0.024783
-0.018104
-0.025461
-0.021067
-0.026862
-0.024181
-0.028904
-0.027520
-0.031522
-0.031126
-0.034653
-0.035010
-0.038228
-0.039151
-0.042161
-0.043495
-0.046349
-0.047958
-0.050668
-0.052429
-0.054981
-0.056780
-0.059140
-0.060880
-0.063009
-0.064607
-0.066469
-0.067866
-0.069439
-0.070600
-0.071876
-0.072791
-0.073782
-0.074460
-0.075192
-0.075658
-0.076167
-0.076457
-0.076783
-0.076933
-0.077117
-0.077164
-0.077243
-0.077219
-0.077225
-0.077156
-0.077114
-0.077022
-0.076949
-0.076849
-0.076761
-0.076662
-0.076567
-0.076478
-0.076383
-0.076308
-0.076213
-0.076155
-0.076063
-0.076024
-0.075934
-0.075915
-0.075824
-0.075827
-0.075733
-0.075760
-0.075658
-0.075713
-0.075598
-0.075684
-0.075549
-0.075672
-0.075509
-0.075679
-0.075476
-0.075703
-0.075447
-0.075747
-0.075420
-0.075811
-0.075391
-0.075900
-0.075356
-0.076018
-0.075310
-0.076170
-0.075248
-0.076365
-0.075162
-0.076613
-0.075041
-0.076928
-0.029091
-0.004475
-0.025649
-0.008117
-0.023625
-0.011256
-0.022739
-0.014153
-0.022796
-0.017001
-0.023661
-0.019945
-0.025242
-0.023092
-0.027472
-0.026517
-0.030299
-0.030262
-0.033667
-0.034337
-0.037511
-0.038718
-0.041748
-0.043346
-0.046267
-0.048122
-0.050933
-0.052919
-0.055588
-0.057588
-0.060065
-0.061972
-0.064205
-0.065930
-0.067871
-0.069352
-0.070971
-0.072172
-0.073461
-0.074375
-0.075348
-0.075993
-0.076683
-0.077092
-0.077541
-0.077759
-0.078015
-0.078086
-0.078198
-0.078165
-0.078173
-0.078073
-0.078012
-0.077875
-0.077772
-0.077619
-0.077495
-0.077341
-0.077209
-0.077065
-0.076934
-0.076806
-0.076680
-0.076572
-0.076454
-0.076367
-0.076258
-0.076193
-0.076090
-0.076048
-0.075949
-0.075930
-0.075832
-0.075838
-0.075736
-0.075768
-0.075658
-0.075719
-0.075594
-0.075690
-0.075543
-0.075679
-0.075500
-0.075686
-0.075463
-0.075712
-0.075430
-0.075758
-0.075397
-0.075826
-0.075361
-0.075920
-0.075316
-0.076044
-0.075259
-0.076206
-0.075182
-0.076414
-0.075076
-0.076680
-0.025815
-0.004062
-0.022789
-0.007396
-0.021082
-0.010312
-0.020440
-0.013050
-0.020690
-0.015795
-0.021718
-0.018685
-0.023447
-0.021826
-0.025828
-0.025292
-0.028821
-0.029130
-0.032382
-0.033351
-0.036454
-0.037930
-0.040957
-0.042805
-0.045776
-0.047866
-0.050766
-0.052971
-0.055751
-0.057948
-0.060543
-0.062617
-0.064956
-0.066811
-0.068834
-0.070402
-0.072072
-0.073316
-0.074623
-0.075540
-0.076500
-0.077114
-0.077766
-0.078122
-0.078516
-0.078666
-0.078860
-0.078859
-0.078906
-0.078802
-0.078749
-0.078583
-0.078467
-0.078271
-0.078122
-0.077919
-0.077756
-0.077561
-0.077398
-0.077221
-0.077066
-0.076910
-0.076767
-0.076637
-0.076507
-0.076402
-0.076285
-0.076204
-0.076098
-0.076041
-0.075942
-0.075910
-0.075815
-0.075806
-0.075711
-0.075727
-0.075628
-0.075670
-0.075561
-0.075633
-0.075507
-0.075614
-0.075462
-0.075612
-0.075426
-0.075628
-0.075393
-0.075661
-0.075362
-0.075715
-0.075329
-0.075790
-0.075290
-0.075892
-0.075241
-0.076026
-0.075176
-0.076199
-0.075087
-0.076422
-0.022341
-0.003619
-0.019758
-0.006627
-0.018390
-0.009309
-0.018014
-0.011890
-0.018482
-0.014542
-0.019700
-0.017399
-0.021615
-0.020565
-0.024192
-0.024119
-0.027408
-0.028108
-0.031232
-0.032549
-0.035616
-0.037414
-0.040480
-0.042635
-0.045705
-0.048089
-0.051128
-0.053608
-0.056548
-0.058992
-0.061744
-0.064024
-0.066499
-0.068507
-0.070630
-0.072291
-0.074014
-0.075293
-0.076605
-0.077503
-0.078427
-0.078982
-0.079566
-0.079834
-0.080141
-0.080188
-0.080285
-0.080176
-0.080126
-0.079918
-0.079773
-0.079512
-0.079314
-0.079034
-0.078813
-0.078538
-0.078315
-0.078059
-0.077847
-0.077618
-0.077423
-0.077226
-0.077052
-0.076886
-0.076732
-0.076598
-0.076462
-0.076356
-0.076237
-0.076158
-0.076051
-0.075997
-0.075899
-0.075869
-0.075776
-0.075769
-0.075676
-0.075693
-0.075596
-0.075639
-0.075531
-0.075604
-0.075478
-0.075586
-0.075434
-0.075584
-0.075397
-0.075600
-0.075362
-0.075632
-0.075329
-0.075684
-0.075292
-0.075757
-0.075249
-0.075857
-0.075193
-0.075989
-0.075121
-0.076161
-0.018711
-0.003146
-0.016585
-0.005800
-0.015556
-0.008218
-0.015434
-0.010607
-0.016097
-0.013125
-0.017473
-0.015902
-0.019529
-0.019043
-0.022253
-0.022626
-0.025636
-0.026708
-0.029666
-0.031308
-0.034306
-0.036406
-0.039482
-0.041926
-0.045074
-0.047739
-0.050905
-0.053656
-0.056752
-0.059442
-0.062358
-0.064848
-0.067470
-0.069640
-0.071873
-0.073637
-0.075425
-0.076745
-0.078073
-0.078960
-0.079857
-0.080357
-0.080882
-0.081068
-0.081297
-0.081248
-0.081260
-0.081052
-0.080918
-0.080617
-0.080396
-0.080053
-0.079789
-0.079439
-0.079165
-0.078832
-0.078566
-0.078265
-0.078020
-0.077756
-0.077537
-0.077312
-0.077120
-0.076933
-0.076768
-0.076615
-0.076474
-0.076353
-0.076232
-0.076139
-0.076034
-0.075967
-0.075874
-0.075829
-0.075744
-0.075722
-0.075641
-0.075639
-0.075558
-0.075578
-0.075492
-0.075535
-0.075438
-0.075508
-0.075395
-0.075497
-0.075359
-0.075499
-0.075327
-0.075517
-0.075297
-0.075549
-0.075266
-0.075599
-0.075231
-0.075670
-0.075189
-0.075765
-0.075134
-0.075891
-0.014932
-0.002657
-0.013286
-0.004945
-0.012618
-0.007097
-0.012772
-0.009299
-0.013653
-0.011699
-0.015218
-0.014421
-0.017455
-0.017573
-0.020374
-0.021239
-0.023989
-0.025482
-0.028306
-0.030330
-0.033301
-0.035766
-0.038908
-0.041711
-0.044999
-0.048019
-0.051379
-0.054470
-0.057786
-0.060787
-0.063919
-0.066667
-0.069473
-0.071829
-0.074190
-0.076058
-0.077905
-0.079248
-0.080568
-0.081406
-0.082238
-0.082637
-0.083057
-0.083109
-0.083212
-0.083016
-0.082895
-0.082541
-0.082280
-0.081844
-0.081508
-0.081045
-0.080682
-0.080231
-0.079873
-0.079456
-0.079123
-0.078753
-0.078454
-0.078135
-0.077874
-0.077605
-0.077382
-0.077158
-0.076969
-0.076788
-0.076629
-0.076483
-0.076350
-0.076236
-0.076124
-0.076036
-0.075941
-0.075876
-0.075794
-0.075750
-0.075676
-0.075650
-0.075582
-0.075573
-0.075506
-0.075515
-0.075445
-0.075473
-0.075396
-0.075445
-0.075356
-0.075430
-0.075322
-0.075427
-0.075292
-0.075436
-0.075264
-0.075457
-0.075235
-0.075494
-0.075204
-0.075547
-0.075166
-0.075620
-0.010968
-0.002125
-0.009816
-0.004009
-0.009506
-0.005854
-0.009916
-0.007824
-0.010983
-0.010053
-0.012689
-0.012661
-0.015049
-0.015754
-0.018096
-0.019427
-0.021868
-0.023751
-0.026393
-0.028767
-0.031667
-0.034466
-0.037637
-0.040775
-0.044176
-0.047534
-0.051074
-0.054500
-0.058037
-0.061353
-0.064714
-0.067733
-0.070742
-0.073302
-0.075813
-0.077802
-0.079729
-0.081108
-0.082436
-0.083236
-0.084017
-0.084323
-0.084651
-0.084578
-0.084568
-0.084235
-0.083997
-0.083511
-0.083140
-0.082585
-0.082154
-0.081591
-0.081150
-0.080618
-0.080199
-0.079719
-0.079340
-0.078922
-0.078590
-0.078235
-0.077951
-0.077655
-0.077417
-0.077173
-0.076976
-0.076779
-0.076616
-0.076458
-0.076325
-0.076199
-0.076090
-0.075991
-0.075903
-0.075825
-0.075753
-0.075693
-0.075633
-0.075589
-0.075538
-0.075507
-0.075463
-0.075442
-0.075403
-0.075393
-0.075355
-0.075355
-0.075316
-0.075327
-0.075285
-0.075309
-0.075259
-0.075298
-0.075238
-0.075296
-0.075218
-0.075301
-0.075200
-0.075316
-0.075180
-0.075342
-0.006901
-0.001586
-0.006262
-0.003064
-0.006329
-0.004605
-0.007016
-0.006353
-0.008295
-0.008430
-0.010175
-0.010952
-0.012698
-0.014031
-0.015928
-0.017770
-0.019929
-0.022256
-0.024757
-0.027545
-0.030430
-0.033641
-0.036910
-0.040470
-0.044068
-0.047860
-0.051670
-0.055527
-0.059372
-0.063086
-0.066751
-0.070101
-0.073363
-0.076155
-0.078832
-0.080937
-0.082927
-0.084304
-0.085598
-0.086300
-0.086969
-0.087110
-0.087278
-0.087005
-0.086813
-0.086272
-0.085854
-0.085172
-0.084636
-0.083907
-0.083333
-0.082624
-0.082065
-0.081413
-0.080900
-0.080325
-0.079872
-0.079380
-0.078992
-0.078579
-0.078253
-0.077912
-0.077643
-0.077365
-0.077145
-0.076920
-0.076742
-0.076560
-0.076418
-0.076271
-0.076158
-0.076040
-0.075951
-0.075855
-0.075786
-0.075706
-0.075655
-0.075587
-0.075551
-0.075491
-0.075468
-0.075413
-0.075401
-0.075350
-0.075349
-0.075297
-0.075308
-0.075252
-0.075275
-0.075213
-0.075251
-0.075180
-0.075232
-0.075149
-0.075220
-0.075120
-0.075213
-0.075093
-0.075211
-0.075067
-0.002633
-0.000995
-0.002520
-0.002018
-0.002954
-0.003206
-0.003892
-0.004676
-0.005337
-0.006535
-0.007329
-0.008894
-0.009940
-0.011869
-0.013260
-0.015574
-0.017388
-0.020114
-0.022409
-0.025565
-0.028374
-0.031951
-0.035266
-0.039213
-0.042969
-0.047172
-0.051234
-0.055515
-0.059673
-0.063798
-0.067789
-0.071497
-0.075046
-0.078102
-0.080984
-0.083232
-0.085319
-0.086717
-0.088001
-0.088618
-0.089194
-0.089179
-0.089203
-0.088740
-0.088384
-0.087649
-0.087071
-0.086211
-0.085534
-0.084655
-0.083966
-0.083136
-0.082488
-0.081744
-0.081166
-0.080523
-0.080025
-0.079484
-0.079065
-0.078618
-0.078273
-0.077909
-0.077629
-0.077335
-0.077110
-0.076873
-0.076695
-0.076504
-0.076365
-0.076210
-0.076104
-0.075976
-0.075897
-0.075789
-0.075733
-0.075639
-0.075603
-0.075518
-0.075500
-0.075419
-0.075419
-0.075336
-0.075355
-0.075265
-0.075305
-0.075203
-0.075266
-0.075147
-0.075237
-0.075093
-0.075217
-0.075040
-0.075206
-0.074985
-0.075202
-0.074926
-0.075209
-0.074860
-0.075226
-0.074785
0.001691
-0.000407
0.001263
-0.000980
0.000445
-0.001823
-0.000763
-0.003029
-0.002399
-0.004693
-0.004535
-0.006923
-0.007277
-0.009842
-0.010748
-0.013581
-0.015084
-0.018267
-0.020408
-0.024006
-0.026810
-0.030848
-0.034301
-0.038746
-0.042773
-0.047514
-0.051953
-0.056790
-0.061386
-0.066039
-0.070462
-0.074612
-0.078516
-0.081870
-0.084973
-0.087344
-0.089493
-0.090844
-0.092046
-0.092482
-0.092869
-0.092590
-0.092368
-0.091608
-0.090993
-0.089967
-0.089145
-0.088024
-0.087136
-0.086038
-0.085176
-0.084170
-0.083386
-0.082506
-0.081824
-0.081077
-0.080502
-0.079884
-0.079410
-0.078905
-0.078521
-0.078114
-0.077806
-0.077480
-0.077237
-0.076975
-0.076785
-0.076573
-0.076428
-0.076255
-0.076146
-0.076002
-0.075924
-0.075800
-0.075749
-0.075637
-0.075611
-0.075504
-0.075501
-0.075393
-0.075414
-0.075299
-0.075346
-0.075216
-0.075293
-0.075140
-0.075252
-0.075067
-0.075223
-0.074995
-0.075205
-0.074919
-0.075197
-0.074836
-0.075202
-0.074743
-0.075220
-0.074636
-0.075255
-0.074509
0.006220
0.000240
0.005242
0.000173
0.004054
-0.000267
0.002614
-0.001142
0.000845
-0.002531
-0.001357
-0.004536
-0.004129
-0.007284
-0.007630
-0.010924
-0.012034
-0.015609
-0.017509
-0.021480
-0.024192
-0.028624
-0.032138
-0.037026
-0.041266
-0.046511
-0.051300
-0.056687
-0.061729
-0.066935
-0.071833
-0.076471
-0.080793
-0.084501
-0.087888
-0.090431
-0.092692
-0.094028
-0.095180
-0.095451
-0.095671
-0.095137
-0.094686
-0.093640
-0.092785
-0.091485
-0.090446
-0.089090
-0.088024
-0.086738
-0.085740
-0.084594
-0.083713
-0.082732
-0.081985
-0.081170
-0.080554
-0.079891
-0.079393
-0.078860
-0.078464
-0.078040
-0.077729
-0.077392
-0.077150
-0.076882
-0.076698
-0.076481
-0.076344
-0.076166
-0.076067
-0.075917
-0.075851
-0.075718
-0.075681
-0.075557
-0.075548
-0.075425
-0.075443
-0.075314
-0.075360
-0.075217
-0.075296
-0.075128
-0.075246
-0.075045
-0.075209
-0.074961
-0.075184
-0.074875
-0.075171
-0.074780
-0.075170
-0.074673
-0.075184
-0.074550
-0.075216
-0.074404
-0.075270
-0.074228
0.010757
0.000875
0.009218
0.001301
0.007647
0.001250
0.005955
0.000688
0.004030
-0.000451
0.001729
-0.002267
-0.001118
-0.004898
-0.004712
-0.008514
-0.009272
-0.013304
-0.015024
-0.019455
-0.022161
-0.027103
-0.030795
-0.036274
-0.040878
-0.046801
-0.052117
-0.058241
-0.063914
-0.069845
-0.075376
-0.080624
-0.085461
-0.089564
-0.093248
-0.095917
-0.098224
-0.099429
-0.100407
-0.100358
-0.100262
-0.099308
-0.098482
-0.096996
-0.095771
-0.094068
-0.092702
-0.091007
-0.089674
-0.088120
-0.086917
-0.085567
-0.084535
-0.083405
-0.082550
-0.081629
-0.080938
-0.080200
-0.079651
-0.079066
-0.078636
-0.078175
-0.077842
-0.077478
-0.077224
-0.076935
-0.076744
-0.076511
-0.076371
-0.076179
-0.076082
-0.075918
-0.075856
-0.075709
-0.075680
-0.075539
-0.075541
-0.075399
-0.075432
-0.075278
-0.075347
-0.075172
-0.075280
-0.075073
-0.075229
-0.074977
-0.075191
-0.074879
-0.075167
-0.074774
-0.075156
-0.074658
-0.075160
-0.074525
-0.075182
-0.074369
-0.075225
-0.074182
-0.075297
-0.073954
0.015487
0.001574
0.013382
0.002554
0.011451
0.002958
0.009555
0.002785
0.007546
0.001990
0.005246
0.000480
0.002452
-0.001889
-0.001077
-0.005307
-0.005607
-0.010001
-0.011422
-0.016211
-0.018789
-0.024139
-0.027894
-0.033876
-0.038753
-0.045298
-0.051098
-0.057948
-0.064270
-0.070968
-0.077209
-0.083154
-0.088616
-0.093215
-0.097305
-0.100179
-0.102607
-0.103723
-0.104568
-0.104212
-0.103817
-0.102445
-0.101256
-0.099339
-0.097765
-0.095679
-0.094022
-0.092021
-0.090468
-0.088689
-0.087332
-0.085827
-0.084696
-0.083465
-0.082552
-0.081569
-0.080848
-0.080075
-0.079514
-0.078912
-0.078481
-0.078013
-0.077687
-0.077321
-0.077077
-0.076789
-0.076610
-0.076378
-0.076251
-0.076060
-0.075976
-0.075809
-0.075762
-0.075610
-0.075597
-0.075448
-0.075468
-0.075312
-0.075367
-0.075193
-0.075287
-0.075086
-0.075226
-0.074984
-0.075179
-0.074881
-0.075146
-0.074774
-0.075127
-0.074655
-0.075121
-0.074521
-0.075133
-0.074365
-0.075164
-0.074179
-0.075222
-0.073954
-0.075312
-0.073679
0.020171
0.002250
0.017495
0.003764
0.015193
0.004604
0.013078
0.004797
0.010961
0.004317
0.008631
0.003074
0.005844
0.000912
0.002316
-0.002388
-0.002277
-0.007103
-0.008295
-0.013541
-0.016092
-0.021992
-0.025957
-0.032634
-0.037987
-0.045395
-0.051932
-0.059784
-0.067032
-0.074765
-0.081961
-0.088794
-0.095027
-0.100177
-0.104675
-0.107661
-0.110083
-0.110908
-0.111409
-0.110494
-0.109568
-0.107530
-0.105764
-0.103201
-0.101101
-0.098463
-0.096377
-0.093942
-0.092066
-0.089966
-0.088380
-0.086649
-0.085362
-0.083978
-0.082962
-0.081878
-0.081092
-0.080253
-0.079654
-0.079009
-0.078556
-0.078060
-0.077721
-0.077338
-0.077088
-0.076788
-0.076608
-0.076366
-0.076241
-0.076040
-0.075961
-0.075785
-0.075745
-0.075581
-0.075578
-0.075414
-0.075448
-0.075274
-0.075346
-0.075150
-0.075266
-0.075035
-0.075204
-0.074924
-0.075157
-0.074811
-0.075124
-0.074690
-0.075106
-0.074555
-0.075104
-0.074401
-0.075120
-0.074220
-0.075160
-0.074002
-0.075229
-0.073738
-0.075337
-0.073413
0.025022
0.002992
0.021777
0.005103
0.019134
0.006448
0.016858
0.007093
0.014721
0.007036
0.012480
0.006200
0.009858
0.004423
0.006532
0.001463
0.002124
-0.003003
-0.003802
-0.009359
-0.011703
-0.017999
-0.021995
-0.029228
-0.034909
-0.043084
-0.050281
-0.059114
-0.067317
-0.076158
-0.084452
-0.092330
-0.099540
-0.105421
-0.110515
-0.113744
-0.116268
-0.116854
-0.117047
-0.115568
-0.114108
-0.111384
-0.109041
-0.105830
-0.103226
-0.100062
-0.097594
-0.094774
-0.092637
-0.090280
-0.088533
-0.086643
-0.085269
-0.083795
-0.082741
-0.081612
-0.080817
-0.079961
-0.079369
-0.078723
-0.078286
-0.077797
-0.077478
-0.077105
-0.076875
-0.076584
-0.076424
-0.076191
-0.076085
-0.075889
-0.075828
-0.075654
-0.075632
-0.075466
-0.075481
-0.075312
-0.075364
-0.075179
-0.075273
-0.075060
-0.075202
-0.074947
-0.075147
-0.074835
-0.075106
-0.074717
-0.075079
-0.074587
-0.075066
-0.074440
-0.075070
-0.074269
-0.075094
-0.074066
-0.075143
-0.073820
-0.075225
-0.073519
-0.075351
-0.073149
0.029768
0.003700
0.025955
0.006381
0.022965
0.008205
0.020514
0.009273
0.018335
0.009608
0.016151
0.009135
0.013650
0.007686
0.010463
0.004984
0.006145
0.000647
0.000167
-0.005810
-0.008062
-0.014921
-0.019126
-0.027157
-0.033431
-0.042710
-0.050931
-0.061161
-0.070751
-0.081134
-0.090927
-0.100172
-0.108591
-0.115283
-0.120952
-0.124238
-0.126621
-0.126606
-0.126130
-0.123673
-0.121312
-0.117528
-0.114299
-0.110144
-0.106803
-0.102896
-0.099881
-0.096527
-0.094016
-0.091298
-0.089312
-0.087191
-0.085672
-0.084057
-0.082921
-0.081709
-0.080872
-0.079969
-0.079358
-0.078686
-0.078243
-0.077741
-0.077424
-0.077043
-0.076819
-0.076524
-0.076370
-0.076134
-0.076036
-0.075836
-0.075784
-0.075604
-0.075593
-0.075419
-0.075446
-0.075265
-0.075332
-0.075132
-0.075243
-0.075010
-0.075173
-0.074892
-0.075119
-0.074773
-0.075080
-0.074646
-0.075054
-0.074504
-0.075044
-0.074343
-0.075051
-0.074153
-0.075080
-0.073926
-0.075137
-0.073650
-0.075231
-0.073313
-0.075375
-0.072895
0.034639
0.004470
0.030266
0.007782
0.026967
0.010156
0.024408
0.011739
0.022287
0.012584
0.020300
0.012635
0.018108
0.011727
0.015308
0.009563
0.011401
0.005708
0.005771
-0.000418
-0.002315
-0.009506
-0.013639
-0.022245
-0.028860
-0.039069
-0.048167
-0.059742
-0.070760
-0.082810
-0.094366
-0.105279
-0.115304
-0.123152
-0.129728
-0.133290
-0.135677
-0.135103
-0.133951
-0.130452
-0.127132
-0.122217
-0.118068
-0.112947
-0.108890
-0.104276
-0.100779
-0.096964
-0.094169
-0.091181
-0.089052
-0.086792
-0.085219
-0.083546
-0.082408
-0.081184
-0.080370
-0.079479
-0.078902
-0.078253
-0.077848
-0.077370
-0.077088
-0.076731
-0.076539
-0.076264
-0.076139
-0.075918
-0.075845
-0.075657
-0.075627
-0.075454
-0.075463
-0.075291
-0.075338
-0.075154
-0.075241
-0.075032
-0.075165
-0.074918
-0.075106
-0.074804
-0.075061
-0.074684
-0.075029
-0.074554
-0.075009
-0.074405
-0.075004
-0.074233
-0.075018
-0.074028
-0.075054
-0.073780
-0.075120
-0.073478
-0.075227
-0.073107
-0.075388
-0.072645
0.039340
0.005195
0.034416
0.009102
0.030806
0.011992
0.028126
0.014055
0.026041
0.015372
0.024219
0.015902
0.022293
0.015474
0.019819
0.013768
0.016234
0.010279
0.010812
0.004301
0.002644
-0.005064
-0.009323
-0.018801
-0.026093
-0.037693
-0.048188
-0.061744
-0.074886
-0.089336
-0.103362
-0.116529
-0.128564
-0.137688
-0.145094
-0.148555
-0.150466
-0.148671
-0.146209
-0.140978
-0.136114
-0.129504
-0.123997
-0.117513
-0.112447
-0.106870
-0.102707
-0.098272
-0.095079
-0.091722
-0.089376
-0.086912
-0.085235
-0.083457
-0.082278
-0.081008
-0.080188
-0.079281
-0.078714
-0.078064
-0.077675
-0.077203
-0.076938
-0.076589
-0.076413
-0.076145
-0.076035
-0.075819
-0.075760
-0.075573
-0.075557
-0.075382
-0.075404
-0.075228
-0.075288
-0.075096
-0.075198
-0.074977
-0.075127
-0.074862
-0.075072
-0.074746
-0.075030
-0.074622
-0.075000
-0.074484
-0.074983
-0.074326
-0.074981
-0.074140
-0.074998
-0.073918
-0.075040
-0.073649
-0.075114
-0.073320
-0.075232
-0.072913
-0.075409
-0.072408
0.044108
0.005975
0.038650
0.010531
0.034772
0.014005
0.032045
0.016639
0.030104
0.018552
0.028600
0.019735
0.027152
0.020034
0.025299
0.019120
0.022436
0.016448
0.017750
0.011204
0.010166
0.002284
-0.001660
-0.011643
-0.019172
-0.031845
-0.043437
-0.058837
-0.074134
-0.091190
-0.108186
-0.124211
-0.139068
-0.150170
-0.159022
-0.162741
-0.164329
-0.161272
-0.157345
-0.150157
-0.143547
-0.135061
-0.128095
-0.120195
-0.114144
-0.107660
-0.102936
-0.097997
-0.094541
-0.090947
-0.088519
-0.085974
-0.084311
-0.082535
-0.081413
-0.080181
-0.079431
-0.078576
-0.078078
-0.077480
-0.077153
-0.076727
-0.076516
-0.076204
-0.076073
-0.075836
-0.075763
-0.075570
-0.075542
-0.075372
-0.075381
-0.075217
-0.075262
-0.075091
-0.075172
-0.074979
-0.075102
-0.074875
-0.075047
-0.074770
-0.075004
-0.074660
-0.074972
-0.074537
-0.074949
-0.074397
-0.074939
-0.074233
-0.074943
-0.074038
-0.074966
-0.073802
-0.075015
-0.073514
-0.075098
-0.073161
-0.075228
-0.072723
-0.075421
-0.072178
0.048637
0.006697
0.042660
0.011856
0.038515
0.015871
0.035728
0.019033
0.033908
0.021497
0.032687
0.023280
0.031673
0.024241
0.030382
0.024043
0.028162
0.022085
0.024097
0.017418
0.016900
0.008666
0.004846
-0.005976
-0.014127
-0.028472
-0.041881
-0.060100
-0.078701
-0.099669
-0.120976
-0.141044
-0.159478
-0.172759
-0.182842
-0.186026
-0.186312
-0.180740
-0.174196
-0.163876
-0.154590
-0.143386
-0.134360
-0.124538
-0.117162
-0.109497
-0.104034
-0.098449
-0.094637
-0.090730
-0.088166
-0.085493
-0.083807
-0.081999
-0.080904
-0.079684
-0.078979
-0.078152
-0.077701
-0.077133
-0.076848
-0.076450
-0.076275
-0.075986
-0.075885
-0.075664
-0.075615
-0.075434
-0.075426
-0.075263
-0.075290
-0.075129
-0.075189
-0.075016
-0.075112
-0.074914
-0.075052
-0.074815
-0.075005
-0.074713
-0.074967
-0.074602
-0.074939
-0.074476
-0.074920
-0.074331
-0.074912
-0.074158
-0.074920
-0.073952
-0.074947
-0.073701
-0.075001
-0.073394
-0.075091
-0.073016
-0.075231
-0.072547
-0.075439
-0.071962
0.053159
0.007461
0.046688
0.013266
0.042324
0.017881
0.039553
0.021653
0.037962
0.024789
0.037181
0.027350
0.036827
0.029235
0.036424
0.030131
0.035316
0.029431
0.032536
0.026104
0.026638
0.018546
0.015535
0.004467
-0.003532
-0.018955
-0.033538
-0.054218
-0.076051
-0.101221
-0.127817
-0.153211
-0.177036
-0.194034
-0.206541
-0.209747
-0.208715
-0.200261
-0.190506
-0.176415
-0.163921
-0.149591
-0.138294
-0.126462
-0.117813
-0.109083
-0.103060
-0.097022
-0.093059
-0.089032
-0.086516
-0.083881
-0.082318
-0.080607
-0.079652
-0.078541
-0.077965
-0.077237
-0.076896
-0.076413
-0.076216
-0.075886
-0.075781
-0.075546
-0.075500
-0.075320
-0.075315
-0.075164
-0.075190
-0.075049
-0.075104
-0.074957
-0.075041
-0.074876
-0.074994
-0.074798
-0.074956
-0.074716
-0.074926
-0.074624
-0.074901
-0.074520
-0.074883
-0.074397
-0.074872
-0.074250
-0.074871
-0.074074
-0.074884
-0.073859
-0.074917
-0.073596
-0.074978
-0.073273
-0.075077
-0.072874
-0.075228
-0.072377
-0.075450
-0.071756
0.057370
0.008154
0.050429
0.014548
0.045850
0.019709
0.043080
0.024037
0.041688
0.027786
0.041306
0.031061
0.041557
0.033798
0.041980
0.035711
0.041916
0.036182
0.040340
0.034088
0.035621
0.027539
0.025212
0.013599
0.005399
-0.011793
-0.028460
-0.053033
-0.080017
-0.111805
-0.146493
-0.179926
-0.210657
-0.231715
-0.246120
-0.247590
-0.243137
-0.229317
-0.214193
-0.194276
-0.177079
-0.158395
-0.144045
-0.129621
-0.119369
-0.109344
-0.102642
-0.096071
-0.091921
-0.087746
-0.085261
-0.082647
-0.081194
-0.079563
-0.078730
-0.077708
-0.077242
-0.076594
-0.076342
-0.075924
-0.075797
-0.075518
-0.075466
-0.075268
-0.075262
-0.075109
-0.075135
-0.075002
-0.075054
-0.074924
-0.074999
-0.074858
-0.074959
-0.074795
-0.074928
-0.074729
-0.074903
-0.074655
-0.074882
-0.074568
-0.074864
-0.074465
-0.074850
-0.074341
-0.074843
-0.074190
-0.074845
-0.074006
-0.074862
-0.073782
-0.074899
-0.073506
-0.074964
-0.073167
-0.075070
-0.072746
-0.075230
-0.072221
-0.075466
-0.071565
0.061488
0.008870
0.054110
0.015880
0.049364
0.021630
0.046664
0.026581
0.045572
0.031047
0.045732
0.035196
0.046806
0.039036
0.048384
0.042355
0.049867
0.044601
0.050267
0.044659
0.047893
0.040495
0.039873
0.028639
0.021581
0.003721
-0.013628
-0.041184
-0.072781
-0.111423
-0.156155
-0.200578
-0.242716
-0.271537
-0.290216
-0.290593
-0.281797
-0.261173
-0.238867
-0.211432
-0.188286
-0.164416
-0.146655
-0.129564
-0.117867
-0.106809
-0.099750
-0.092970
-0.088936
-0.084888
-0.082673
-0.080284
-0.079112
-0.077705
-0.077114
-0.076283
-0.076010
-0.075514
-0.075410
-0.075107
-0.075093
-0.074900
-0.074933
-0.074799
-0.074857
-0.074751
-0.074826
-0.074727
-0.074816
-0.074710
-0.074814
-0.074689
-0.074815
-0.074660
-0.074814
-0.074619
-0.074812
-0.074562
-0.074807
-0.074487
-0.074802
-0.074390
-0.074799
-0.074269
-0.074799
-0.074119
-0.074808
-0.073932
-0.074830
-0.073701
-0.074873
-0.073416
-0.074944
-0.073062
-0.075057
-0.072622
-0.075227
-0.072074
-0.075475
-0.071386
0.065227
0.009503
0.057442
0.017061
0.052534
0.023333
0.049886
0.028838
0.049053
0.033945
0.049699
0.038884
0.051522
0.043734
0.054173
0.048363
0.057126
0.052301
0.059452
0.054466
0.059416
0.052674
0.053788
0.042808
0.036775
0.017683
-0.001200
-0.033604
-0.072892
-0.122892
-0.184354
-0.246933
-0.303604
-0.340623
-0.362415
-0.357537
-0.339495
-0.306885
-0.273202
-0.234523
-0.202993
-0.172202
-0.150117
-0.129830
-0.116495
-0.104341
-0.096956
-0.090018
-0.086161
-0.082289
-0.080379
-0.078237
-0.077354
-0.076172
-0.075815
-0.075162
-0.075065
-0.074701
-0.074726
-0.074520
-0.074598
-0.074474
-0.074573
-0.074488
-0.074594
-0.074522
-0.074632
-0.074556
-0.074671
-0.074580
-0.074705
-0.074589
-0.074731
-0.074580
-0.074749
-0.074552
-0.074759
-0.074504
-0.074765
-0.074435
-0.074766
-0.074341
-0.074768
-0.074219
-0.074773
-0.074065
-0.074785
-0.073873
-0.074810
-0.073635
-0.074856
-0.073339
-0.074932
-0.072971
-0.075050
-0.072513
-0.075228
-0.071942
-0.075488
-0.071225
0.068779
0.010137
0.060627
0.018249
0.055602
0.025063
0.053062
0.031162
0.052567
0.036982
0.053811
0.042832
0.056557
0.048893
0.060562
0.055171
0.065449
0.061372
0.070479
0.066611
0.074099
0.068833
0.073071
0.063670
0.060860
0.042489
0.025064
-0.009987
-0.054691
-0.115439
-0.197642
-0.286019
-0.369769
-0.424575
-0.453780
-0.442857
-0.410884
-0.361719
-0.311881
-0.257743
-0.215143
-0.175922
-0.149082
-0.125744
-0.111233
-0.098558
-0.091399
-0.084812
-0.081547
-0.078202
-0.076869
-0.075199
-0.074778
-0.073962
-0.073949
-0.073564
-0.073714
-0.073544
-0.073745
-0.073676
-0.073881
-0.073855
-0.074045
-0.074029
-0.074202
-0.074179
-0.074337
-0.074297
-0.074448
-0.074382
-0.074534
-0.074435
-0.074599
-0.074458
-0.074646
-0.074454
-0.074678
-0.074422
-0.074699
-0.074363
-0.074713
-0.074276
-0.074723
-0.074159
-0.074735
-0.074005
-0.074753
-0.073811
-0.074783
-0.073568
-0.074834
-0.073263
-0.074915
-0.072884
-0.075040
-0.072412
-0.075225
-0.071820
-0.075495
-0.071077
0.071890
0.010678
0.063408
0.019263
0.058270
0.026541
0.055814
0.033150
0.055604
0.039585
0.057365
0.046229
0.060928
0.053367
0.066159
0.061151
0.072851
0.069487
0.080506
0.077759
0.087852
0.084162
0.091792
0.084213
0.085107
0.067590
0.051718
0.012418
-0.041461
-0.121056
-0.243479
-0.379411
-0.494790
-0.564825
-0.597974
-0.569624
-0.511145
-0.435205
-0.362250
-0.286486
-0.229162
-0.179409
-0.147017
-0.120493
-0.104993
-0.092103
-0.085465
-0.079483
-0.076996
-0.074310
-0.073635
-0.072484
-0.072544
-0.072097
-0.072416
-0.072284
-0.072660
-0.072661
-0.073016
-0.073062
-0.073371
-0.073423
-0.073684
-0.073722
-0.073944
-0.073957
-0.074151
-0.074135
-0.074312
-0.074261
-0.074433
-0.074342
-0.074522
-0.074386
-0.074586
-0.074395
-0.074631
-0.074372
-0.074661
-0.074319
-0.074682
-0.074235
-0.074697
-0.074117
-0.074712
-0.073962
-0.074733
-0.073764
-0.074766
-0.073514
-0.074820
-0.073202
-0.074905
-0.072812
-0.075034
-0.072324
-0.075226
-0.071715
-0.075505
-0.070948
0.074719
0.011194
0.065952
0.020235
0.060740
0.027970
0.058406
0.035095
0.058523
0.042169
0.060862
0.049663
0.065338
0.057985
0.071961
0.067475
0.080766
0.078335
0.091631
0.090400
0.103855
0.102507
0.115080
0.110871
0.118558
0.104946
0.096356
0.057774
0.002989
-0.091997
-0.263693
-0.465065
-0.641585
-0.743360
-0.779672
-0.723453
-0.624272
-0.515795
-0.415734
-0.312875
-0.237576
-0.176004
-0.138342
-0.109679
-0.094311
-0.082277
-0.076971
-0.072251
-0.070997
-0.069325
-0.069550
-0.069106
-0.069776
-0.069802
-0.070527
-0.070708
-0.071355
-0.071564
-0.072100
-0.072287
-0.072720
-0.072868
-0.073215
-0.073319
-0.073602
-0.073661
-0.073898
-0.073913
-0.074122
-0.074093
-0.074290
-0.074214
-0.074413
-0.074285
-0.074502
-0.074314
-0.074564
-0.074306
-0.074608
-0.074262
-0.074638
-0.074184
-0.074661
-0.074069
-0.074682
-0.073915
-0.074708
-0.073715
-0.074745
-0.073462
-0.074803
-0.073144
-0.074891
-0.072745
-0.075026
-0.072246
-0.075224
-0.071621
-0.075511
-0.070835
0.077059
0.011608
0.068050
0.021018
0.062767
0.029121
0.060523
0.036661
0.060900
0.044253
0.063709
0.052445
0.068943
0.061758
0.076755
0.072719
0.087425
0.085842
0.101260
0.101493
0.118288
0.119401
0.137306
0.137089
0.152960
0.144948
0.146647
0.110744
0.056178
-0.069706
-0.349383
-0.656991
-0.850559
-0.933485
-0.958652
-0.857439
-0.703445
-0.565506
-0.452811
-0.330419
-0.239651
-0.167449
-0.125333
-0.095768
-0.081609
-0.071379
-0.068042
-0.065019
-0.065244
-0.064726
-0.065908
-0.066190
-0.067457
-0.067931
-0.069028
-0.069489
-0.070369
-0.070754
-0.071441
-0.071741
-0.072272
-0.072493
-0.072905
-0.073057
-0.073384
-0.073475
-0.073743
-0.073779
-0.074010
-0.073995
-0.074207
-0.074140
-0.074351
-0.074227
-0.074454
-0.074268
-0.074527
-0.074267
-0.074578
-0.074228
-0.074614
-0.074152
-0.074641
-0.074038
-0.074665
-0.073883
-0.074693
-0.073680
-0.074733
-0.073423
-0.074792
-0.073098
-0.074884
-0.072692
-0.075021
-0.072183
-0.075225
-0.071544
-0.075518
-0.070741
0.079030
0.011974
0.069826
0.021710
0.064503
0.030145
0.062363
0.038068
0.063003
0.046148
0.066276
0.055006
0.072257
0.065284
0.081251
0.077703
0.093808
0.093119
0.110729
0.112520
0.132962
0.136798
0.161015
0.165642
0.192580
0.193070
0.213183
0.189421
0.157165
0.020672
-0.303609
-0.605036
-0.766787
-0.831307
-0.907212
-0.846499
-0.666063
-0.520432
-0.428474
-0.312047
-0.221196
-0.147137
-0.104872
-0.077209
-0.065846
-0.058599
-0.057907
-0.057063
-0.059025
-0.059839
-0.062066
-0.063135
-0.065027
-0.065972
-0.067450
-0.068199
-0.069318
-0.069885
-0.070724
-0.071141
-0.071773
-0.072071
-0.072552
-0.072756
-0.073129
-0.073256
-0.073557
-0.073618
-0.073872
-0.073873
-0.074104
-0.074047
-0.074272
-0.074156
-0.074394
-0.074211
-0.074480
-0.074220
-0.074541
-0.074188
-0.074584
-0.074117
-0.074616
-0.074005
-0.074644
-0.073850
-0.074676
-0.073647
-0.074718
-0.073387
-0.074780
-0.073059
-0.074875
-0.072646
-0.075016
-0.072129
-0.075223
-0.071481
-0.075522
-0.070664
0.080485
0.012235
0.071132
0.022205
0.065772
0.030877
0.063700
0.039074
0.064524
0.047503
0.068128
0.056845
0.074655
0.067834
0.084535
0.081356
0.098555
0.098577
0.117986
0.121097
0.144744
0.151104
0.181444
0.191185
0.230546
0.242138
0.288579
0.289967
0.314207
0.224419
-0.063443
-0.366930
-0.590241
-0.628455
-0.680176
-0.656694
-0.529210
-0.423743
-0.363065
-0.270334
-0.189387
-0.121306
-0.082701
-0.058923
-0.051123
-0.047126
-0.049093
-0.050346
-0.053918
-0.055934
-0.059075
-0.060817
-0.063230
-0.064557
-0.066337
-0.067309
-0.068609
-0.069310
-0.070261
-0.070762
-0.071464
-0.071815
-0.072341
-0.072579
-0.072983
-0.073132
-0.073454
-0.073529
-0.073798
-0.073809
-0.074050
-0.073999
-0.074232
-0.074118
-0.074363
-0.074181
-0.074456
-0.074195
-0.074522
-0.074166
-0.074568
-0.074097
-0.074603
-0.073986
-0.074634
-0.073830
-0.074667
-0.073626
-0.074710
-0.073363
-0.074774
-0.073031
-0.074870
-0.072614
-0.075013
-0.072091
-0.075223
-0.071434
-0.075526
-0.070607
0.081497
0.012425
0.072046
0.022565
0.066668
0.031413
0.064656
0.039814
0.065628
0.048508
0.069492
0.058219
0.076444
0.069756
0.087013
0.084131
0.102174
0.102749
0.123576
0.127687
0.153929
0.162155
0.197645
0.211069
0.261470
0.280932
0.352655
0.372402
0.456827
0.404938
0.055391
-0.316981
-0.574877
-0.570933
-0.547125
-0.487451
-0.403945
-0.335125
-0.294843
-0.226558
-0.155410
-0.096169
-0.062551
-0.043398
-0.038996
-0.037912
-0.042065
-0.045033
-0.049876
-0.052847
-0.056701
-0.058972
-0.061787
-0.063415
-0.065429
-0.066577
-0.068018
-0.068827
-0.069866
-0.070433
-0.071192
-0.071587
-0.072151
-0.072418
-0.072847
-0.073016
-0.073355
-0.073444
-0.073726
-0.073745
-0.073995
-0.073950
-0.074191
-0.074081
-0.074332
-0.074151
-0.074432
-0.074171
-0.074502
-0.074146
-0.074553
-0.074079
-0.074590
-0.073969
-0.074623
-0.073814
-0.074658
-0.073609
-0.074703
-0.073345
-0.074768
-0.073011
-0.074865
-0.072591
-0.075010
-0.072064
-0.075222
-0.071402
-0.075528
-0.070568
0.081991
0.012514
0.072490
0.022734
0.067100
0.031664
0.065114
0.040161
0.066152
0.048979
0.070136
0.058864
0.077288
0.070660
0.088187
0.085449
0.103911
0.104764
0.126319
0.130961
0.158598
0.167873
0.206293
0.221936
0.279010
0.303512
0.391286
0.423180
0.546011
0.509035
0.110197
-0.247721
-0.469256
-0.478581
-0.477248
-0.431487
-0.351284
-0.284154
-0.256940
-0.199207
-0.134935
-0.080844
-0.050957
-0.034682
-0.032438
-0.033013
-0.038406
-0.042303
-0.047835
-0.051311
-0.055540
-0.058084
-0.061106
-0.062885
-0.065016
-0.066250
-0.067759
-0.068618
-0.069699
-0.070297
-0.071082
-0.071496
-0.072076
-0.072355
-0.072796
-0.072972
-0.073319
-0.073413
-0.073700
-0.073723
-0.073977
-0.073934
-0.074177
-0.074068
-0.074321
-0.074141
-0.074423
-0.074163
-0.074496
-0.074139
-0.074547
-0.074072
-0.074586
-0.073962
-0.074619
-0.073807
-0.074654
-0.073602
-0.074700
-0.073337
-0.074766
-0.073002
-0.074864
-0.072580
-0.075009
-0.072051
-0.075222
-0.071386
-0.075530
-0.070548
0.081991
0.012514
0.072490
0.022734
0.067100
0.031664
0.065114
0.040161
0.066152
0.048979
0.070136
0.058864
0.077288
0.070660
0.088187
0.085449
0.103911
0.104764
0.126319
0.130961
0.158598
0.167873
0.206293
0.221936
0.279010
0.303512
0.391286
0.423180
0.546011
0.509035
0.110197
-0.247721
-0.469256
-0.478581
-0.477248
-0.431487
-0.351284
-0.284154
-0.256940
-0.199207
-0.134935
-0.080844
-0.050957
-0.034682
-0.032438
-0.033013
-0.038406
-0.042303
-0.047835
-0.051311
-0.055540
-0.058084
-0.061106
-0.062885
-0.065016
-0.066250
-0.067759
-0.068618
-0.069699
-0.070297
-0.071082
-0.071496
-0.072076
-0.072355
-0.072796
-0.072972
-0.073319
-0.073413
-0.073700
-0.073723
-0.073977
-0.073934
-0.074177
-0.074068
-0.074321
-0.074141
-0.074423
-0.074163
-0.074496
-0.074139
-0.074547
-0.074072
-0.074586
-0.073962
-0.074619
-0.073807
-0.074654
-0.073602
-0.074700
-0.073337
-0.074766
-0.073002
-0.074864
-0.072580
-0.075009
-0.072051
-0.075222
-0.071386
-0.075530
-0.070548
0.081497
0.012425
0.072046
0.022565
0.066668
0.031413
0.064656
0.039814
0.065628
0.048508
0.069492
0.058219
0.076444
0.069756
0.087013
0.084131
0.102174
0.102749
0.123576
0.127687
0.153929
0.162155
0.197645
0.211069
0.261470
0.280932
0.352655
0.372402
0.456827
0.404938
0.055391
-0.316981
-0.574877
-0.570933
-0.547125
-0.487451
-0.403945
-0.335125
-0.294843
-0.226558
-0.155410
-0.096169
-0.062551
-0.043398
-0.038996
-0.037912
-0.042065
-0.045033
-0.049876
-0.052847
-0.056701
-0.058972
-0.061787
-0.063415
-0.065429
-0.066577
-0.068018
-0.068827
-0.069866
-0.070433
-0.071192
-0.071587
-0.072151
-0.072418
-0.072847
-0.073016
-0.073355
-0.073444
-0.073726
-0.073745
-0.073995
-0.073950
-0.074191
-0.074081
-0.074332
-0.074151
-0.074432
-0.074171
-0.074502
-0.074146
-0.074553
-0.074079
-0.074590
-0.073969
-0.074623
-0.073814
-0.074658
-0.073609
-0.074703
-0.073345
-0.074768
-0.073011
-0.074865
-0.072591
-0.075010
-0.072064
-0.075222
-0.071402
-0.075528
-0.070568
0.080485
0.012235
0.071132
0.022205
0.065772
0.030877
0.063700
0.039074
0.064524
0.047503
0.068128
0.056845
0.074655
0.067834
0.084535
0.081356
0.098555
0.098577
0.117986
0.121097
0.144744
0.151104
0.181444
0.191185
0.230546
0.242138
0.288579
0.289967
0.314207
0.224419
-0.063443
-0.366930
-0.590241
-0.628455
-0.680176
-0.656694
-0.529210
-0.423743
-0.363065
-0.270334
-0.189387
-0.121306
-0.082701
-0.058923
-0.051123
-0.047126
-0.049093
-0.050346
-0.053918
-0.055934
-0.059075
-0.060817
-0.063230
-0.064557
-0.066337
-0.067309
-0.068609
-0.069310
-0.070261
-0.070762
-0.071464
-0.071815
-0.072341
-0.072579
-0.072983
-0.073132
-0.073454
-0.073529
-0.073798
-0.073809
-0.074050
-0.073999
-0.074232
-0.074118
-0.074363
-0.074181
-0.074456
-0.074195
-0.074522
-0.074166
-0.074568
-0.074097
-0.074603
-0.073986
-0.074634
-0.073830
-0.074667
-0.073626
-0.074710
-0.073363
-0.074774
-0.073031
-0.074870
-0.072614
-0.075013
-0.072091
-0.075223
-0.071434
-0.075526
-0.070607
0.079030
0.011974
0.069826
0.021710
0.064503
0.030145
0.062363
0.038068
0.063003
0.046148
0.066276
0.055006
0.072257
0.065284
0.081251
0.077703
0.093808
0.093119
0.110729
0.112520
0.132962
0.136798
0.161015
0.165642
0.192580
0.193070
0.213183
0.189421
0.157165
0.020672
-0.303609
-0.605036
-0.766787
-0.831307
-0.907212
-0.846499
-0.666063
-0.520432
-0.428474
-0.312047
-0.221196
-0.147137
-0.104872
-0.077209
-0.065846
-0.058599
-0.057907
-0.057063
-0.059025
-0.059839
-0.062066
-0.063135
-0.065027
-0.065972
-0.067450
-0.068199
-0.069318
-0.069885
-0.070724
-0.071141
-0.071773
-0.072071
-0.072552
-0.072756
-0.073129
-0.073256
-0.073557
-0.073618
-0.073872
-0.073873
-0.074104
-0.074047
-0.074272
-0.074156
-0.074394
-0.074211
-0.074480
-0.074220
-0.074541
-0.074188
-0.074584
-0.074117
-0.074616
-0.074005
-0.074644
-0.073850
-0.074676
-0.073647
-0.074718
-0.073387
-0.074780
-0.073059
-0.074875
-0.072646
-0.075016
-0.072129
-0.075223
-0.071481
-0.075522
-0.070664
0.077059
0.011608
0.068050
0.021018
0.062767
0.029121
0.060523
0.036661
0.060900
0.044253
0.063709
0.052445
0.068943
0.061758
0.076755
0.072719
0.087425
0.085842
0.101260
0.101493
0.118288
0.119401
0.137306
0.137089
0.152960
0.144948
0.146647
0.110744
0.056178
-0.069706
-0.349383
-0.656991
-0.850559
-0.933485
-0.958652
-0.857439
-0.703445
-0.565506
-0.452811
-0.330419
-0.239651
-0.167449
-0.125333
-0.095768
-0.081609
-0.071379
-0.068042
-0.065019
-0.065244
-0.064726
-0.065908
-0.066190
-0.067457
-0.067931
-0.069028
-0.069489
-0.070369
-0.070754
-0.071441
-0.071741
-0.072272
-0.072493
-0.072905
-0.073057
-0.073384
-0.073475
-0.073743
-0.073779
-0.074010
-0.073995
-0.074207
-0.074140
-0.074351
-0.074227
-0.074454
-0.074268
-0.074527
-0.074267
-0.074578
-0.074228
-0.074614
-0.074152
-0.074641
-0.074038
-0.074665
-0.073883
-0.074693
-0.073680
-0.074733
-0.073423
-0.074792
-0.073098
-0.074884
-0.072692
-0.075021
-0.072183
-0.075225
-0.071544
-0.075518
-0.070741
0.074719
0.011194
0.065952
0.020235
0.060740
0.027970
0.058406
0.035095
0.058523
0.042169
0.060862
0.049663
0.065338
0.057985
0.071961
0.067475
0.080766
0.078335
0.091631
0.090400
0.103855
0.102507
0.115080
0.110871
0.118558
0.104946
0.096356
0.057774
0.002989
-0.091997
-0.263693
-0.465065
-0.641585
-0.743360
-0.779672
-0.723453
-0.624272
-0.515795
-0.415734
-0.312875
-0.237576
-0.176004
-0.138342
-0.109679
-0.094311
-0.082277
-0.076971
-0.072251
-0.070997
-0.069325
-0.069550
-0.069106
-0.069776
-0.069802
-0.070527
-0.070708
-0.071355
-0.071564
-0.072100
-0.072287
-0.072720
-0.072868
-0.073215
-0.073319
-0.073602
-0.073661
-0.073898
-0.073913
-0.074122
-0.074093
-0.074290
-0.074214
-0.074413
-0.074285
-0.074502
-0.074314
-0.074564
-0.074306
-0.074608
-0.074262
-0.074638
-0.074184
-0.074661
-0.074069
-0.074682
-0.073915
-0.074708
-0.073715
-0.074745
-0.073462
-0.074803
-0.073144
-0.074891
-0.072745
-0.075026
-0.072246
-0.075224
-0.071621
-0.075511
-0.070835
0.071890
0.010678
0.063408
0.019263
0.058270
0.026541
0.055814
0.033150
0.055604
0.039585
0.057365
0.046229
0.060928
0.053367
0.066159
0.061151
0.072851
0.069487
0.080506
0.077759
0.087852
0.084162
0.091792
0.084213
0.085107
0.067590
0.051718
0.012418
-0.041461
-0.121056
-0.243479
-0.379411
-0.494790
-0.564825
-0.597974
-0.569624
-0.511145
-0.435205
-0.362250
-0.286486
-0.229162
-0.179409
-0.147017
-0.120493
-0.104993
-0.092103
-0.085465
-0.079483
-0.076996
-0.074310
-0.073635
-0.072484
-0.072544
-0.072097
-0.072416
-0.072284
-0.072660
-0.072661
-0.073016
-0.073062
-0.073371
-0.073423
-0.073684
-0.073722
-0.073944
-0.073957
-0.074151
-0.074135
-0.074312
-0.074261
-0.074433
-0.074342
-0.074522
-0.074386
-0.074586
-0.074395
-0.074631
-0.074372
-0.074661
-0.074319
-0.074682
-0.074235
-0.074697
-0.074117
-0.074712
-0.073962
-0.074733
-0.073764
-0.074766
-0.073514
-0.074820
-0.073202
-0.074905
-0.072812
-0.075034
-0.072324
-0.075226
-0.071715
-0.075505
-0.070948
0.068779
0.010137
0.060627
0.018249
0.055602
0.025063
0.053062
0.031162
0.052567
0.036982
0.053811
0.042832
0.056557
0.048893
0.060562
0.055171
0.065449
0.061372
0.070479
0.066611
0.074099
0.068833
0.073071
0.063670
0.060860
0.042489
0.025064
-0.009987
-0.054691
-0.115439
-0.197642
-0.286019
-0.369769
-0.424575
-0.453780
-0.442857
-0.410884
-0.361719
-0.311881
-0.257743
-0.215143
-0.175922
-0.149082
-0.125744
-0.111233
-0.098558
-0.091399
-0.084812
-0.081547
-0.078202
-0.076869
-0.075199
-0.074778
-0.073962
-0.073949
-0.073564
-0.073714
-0.073544
-0.073745
-0.073676
-0.073881
-0.073855
-0.074045
-0.074029
-0.074202
-0.074179
-0.074337
-0.074297
-0.074448
-0.074382
-0.074534
-0.074435
-0.074599
-0.074458
-0.074646
-0.074454
-0.074678
-0.074422
-0.074699
-0.074363
-0.074713
-0.074276
-0.074723
-0.074159
-0.074735
-0.074005
-0.074753
-0.073811
-0.074783
-0.073568
-0.074834
-0.073263
-0.074915
-0.072884
-0.075040
-0.072412
-0.075225
-0.071820
-0.075495
-0.071077
0.065227
0.009503
0.057442
0.017061
0.052534
0.023333
0.049886
0.028838
0.049053
0.033945
0.049699
0.038884
0.051522
0.043734
0.054173
0.048363
0.057126
0.052301
0.059452
0.054466
0.059416
0.052674
0.053788
0.042808
0.036775
0.017683
-0.001200
-0.033604
-0.072892
-0.122892
-0.184354
-0.246933
-0.303604
-0.340623
-0.362415
-0.357537
-0.339495
-0.306885
-0.273202
-0.234523
-0.202993
-0.172202
-0.150117
-0.129830
-0.116495
-0.104341
-0.096956
-0.090018
-0.086161
-0.082289
-0.080379
-0.078237
-0.077354
-0.076172
-0.075815
-0.075162
-0.075065
-0.074701
-0.074726
-0.074520
-0.074598
-0.074474
-0.074573
-0.074488
-0.074594
-0.074522
-0.074632
-0.074556
-0.074671
-0.074580
-0.074705
-0.074589
-0.074731
-0.074580
-0.074749
-0.074552
-0.074759
-0.074504
-0.074765
-0.074435
-0.074766
-0.074341
-0.074768
-0.074219
-0.074773
-0.074065
-0.074785
-0.073873
-0.074810
-0.073635
-0.074856
-0.073339
-0.074932
-0.072971
-0.075050
-0.072513
-0.075228
-0.071942
-0.075488
-0.071225
0.061488
0.008870
0.054110
0.015880
0.049364
0.021630
0.046664
0.026581
0.045572
0.031047
0.045732
0.035196
0.046806
0.039036
0.048384
0.042355
0.049867
0.044601
0.050267
0.044659
0.047893
0.040495
0.039873
0.028639
0.021581
0.003721
-0.013628
-0.041184
-0.072781
-0.111423
-0.156155
-0.200578
-0.242716
-0.271537
-0.290216
-0.290593
-0.281797
-0.261173
-0.238867
-0.211432
-0.188286
-0.164416
-0.146655
-0.129564
-0.117867
-0.106809
-0.099750
-0.092970
-0.088936
-0.084888
-0.082673
-0.080284
-0.079112
-0.077705
-0.077114
-0.076283
-0.076010
-0.075514
-0.075410
-0.075107
-0.075093
-0.074900
-0.074933
-0.074799
-0.074857
-0.074751
-0.074826
-0.074727
-0.074816
-0.074710
-0.074814
-0.074689
-0.074815
-0.074660
-0.074814
-0.074619
-0.074812
-0.074562
-0.074807
-0.074487
-0.074802
-0.074390
-0.074799
-0.074269
-0.074799
-0.074119
-0.074808
-0.073932
-0.074830
-0.073701
-0.074873
-0.073416
-0.074944
-0.073062
-0.075057
-0.072622
-0.075227
-0.072074
-0.075475
-0.071386
0.057370
0.008154
0.050429
0.014548
0.045850
0.019709
0.043080
0.024037
0.041688
0.027786
0.041306
0.031061
0.041557
0.033798
0.041980
0.035711
0.041916
0.036182
0.040340
0.034088
0.035621
0.027539
0.025212
0.013599
0.005399
-0.011793
-0.028460
-0.053033
-0.080017
-0.111805
-0.146493
-0.179926
-0.210657
-0.231715
-0.246120
-0.247590
-0.243137
-0.229317
-0.214193
-0.194276
-0.177079
-0.158395
-0.144045
-0.129621
-0.119369
-0.109344
-0.102642
-0.096071
-0.091921
-0.087746
-0.085261
-0.082647
-0.081194
-0.079563
-0.078730
-0.077708
-0.077242
-0.076594
-0.076342
-0.075924
-0.075797
-0.075518
-0.075466
-0.075268
-0.075262
-0.075109
-0.075135
-0.075002
-0.075054
-0.074924
-0.074999
-0.074858
-0.074959
-0.074795
-0.074928
-0.074729
-0.074903
-0.074655
-0.074882
-0.074568
-0.074864
-0.074465
-0.074850
-0.074341
-0.074843
-0.074190
-0.074845
-0.074006
-0.074862
-0.073782
-0.074899
-0.073506
-0.074964
-0.073167
-0.075070
-0.072746
-0.075230
-0.072221
-0.075466
-0.071565
0.053159
0.007461
0.046688
0.013266
0.042324
0.017881
0.039553
0.021653
0.037962
0.024789
0.037181
0.027350
0.036827
0.029235
0.036424
0.030131
0.035316
0.029431
0.032536
0.026104
0.026638
0.018546
0.015535
0.004467
-0.003532
-0.018955
-0.033538
-0.054218
-0.076051
-0.101221
-0.127817
-0.153211
-0.177036
-0.194034
-0.206541
-0.209747
-0.208715
-0.200261
-0.190506
-0.176415
-0.163921
-0.149591
-0.138294
-0.126462
-0.117813
-0.109083
-0.103060
-0.097022
-0.093059
-0.089032
-0.086516
-0.083881
-0.082318
-0.080607
-0.079652
-0.078541
-0.077965
-0.077237
-0.076896
-0.076413
-0.076216
-0.075886
-0.075781
-0.075546
-0.075500
-0.075320
-0.075315
-0.075164
-0.075190
-0.075049
-0.075104
-0.074957
-0.075041
-0.074876
-0.074994
-0.074798
-0.074956
-0.074716
-0.074926
-0.074624
-0.074901
-0.074520
-0.074883
-0.074397
-0.074872
-0.074250
-0.074871
-0.074074
-0.074884
-0.073859
-0.074917
-0.073596
-0.074978
-0.073273
-0.075077
-0.072874
-0.075228
-0.072377
-0.075450
-0.071756
0.048637
0.006697
0.042660
0.011856
0.038515
0.015871
0.035728
0.019033
0.033908
0.021497
0.032687
0.023280
0.031673
0.024241
0.030382
0.024043
0.028162
0.022085
0.024097
0.017418
0.016900
0.008666
0.004846
-0.005976
-0.014127
-0.028472
-0.041881
-0.060100
-0.078701
-0.099669
-0.120976
-0.141044
-0.159478
-0.172759
-0.182842
-0.186026
-0.186312
-0.180740
-0.174196
-0.163876
-0.154590
-0.143386
-0.134360
-0.124538
-0.117162
-0.109497
-0.104034
-0.098449
-0.094637
-0.090730
-0.088166
-0.085493
-0.083807
-0.081999
-0.080904
-0.079684
-0.078979
-0.078152
-0.077701
-0.077133
-0.076848
-0.076450
-0.076275
-0.075986
-0.075885
-0.075664
-0.075615
-0.075434
-0.075426
-0.075263
-0.075290
-0.075129
-0.075189
-0.075016
-0.075112
-0.074914
-0.075052
-0.074815
-0.075005
-0.074713
-0.074967
-0.074602
-0.074939
-0.074476
-0.074920
-0.074331
-0.074912
-0.074158
-0.074920
-0.073952
-0.074947
-0.073701
-0.075001
-0.073394
-0.075091
-0.073016
-0.075231
-0.072547
-0.075439
-0.071962
0.044108
0.005975
0.038650
0.010531
0.034772
0.014005
0.032045
0.016639
0.030104
0.018552
0.028600
0.019735
0.027152
0.020034
0.025299
0.019120
0.022436
0.016448
0.017750
0.011204
0.010166
0.002284
-0.001660
-0.011643
-0.019172
-0.031845
-0.043437
-0.058837
-0.074134
-0.091190
-0.108186
-0.124211
-0.139068
-0.150170
-0.159022
-0.162741
-0.164329
-0.161272
-0.157345
-0.150157
-0.143547
-0.135061
-0.128095
-0.120195
-0.114144
-0.107660
-0.102936
-0.097997
-0.094541
-0.090947
-0.088519
-0.085974
-0.084311
-0.082535
-0.081413
-0.080181
-0.079431
-0.078576
-0.078078
-0.077480
-0.077153
-0.076727
-0.076516
-0.076204
-0.076073
-0.075836
-0.075763
-0.075570
-0.075542
-0.075372
-0.075381
-0.075217
-0.075262
-0.075091
-0.075172
-0.074979
-0.075102
-0.074875
-0.075047
-0.074770
-0.075004
-0.074660
-0.074972
-0.074537
-0.074949
-0.074397
-0.074939
-0.074233
-0.074943
-0.074038
-0.074966
-0.073802
-0.075015
-0.073514
-0.075098
-0.073161
-0.075228
-0.072723
-0.075421
-0.072178
0.039340
0.005195
0.034416
0.009102
0.030806
0.011992
0.028126
0.014055
0.026041
0.015372
0.024219
0.015902
0.022293
0.015474
0.019819
0.013768
0.016234
0.010279
0.010812
0.004301
0.002644
-0.005064
-0.009323
-0.018801
-0.026093
-0.037693
-0.048188
-0.061744
-0.074886
-0.089336
-0.103362
-0.116529
-0.128564
-0.137688
-0.145094
-0.148555
-0.150466
-0.148671
-0.146209
-0.140978
-0.136114
-0.129504
-0.123997
-0.117513
-0.112447
-0.106870
-0.102707
-0.098272
-0.095079
-0.091722
-0.089376
-0.086912
-0.085235
-0.083457
-0.082278
-0.081008
-0.080188
-0.079281
-0.078714
-0.078064
-0.077675
-0.077203
-0.076938
-0.076589
-0.076413
-0.076145
-0.076035
-0.075819
-0.075760
-0.075573
-0.075557
-0.075382
-0.075404
-0.075228
-0.075288
-0.075096
-0.075198
-0.074977
-0.075127
-0.074862
-0.075072
-0.074746
-0.075030
-0.074622
-0.075000
-0.074484
-0.074983
-0.074326
-0.074981
-0.074140
-0.074998
-0.073918
-0.075040
-0.073649
-0.075114
-0.073320
-0.075232
-0.072913
-0.075409
-0.072408
0.034639
0.004470
0.030266
0.007782
0.026967
0.010156
0.024408
0.011739
0.022287
0.012584
0.020300
0.012635
0.018108
0.011727
0.015308
0.009563
0.011401
0.005708
0.005771
-0.000418
-0.002315
-0.009506
-0.013639
-0.022245
-0.028860
-0.039069
-0.048167
-0.059742
-0.070760
-0.082810
-0.094366
-0.105279
-0.115304
-0.123152
-0.129728
-0.133290
-0.135677
-0.135103
-0.133951
-0.130452
-0.127132
-0.122217
-0.118068
-0.112947
-0.108890
-0.104276
-0.100779
-0.096964
-0.094169
-0.091181
-0.089052
-0.086792
-0.085219
-0.083546
-0.082408
-0.081184
-0.080370
-0.079479
-0.078902
-0.078253
-0.077848
-0.077370
-0.077088
-0.076731
-0.076539
-0.076264
-0.076139
-0.075918
-0.075845
-0.075657
-0.075627
-0.075454
-0.075463
-0.075291
-0.075338
-0.075154
-0.075241
-0.075032
-0.075165
-0.074918
-0.075106
-0.074804
-0.075061
-0.074684
-0.075029
-0.074554
-0.075009
-0.074405
-0.075004
-0.074233
-0.075018
-0.074028
-0.075054
-0.073780
-0.075120
-0.073478
-0.075227
-0.073107
-0.075388
-0.072645
0.029768
0.003700
0.025955
0.006381
0.022965
0.008205
0.020514
0.009273
0.018335
0.009608
0.016151
0.009135
0.013650
0.007686
0.010463
0.004984
0.006145
0.000647
0.000167
-0.005810
-0.008062
-0.014921
-0.019126
-0.027157
-0.033431
-0.042710
-0.050931
-0.061161
-0.070751
-0.081134
-0.090927
-0.100172
-0.108591
-0.115283
-0.120952
-0.124238
-0.126621
-0.126606
-0.126130
-0.123673
-0.121312
-0.117528
-0.114299
-0.110144
-0.106803
-0.102896
-0.099881
-0.096527
-0.094016
-0.091298
-0.089312
-0.087191
-0.085672
-0.084057
-0.082921
-0.081709
-0.080872
-0.079969
-0.079358
-0.078686
-0.078243
-0.077741
-0.077424
-0.077043
-0.076819
-0.076524
-0.076370
-0.076134
-0.076036
-0.075836
-0.075784
-0.075604
-0.075593
-0.075419
-0.075446
-0.075265
-0.075332
-0.075132
-0.075243
-0.075010
-0.075173
-0.074892
-0.075119
-0.074773
-0.075080
-0.074646
-0.075054
-0.074504
-0.075044
-0.074343
-0.075051
-0.074153
-0.075080
-0.073926
-0.075137
-0.073650
-0.075231
-0.073313
-0.075375
-0.072895
0.025022
0.002992
0.021777
0.005103
0.019134
0.006448
0.016858
0.007093
0.014721
0.007036
0.012480
0.006200
0.009858
0.004423
0.006532
0.001463
0.002124
-0.003003
-0.003802
-0.009359
-0.011703
-0.017999
-0.021995
-0.029228
-0.034909
-0.043084
-0.050281
-0.059114
-0.067317
-0.076158
-0.084452
-0.092330
-0.099540
-0.105421
-0.110515
-0.113744
-0.116268
-0.116854
-0.117047
-0.115568
-0.114108
-0.111384
-0.109041
-0.105830
-0.103226
-0.100062
-0.097594
-0.094774
-0.092637
-0.090280
-0.088533
-0.086643
-0.085269
-0.083795
-0.082741
-0.081612
-0.080817
-0.079961
-0.079369
-0.078723
-0.078286
-0.077797
-0.077478
-0.077105
-0.076875
-0.076584
-0.076424
-0.076191
-0.076085
-0.075889
-0.075828
-0.075654
-0.075632
-0.075466
-0.075481
-0.075312
-0.075364
-0.075179
-0.075273
-0.075060
-0.075202
-0.074947
-0.075147
-0.074835
-0.075106
-0.074717
-0.075079
-0.074587
-0.075066
-0.074440
-0.075070
-0.074269
-0.075094
-0.074066
-0.075143
-0.073820
-0.075225
-0.073519
-0.075351
-0.073149
0.020171
0.002250
0.017495
0.003764
0.015193
0.004604
0.013078
0.004797
0.010961
0.004317
0.008631
0.003074
0.005844
0.000912
0.002316
-0.002388
-0.002277
-0.007103
-0.008295
-0.013541
-0.016092
-0.021992
-0.025957
-0.032634
-0.037987
-0.045395
-0.051932
-0.059784
-0.067032
-0.074765
-0.081961
-0.088794
-0.095027
-0.100177
-0.104675
-0.107661
-0.110083
-0.110908
-0.111409
-0.110494
-0.109568
-0.107530
-0.105764
-0.103201
-0.101101
-0.098463
-0.096377
-0.093942
-0.092066
-0.089966
-0.088380
-0.086649
-0.085362
-0.083978
-0.082962
-0.081878
-0.081092
-0.080253
-0.079654
-0.079009
-0.078556
-0.078060
-0.077721
-0.077338
-0.077088
-0.076788
-0.076608
-0.076366
-0.076241
-0.076040
-0.075961
-0.075785
-0.075745
-0.075581
-0.075578
-0.075414
-0.075448
-0.075274
-0.075346
-0.075150
-0.075266
-0.075035
-0.075204
-0.074924
-0.075157
-0.074811
-0.075124
-0.074690
-0.075106
-0.074555
-0.075104
-0.074401
-0.075120
-0.074220
-0.075160
-0.074002
-0.075229
-0.073738
-0.075337
-0.073413
0.015487
0.001574
0.013382
0.002554
0.011451
0.002958
0.009555
0.002785
0.007546
0.001990
0.005246
0.000480
0.002452
-0.001889
-0.001077
-0.005307
-0.005607
-0.010001
-0.011422
-0.016211
-0.018789
-0.024139
-0.027894
-0.033876
-0.038753
-0.045298
-0.051098
-0.057948
-0.064270
-0.070968
-0.077209
-0.083154
-0.088616
-0.093215
-0.097305
-0.100179
-0.102607
-0.103723
-0.104568
-0.104212
-0.103817
-0.102445
-0.101256
-0.099339
-0.097765
-0.095679
-0.094022
-0.092021
-0.090468
-0.088689
-0.087332
-0.085827
-0.084696
-0.083465
-0.082552
-0.081569
-0.080848
-0.080075
-0.079514
-0.078912
-0.078481
-0.078013
-0.077687
-0.077321
-0.077077
-0.076789
-0.076610
-0.076378
-0.076251
-0.076060
-0.075976
-0.075809
-0.075762
-0.075610
-0.075597
-0.075448
-0.075468
-0.075312
-0.075367
-0.075193
-0.075287
-0.075086
-0.075226
-0.074984
-0.075179
-0.074881
-0.075146
-0.074774
-0.075127
-0.074655
-0.075121
-0.074521
-0.075133
-0.074365
-0.075164
-0.074179
-0.075222
-0.073954
-0.075312
-0.073679
0.010757
0.000875
0.009218
0.001301
0.007647
0.001250
0.005955
0.000688
0.004030
-0.000451
0.001729
-0.002267
-0.001118
-0.004898
-0.004712
-0.008514
-0.009272
-0.013304
-0.015024
-0.019455
-0.022161
-0.027103
-0.030795
-0.036274
-0.040878
-0.046801
-0.052117
-0.058241
-0.063914
-0.069845
-0.075376
-0.080624
-0.085461
-0.089564
-0.093248
-0.095917
-0.098224
-0.099429
-0.100407
-0.100358
-0.100262
-0.099308
-0.098482
-0.096996
-0.095771
-0.094068
-0.092702
-0.091007
-0.089674
-0.088120
-0.086917
-0.085567
-0.084535
-0.083405
-0.082550
-0.081629
-0.080938
-0.080200
-0.079651
-0.079066
-0.078636
-0.078175
-0.077842
-0.077478
-0.077224
-0.076935
-0.076744
-0.076511
-0.076371
-0.076179
-0.076082
-0.075918
-0.075856
-0.075709
-0.075680
-0.075539
-0.075541
-0.075399
-0.075432
-0.075278
-0.075347
-0.075172
-0.075280
-0.075073
-0.075229
-0.074977
-0.075191
-0.074879
-0.075167
-0.074774
-0.075156
-0.074658
-0.075160
-0.074525
-0.075182
-0.074369
-0.075225
-0.074182
-0.075297
-0.073954
0.006220
0.000240
0.005242
0.000173
0.004054
-0.000267
0.002614
-0.001142
0.000845
-0.002531
-0.001357
-0.004536
-0.004129
-0.007284
-0.007630
-0.010924
-0.012034
-0.015609
-0.017509
-0.021480
-0.024192
-0.028624
-0.032138
-0.037026
-0.041266
-0.046511
-0.051300
-0.056687
-0.061729
-0.066935
-0.071833
-0.076471
-0.080793
-0.084501
-0.087888
-0.090431
-0.092692
-0.094028
-0.095180
-0.095451
-0.095671
-0.095137
-0.094686
-0.093640
-0.092785
-0.091485
-0.090446
-0.089090
-0.088024
-0.086738
-0.085740
-0.084594
-0.083713
-0.082732
-0.081985
-0.081170
-0.080554
-0.079891
-0.079393
-0.078860
-0.078464
-0.078040
-0.077729
-0.077392
-0.077150
-0.076882
-0.076698
-0.076481
-0.076344
-0.076166
-0.076067
-0.075917
-0.075851
-0.075718
-0.075681
-0.075557
-0.075548
-0.075425
-0.075443
-0.075314
-0.075360
-0.075217
-0.075296
-0.075128
-0.075246
-0.075045
-0.075209
-0.074961
-0.075184
-0.074875
-0.075171
-0.074780
-0.075170
-0.074673
-0.075184
-0.074550
-0.075216
-0.074404
-0.075270
-0.074228
0.001691
-0.000407
0.001263
-0.000980
0.000445
-0.001823
-0.000763
-0.003029
-0.002399
-0.004693
-0.004535
-0.006923
-0.007277
-0.009842
-0.010748
-0.013581
-0.015084
-0.018267
-0.020408
-0.024006
-0.026810
-0.030848
-0.034301
-0.038746
-0.042773
-0.047514
-0.051953
-0.056790
-0.061386
-0.066039
-0.070462
-0.074612
-0.078516
-0.081870
-0.084973
-0.087344
-0.089493
-0.090844
-0.092046
-0.092482
-0.092869
-0.092590
-0.092368
-0.091608
-0.090993
-0.089967
-0.089145
-0.088024
-0.087136
-0.086038
-0.085176
-0.084170
-0.083386
-0.082506
-0.081824
-0.081077
-0.080502
-0.079884
-0.079410
-0.078905
-0.078521
-0.078114
-0.077806
-0.077480
-0.077237
-0.076975
-0.076785
-0.076573
-0.076428
-0.076255
-0.076146
-0.076002
-0.075924
-0.075800
-0.075749
-0.075637
-0.075611
-0.075504
-0.075501
-0.075393
-0.075414
-0.075299
-0.075346
-0.075216
-0.075293
-0.075140
-0.075252
-0.075067
-0.075223
-0.074995
-0.075205
-0.074919
-0.075197
-0.074836
-0.075202
-0.074743
-0.075220
-0.074636
-0.075255
-0.074509
-0.002633
-0.000995
-0.002520
-0.002018
-0.002954
-0.003206
-0.003892
-0.004676
-0.005337
-0.006535
-0.007329
-0.008894
-0.009940
-0.011869
-0.013260
-0.015574
-0.017388
-0.020114
-0.022409
-0.025565
-0.028374
-0.031951
-0.035266
-0.039213
-0.042969
-0.047172
-0.051234
-0.055515
-0.059673
-0.063798
-0.067789
-0.071497
-0.075046
-0.078102
-0.080984
-0.083232
-0.085319
-0.086717
-0.088001
-0.088618
-0.089194
-0.089179
-0.089203
-0.088740
-0.088384
-0.087649
-0.087071
-0.086211
-0.085534
-0.084655
-0.083966
-0.083136
-0.082488
-0.081744
-0.081166
-0.080523
-0.080025
-0.079484
-0.079065
-0.078618
-0.078273
-0.077909
-0.077629
-0.077335
-0.077110
-0.076873
-0.076695
-0.076504
-0.076365
-0.076210
-0.076104
-0.075976
-0.075897
-0.075789
-0.075733
-0.075639
-0.075603
-0.075518
-0.075500
-0.075419
-0.075419
-0.075336
-0.075355
-0.075265
-0.075305
-0.075203
-0.075266
-0.075147
-0.075237
-0.075093
-0.075217
-0.075040
-0.075206
-0.074985
-0.075202
-0.074926
-0.075209
-0.074860
-0.075226
-0.074785
-0.006901
-0.001586
-0.006262
-0.003064
-0.006329
-0.004605
-0.007016
-0.006353
-0.008295
-0.008430
-0.010175
-0.010952
-0.012698
-0.014031
-0.015928
-0.017770
-0.019929
-0.022256
-0.024757
-0.027545
-0.030430
-0.033641
-0.036910
-0.040470
-0.044068
-0.047860
-0.051670
-0.055527
-0.059372
-0.063086
-0.066751
-0.070101
-0.073363
-0.076155
-0.078832
-0.080937
-0.082927
-0.084304
-0.085598
-0.086300
-0.086969
-0.087110
-0.087278
-0.087005
-0.086813
-0.086272
-0.085854
-0.085172
-0.084636
-0.083907
-0.083333
-0.082624
-0.082065
-0.081413
-0.080900
-0.080325
-0.079872
-0.079380
-0.078992
-0.078579
-0.078253
-0.077912
-0.077643
-0.077365
-0.077145
-0.076920
-0.076742
-0.076560
-0.076418
-0.076271
-0.076158
-0.076040
-0.075951
-0.075855
-0.075786
-0.075706
-0.075655
-0.075587
-0.075551
-0.075491
-0.075468
-0.075413
-0.075401
-0.075350
-0.075349
-0.075297
-0.075308
-0.075252
-0.075275
-0.075213
-0.075251
-0.075180
-0.075232
-0.075149
-0.075220
-0.075120
-0.075213
-0.075093
-0.075211
-0.075067
-0.010968
-0.002125
-0.009816
-0.004009
-0.009506
-0.005854
-0.009916
-0.007824
-0.010983
-0.010053
-0.012689
-0.012661
-0.015049
-0.015754
-0.018096
-0.019427
-0.021868
-0.023751
-0.026393
-0.028767
-0.031667
-0.034466
-0.037637
-0.040775
-0.044176
-0.047534
-0.051074
-0.054500
-0.058037
-0.061353
-0.064714
-0.067733
-0.070742
-0.073302
-0.075813
-0.077802
-0.079729
-0.081108
-0.082436
-0.083236
-0.084017
-0.084323
-0.084651
-0.084578
-0.084568
-0.084235
-0.083997
-0.083511
-0.083140
-0.082585
-0.082154
-0.081591
-0.081150
-0.080618
-0.080199
-0.079719
-0.079340
-0.078922
-0.078590
-0.078235
-0.077951
-0.077655
-0.077417
-0.077173
-0.076976
-0.076779
-0.076616
-0.076458
-0.076325
-0.076199
-0.076090
-0.075991
-0.075903
-0.075825
-0.075753
-0.075693
-0.075633
-0.075589
-0.075538
-0.075507
-0.075463
-0.075442
-0.075403
-0.075393
-0.075355
-0.075355
-0.075316
-0.075327
-0.075285
-0.075309
-0.075259
-0.075298
-0.075238
-0.075296
-0.075218
-0.075301
-0.075200
-0.075316
-0.075180
-0.075342
-0.014932
-0.002657
-0.013286
-0.004945
-0.012618
-0.007097
-0.012772
-0.009299
-0.013653
-0.011699
-0.015218
-0.014421
-0.017455
-0.017573
-0.020374
-0.021239
-0.023989
-0.025482
-0.028306
-0.030330
-0.033301
-0.035766
-0.038908
-0.041711
-0.044999
-0.048019
-0.051379
-0.054470
-0.057786
-0.060787
-0.063919
-0.066667
-0.069473
-0.071829
-0.074190
-0.076058
-0.077905
-0.079248
-0.080568
-0.081406
-0.082238
-0.082637
-0.083057
-0.083109
-0.083212
-0.083016
-0.082895
-0.082541
-0.082280
-0.081844
-0.081508
-0.081045
-0.080682
-0.080231
-0.079873
-0.079456
-0.079123
-0.078753
-0.078454
-0.078135
-0.077874
-0.077605
-0.077382
-0.077158
-0.076969
-0.076788
-0.076629
-0.076483
-0.076350
-0.076236
-0.076124
-0.076036
-0.075941
-0.075876
-0.075794
-0.075750
-0.075676
-0.075650
-0.075582
-0.075573
-0.075506
-0.075515
-0.075445
-0.075473
-0.075396
-0.075445
-0.075356
-0.075430
-0.075322
-0.075427
-0.075292
-0.075436
-0.075264
-0.075457
-0.075235
-0.075494
-0.075204
-0.075547
-0.075166
-0.075620
-0.018711
-0.003146
-0.016585
-0.005800
-0.015556
-0.008218
-0.015434
-0.010607
-0.016097
-0.013125
-0.017473
-0.015902
-0.019529
-0.019043
-0.022253
-0.022626
-0.025636
-0.026708
-0.029666
-0.031308
-0.034306
-0.036406
-0.039482
-0.041926
-0.045074
-0.047739
-0.050905
-0.053656
-0.056752
-0.059442
-0.062358
-0.064848
-0.067470
-0.069640
-0.071873
-0.073637
-0.075425
-0.076745
-0.078073
-0.078960
-0.079857
-0.080357
-0.080882
-0.081068
-0.081297
-0.081248
-0.081260
-0.081052
-0.080918
-0.080617
-0.080396
-0.080053
-0.079789
-0.079439
-0.079165
-0.078832
-0.078566
-0.078265
-0.078020
-0.077756
-0.077537
-0.077312
-0.077120
-0.076933
-0.076768
-0.076615
-0.076474
-0.076353
-0.076232
-0.076139
-0.076034
-0.075967
-0.075874
-0.075829
-0.075744
-0.075722
-0.075641
-0.075639
-0.075558
-0.075578
-0.075492
-0.075535
-0.075438
-0.075508
-0.075395
-0.075497
-0.075359
-0.075499
-0.075327
-0.075517
-0.075297
-0.075549
-0.075266
-0.075599
-0.075231
-0.075670
-0.075189
-0.075765
-0.075134
-0.075891
-0.022341
-0.003619
-0.019758
-0.006627
-0.018390
-0.009309
-0.018014
-0.011890
-0.018482
-0.014542
-0.019700
-0.017399
-0.021615
-0.020565
-0.024192
-0.024119
-0.027408
-0.028108
-0.031232
-0.032549
-0.035616
-0.037414
-0.040480
-0.042635
-0.045705
-0.048089
-0.051128
-0.053608
-0.056548
-0.058992
-0.061744
-0.064024
-0.066499
-0.068507
-0.070630
-0.072291
-0.074014
-0.075293
-0.076605
-0.077503
-0.078427
-0.078982
-0.079566
-0.079834
-0.080141
-0.080188
-0.080285
-0.080176
-0.080126
-0.079918
-0.079773
-0.079512
-0.079314
-0.079034
-0.078813
-0.078538
-0.078315
-0.078059
-0.077847
-0.077618
-0.077423
-0.077226
-0.077052
-0.076886
-0.076732
-0.076598
-0.076462
-0.076356
-0.076237
-0.076158
-0.076051
-0.075997
-0.075899
-0.075869
-0.075776
-0.075769
-0.075676
-0.075693
-0.075596
-0.075639
-0.075531
-0.075604
-0.075478
-0.075586
-0.075434
-0.075584
-0.075397
-0.075600
-0.075362
-0.075632
-0.075329
-0.075684
-0.075292
-0.075757
-0.075249
-0.075857
-0.075193
-0.075989
-0.075121
-0.076161
-0.025815
-0.004062
-0.022789
-0.007396
-0.021082
-0.010312
-0.020440
-0.013050
-0.020690
-0.015795
-0.021718
-0.018685
-0.023447
-0.021826
-0.025828
-0.025292
-0.028821
-0.029130
-0.032382
-0.033351
-0.036454
-0.037930
-0.040957
-0.042805
-0.045776
-0.047866
-0.050766
-0.052971
-0.055751
-0.057948
-0.060543
-0.062617
-0.064956
-0.066811
-0.068834
-0.070402
-0.072072
-0.073316
-0.074623
-0.075540
-0.076500
-0.077114
-0.077766
-0.078122
-0.078516
-0.078666
-0.078860
-0.078859
-0.078906
-0.078802
-0.078749
-0.078583
-0.078467
-0.078271
-0.078122
-0.077919
-0.077756
-0.077561
-0.077398
-0.077221
-0.077066
-0.076910
-0.076767
-0.076637
-0.076507
-0.076402
-0.076285
-0.076204
-0.076098
-0.076041
-0.075942
-0.075910
-0.075815
-0.075806
-0.075711
-0.075727
-0.075628
-0.075670
-0.075561
-0.075633
-0.075507
-0.075614
-0.075462
-0.075612
-0.075426
-0.075628
-0.075393
-0.075661
-0.075362
-0.075715
-0.075329
-0.075790
-0.075290
-0.075892
-0.075241
-0.076026
-0.075176
-0.076199
-0.075087
-0.076422
-0.029091
-0.004475
-0.025649
-0.008117
-0.023625
-0.011256
-0.022739
-0.014153
-0.022796
-0.017001
-0.023661
-0.019945
-0.025242
-0.023092
-0.027472
-0.026517
-0.030299
-0.030262
-0.033667
-0.034337
-0.037511
-0.038718
-0.041748
-0.043346
-0.046267
-0.048122
-0.050933
-0.052919
-0.055588
-0.057588
-0.060065
-0.061972
-0.064205
-0.065930
-0.067871
-0.069352
-0.070971
-0.072172
-0.073461
-0.074375
-0.075348
-0.075993
-0.076683
-0.077092
-0.077541
-0.077759
-0.078015
-0.078086
-0.078198
-0.078165
-0.078173
-0.078073
-0.078012
-0.077875
-0.077772
-0.077619
-0.077495
-0.077341
-0.077209
-0.077065
-0.076934
-0.076806
-0.076680
-0.076572
-0.076454
-0.076367
-0.076258
-0.076193
-0.076090
-0.076048
-0.075949
-0.075930
-0.075832
-0.075838
-0.075736
-0.075768
-0.075658
-0.075719
-0.075594
-0.075690
-0.075543
-0.075679
-0.075500
-0.075686
-0.075463
-0.075712
-0.075430
-0.075758
-0.075397
-0.075826
-0.075361
-0.075920
-0.075316
-0.076044
-0.075259
-0.076206
-0.075182
-0.076414
-0.075076
-0.076680
-0.032254
-0.004874
-0.028408
-0.008808
-0.026071
-0.012152
-0.024935
-0.015182
-0.024783
-0.018104
-0.025461
-0.021067
-0.026862
-0.024181
-0.028904
-0.027520
-0.031522
-0.031126
-0.034653
-0.035010
-0.038228
-0.039151
-0.042161
-0.043495
-0.046349
-0.047958
-0.050668
-0.052429
-0.054981
-0.056780
-0.059140
-0.060880
-0.063009
-0.064607
-0.066469
-0.067866
-0.069439
-0.070600
-0.071876
-0.072791
-0.073782
-0.074460
-0.075192
-0.075658
-0.076167
-0.076457
-0.076783
-0.076933
-0.077117
-0.077164
-0.077243
-0.077219
-0.077225
-0.077156
-0.077114
-0.077022
-0.076949
-0.076849
-0.076761
-0.076662
-0.076567
-0.076478
-0.076383
-0.076308
-0.076213
-0.076155
-0.076063
-0.076024
-0.075934
-0.075915
-0.075824
-0.075827
-0.075733
-0.075760
-0.075658
-0.075713
-0.075598
-0.075684
-0.075549
-0.075672
-0.075509
-0.075679
-0.075476
-0.075703
-0.075447
-0.075747
-0.075420
-0.075811
-0.075391
-0.075900
-0.075356
-0.076018
-0.075310
-0.076170
-0.075248
-0.076365
-0.075162
-0.076613
-0.075041
-0.076928
-0.035164
-0.005229
-0.030945
-0.009424
-0.028318
-0.012955
-0.026953
-0.016115
-0.026615
-0.019116
-0.027135
-0.022114
-0.028389
-0.025223
-0.030285
-0.028516
-0.032746
-0.032035
-0.035703
-0.035791
-0.039079
-0.039766
-0.042789
-0.043909
-0.046733
-0.048145
-0.050795
-0.052376
-0.054850
-0.056490
-0.058767
-0.060372
-0.062424
-0.063917
-0.065717
-0.067042
-0.068574
-0.069696
-0.070955
-0.071860
-0.072857
-0.073551
-0.074307
-0.074808
-0.075356
-0.075692
-0.076065
-0.076268
-0.076502
-0.076603
-0.076731
-0.076759
-0.076810
-0.076789
-0.076786
-0.076736
-0.076698
-0.076634
-0.076573
-0.076505
-0.076433
-0.076369
-0.076290
-0.076237
-0.076155
-0.076114
-0.076031
-0.076007
-0.075921
-0.075916
-0.075827
-0.075844
-0.075747
-0.075788
-0.075681
-0.075751
-0.075626
-0.075730
-0.075581
-0.075727
-0.075544
-0.075741
-0.075513
-0.075775
-0.075485
-0.075828
-0.075457
-0.075904
-0.075426
-0.076007
-0.075387
-0.076141
-0.075337
-0.076314
-0.075267
-0.076535
-0.075169
-0.076815
-0.075032
-0.077170
-0.038017
-0.005589
-0.033436
-0.010044
-0.030524
-0.013756
-0.028929
-0.017030
-0.028396
-0.020090
-0.028740
-0.023099
-0.029824
-0.026172
-0.031544
-0.029384
-0.033816
-0.032780
-0.036563
-0.036371
-0.039705
-0.040143
-0.043160
-0.044054
-0.046831
-0.048037
-0.050613
-0.052007
-0.054393
-0.055868
-0.058056
-0.059523
-0.061494
-0.062880
-0.064617
-0.065868
-0.067359
-0.068439
-0.069682
-0.070576
-0.071580
-0.072288
-0.073071
-0.073607
-0.074195
-0.074580
-0.075003
-0.075263
-0.075551
-0.075712
-0.075895
-0.075983
-0.076087
-0.076122
-0.076168
-0.076169
-0.076175
-0.076156
-0.076134
-0.076107
-0.076067
-0.076038
-0.075986
-0.075963
-0.075904
-0.075890
-0.075824
-0.075825
-0.075752
-0.075769
-0.075689
-0.075727
-0.075635
-0.075698
-0.075590
-0.075683
-0.075554
-0.075683
-0.075525
-0.075698
-0.075501
-0.075731
-0.075480
-0.075781
-0.075461
-0.075852
-0.075440
-0.075948
-0.075414
-0.076071
-0.075378
-0.076229
-0.075327
-0.076429
-0.075253
-0.076682
-0.075147
-0.077001
-0.074996
-0.077403
-0.040552
-0.005885
-0.035641
-0.010558
-0.032469
-0.014423
-0.030666
-0.017800
-0.029961
-0.020921
-0.030155
-0.023952
-0.031101
-0.027013
-0.032686
-0.030180
-0.034816
-0.033498
-0.037409
-0.036981
-0.040383
-0.040616
-0.043654
-0.044365
-0.047128
-0.048170
-0.050707
-0.051954
-0.054287
-0.055634
-0.057762
-0.059121
-0.061037
-0.062338
-0.064030
-0.065220
-0.066681
-0.067726
-0.068955
-0.069837
-0.070843
-0.071558
-0.072358
-0.072916
-0.073531
-0.073950
-0.074407
-0.074706
-0.075032
-0.075236
-0.075457
-0.075586
-0.075726
-0.075800
-0.075880
-0.075916
-0.075950
-0.075963
-0.075965
-0.075964
-0.075944
-0.075938
-0.075902
-0.075898
-0.075850
-0.075853
-0.075795
-0.075810
-0.075742
-0.075773
-0.075693
-0.075744
-0.075651
-0.075727
-0.075614
-0.075721
-0.075584
-0.075730
-0.075559
-0.075753
-0.075538
-0.075792
-0.075518
-0.075851
-0.075499
-0.075931
-0.075477
-0.076036
-0.075449
-0.076172
-0.075410
-0.076345
-0.075353
-0.076564
-0.075272
-0.076840
-0.075156
-0.077187
-0.074990
-0.077625
-0.043107
-0.006211
-0.037874
-0.011117
-0.034448
-0.015143
-0.032437
-0.018619
-0.031553
-0.021789
-0.031586
-0.024825
-0.032376
-0.027850
-0.033801
-0.030944
-0.035762
-0.034153
-0.038170
-0.037494
-0.040943
-0.040959
-0.043998
-0.044515
-0.047246
-0.048112
-0.050596
-0.051685
-0.053952
-0.055160
-0.057220
-0.058463
-0.060315
-0.061524
-0.063164
-0.064288
-0.065713
-0.066716
-0.067927
-0.068792
-0.069797
-0.070516
-0.071329
-0.071908
-0.072550
-0.073000
-0.073492
-0.073832
-0.074198
-0.074446
-0.074710
-0.074884
-0.075066
-0.075185
-0.075304
-0.075382
-0.075453
-0.075504
-0.075540
-0.075574
-0.075582
-0.075608
-0.075596
-0.075620
-0.075593
-0.075621
-0.075579
-0.075617
-0.075562
-0.075614
-0.075544
-0.075615
-0.075527
-0.075623
-0.075512
-0.075641
-0.075501
-0.075670
-0.075492
-0.075712
-0.075484
-0.075770
-0.075477
-0.075847
-0.075467
-0.075945
-0.075453
-0.076069
-0.075430
-0.076226
-0.075394
-0.076422
-0.075339
-0.076667
-0.075255
-0.076973
-0.075131
-0.077358
-0.074953
-0.077841
-0.045257
-0.006448
-0.039740
-0.011529
-0.036086
-0.015676
-0.033889
-0.019232
-0.032851
-0.022445
-0.032749
-0.025495
-0.033415
-0.028506
-0.034719
-0.031559
-0.036556
-0.034703
-0.038834
-0.037955
-0.041469
-0.041310
-0.044375
-0.044740
-0.047468
-0.048200
-0.050660
-0.051631
-0.053862
-0.054969
-0.056988
-0.058146
-0.059959
-0.061101
-0.062709
-0.063784
-0.065187
-0.066161
-0.067362
-0.068214
-0.069220
-0.069942
-0.070768
-0.071361
-0.072023
-0.072498
-0.073016
-0.073385
-0.073780
-0.074060
-0.074354
-0.074560
-0.074772
-0.074922
-0.075068
-0.075175
-0.075270
-0.075347
-0.075403
-0.075459
-0.075485
-0.075530
-0.075532
-0.075573
-0.075555
-0.075598
-0.075563
-0.075614
-0.075562
-0.075626
-0.075557
-0.075640
-0.075550
-0.075658
-0.075543
-0.075684
-0.075536
-0.075720
-0.075530
-0.075769
-0.075525
-0.075833
-0.075518
-0.075916
-0.075508
-0.076021
-0.075492
-0.076154
-0.075467
-0.076321
-0.075428
-0.076529
-0.075367
-0.076790
-0.075275
-0.077116
-0.075142
-0.077525
-0.074951
-0.078038
-0.047530
-0.006746
-0.041730
-0.012038
-0.037852
-0.016328
-0.035472
-0.019972
-0.034276
-0.023228
-0.034029
-0.026280
-0.034554
-0.029257
-0.035716
-0.032244
-0.037402
-0.035292
-0.039519
-0.038422
-0.041981
-0.041633
-0.044704
-0.044902
-0.047607
-0.048189
-0.050608
-0.051446
-0.053625
-0.054615
-0.056579
-0.057638
-0.059400
-0.060462
-0.062026
-0.063042
-0.064412
-0.065346
-0.066528
-0.067358
-0.068359
-0.069076
-0.069908
-0.070511
-0.071189
-0.071683
-0.072225
-0.072621
-0.073046
-0.073358
-0.073684
-0.073925
-0.074169
-0.074354
-0.074533
-0.074674
-0.074799
-0.074908
-0.074992
-0.075078
-0.075129
-0.075202
-0.075225
-0.075291
-0.075292
-0.075358
-0.075339
-0.075411
-0.075372
-0.075456
-0.075396
-0.075499
-0.075414
-0.075542
-0.075429
-0.075591
-0.075442
-0.075648
-0.075452
-0.075716
-0.075461
-0.075799
-0.075467
-0.075900
-0.075467
-0.076023
-0.075460
-0.076175
-0.075441
-0.076362
-0.075406
-0.076593
-0.075347
-0.076879
-0.075254
-0.077235
-0.075115
-0.077679
-0.074913
-0.078235
-0.049285
-0.006923
-0.043248
-0.012345
-0.039176
-0.016726
-0.036636
-0.020428
-0.035304
-0.023715
-0.034940
-0.026774
-0.035359
-0.029737
-0.036418
-0.032690
-0.038002
-0.035686
-0.040014
-0.038748
-0.042366
-0.041875
-0.044974
-0.045049
-0.047760
-0.048235
-0.050643
-0.051388
-0.053546
-0.054457
-0.056395
-0.057389
-0.059126
-0.060137
-0.061680
-0.062659
-0.064015
-0.064927
-0.066102
-0.066923
-0.067926
-0.068644
-0.069486
-0.070099
-0.070793
-0.071305
-0.071867
-0.072285
-0.072733
-0.073069
-0.073419
-0.073685
-0.073952
-0.074162
-0.074362
-0.074525
-0.074670
-0.074800
-0.074900
-0.075005
-0.075069
-0.075157
-0.075192
-0.075272
-0.075281
-0.075359
-0.075345
-0.075428
-0.075391
-0.075485
-0.075425
-0.075537
-0.075451
-0.075589
-0.075471
-0.075644
-0.075486
-0.075705
-0.075499
-0.075778
-0.075508
-0.075864
-0.075513
-0.075970
-0.075512
-0.076098
-0.075503
-0.076256
-0.075481
-0.076451
-0.075441
-0.076691
-0.075377
-0.076990
-0.075277
-0.077361
-0.075129
-0.077824
-0.074915
-0.078405
-0.051299
-0.007199
-0.045017
-0.012817
-0.040752
-0.017328
-0.038053
-0.021110
-0.036584
-0.024434
-0.036093
-0.027494
-0.036388
-0.030426
-0.037320
-0.033320
-0.038772
-0.036232
-0.040643
-0.039188
-0.042845
-0.042191
-0.045297
-0.045227
-0.047921
-0.048268
-0.050643
-0.051274
-0.053389
-0.054200
-0.056093
-0.057001
-0.058694
-0.059635
-0.061140
-0.062065
-0.063391
-0.064264
-0.065419
-0.066216
-0.067209
-0.067918
-0.068759
-0.069374
-0.070077
-0.070599
-0.071177
-0.071613
-0.072081
-0.072440
-0.072813
-0.073105
-0.073398
-0.073634
-0.073860
-0.074051
-0.074221
-0.074377
-0.074501
-0.074631
-0.074717
-0.074830
-0.074884
-0.074986
-0.075012
-0.075111
-0.075112
-0.075215
-0.075190
-0.075303
-0.075252
-0.075383
-0.075302
-0.075459
-0.075344
-0.075537
-0.075380
-0.075620
-0.075409
-0.075712
-0.075433
-0.075817
-0.075451
-0.075941
-0.075462
-0.076088
-0.075462
-0.076264
-0.075447
-0.076479
-0.075413
-0.076742
-0.075351
-0.077065
-0.075251
-0.077464
-0.075099
-0.077961
-0.074876
-0.078582
-0.052644
-0.007313
-0.046170
-0.013015
-0.041747
-0.017586
-0.038916
-0.021405
-0.037335
-0.024748
-0.036747
-0.027811
-0.036955
-0.030731
-0.037807
-0.033601
-0.039180
-0.036475
-0.040972
-0.039383
-0.043094
-0.042329
-0.045464
-0.045300
-0.048005
-0.048272
-0.050645
-0.051208
-0.053314
-0.054068
-0.055948
-0.056810
-0.058489
-0.059395
-0.060889
-0.061789
-0.063108
-0.063966
-0.065120
-0.065911
-0.066908
-0.067619
-0.068470
-0.069094
-0.069809
-0.070346
-0.070939
-0.071393
-0.071878
-0.072256
-0.072647
-0.072959
-0.073269
-0.073524
-0.073766
-0.073975
-0.074159
-0.074331
-0.074467
-0.074611
-0.074707
-0.074832
-0.074893
-0.075006
-0.075037
-0.075145
-0.075149
-0.075260
-0.075236
-0.075356
-0.075304
-0.075442
-0.075359
-0.075523
-0.075403
-0.075603
-0.075438
-0.075688
-0.075467
-0.075781
-0.075490
-0.075888
-0.075506
-0.076013
-0.075513
-0.076163
-0.075509
-0.076342
-0.075491
-0.076561
-0.075452
-0.076830
-0.075384
-0.077161
-0.075277
-0.077571
-0.075116
-0.078081
-0.074882
-0.078720
-0.054430
-0.007576
-0.047748
-0.013463
-0.043162
-0.018157
-0.040196
-0.022050
-0.038498
-0.025427
-0.037800
-0.028491
-0.037901
-0.031383
-0.038642
-0.034200
-0.039898
-0.036999
-0.041567
-0.039813
-0.043557
-0.042650
-0.045790
-0.045502
-0.048192
-0.048347
-0.050691
-0.051156
-0.053225
-0.053892
-0.055731
-0.056518
-0.058158
-0.059001
-0.060460
-0.061309
-0.062600
-0.063420
-0.064553
-0.065319
-0.066303
-0.067000
-0.067845
-0.068465
-0.069183
-0.069724
-0.070326
-0.070790
-0.071289
-0.071682
-0.072090
-0.072421
-0.072750
-0.073026
-0.073289
-0.073519
-0.073724
-0.073918
-0.074075
-0.074240
-0.074355
-0.074501
-0.074580
-0.074713
-0.074760
-0.074887
-0.074904
-0.075033
-0.075021
-0.075160
-0.075117
-0.075273
-0.075196
-0.075378
-0.075262
-0.075481
-0.075318
-0.075587
-0.075364
-0.075701
-0.075403
-0.075827
-0.075432
-0.075971
-0.075452
-0.076138
-0.075459
-0.076337
-0.075449
-0.076576
-0.075416
-0.076866
-0.075353
-0.077221
-0.075247
-0.077659
-0.075084
-0.078201
-0.074842
-0.078878
-0.055339
-0.007621
-0.048515
-0.013544
-0.043806
-0.018264
-0.040738
-0.022174
-0.038954
-0.025560
-0.038183
-0.028624
-0.038220
-0.031509
-0.038905
-0.034311
-0.040108
-0.037090
-0.041726
-0.039877
-0.043667
-0.042682
-0.045851
-0.045499
-0.048204
-0.048307
-0.050658
-0.051079
-0.053149
-0.053781
-0.055619
-0.056378
-0.058016
-0.058838
-0.060296
-0.061133
-0.062424
-0.063238
-0.064375
-0.065141
-0.066132
-0.066834
-0.067689
-0.068318
-0.069047
-0.069600
-0.070215
-0.070693
-0.071206
-0.071614
-0.072036
-0.072380
-0.072723
-0.073012
-0.073286
-0.073528
-0.073743
-0.073948
-0.074112
-0.074287
-0.074408
-0.074561
-0.074645
-0.074783
-0.074833
-0.074965
-0.074983
-0.075116
-0.075103
-0.075245
-0.075200
-0.075359
-0.075279
-0.075464
-0.075343
-0.075566
-0.075396
-0.075670
-0.075439
-0.075782
-0.075473
-0.075906
-0.075497
-0.076048
-0.075512
-0.076214
-0.075513
-0.076412
-0.075498
-0.076651
-0.075459
-0.076943
-0.075389
-0.077301
-0.075276
-0.077743
-0.075104
-0.078293
-0.074855
-0.078978
-0.056941
-0.007882
-0.049940
-0.013986
-0.045097
-0.018826
-0.041918
-0.022808
-0.040035
-0.026227
-0.039171
-0.029292
-0.039114
-0.032151
-0.039700
-0.034904
-0.040800
-0.037614
-0.042308
-0.040316
-0.044132
-0.043023
-0.046193
-0.045731
-0.048421
-0.048425
-0.050749
-0.051082
-0.053117
-0.053671
-0.055471
-0.056163
-0.057762
-0.058527
-0.059950
-0.060739
-0.062001
-0.062778
-0.063892
-0.064631
-0.065606
-0.066290
-0.067136
-0.067756
-0.068483
-0.069035
-0.069653
-0.070136
-0.070657
-0.071074
-0.071508
-0.071866
-0.072223
-0.072528
-0.072818
-0.073079
-0.073311
-0.073534
-0.073716
-0.073909
-0.074047
-0.074219
-0.074318
-0.074476
-0.074540
-0.074691
-0.074722
-0.074873
-0.074871
-0.075030
-0.074995
-0.075171
-0.075098
-0.075301
-0.075185
-0.075427
-0.075258
-0.075553
-0.075320
-0.075685
-0.075371
-0.075828
-0.075411
-0.075989
-0.075439
-0.076175
-0.075452
-0.076392
-0.075446
-0.076652
-0.075416
-0.076965
-0.075351
-0.077347
-0.075241
-0.077816
-0.075069
-0.078397
-0.074813
-0.079120
-0.057375
-0.007849
-0.050283
-0.013936
-0.045357
-0.018767
-0.042109
-0.022745
-0.040169
-0.026161
-0.039259
-0.029225
-0.039165
-0.032084
-0.039722
-0.034835
-0.040799
-0.037543
-0.042286
-0.040241
-0.044094
-0.042944
-0.046141
-0.045648
-0.048357
-0.048337
-0.050675
-0.050990
-0.053036
-0.053578
-0.055387
-0.056071
-0.057679
-0.058441
-0.059872
-0.060662
-0.061933
-0.062714
-0.063838
-0.064584
-0.065569
-0.066263
-0.067120
-0.067750
-0.068489
-0.069052
-0.069682
-0.070175
-0.070707
-0.071135
-0.071579
-0.071947
-0.072312
-0.072626
-0.072923
-0.073190
-0.073427
-0.073655
-0.073841
-0.074038
-0.074178
-0.074352
-0.074452
-0.074610
-0.074674
-0.074824
-0.074853
-0.075004
-0.074999
-0.075157
-0.075118
-0.075293
-0.075215
-0.075417
-0.075295
-0.075536
-0.075361
-0.075655
-0.075415
-0.075781
-0.075458
-0.075918
-0.075490
-0.076073
-0.075510
-0.076252
-0.075515
-0.076465
-0.075502
-0.076720
-0.075464
-0.077030
-0.075392
-0.077409
-0.075274
-0.077876
-0.075094
-0.078455
-0.074832
-0.079177
-0.058850
-0.008121
-0.051609
-0.014394
-0.046573
-0.019348
-0.043234
-0.023398
-0.041213
-0.026847
-0.040222
-0.029912
-0.040046
-0.032745
-0.040515
-0.035450
-0.041496
-0.038092
-0.042881
-0.040709
-0.044579
-0.043318
-0.046512
-0.045919
-0.048609
-0.048501
-0.050809
-0.051044
-0.053055
-0.053524
-0.055294
-0.055914
-0.057484
-0.058190
-0.059585
-0.060328
-0.061568
-0.062311
-0.063408
-0.064125
-0.065091
-0.065764
-0.066608
-0.067225
-0.067958
-0.068514
-0.069143
-0.069637
-0.070173
-0.070606
-0.071057
-0.071435
-0.071811
-0.072137
-0.072447
-0.072730
-0.072981
-0.073226
-0.073427
-0.073641
-0.073796
-0.073988
-0.074103
-0.074279
-0.074357
-0.074525
-0.074568
-0.074735
-0.074743
-0.074918
-0.074889
-0.075081
-0.075012
-0.075231
-0.075116
-0.075375
-0.075203
-0.075517
-0.075278
-0.075664
-0.075339
-0.075823
-0.075388
-0.075998
-0.075423
-0.076198
-0.075442
-0.076430
-0.075440
-0.076706
-0.075412
-0.077038
-0.075347
-0.077441
-0.075234
-0.077936
-0.075055
-0.078546
-0.074788
-0.079306
-0.058748
-0.007999
-0.051473
-0.014194
-0.046399
-0.019099
-0.043027
-0.023122
-0.040982
-0.026559
-0.039977
-0.029623
-0.039795
-0.032463
-0.040267
-0.035181
-0.041258
-0.037841
-0.042659
-0.040481
-0.044377
-0.043117
-0.046334
-0.045747
-0.048460
-0.048359
-0.050689
-0.050935
-0.052967
-0.053449
-0.055240
-0.055874
-0.057463
-0.058184
-0.059599
-0.060357
-0.061615
-0.062374
-0.063489
-0.064220
-0.065202
-0.065889
-0.066748
-0.067378
-0.068123
-0.068690
-0.069330
-0.069833
-0.070377
-0.070818
-0.071275
-0.071657
-0.072037
-0.072367
-0.072679
-0.072962
-0.073214
-0.073458
-0.073657
-0.073869
-0.074021
-0.074210
-0.074320
-0.074492
-0.074564
-0.074727
-0.074764
-0.074926
-0.074927
-0.075096
-0.075060
-0.075247
-0.075170
-0.075384
-0.075261
-0.075514
-0.075336
-0.075644
-0.075397
-0.075779
-0.075447
-0.075925
-0.075484
-0.076089
-0.075508
-0.076278
-0.075516
-0.076501
-0.075504
-0.076767
-0.075466
-0.077088
-0.075393
-0.077482
-0.075272
-0.077966
-0.075087
-0.078566
-0.074815
-0.079313
-0.060175
-0.008298
-0.052772
-0.014696
-0.047608
-0.019732
-0.044163
-0.023831
-0.042047
-0.027302
-0.040971
-0.030367
-0.040712
-0.033181
-0.041099
-0.035851
-0.041997
-0.038445
-0.043298
-0.041003
-0.044909
-0.043543
-0.046752
-0.046070
-0.048760
-0.048573
-0.050870
-0.051037
-0.053030
-0.053440
-0.055189
-0.055758
-0.057307
-0.057970
-0.059346
-0.060055
-0.061278
-0.061995
-0.063080
-0.063780
-0.064738
-0.065400
-0.066242
-0.066855
-0.067589
-0.068147
-0.068782
-0.069282
-0.069826
-0.070269
-0.070731
-0.071121
-0.071509
-0.071849
-0.072173
-0.072469
-0.072734
-0.072994
-0.073207
-0.073436
-0.073603
-0.073809
-0.073935
-0.074125
-0.074212
-0.074393
-0.074444
-0.074624
-0.074637
-0.074825
-0.074800
-0.075005
-0.074938
-0.075170
-0.075055
-0.075327
-0.075154
-0.075482
-0.075238
-0.075641
-0.075308
-0.075810
-0.075364
-0.075996
-0.075405
-0.076207
-0.075429
-0.076451
-0.075431
-0.076740
-0.075404
-0.077085
-0.075340
-0.077504
-0.075225
-0.078016
-0.075042
-0.078649
-0.074768
-0.079436
-0.059447
-0.008071
-0.052075
-0.014321
-0.046924
-0.019263
-0.043490
-0.023308
-0.041390
-0.026756
-0.040337
-0.029819
-0.040111
-0.032651
-0.040539
-0.035352
-0.041487
-0.037989
-0.042844
-0.040600
-0.044519
-0.043202
-0.046431
-0.045796
-0.048512
-0.048371
-0.050698
-0.050908
-0.052933
-0.053385
-0.055168
-0.055777
-0.057357
-0.058058
-0.059465
-0.060207
-0.061459
-0.062206
-0.063317
-0.064041
-0.065021
-0.065705
-0.066564
-0.067194
-0.067941
-0.068511
-0.069155
-0.069663
-0.070212
-0.070659
-0.071123
-0.071513
-0.071900
-0.072237
-0.072557
-0.072848
-0.073106
-0.073358
-0.073564
-0.073784
-0.073942
-0.074138
-0.074254
-0.074432
-0.074509
-0.074678
-0.074718
-0.074887
-0.074890
-0.075065
-0.075031
-0.075223
-0.075148
-0.075367
-0.075244
-0.075503
-0.075323
-0.075638
-0.075389
-0.075778
-0.075441
-0.075929
-0.075481
-0.076098
-0.075507
-0.076291
-0.075517
-0.076519
-0.075506
-0.076790
-0.075468
-0.077119
-0.075394
-0.077519
-0.075271
-0.078012
-0.075082
-0.078622
-0.074806
-0.079383
-0.060936
-0.008416
-0.053448
-0.014898
-0.048222
-0.019988
-0.044722
-0.024118
-0.042556
-0.027602
-0.041432
-0.030667
-0.041127
-0.033469
-0.041468
-0.036118
-0.042318
-0.038683
-0.043569
-0.041205
-0.045129
-0.043704
-0.046919
-0.046186
-0.048873
-0.048641
-0.050930
-0.051056
-0.053037
-0.053412
-0.055147
-0.055685
-0.057219
-0.057856
-0.059218
-0.059906
-0.061117
-0.061817
-0.062893
-0.063580
-0.064531
-0.065185
-0.066023
-0.066632
-0.067365
-0.067922
-0.068558
-0.069060
-0.069608
-0.070055
-0.070522
-0.070918
-0.071313
-0.071660
-0.071990
-0.072294
-0.072567
-0.072835
-0.073055
-0.073293
-0.073468
-0.073682
-0.073814
-0.074012
-0.074105
-0.074294
-0.074350
-0.074538
-0.074556
-0.074751
-0.074730
-0.074942
-0.074878
-0.075118
-0.075004
-0.075284
-0.075111
-0.075447
-0.075202
-0.075615
-0.075278
-0.075791
-0.075340
-0.075985
-0.075385
-0.076203
-0.075413
-0.076455
-0.075418
-0.076752
-0.075393
-0.077106
-0.075330
-0.077534
-0.075215
-0.078058
-0.075031
-0.078705
-0.074752
-0.079509
