# u - 1000 ites
1.012319
1.002113
1.011472
1.004208
1.011412
1.006340
1.011937
1.008447
1.012820
1.010468
1.013915
1.012391
1.015146
1.014223
1.016457
1.015969
1.017806
1.017626
1.019155
1.019185
1.020466
1.020631
1.021706
1.021946
1.022844
1.023111
1.023848
1.024106
1.024694
1.024913
1.025359
1.025516
1.025825
1.025905
1.026082
1.026075
1.026124
1.026024
1.025953
1.025760
1.025577
1.025295
1.025011
1.024645
1.024273
1.023833
1.023385
1.022883
1.022374
1.021822
1.021265
1.020676
1.020086
1.019471
1.018861
1.018232
1.017615
1.016983
1.016368
1.015741
1.015139
1.014526
1.013943
1.013348
1.012793
1.012221
1.011698
1.011151
1.010664
1.010144
1.009697
1.009203
1.008799
1.008329
1.007970
1.007522
1.007212
1.006781
1.006522
1.006102
1.005900
1.005483
1.005342
1.004919
1.004848
1.004407
1.004414
1.003940
1.004040
1.003514
1.003724
1.003122
1.003467
1.002758
1.003270
1.002412
1.003137
1.002074
1.003080
1.001714
1.012081
1.002060
1.011269
1.004140
1.011254
1.006285
1.011828
1.008417
1.012756
1.010464
1.013890
1.012412
1.015153
1.014268
1.016495
1.016038
1.017873
1.017719
1.019249
1.019301
1.020586
1.020770
1.021851
1.022106
1.023010
1.023290
1.024032
1.024300
1.024892
1.025118
1.025566
1.025728
1.026037
1.026118
1.026292
1.026283
1.026327
1.026222
1.026144
1.025943
1.025751
1.025459
1.025165
1.024788
1.024403
1.023952
1.023492
1.022978
1.022455
1.021891
1.021323
1.020722
1.020120
1.019495
1.018875
1.018237
1.017610
1.016970
1.016347
1.015714
1.015105
1.014486
1.013899
1.013300
1.012741
1.012166
1.011639
1.011091
1.010602
1.010081
1.009632
1.009138
1.008733
1.008264
1.007905
1.007458
1.007148
1.006718
1.006460
1.006042
1.005839
1.005426
1.005284
1.004865
1.004792
1.004356
1.004360
1.003893
1.003988
1.003470
1.003674
1.003082
1.003418
1.002722
1.003221
1.002382
1.003086
1.002049
1.003027
1.001694
1.012142
1.002064
1.011298
1.004132
1.011256
1.006267
1.011816
1.008394
1.012736
1.010439
1.013867
1.012387
1.015130
1.014245
1.016475
1.016020
1.017858
1.017708
1.019242
1.019299
1.020589
1.020778
1.021865
1.022126
1.023036
1.023323
1.024072
1.024346
1.024944
1.025176
1.025630
1.025797
1.026110
1.026195
1.026373
1.026366
1.026412
1.026309
1.026231
1.026030
1.025837
1.025544
1.025246
1.024867
1.024479
1.024023
1.023558
1.023039
1.022512
1.021942
1.021368
1.020761
1.020155
1.019524
1.018898
1.018255
1.017623
1.016978
1.016351
1.015714
1.015101
1.014478
1.013888
1.013286
1.012724
1.012147
1.011619
1.011068
1.010578
1.010056
1.009606
1.009112
1.008706
1.008237
1.007878
1.007431
1.007121
1.006692
1.006433
1.006016
1.005814
1.005401
1.005260
1.004842
1.004769
1.004335
1.004340
1.003873
1.003969
1.003452
1.003657
1.003065
1.003403
1.002706
1.003208
1.002367
1.003075
1.002036
1.003019
1.001683
1.011924
1.002030
1.011119
1.004087
1.011115
1.006227
1.011713
1.008369
1.012669
1.010433
1.013835
1.012403
1.015131
1.014285
1.016507
1.016085
1.017922
1.017800
1.019337
1.019420
1.020716
1.020927
1.022022
1.022303
1.023221
1.023525
1.024282
1.024570
1.025175
1.025417
1.025876
1.026049
1.026364
1.026453
1.026628
1.026621
1.026662
1.026554
1.026469
1.026260
1.026056
1.025751
1.025441
1.025048
1.024646
1.024176
1.023695
1.023161
1.022618
1.022033
1.021443
1.020822
1.020201
1.019556
1.018918
1.018262
1.017619
1.016963
1.016327
1.015680
1.015059
1.014430
1.013833
1.013226
1.012659
1.012078
1.011546
1.010993
1.010501
1.009977
1.009526
1.009032
1.008625
1.008157
1.007797
1.007352
1.007042
1.006616
1.006357
1.005944
1.005741
1.005332
1.005190
1.004777
1.004703
1.004274
1.004276
1.003817
1.003909
1.003400
1.003599
1.003018
1.003347
1.002664
1.003152
1.002330
1.003020
1.002004
1.002962
1.001658
1.011899
1.002032
1.011086
1.004081
1.011075
1.006214
1.011672
1.008353
1.012632
1.010418
1.013805
1.012393
1.015112
1.014285
1.016503
1.016099
1.017936
1.017831
1.019372
1.019471
1.020773
1.021001
1.022103
1.022400
1.023328
1.023646
1.024412
1.024714
1.025327
1.025581
1.026046
1.026228
1.026548
1.026642
1.026820
1.026815
1.026856
1.026747
1.026657
1.026444
1.026234
1.025922
1.025604
1.025202
1.024788
1.024307
1.023815
1.023269
1.022713
1.022116
1.021514
1.020881
1.020248
1.019592
1.018942
1.018277
1.017624
1.016959
1.016314
1.015660
1.015032
1.014397
1.013794
1.013182
1.012611
1.012027
1.011492
1.010937
1.010443
1.009918
1.009466
1.008971
1.008564
1.008097
1.007737
1.007293
1.006983
1.006559
1.006301
1.005889
1.005687
1.005281
1.005139
1.004730
1.004655
1.004230
1.004232
1.003776
1.003867
1.003363
1.003560
1.002984
1.003310
1.002634
1.003119
1.002303
1.002988
1.001980
1.002932
1.001636
1.011656
1.001998
1.010884
1.004035
1.010913
1.006171
1.011550
1.008323
1.012549
1.010408
1.013761
1.012408
1.015106
1.014329
1.016537
1.016175
1.018011
1.017943
1.019489
1.019621
1.020933
1.021191
1.022306
1.022630
1.023570
1.023913
1.024692
1.025013
1.025637
1.025906
1.026380
1.026572
1.026896
1.026995
1.027172
1.027166
1.027202
1.027087
1.026987
1.026763
1.026539
1.026211
1.025875
1.025454
1.025021
1.024519
1.024005
1.023438
1.022860
1.022242
1.021618
1.020964
1.020311
1.019636
1.018968
1.018285
1.017616
1.016937
1.016278
1.015613
1.014974
1.014328
1.013717
1.013098
1.012520
1.011931
1.011391
1.010834
1.010336
1.009810
1.009356
1.008861
1.008454
1.007988
1.007628
1.007187
1.006876
1.006456
1.006197
1.005791
1.005588
1.005188
1.005045
1.004642
1.004566
1.004148
1.004147
1.003701
1.003787
1.003294
1.003484
1.002922
1.003237
1.002577
1.003047
1.002253
1.002917
1.001937
1.002860
1.001601
1.011546
1.001991
1.010781
1.004017
1.010819
1.006147
1.011468
1.008300
1.012484
1.010392
1.013715
1.012405
1.015085
1.014344
1.016543
1.016215
1.018049
1.018013
1.019563
1.019725
1.021046
1.021332
1.022459
1.022810
1.023765
1.024131
1.024925
1.025267
1.025905
1.026192
1.026675
1.026881
1.027211
1.027318
1.027497
1.027494
1.027526
1.027407
1.027300
1.027067
1.026831
1.026490
1.026138
1.025701
1.025249
1.024728
1.024194
1.023605
1.023007
1.022368
1.021724
1.021049
1.020377
1.019683
1.018998
1.018298
1.017614
1.016920
1.016249
1.015571
1.014921
1.014267
1.013647
1.013021
1.012437
1.011843
1.011299
1.010738
1.010238
1.009711
1.009255
1.008761
1.008352
1.007888
1.007528
1.007089
1.006780
1.006362
1.006105
1.005702
1.005500
1.005104
1.004962
1.004564
1.004487
1.004076
1.004073
1.003634
1.003718
1.003233
1.003419
1.002866
1.003176
1.002527
1.002989
1.002208
1.002862
1.001898
1.002807
1.001567
1.011269
1.001955
1.010546
1.003965
1.010626
1.006095
1.011318
1.008261
1.012378
1.010374
1.013653
1.012415
1.015069
1.014389
1.016576
1.016301
1.018134
1.018146
1.019703
1.019909
1.021243
1.021570
1.022714
1.023101
1.024075
1.024474
1.025286
1.025656
1.026310
1.026618
1.027114
1.027334
1.027671
1.027785
1.027965
1.027961
1.027987
1.027860
1.027739
1.027492
1.027236
1.026875
1.026499
1.026036
1.025557
1.025008
1.024444
1.023827
1.023199
1.022530
1.021857
1.021155
1.020456
1.019736
1.019027
1.018305
1.017599
1.016887
1.016197
1.015503
1.014839
1.014173
1.013542
1.012907
1.012314
1.011714
1.011164
1.010600
1.010095
1.009567
1.009110
1.008616
1.008207
1.007744
1.007384
1.006950
1.006640
1.006228
1.005971
1.005574
1.005372
1.004984
1.004840
1.004451
1.004373
1.003971
1.003965
1.003538
1.003615
1.003145
1.003322
1.002786
1.003083
1.002455
1.002899
1.002145
1.002774
1.001843
1.002718
1.001522
1.011079
1.001937
1.010377
1.003933
1.010477
1.006057
1.011193
1.008225
1.012280
1.010350
1.013586
1.012410
1.015038
1.014412
1.016586
1.016359
1.018190
1.018247
1.019811
1.020060
1.021407
1.021775
1.022937
1.023363
1.024357
1.024791
1.025624
1.026025
1.026697
1.027031
1.027541
1.027780
1.028126
1.028250
1.028433
1.028431
1.028452
1.028319
1.028186
1.027925
1.027651
1.027269
1.026869
1.026382
1.025874
1.025297
1.024704
1.024056
1.023397
1.022699
1.021996
1.021266
1.020538
1.019793
1.019058
1.018313
1.017586
1.016854
1.016146
1.015436
1.014758
1.014079
1.013436
1.012792
1.012192
1.011585
1.011030
1.010463
1.009955
1.009425
1.008966
1.008473
1.008064
1.007604
1.007244
1.006813
1.006505
1.006097
1.005841
1.005450
1.005249
1.004868
1.004724
1.004343
1.004264
1.003871
1.003863
1.003446
1.003520
1.003061
1.003231
1.002710
1.002998
1.002387
1.002818
1.002084
1.002696
1.001789
1.002642
1.001476
1.010759
1.001898
1.010103
1.003872
1.010249
1.005994
1.011011
1.008174
1.012146
1.010320
1.013503
1.012412
1.015008
1.014455
1.016615
1.016453
1.018283
1.018399
1.019973
1.020277
1.021643
1.022062
1.023247
1.023721
1.024741
1.025218
1.026076
1.026514
1.027209
1.027572
1.028099
1.028358
1.028714
1.028849
1.029032
1.029030
1.029043
1.028900
1.028750
1.028469
1.028169
1.027760
1.027328
1.026807
1.026264
1.025649
1.025017
1.024331
1.023633
1.022897
1.022156
1.021390
1.020628
1.019850
1.019084
1.018310
1.017556
1.016800
1.016070
1.015342
1.014645
1.013951
1.013296
1.012641
1.012031
1.011417
1.010855
1.010284
1.009772
1.009242
1.008781
1.008290
1.007880
1.007423
1.007064
1.006638
1.006331
1.005929
1.005675
1.005292
1.005091
1.004719
1.004575
1.004204
1.004123
1.003743
1.003731
1.003328
1.003395
1.002953
1.003114
1.002612
1.002885
1.002299
1.002710
1.002006
1.002590
1.001722
1.002537
1.001421
1.010493
1.001870
1.009868
1.003824
1.010044
1.005937
1.010839
1.008121
1.012011
1.010282
1.013408
1.012399
1.014960
1.014477
1.016620
1.016522
1.018350
1.018525
1.020109
1.020469
1.021854
1.022327
1.023538
1.024062
1.025111
1.025636
1.026523
1.027002
1.027724
1.028120
1.028669
1.028953
1.029321
1.029470
1.029656
1.029657
1.029662
1.029510
1.029343
1.029042
1.028717
1.028279
1.027814
1.027258
1.026676
1.026023
1.025349
1.024622
1.023883
1.023106
1.022326
1.021521
1.020722
1.019909
1.019111
1.018307
1.017525
1.016744
1.015991
1.015243
1.014528
1.013819
1.013150
1.012484
1.011864
1.011244
1.010676
1.010101
1.009585
1.009055
1.008592
1.008102
1.007693
1.007240
1.006882
1.006461
1.006156
1.005761
1.005508
1.005133
1.004933
1.004570
1.004427
1.004066
1.003984
1.003616
1.003601
1.003211
1.003273
1.002847
1.002999
1.002516
1.002777
1.002213
1.002607
1.001929
1.002490
1.001654
1.002439
1.001363
1.010124
1.001825
1.009550
1.003753
1.009774
1.005859
1.010619
1.008052
1.011843
1.010236
1.013296
1.012387
1.014909
1.014514
1.016639
1.016618
1.018446
1.018692
1.020290
1.020718
1.022127
1.022664
1.023906
1.024492
1.025575
1.026155
1.027077
1.027605
1.028357
1.028793
1.029365
1.029676
1.030059
1.030221
1.030410
1.030410
1.030405
1.030239
1.030049
1.029723
1.029363
1.028890
1.028382
1.027782
1.027153
1.026451
1.025728
1.024951
1.024162
1.023336
1.022508
1.021658
1.020815
1.019962
1.019125
1.018286
1.017472
1.016662
1.015883
1.015111
1.014376
1.013650
1.012965
1.012288
1.011657
1.011030
1.010455
1.009877
1.009358
1.008827
1.008363
1.007876
1.007467
1.007019
1.006663
1.006249
1.005945
1.005559
1.005308
1.004942
1.004744
1.004392
1.004249
1.003901
1.003817
1.003463
1.003444
1.003071
1.003126
1.002719
1.002861
1.002401
1.002646
1.002109
1.002481
1.001838
1.002368
1.001575
1.002317
1.001298
1.009783
1.001787
1.009250
1.003688
1.009512
1.005781
1.010397
1.007976
1.011664
1.010175
1.013166
1.012355
1.014835
1.014525
1.016630
1.016686
1.018513
1.018833
1.020445
1.020943
1.022378
1.022984
1.024261
1.024913
1.026035
1.026677
1.027639
1.028222
1.029010
1.029491
1.030092
1.030436
1.030836
1.031018
1.031211
1.031214
1.031199
1.031021
1.030808
1.030454
1.030059
1.029547
1.028995
1.028347
1.027667
1.026912
1.026135
1.025304
1.024460
1.023582
1.022702
1.021803
1.020913
1.020017
1.019139
1.018263
1.017414
1.016573
1.015766
1.014971
1.014215
1.013471
1.012770
1.012081
1.011439
1.010805
1.010224
1.009643
1.009120
1.008590
1.008126
1.007642
1.007234
1.006791
1.006437
1.006030
1.005729
1.005352
1.005103
1.004748
1.004552
1.004211
1.004069
1.003734
1.003649
1.003309
1.003288
1.002931
1.002980
1.002592
1.002723
1.002286
1.002516
1.002006
1.002357
1.001746
1.002248
1.001495
1.002199
1.001230
1.009361
1.001735
1.008882
1.003603
1.009195
1.005684
1.010133
1.007884
1.011455
1.010104
1.013017
1.012322
1.014754
1.014544
1.016628
1.016775
1.018603
1.019008
1.020638
1.021218
1.022686
1.023371
1.024689
1.025417
1.026586
1.027299
1.028308
1.028953
1.029784
1.030316
1.030949
1.031329
1.031749
1.031949
1.032145
1.032149
1.032121
1.031924
1.031681
1.031292
1.030854
1.030293
1.029686
1.028981
1.028239
1.027422
1.026580
1.025685
1.024778
1.023838
1.022899
1.021943
1.021000
1.020053
1.019129
1.018211
1.017324
1.016450
1.015612
1.014791
1.014011
1.013248
1.012532
1.011830
1.011178
1.010536
1.009949
1.009365
1.008841
1.008312
1.007848
1.007368
1.006962
1.006526
1.006176
1.005777
1.005480
1.005113
1.004868
1.004524
1.004331
1.004003
1.003862
1.003542
1.003456
1.003133
1.003107
1.002770
1.002811
1.002445
1.002565
1.002154
1.002366
1.001888
1.002214
1.001642
1.002110
1.001405
1.002062
1.001156
1.008945
1.001685
1.008516
1.003518
1.008872
1.005579
1.009854
1.007777
1.011223
1.010011
1.012840
1.012259
1.014641
1.014531
1.016592
1.016830
1.018658
1.019150
1.020800
1.021467
1.022969
1.023740
1.025105
1.025916
1.027138
1.027930
1.028993
1.029710
1.030590
1.031182
1.031855
1.032279
1.032724
1.032948
1.033152
1.033158
1.033118
1.032904
1.032630
1.032205
1.031719
1.031106
1.030439
1.029671
1.028862
1.027976
1.027063
1.026098
1.025121
1.024114
1.023110
1.022092
1.021091
1.020091
1.019117
1.018154
1.017226
1.016316
1.015446
1.014597
1.013794
1.013012
1.012278
1.011564
1.010901
1.010253
1.009659
1.009074
1.008548
1.008021
1.007557
1.007083
1.006680
1.006251
1.005905
1.005516
1.005223
1.004867
1.004626
1.004295
1.004104
1.003790
1.003651
1.003346
1.003260
1.002954
1.002925
1.002606
1.002641
1.002297
1.002406
1.002020
1.002217
1.001769
1.002071
1.001536
1.001972
1.001313
1.001926
1.001078
1.008464
1.001625
1.008094
1.003416
1.008504
1.005458
1.009538
1.007654
1.010963
1.009906
1.012643
1.012191
1.014518
1.014520
1.016557
1.016899
1.018730
1.019321
1.020996
1.021759
1.023304
1.024172
1.025592
1.026498
1.027782
1.028664
1.029790
1.030588
1.031525
1.032184
1.032902
1.033373
1.033845
1.034095
1.034304
1.034310
1.034253
1.034014
1.033701
1.033229
1.032685
1.032009
1.031270
1.030427
1.029537
1.028570
1.027575
1.026528
1.025472
1.024387
1.023309
1.022222
1.021156
1.020096
1.019067
1.018055
1.017083
1.016134
1.015230
1.014353
1.013525
1.012723
1.011973
1.011246
1.010574
1.009920
1.009322
1.008736
1.008209
1.007686
1.007225
1.006758
1.006359
1.005940
1.005598
1.005221
1.004933
1.004590
1.004354
1.004037
1.003851
1.003552
1.003415
1.003127
1.003041
1.002754
1.002721
1.002424
1.002452
1.002133
1.002229
1.001872
1.002049
1.001637
1.001912
1.001420
1.001818
1.001213
1.001774
1.000995
1.007974
1.001563
1.007660
1.003308
1.008116
1.005320
1.009195
1.007507
1.010669
1.009767
1.012405
1.012082
1.014349
1.014464
1.016475
1.016922
1.018754
1.019448
1.021149
1.022016
1.023607
1.024579
1.026060
1.027072
1.028427
1.029411
1.030610
1.031501
1.032506
1.033244
1.034017
1.034546
1.035054
1.035335
1.035555
1.035566
1.035493
1.035229
1.034875
1.034354
1.033747
1.033001
1.032183
1.031256
1.030278
1.029221
1.028134
1.026998
1.025853
1.024684
1.023525
1.022362
1.021225
1.020100
1.019012
1.017947
1.016928
1.015938
1.014999
1.014091
1.013237
1.012415
1.011648
1.010909
1.010227
1.009568
1.008966
1.008381
1.007854
1.007335
1.006877
1.006418
1.006024
1.005615
1.005280
1.004915
1.004634
1.004304
1.004074
1.003772
1.003590
1.003308
1.003174
1.002903
1.002817
1.002549
1.002514
1.002239
1.002260
1.001965
1.002050
1.001722
1.001881
1.001503
1.001752
1.001302
1.001664
1.001110
1.001622
1.000909
1.007429
1.001493
1.007179
1.003186
1.007689
1.005167
1.008818
1.007342
1.010346
1.009614
1.012144
1.011963
1.014166
1.014405
1.016389
1.016952
1.018789
1.019596
1.021329
1.022311
1.023957
1.025047
1.026601
1.027731
1.029168
1.030267
1.031551
1.032548
1.033631
1.034456
1.035291
1.035884
1.036430
1.036745
1.036973
1.036984
1.036888
1.036591
1.036184
1.035601
1.034917
1.034085
1.033173
1.032147
1.031065
1.029902
1.028710
1.027470
1.026225
1.024959
1.023710
1.022463
1.021248
1.020052
1.018901
1.017780
1.016710
1.015678
1.014702
1.013764
1.012885
1.012044
1.011261
1.010512
1.009822
1.009160
1.008556
1.007974
1.007449
1.006937
1.006485
1.006036
1.005649
1.005253
1.004926
1.004575
1.004302
1.003988
1.003765
1.003480
1.003304
1.003040
1.002909
1.002658
1.002573
1.002327
1.002289
1.002037
1.002051
1.001783
1.001855
1.001559
1.001698
1.001358
1.001578
1.001174
1.001496
1.001000
1.001456
1.000818
1.006864
1.001418
1.006675
1.003050
1.007231
1.004989
1.008403
1.007143
1.009976
1.009414
1.011828
1.011788
1.013920
1.014285
1.016237
1.016918
1.018758
1.019683
1.021450
1.022554
1.024260
1.025477
1.027112
1.028373
1.029905
1.031134
1.032517
1.033635
1.034812
1.035742
1.036653
1.037324
1.037920
1.038279
1.038524
1.038539
1.038423
1.038093
1.037631
1.036980
1.036211
1.035286
1.034268
1.033132
1.031933
1.030654
1.029344
1.027989
1.026633
1.025261
1.023912
1.022572
1.021273
1.020000
1.018780
1.017598
1.016476
1.015398
1.014383
1.013414
1.012509
1.011648
1.010850
1.010091
1.009393
1.008729
1.008124
1.007545
1.007024
1.006521
1.006075
1.005637
1.005259
1.004877
1.004559
1.004223
1.003959
1.003662
1.003447
1.003180
1.003010
1.002765
1.002638
1.002408
1.002324
1.002099
1.002059
1.001832
1.001838
1.001599
1.001657
1.001393
1.001513
1.001211
1.001403
1.001044
1.001327
1.000887
1.001291
1.000724
1.006253
1.001336
1.006131
1.002903
1.006738
1.004796
1.007955
1.006924
1.009574
1.009195
1.011485
1.011596
1.013654
1.014152
1.016073
1.016882
1.018729
1.019783
1.021591
1.022830
1.024607
1.025967
1.027696
1.029104
1.030746
1.032122
1.033619
1.034876
1.036159
1.037207
1.038204
1.038961
1.039611
1.040015
1.040273
1.040288
1.040142
1.039766
1.039233
1.038497
1.037624
1.036584
1.035441
1.034173
1.032838
1.031422
1.029977
1.028490
1.027008
1.025517
1.024058
1.022616
1.021225
1.019870
1.018577
1.017332
1.016156
1.015033
1.013981
1.012982
1.012053
1.011175
1.010364
1.009598
1.008897
1.008234
1.007631
1.007060
1.006546
1.006054
1.005618
1.005194
1.004827
1.004462
1.004155
1.003838
1.003585
1.003306
1.003101
1.002854
1.002692
1.002468
1.002346
1.002138
1.002056
1.001855
1.001812
1.001612
1.001611
1.001401
1.001446
1.001217
1.001315
1.001054
1.001216
1.000907
1.001147
1.000769
1.001113
1.000626
1.005611
1.001245
1.005554
1.002736
1.006205
1.004569
1.007456
1.006658
1.009111
1.008914
1.011068
1.011330
1.013305
1.013936
1.015820
1.016757
1.018609
1.019795
1.021646
1.023027
1.024881
1.026395
1.028229
1.029801
1.031568
1.033112
1.034744
1.036161
1.037573
1.038761
1.039866
1.040729
1.041450
1.041914
1.042197
1.042219
1.042047
1.041624
1.041016
1.040186
1.039199
1.038031
1.036747
1.035331
1.033843
1.032274
1.030677
1.029044
1.027422
1.025800
1.024218
1.022666
1.021174
1.019730
1.018359
1.017046
1.015813
1.014642
1.013550
1.012520
1.011567
1.010672
1.009849
1.009077
1.008373
1.007713
1.007114
1.006551
1.006045
1.005566
1.005141
1.004733
1.004379
1.004031
1.003737
1.003439
1.003198
1.002940
1.002745
1.002519
1.002366
1.002163
1.002048
1.001862
1.001782
1.001606
1.001562
1.001388
1.001380
1.001200
1.001233
1.001038
1.001116
1.000895
1.001027
1.000768
1.000966
1.000649
1.000935
1.000526
1.004932
1.001149
1.004944
1.002558
1.005640
1.004326
1.006924
1.006370
1.008614
1.008607
1.010619
1.011038
1.012926
1.013699
1.015546
1.016620
1.018481
1.019811
1.021713
1.023250
1.025194
1.026879
1.028835
1.030592
1.032505
1.034239
1.036025
1.037625
1.039185
1.040532
1.041758
1.042739
1.043538
1.044063
1.044368
1.044388
1.044175
1.043688
1.042983
1.042035
1.040906
1.039582
1.038129
1.036536
1.034870
1.033122
1.031351
1.029550
1.027771
1.026003
1.024288
1.022615
1.021016
1.019478
1.018027
1.016646
1.015356
1.014139
1.013011
1.011955
1.010982
1.010074
1.009244
1.008472
1.007770
1.007117
1.006527
1.005977
1.005485
1.005023
1.004614
1.004226
1.003887
1.003561
1.003283
1.003007
1.002780
1.002545
1.002363
1.002160
1.002017
1.001838
1.001730
1.001568
1.001492
1.001342
1.001297
1.001151
1.001137
1.000988
1.001008
1.000849
1.000906
1.000728
1.000829
1.000622
1.000775
1.000523
1.000748
1.000422
1.004215
1.001041
1.004292
1.002355
1.005025
1.004040
1.006330
1.006021
1.008039
1.008221
1.010075
1.010649
1.012439
1.013349
1.015151
1.016361
1.018226
1.019701
1.021655
1.023355
1.025396
1.027265
1.029358
1.031319
1.033399
1.035349
1.037318
1.039132
1.040871
1.042409
1.043788
1.044917
1.045818
1.046428
1.046770
1.046799
1.046550
1.045997
1.045188
1.044109
1.042822
1.041323
1.039678
1.037886
1.036017
1.034067
1.032101
1.030113
1.028159
1.026228
1.024367
1.022561
1.020847
1.019207
1.017670
1.016217
1.014867
1.013602
1.012437
1.011353
1.010361
1.009442
1.008606
1.007835
1.007136
1.006493
1.005913
1.005379
1.004901
1.004458
1.004066
1.003700
1.003379
1.003075
1.002814
1.002562
1.002351
1.002140
1.001971
1.001792
1.001660
1.001506
1.001406
1.001270
1.001197
1.001074
1.001028
1.000911
1.000891
1.000774
1.000781
1.000659
1.000695
1.000560
1.000630
1.000474
1.000585
1.000396
1.000561
1.000317
1.003467
1.000929
1.003612
1.002141
1.004381
1.003736
1.005702
1.005645
1.007427
1.007802
1.009492
1.010224
1.011911
1.012965
1.014721
1.016074
1.017949
1.019580
1.021596
1.023474
1.025627
1.027702
1.029953
1.032145
1.034417
1.036615
1.038795
1.040854
1.042799
1.044555
1.046108
1.047400
1.048415
1.049112
1.049486
1.049512
1.049208
1.048562
1.047617
1.046372
1.044889
1.043173
1.041297
1.039268
1.037160
1.034977
1.032786
1.030586
1.028436
1.026327
1.024307
1.022360
1.020525
1.018782
1.017159
1.015635
1.014230
1.012923
1.011727
1.010622
1.009618
1.008696
1.007862
1.007099
1.006411
1.005784
1.005222
1.004710
1.004252
1.003835
1.003464
1.003124
1.002825
1.002549
1.002309
1.002083
1.001891
1.001706
1.001554
1.001402
1.001283
1.001155
1.001064
1.000955
1.000888
1.000792
1.000746
1.000659
1.000633
1.000550
1.000544
1.000461
1.000475
1.000386
1.000423
1.000322
1.000387
1.000266
1.000367
1.000209
1.002674
1.000803
1.002885
1.001896
1.003677
1.003379
1.004998
1.005193
1.006717
1.007282
1.008789
1.009674
1.011243
1.012433
1.014132
1.015622
1.017498
1.019283
1.021359
1.023421
1.025692
1.027986
1.030411
1.032858
1.035351
1.037830
1.040260
1.042608
1.044804
1.046826
1.048598
1.050099
1.051265
1.052082
1.052513
1.052551
1.052197
1.051455
1.050363
1.048931
1.047226
1.045264
1.043126
1.040825
1.038446
1.035996
1.033553
1.031115
1.028747
1.026439
1.024244
1.022144
1.020177
1.018323
1.016608
1.015011
1.013548
1.012198
1.010971
1.009848
1.008833
1.007909
1.007079
1.006327
1.005653
1.005045
1.004503
1.004014
1.003580
1.003189
1.002843
1.002531
1.002256
1.002008
1.001790
1.001593
1.001421
1.001264
1.001130
1.001004
1.000899
1.000799
1.000718
1.000636
1.000575
1.000508
1.000462
1.000406
1.000375
1.000325
1.000307
1.000261
1.000255
1.000210
1.000216
1.000169
1.000189
1.000134
1.000174
1.000101
1.001858
1.000672
1.002134
1.001640
1.002947
1.003002
1.004261
1.004710
1.005966
1.006721
1.008037
1.009075
1.010523
1.011851
1.013491
1.015124
1.017005
1.018955
1.021101
1.023363
1.025770
1.028309
1.030934
1.033670
1.036419
1.039221
1.041941
1.044621
1.047109
1.049437
1.051459
1.053195
1.054529
1.055471
1.055952
1.055985
1.055552
1.054675
1.053388
1.051717
1.049734
1.047468
1.045011
1.042386
1.039688
1.036929
1.034197
1.031490
1.028881
1.026358
1.023977
1.021716
1.019617
1.017653
1.015852
1.014188
1.012677
1.011293
1.010047
1.008915
1.007902
1.006987
1.006172
1.005441
1.004792
1.004212
1.003698
1.003242
1.002838
1.002481
1.002165
1.001887
1.001641
1.001426
1.001235
1.001070
1.000922
1.000796
1.000681
1.000586
1.000496
1.000425
1.000356
1.000304
1.000249
1.000212
1.000168
1.000143
1.000107
1.000093
1.000062
1.000056
1.000028
1.000030
1.000004
1.000012
0.999986
1.000000
0.999975
0.999990
1.000993
1.000525
1.001330
1.001346
1.002150
1.002562
1.003434
1.004134
1.005099
1.006035
1.007140
1.008319
1.009624
1.011077
1.012642
1.014406
1.016278
1.018384
1.020594
1.023055
1.025603
1.028398
1.031241
1.034295
1.037333
1.040504
1.043566
1.046640
1.049486
1.052189
1.054533
1.056571
1.058132
1.059250
1.059819
1.059868
1.059364
1.058344
1.056840
1.054896
1.052595
1.049978
1.047154
1.044154
1.041091
1.037979
1.034919
1.031910
1.029033
1.026272
1.023687
1.021252
1.019010
1.016930
1.015040
1.013306
1.011747
1.010332
1.009068
1.007931
1.006922
1.006021
1.005224
1.004518
1.003896
1.003348
1.002866
1.002444
1.002074
1.001753
1.001470
1.001228
1.001013
1.000833
1.000670
1.000538
1.000415
1.000321
1.000227
1.000162
1.000090
1.000048
0.999991
0.999969
0.999921
0.999915
0.999873
0.999880
0.999839
0.999860
0.999817
0.999850
0.999802
0.999849
0.999792
0.999855
0.999784
0.999865
0.999777
0.999880
1.000112
1.000375
1.000509
1.001043
1.001330
1.002100
1.002573
1.003523
1.004185
1.005300
1.006184
1.007501
1.008658
1.010234
1.011721
1.013616
1.015483
1.017753
1.020035
1.022713
1.025421
1.028501
1.031596
1.035009
1.038384
1.041980
1.045442
1.048974
1.052237
1.055377
1.058092
1.060474
1.062289
1.063594
1.064241
1.064281
1.063661
1.062438
1.060647
1.058350
1.055647
1.052595
1.049324
1.045876
1.042382
1.038862
1.035431
1.032084
1.028914
1.025898
1.023102
1.020492
1.018112
1.015925
1.013957
1.012169
1.010577
1.009147
1.007883
1.006757
1.005769
1.004896
1.004134
1.003466
1.002884
1.002380
1.001941
1.001564
1.001236
1.000960
1.000717
1.000518
1.000339
1.000199
1.000069
0.999975
0.999880
0.999821
0.999751
0.999719
0.999666
0.999657
0.999613
0.999622
0.999584
0.999609
0.999569
0.999610
0.999565
0.999621
0.999567
0.999641
0.999572
0.999666
0.999577
0.999696
0.999579
0.999729
0.999577
0.999769
0.999182
1.000205
0.999633
1.000696
1.000436
1.001565
1.001612
1.002802
1.003136
1.004415
1.005053
1.006488
1.007472
1.009149
1.010532
1.012538
1.014376
1.016792
1.019132
1.022017
1.024882
1.028253
1.031615
1.035419
1.039171
1.043251
1.047182
1.051260
1.055037
1.058720
1.061913
1.064747
1.066909
1.068481
1.069266
1.069329
1.068601
1.067157
1.065039
1.062334
1.059161
1.055600
1.051806
1.047836
1.043845
1.039856
1.036003
1.032277
1.028782
1.025485
1.022460
1.019662
1.017139
1.014840
1.012794
1.010954
1.009333
1.007892
1.006633
1.005525
1.004563
1.003724
1.003001
1.002377
1.001840
1.001383
1.000991
1.000663
1.000380
1.000151
0.999950
0.999796
0.999656
0.999558
0.999461
0.999406
0.999341
0.999318
0.999272
0.999275
0.999241
0.999264
0.999235
0.999276
0.999246
0.999303
0.999267
0.999340
0.999293
0.999384
0.999319
0.999433
0.999344
0.999484
0.999364
0.999538
0.999377
0.999594
0.999379
0.999658
0.998244
1.000033
0.998745
1.000341
0.999523
1.001008
1.000618
1.002043
1.002038
1.003473
1.003854
1.005401
1.006202
1.007973
1.009247
1.011359
1.013168
1.015731
1.018136
1.021242
1.024282
1.027977
1.031643
1.035890
1.040081
1.044722
1.049204
1.053922
1.058305
1.062625
1.066380
1.069734
1.072291
1.074150
1.075062
1.075108
1.074203
1.072444
1.069889
1.066650
1.062881
1.058685
1.054254
1.049659
1.045084
1.040556
1.036228
1.032085
1.028242
1.024656
1.021403
1.018426
1.015774
1.013384
1.011284
1.009416
1.007793
1.006366
1.005138
1.004070
1.003158
1.002374
1.001709
1.001146
1.000671
1.000276
0.999943
0.999676
0.999449
0.999276
0.999126
0.999024
0.998929
0.998879
0.998821
0.998809
0.998777
0.998794
0.998776
0.998815
0.998803
0.998860
0.998848
0.998921
0.998902
0.998991
0.998959
0.999067
0.999016
0.999144
0.999068
0.999222
0.999113
0.999300
0.999149
0.999379
0.999173
0.999459
0.999181
0.999547
0.997257
0.999841
0.997801
0.999938
0.998533
1.000370
0.999514
1.001159
1.000787
1.002357
1.002452
1.004081
1.004668
1.006499
1.007629
1.009810
1.011555
1.014232
1.016670
1.019972
1.023170
1.027182
1.031158
1.035876
1.040548
1.045823
1.050949
1.056431
1.061562
1.066685
1.071171
1.075216
1.078324
1.080600
1.081733
1.081812
1.080735
1.078623
1.075557
1.071685
1.067205
1.062252
1.057067
1.051736
1.046483
1.041335
1.036468
1.031859
1.027633
1.023732
1.020237
1.017074
1.014292
1.011813
1.009665
1.007777
1.006161
1.004758
1.003570
1.002552
1.001697
1.000977
1.000377
0.999882
0.999473
0.999146
0.998877
0.998673
0.998505
0.998392
0.998295
0.998247
0.998198
0.998197
0.998180
0.998212
0.998214
0.998271
0.998281
0.998357
0.998367
0.998459
0.998463
0.998569
0.998561
0.998683
0.998655
0.998796
0.998743
0.998907
0.998821
0.999014
0.998887
0.999119
0.998938
0.999222
0.998973
0.999326
0.998986
0.999438
0.996273
0.999648
0.996856
0.999528
0.997530
0.999710
0.998381
1.000236
0.999487
1.001179
1.000977
1.002675
1.003035
1.004914
1.005888
1.008126
1.009798
1.012581
1.015053
1.018556
1.021927
1.026284
1.030610
1.035861
1.041090
1.047102
1.052987
1.059373
1.065396
1.071474
1.076831
1.081690
1.085432
1.088167
1.089510
1.089558
1.088198
1.085579
1.081823
1.077118
1.071731
1.065832
1.059725
1.053515
1.047470
1.041614
1.036152
1.031042
1.026423
1.022211
1.018494
1.015172
1.012295
1.009766
1.007610
1.005743
1.004172
1.002831
1.001717
1.000781
1.000015
0.999384
0.998874
0.998468
0.998146
0.997903
0.997713
0.997587
0.997489
0.997445
0.997410
0.997423
0.997429
0.997482
0.997510
0.997591
0.997630
0.997730
0.997771
0.997886
0.997921
0.998049
0.998071
0.998212
0.998215
0.998371
0.998349
0.998523
0.998469
0.998668
0.998573
0.998806
0.998660
0.998938
0.998728
0.999066
0.998774
0.999194
0.998792
0.999331
0.995245
0.999433
0.995857
0.999068
0.996451
0.998964
0.997134
0.999178
0.998023
0.999807
0.999274
1.001002
1.001095
1.002973
1.003743
1.005984
1.007529
1.010360
1.012810
1.016461
1.019959
1.024629
1.029288
1.035083
1.040904
1.047736
1.054496
1.061960
1.069084
1.076374
1.082879
1.088837
1.093481
1.096895
1.098606
1.098699
1.097050
1.093840
1.089251
1.083532
1.077038
1.069991
1.062778
1.055525
1.048556
1.041889
1.035757
1.030093
1.025048
1.020510
1.016566
1.013090
1.010129
1.007564
1.005416
1.003585
1.002077
1.000812
0.999788
0.998947
0.998280
0.997749
0.997338
0.997029
0.996799
0.996645
0.996539
0.996493
0.996470
0.996497
0.996526
0.996603
0.996663
0.996771
0.996846
0.996975
0.997053
0.997196
0.997269
0.997423
0.997482
0.997646
0.997687
0.997861
0.997876
0.998064
0.998048
0.998256
0.998201
0.998435
0.998331
0.998603
0.998439
0.998762
0.998523
0.998914
0.998580
0.999064
0.998603
0.999225
0.994231
0.999219
0.994866
0.998605
0.995369
0.998201
0.995867
0.998085
0.996515
0.998375
0.997499
0.999239
0.999049
1.000903
1.001452
1.003671
1.005071
1.007928
1.010342
1.014129
1.017756
1.022754
1.027778
1.034180
1.040679
1.048462
1.056256
1.065006
1.073459
1.082215
1.090111
1.097389
1.103092
1.107273
1.109345
1.109381
1.107255
1.103195
1.097470
1.090409
1.082492
1.074007
1.065443
1.056948
1.048913
1.041338
1.034487
1.028254
1.022801
1.017971
1.013852
1.010281
1.007301
1.004765
1.002690
1.000956
0.999567
0.998431
0.997543
0.996840
0.996309
0.995911
0.995628
0.995440
0.995324
0.995279
0.995273
0.995322
0.995385
0.995494
0.995596
0.995743
0.995864
0.996034
0.996160
0.996342
0.996462
0.996651
0.996758
0.996952
0.997039
0.997239
0.997299
0.997508
0.997537
0.997758
0.997749
0.997990
0.997934
0.998204
0.998092
0.998402
0.998221
0.998588
0.998321
0.998764
0.998389
0.998937
0.998417
0.999122
0.993182
0.998985
0.993830
0.998093
0.994215
0.997352
0.994488
0.996854
0.994840
0.996739
0.995482
0.997183
0.996662
0.998429
0.998694
1.000811
1.001987
1.004777
1.007065
1.010891
1.014554
1.019796
1.025116
1.032094
1.039270
1.048079
1.057034
1.067301
1.077390
1.088019
1.097772
1.106869
1.114111
1.119452
1.122159
1.122251
1.119607
1.114510
1.107363
1.098616
1.088921
1.078660
1.068457
1.058486
1.049212
1.040605
1.032959
1.026116
1.020242
1.015126
1.010852
1.007212
1.004244
1.001767
0.999796
0.998187
0.996943
0.995958
0.995227
0.994678
0.994298
0.994044
0.993898
0.993840
0.993845
0.993913
0.994011
0.994158
0.994309
0.994502
0.994678
0.994897
0.995080
0.995310
0.995487
0.995721
0.995883
0.996119
0.996259
0.996494
0.996606
0.996843
0.996923
0.997165
0.997207
0.997461
0.997458
0.997732
0.997676
0.997979
0.997860
0.998207
0.998010
0.998419
0.998126
0.998619
0.998205
0.998814
0.998238
0.999022
0.992161
0.998755
0.992815
0.997584
0.993073
0.996495
0.993103
0.995599
0.993136
0.995053
0.993407
0.995044
0.994175
0.995823
0.995778
0.997754
0.998674
1.001351
1.003477
1.007299
1.010971
1.016441
1.022061
1.029659
1.037589
1.047577
1.057897
1.069985
1.082069
1.095002
1.107052
1.118384
1.127476
1.134162
1.137518
1.137500
1.134006
1.127410
1.118305
1.107310
1.095320
1.082827
1.070632
1.058923
1.048249
1.038528
1.030076
1.022660
1.016439
1.011133
1.006812
1.003214
1.000368
0.998053
0.996281
0.994884
0.993862
0.993096
0.992580
0.992235
0.992050
0.991978
0.992002
0.992101
0.992250
0.992451
0.992670
0.992928
0.993179
0.993466
0.993725
0.994022
0.994273
0.994569
0.994801
0.995092
0.995298
0.995581
0.995757
0.996034
0.996174
0.996448
0.996549
0.996826
0.996881
0.997168
0.997172
0.997478
0.997422
0.997759
0.997633
0.998017
0.997804
0.998254
0.997936
0.998477
0.998025
0.998695
0.998064
0.998925
0.991117
0.998507
0.991767
0.997031
0.991872
0.995559
0.991620
0.994214
0.991276
0.993169
0.991092
0.992608
0.991334
0.992783
0.992350
0.994078
0.994634
0.997061
0.998885
1.002539
1.006053
1.011577
1.017334
1.025422
1.034008
1.045189
1.056962
1.071151
1.085656
1.101543
1.116699
1.131180
1.143030
1.151803
1.156312
1.156351
1.151857
1.143338
1.131676
1.117763
1.102832
1.087549
1.072925
1.059160
1.046884
1.035932
1.026632
1.018644
1.012112
1.006666
1.002361
0.998867
0.996202
0.994106
0.992582
0.991439
0.990675
0.990157
0.989881
0.989761
0.989787
0.989909
0.990111
0.990374
0.990673
0.991011
0.991352
0.991724
0.992076
0.992456
0.992798
0.993172
0.993490
0.993851
0.994138
0.994483
0.994734
0.995064
0.995275
0.995592
0.995759
0.996069
0.996190
0.996499
0.996569
0.996886
0.996898
0.997234
0.997180
0.997549
0.997416
0.997834
0.997607
0.998097
0.997754
0.998342
0.997854
0.998581
0.997899
0.998833
0.990117
0.998268
0.990756
0.996491
0.990700
0.994632
0.990154
0.992827
0.989416
0.991262
0.988750
0.990114
0.988420
0.989631
0.988778
0.990204
0.990348
0.992450
0.993906
0.997301
1.000580
1.006074
1.011902
1.020459
1.029717
1.042226
1.055673
1.072375
1.089862
1.109438
1.128538
1.146992
1.162232
1.173505
1.179250
1.179062
1.172950
1.161635
1.146419
1.128583
1.109836
1.091049
1.073503
1.057372
1.043364
1.031178
1.021125
1.012718
1.006066
1.000681
0.996591
0.993388
0.991076
0.989348
0.988205
0.987428
0.987019
0.986832
0.986864
0.987025
0.987309
0.987665
0.988079
0.988533
0.989003
0.989496
0.989977
0.990474
0.990937
0.991420
0.991851
0.992309
0.992699
0.993129
0.993473
0.993875
0.994172
0.994550
0.994797
0.995155
0.995351
0.995697
0.995839
0.996181
0.996264
0.996612
0.996632
0.996998
0.996945
0.997345
0.997207
0.997659
0.997418
0.997945
0.997580
0.998213
0.997691
0.998471
0.997740
0.998745
0.989112
0.998014
0.989730
0.995916
0.989491
0.993641
0.988615
0.991334
0.987429
0.989183
0.986200
0.987351
0.985177
0.986059
0.984697
0.985686
0.985282
0.986870
0.987761
0.990639
0.993414
0.998559
1.004130
1.012830
1.022441
1.036100
1.051123
1.070576
1.091561
1.115840
1.140324
1.164533
1.185019
1.200277
1.208215
1.208010
1.199810
1.184707
1.164635
1.141541
1.117808
1.094614
1.073538
1.054677
1.038777
1.025324
1.014580
1.005861
0.999220
0.994029
0.990282
0.987484
0.985626
0.984351
0.983658
0.983305
0.983295
0.983472
0.983839
0.984301
0.984857
0.985456
0.986089
0.986738
0.987382
0.988031
0.988650
0.989272
0.989845
0.990428
0.990946
0.991485
0.991945
0.992441
0.992842
0.993298
0.993639
0.994063
0.994345
0.994742
0.994965
0.995345
0.995507
0.995880
0.995977
0.996354
0.996381
0.996776
0.996724
0.997153
0.997010
0.997493
0.997240
0.997803
0.997416
0.998091
0.997536
0.998368
0.997590
0.998661
0.988169
0.997774
0.988760
0.995366
0.988336
0.992682
0.987127
0.989872
0.985484
0.987128
0.983675
0.984586
0.981922
0.982433
0.980532
0.981018
0.980007
0.980977
0.981201
0.983409
0.985528
0.990126
0.995247
1.003908
1.013708
1.028523
1.045217
1.067883
1.093179
1.123389
1.154934
1.186656
1.213738
1.233943
1.244342
1.243548
1.231993
1.211347
1.184474
1.154249
1.124037
1.095353
1.070139
1.048299
1.030559
1.016073
1.004988
0.996346
0.990112
0.985484
0.982410
0.980304
0.979141
0.978520
0.978443
0.978648
0.979146
0.979776
0.980548
0.981368
0.982242
0.983122
0.984002
0.984870
0.985707
0.986527
0.987295
0.988052
0.988742
0.989431
0.990042
0.990665
0.991198
0.991762
0.992220
0.992732
0.993119
0.993588
0.993905
0.994342
0.994592
0.995006
0.995188
0.995591
0.995702
0.996107
0.996142
0.996564
0.996514
0.996971
0.996823
0.997336
0.997071
0.997668
0.997261
0.997976
0.997391
0.998271
0.997450
0.998583
0.987240
0.997527
0.987797
0.994798
0.987171
0.991686
0.985604
0.988346
0.983466
0.984957
0.981009
0.981619
0.978416
0.978462
0.975933
0.975769
0.974001
0.974117
0.973429
0.974605
0.975679
0.979201
0.983294
0.991236
1.000468
1.015796
1.033471
1.059226
1.089183
1.126656
1.167871
1.211033
1.248966
1.277163
1.291544
1.289930
1.273484
1.245007
1.208597
1.168690
1.130045
1.094602
1.064623
1.039604
1.020114
1.004825
0.993700
0.985445
0.979910
0.976104
0.973924
0.972689
0.972365
0.972510
0.973133
0.973958
0.975010
0.976123
0.977323
0.978515
0.979715
0.980878
0.982007
0.983092
0.984118
0.985105
0.986019
0.986905
0.987709
0.988499
0.989197
0.989901
0.990502
0.991131
0.991642
0.992207
0.992636
0.993148
0.993499
0.993971
0.994246
0.994692
0.994892
0.995323
0.995447
0.995878
0.995921
0.996368
0.996320
0.996802
0.996650
0.997191
0.996916
0.997543
0.997118
0.997869
0.997257
0.998182
0.997320
0.998511
0.986390
0.997299
0.986910
0.994269
0.986089
0.990750
0.984173
0.986896
0.981548
0.982874
0.978447
0.978741
0.975000
0.974552
0.971378
0.970500
0.967922
0.967063
0.965345
0.965269
0.965070
0.967157
0.969836
0.976567
0.984676
1.000119
1.018271
1.047396
1.082869
1.129169
1.183892
1.243086
1.294737
1.332237
1.349935
1.344991
1.320585
1.281189
1.232197
1.179783
1.130676
1.087258
1.052177
1.024241
1.003680
0.988436
0.978156
0.971109
0.966991
0.964603
0.963801
0.963821
0.964636
0.965780
0.967281
0.968864
0.970574
0.972252
0.973939
0.975549
0.977110
0.978584
0.979981
0.981298
0.982526
0.983688
0.984755
0.985774
0.986694
0.987587
0.988375
0.989160
0.989831
0.990523
0.991089
0.991704
0.992175
0.992730
0.993113
0.993621
0.993921
0.994396
0.994615
0.995073
0.995209
0.995665
0.995714
0.996185
0.996139
0.996646
0.996490
0.997057
0.996772
0.997428
0.996987
0.997771
0.997133
0.998099
0.997201
0.998445
0.985579
0.997073
0.986056
0.993742
0.985034
0.989816
0.982761
0.985440
0.979631
0.980763
0.975849
0.975781
0.971475
0.970455
0.966570
0.964843
0.961323
0.959246
0.956244
0.954479
0.952535
0.952426
0.952836
0.957121
0.962637
0.976548
0.992934
1.024223
1.063783
1.119223
1.193663
1.279071
1.351858
1.399317
1.416950
1.403579
1.367283
1.315078
1.251778
1.185321
1.125043
1.073673
1.034084
1.004026
0.983253
0.968871
0.960175
0.954973
0.952797
0.952248
0.953143
0.954657
0.956780
0.959041
0.961501
0.963893
0.966292
0.968549
0.970730
0.972757
0.974674
0.976450
0.978106
0.979645
0.981064
0.982392
0.983601
0.984745
0.985773
0.986761
0.987632
0.988490
0.989224
0.989975
0.990589
0.991252
0.991761
0.992353
0.992766
0.993305
0.993628
0.994130
0.994366
0.994847
0.994995
0.995473
0.995529
0.996021
0.995977
0.996505
0.996346
0.996936
0.996642
0.997324
0.996868
0.997682
0.997022
0.998025
0.997093
0.998385
0.984864
0.996873
0.985300
0.993272
0.984090
0.988972
0.981486
0.984114
0.977884
0.978823
0.973457
0.973031
0.968188
0.966593
0.962013
0.959407
0.954931
0.951539
0.947170
0.943478
0.939549
0.936730
0.934310
0.935165
0.936963
0.947869
0.960441
0.993410
1.034698
1.101506
1.208999
1.325235
1.404525
1.441519
1.443266
1.411877
1.363719
1.307044
1.239284
1.165371
1.098165
1.041919
1.000837
0.971615
0.953366
0.942183
0.936951
0.935052
0.935909
0.938002
0.941173
0.944597
0.948323
0.951909
0.955472
0.958774
0.961931
0.964817
0.967524
0.969990
0.972277
0.974365
0.976286
0.978050
0.979660
0.981152
0.982503
0.983770
0.984903
0.985985
0.986935
0.987864
0.988659
0.989466
0.990127
0.990834
0.991379
0.992008
0.992448
0.993017
0.993361
0.993888
0.994139
0.994643
0.994802
0.995299
0.995362
0.995873
0.995831
0.996378
0.996217
0.996827
0.996526
0.997232
0.996762
0.997604
0.996923
0.997959
0.996997
0.998332
0.984211
0.996684
0.984604
0.992827
0.983214
0.988174
0.980291
0.982854
0.976231
0.976965
0.971166
0.970365
0.964992
0.962788
0.957499
0.953935
0.948447
0.943559
0.937668
0.931645
0.925348
0.918936
0.912779
0.908313
0.904349
0.908398
0.912744
0.941909
0.974263
1.054940
1.202992
1.326680
1.360258
1.334130
1.293015
1.243083
1.203683
1.179156
1.145166
1.093870
1.040215
0.991003
0.955036
0.930424
0.917164
0.911035
0.910710
0.913234
0.917941
0.923250
0.929077
0.934649
0.940118
0.945105
0.949804
0.954023
0.957928
0.961424
0.964633
0.967513
0.970144
0.972520
0.974682
0.976649
0.978432
0.980071
0.981548
0.982923
0.984149
0.985312
0.986332
0.987324
0.988172
0.989027
0.989729
0.990474
0.991050
0.991710
0.992174
0.992769
0.993130
0.993680
0.993944
0.994467
0.994635
0.995150
0.995218
0.995745
0.995705
0.996269
0.996106
0.996734
0.996426
0.997152
0.996671
0.997535
0.996838
0.997901
0.996915
0.998285
0.983667
0.996527
0.984024
0.992454
0.982478
0.987498
0.979279
0.981780
0.974819
0.975368
0.969193
0.968051
0.962211
0.959441
0.953513
0.949033
0.942602
0.936224
0.928858
0.920377
0.911655
0.901144
0.890860
0.879567
0.868619
0.861785
0.855113
0.871824
0.886766
0.990245
1.139570
1.117632
0.927766
0.763578
0.694497
0.680267
0.715023
0.790654
0.857916
0.886359
0.891977
0.882857
0.873825
0.867581
0.867737
0.871883
0.879685
0.888641
0.898432
0.907718
0.916654
0.924646
0.932009
0.938480
0.944353
0.949502
0.954155
0.958251
0.961949
0.965228
0.968188
0.970835
0.973225
0.975382
0.977326
0.979101
0.980693
0.982169
0.983479
0.984717
0.985800
0.986848
0.987744
0.988642
0.989381
0.990160
0.990764
0.991451
0.991937
0.992554
0.992932
0.993500
0.993776
0.994315
0.994492
0.995021
0.995094
0.995636
0.995597
0.996176
0.996011
0.996654
0.996341
0.997084
0.996593
0.997477
0.996765
0.997853
0.996845
0.998247
0.983209
0.996390
0.983531
0.992130
0.981848
0.986913
0.978407
0.980847
0.973596
0.973971
0.967469
0.966010
0.959753
0.956451
0.949943
0.944580
0.937277
0.929407
0.920644
0.909567
0.898462
0.883274
0.868679
0.848634
0.829522
0.805611
0.783244
0.765977
0.748613
0.809503
0.750454
0.376061
0.015893
-0.084304
-0.014790
0.106119
0.195317
0.319354
0.470916
0.579740
0.659152
0.710547
0.748334
0.776829
0.802084
0.824162
0.844664
0.862636
0.878856
0.892775
0.905092
0.915581
0.924818
0.932708
0.939672
0.945668
0.950987
0.955611
0.959732
0.963352
0.966591
0.969466
0.972045
0.974360
0.976435
0.978322
0.980008
0.981564
0.982944
0.984241
0.985375
0.986469
0.987403
0.988335
0.989103
0.989910
0.990536
0.991245
0.991747
0.992382
0.992773
0.993356
0.993642
0.994194
0.994377
0.994919
0.994996
0.995549
0.995511
0.996101
0.995935
0.996590
0.996273
0.997029
0.996531
0.997431
0.996707
0.997814
0.996788
0.998215
0.982869
0.996290
0.983164
0.991890
0.981378
0.986474
0.977754
0.980143
0.972673
0.972914
0.966161
0.964452
0.957875
0.954146
0.947184
0.941092
0.933096
0.923941
0.914042
0.900593
0.887489
0.867665
0.849243
0.819545
0.792315
0.746860
0.705267
0.634995
0.570588
0.475091
0.153846
-0.269727
-0.407224
-0.340982
-0.196482
-0.046057
0.009204
0.065840
0.189615
0.311953
0.428682
0.527673
0.610933
0.677648
0.731945
0.774944
0.809926
0.837799
0.860772
0.879352
0.894938
0.907764
0.918705
0.927857
0.935775
0.942500
0.948386
0.953454
0.957929
0.961833
0.965302
0.968365
0.971099
0.973542
0.975725
0.977703
0.979465
0.981086
0.982521
0.983866
0.985041
0.986171
0.987135
0.988096
0.988887
0.989715
0.990359
0.991085
0.991601
0.992250
0.992651
0.993246
0.993539
0.994101
0.994289
0.994840
0.994920
0.995482
0.995446
0.996044
0.995877
0.996542
0.996221
0.996987
0.996483
0.997396
0.996663
0.997785
0.996746
0.998192
0.982632
0.996218
0.982909
0.991719
0.981049
0.986164
0.977294
0.979645
0.972021
0.972162
0.965231
0.963338
0.956532
0.952486
0.945199
0.938555
0.930063
0.919911
0.909210
0.893847
0.879367
0.855611
0.834606
0.796301
0.763422
0.698102
0.641458
0.522309
0.413773
0.164970
-0.109220
-0.148545
-0.014873
0.009799
-0.017288
-0.032594
-0.001432
0.011327
0.055786
0.150222
0.269975
0.393618
0.506484
0.601063
0.677464
0.736824
0.783225
0.818939
0.847233
0.869459
0.887568
0.902172
0.914389
0.924472
0.933084
0.940331
0.946618
0.951997
0.956718
0.960816
0.964443
0.967634
0.970472
0.973001
0.975256
0.977294
0.979107
0.980771
0.982243
0.983619
0.984821
0.985974
0.986959
0.987938
0.988744
0.989586
0.990242
0.990979
0.991504
0.992162
0.992570
0.993173
0.993471
0.994040
0.994231
0.994788
0.994870
0.995438
0.995402
0.996007
0.995838
0.996509
0.996187
0.996960
0.996452
0.997372
0.996633
0.997765
0.996717
0.998176
0.982517
0.996183
0.982783
0.991636
0.980887
0.986012
0.977068
0.979400
0.971700
0.971791
0.964773
0.962787
0.955867
0.951659
0.944210
0.937280
0.928538
0.917855
0.906749
0.890328
0.875144
0.849125
0.826760
0.783318
0.747230
0.669848
0.603748
0.455705
0.315005
0.002521
-0.063207
0.189635
0.360842
0.298080
0.133900
-0.017804
-0.003951
0.007449
0.006497
0.078555
0.195054
0.328033
0.454298
0.562079
0.649314
0.716858
0.769100
0.808892
0.839997
0.864167
0.883631
0.899192
0.912094
0.922677
0.931659
0.939185
0.945685
0.951230
0.956081
0.960283
0.963992
0.967250
0.970143
0.972719
0.975011
0.977081
0.978920
0.980607
0.982098
0.983491
0.984707
0.985873
0.986868
0.987856
0.988671
0.989520
0.990182
0.990925
0.991454
0.992117
0.992528
0.993135
0.993436
0.994008
0.994201
0.994762
0.994844
0.995415
0.995380
0.995987
0.995819
0.996493
0.996169
0.996946
0.996436
0.997360
0.996618
0.997755
0.996703
0.998168
0.982517
0.996183
0.982783
0.991636
0.980887
0.986012
0.977068
0.979400
0.971700
0.971791
0.964773
0.962787
0.955867
0.951659
0.944210
0.937280
0.928538
0.917855
0.906749
0.890328
0.875144
0.849125
0.826760
0.783318
0.747230
0.669848
0.603748
0.455705
0.315005
0.002521
-0.063207
0.189635
0.360842
0.298080
0.133900
-0.017804
-0.003951
0.007449
0.006497
0.078555
0.195054
0.328033
0.454298
0.562079
0.649314
0.716858
0.769100
0.808892
0.839997
0.864167
0.883631
0.899192
0.912094
0.922677
0.931659
0.939185
0.945685
0.951230
0.956081
0.960283
0.963992
0.967250
0.970143
0.972719
0.975011
0.977081
0.978920
0.980607
0.982098
0.983491
0.984707
0.985873
0.986868
0.987856
0.988671
0.989520
0.990182
0.990925
0.991454
0.992117
0.992528
0.993135
0.993436
0.994008
0.994201
0.994762
0.994844
0.995415
0.995380
0.995987
0.995819
0.996493
0.996169
0.996946
0.996436
0.997360
0.996618
0.997755
0.996703
0.998168
0.982632
0.996218
0.982909
0.991719
0.981049
0.986164
0.977294
0.979645
0.972021
0.972162
0.965231
0.963338
0.956532
0.952486
0.945199
0.938555
0.930063
0.919911
0.909210
0.893847
0.879367
0.855611
0.834606
0.796301
0.763422
0.698102
0.641458
0.522309
0.413773
0.164970
-0.109220
-0.148545
-0.014873
0.009799
-0.017288
-0.032594
-0.001432
0.011327
0.055786
0.150222
0.269975
0.393618
0.506484
0.601063
0.677464
0.736824
0.783225
0.818939
0.847233
0.869459
0.887568
0.902172
0.914389
0.924472
0.933084
0.940331
0.946618
0.951997
0.956718
0.960816
0.964443
0.967634
0.970472
0.973001
0.975256
0.977294
0.979107
0.980771
0.982243
0.983619
0.984821
0.985974
0.986959
0.987938
0.988744
0.989586
0.990242
0.990979
0.991504
0.992162
0.992570
0.993173
0.993471
0.994040
0.994231
0.994788
0.994870
0.995438
0.995402
0.996007
0.995838
0.996509
0.996187
0.996960
0.996452
0.997372
0.996633
0.997765
0.996717
0.998176
0.982869
0.996290
0.983164
0.991890
0.981378
0.986474
0.977754
0.980143
0.972673
0.972914
0.966161
0.964452
0.957875
0.954146
0.947184
0.941092
0.933096
0.923941
0.914042
0.900593
0.887489
0.867665
0.849243
0.819545
0.792315
0.746860
0.705267
0.634995
0.570588
0.475091
0.153846
-0.269727
-0.407224
-0.340982
-0.196482
-0.046057
0.009204
0.065840
0.189615
0.311953
0.428682
0.527673
0.610933
0.677648
0.731945
0.774944
0.809926
0.837799
0.860772
0.879352
0.894938
0.907764
0.918705
0.927857
0.935775
0.942500
0.948386
0.953454
0.957929
0.961833
0.965302
0.968365
0.971099
0.973542
0.975725
0.977703
0.979465
0.981086
0.982521
0.983866
0.985041
0.986171
0.987135
0.988096
0.988887
0.989715
0.990359
0.991085
0.991601
0.992250
0.992651
0.993246
0.993539
0.994101
0.994289
0.994840
0.994920
0.995482
0.995446
0.996044
0.995877
0.996542
0.996221
0.996987
0.996483
0.997396
0.996663
0.997785
0.996746
0.998192
0.983209
0.996390
0.983531
0.992130
0.981848
0.986913
0.978407
0.980847
0.973596
0.973971
0.967469
0.966010
0.959753
0.956451
0.949943
0.944580
0.937277
0.929407
0.920644
0.909567
0.898462
0.883274
0.868679
0.848634
0.829522
0.805611
0.783244
0.765977
0.748613
0.809503
0.750454
0.376061
0.015893
-0.084304
-0.014790
0.106119
0.195317
0.319354
0.470916
0.579740
0.659152
0.710547
0.748334
0.776829
0.802084
0.824162
0.844664
0.862636
0.878856
0.892775
0.905092
0.915581
0.924818
0.932708
0.939672
0.945668
0.950987
0.955611
0.959732
0.963352
0.966591
0.969466
0.972045
0.974360
0.976435
0.978322
0.980008
0.981564
0.982944
0.984241
0.985375
0.986469
0.987403
0.988335
0.989103
0.989910
0.990536
0.991245
0.991747
0.992382
0.992773
0.993356
0.993642
0.994194
0.994377
0.994919
0.994996
0.995549
0.995511
0.996101
0.995935
0.996590
0.996273
0.997029
0.996531
0.997431
0.996707
0.997814
0.996788
0.998215
0.983667
0.996527
0.984024
0.992454
0.982478
0.987498
0.979279
0.981780
0.974819
0.975368
0.969193
0.968051
0.962211
0.959441
0.953513
0.949033
0.942602
0.936224
0.928858
0.920377
0.911655
0.901144
0.890860
0.879567
0.868619
0.861785
0.855113
0.871824
0.886766
0.990245
1.139570
1.117632
0.927766
0.763578
0.694497
0.680267
0.715023
0.790654
0.857916
0.886359
0.891977
0.882857
0.873825
0.867581
0.867737
0.871883
0.879685
0.888641
0.898432
0.907718
0.916654
0.924646
0.932009
0.938480
0.944353
0.949502
0.954155
0.958251
0.961949
0.965228
0.968188
0.970835
0.973225
0.975382
0.977326
0.979101
0.980693
0.982169
0.983479
0.984717
0.985800
0.986848
0.987744
0.988642
0.989381
0.990160
0.990764
0.991451
0.991937
0.992554
0.992932
0.993500
0.993776
0.994315
0.994492
0.995021
0.995094
0.995636
0.995597
0.996176
0.996011
0.996654
0.996341
0.997084
0.996593
0.997477
0.996765
0.997853
0.996845
0.998247
0.984211
0.996684
0.984604
0.992827
0.983214
0.988174
0.980291
0.982854
0.976231
0.976965
0.971166
0.970365
0.964992
0.962788
0.957499
0.953935
0.948447
0.943559
0.937668
0.931645
0.925348
0.918936
0.912779
0.908313
0.904349
0.908398
0.912744
0.941909
0.974263
1.054940
1.202992
1.326680
1.360258
1.334130
1.293015
1.243083
1.203683
1.179156
1.145166
1.093870
1.040215
0.991003
0.955036
0.930424
0.917164
0.911035
0.910710
0.913234
0.917941
0.923250
0.929077
0.934649
0.940118
0.945105
0.949804
0.954023
0.957928
0.961424
0.964633
0.967513
0.970144
0.972520
0.974682
0.976649
0.978432
0.980071
0.981548
0.982923
0.984149
0.985312
0.986332
0.987324
0.988172
0.989027
0.989729
0.990474
0.991050
0.991710
0.992174
0.992769
0.993130
0.993680
0.993944
0.994467
0.994635
0.995150
0.995218
0.995745
0.995705
0.996269
0.996106
0.996734
0.996426
0.997152
0.996671
0.997535
0.996838
0.997901
0.996915
0.998285
0.984864
0.996873
0.985300
0.993272
0.984090
0.988972
0.981486
0.984114
0.977884
0.978823
0.973457
0.973031
0.968188
0.966593
0.962013
0.959407
0.954931
0.951539
0.947170
0.943478
0.939549
0.936730
0.934310
0.935165
0.936963
0.947869
0.960441
0.993410
1.034698
1.101506
1.208999
1.325235
1.404525
1.441519
1.443266
1.411877
1.363719
1.307044
1.239284
1.165371
1.098165
1.041919
1.000837
0.971615
0.953366
0.942183
0.936951
0.935052
0.935909
0.938002
0.941173
0.944597
0.948323
0.951909
0.955472
0.958774
0.961931
0.964817
0.967524
0.969990
0.972277
0.974365
0.976286
0.978050
0.979660
0.981152
0.982503
0.983770
0.984903
0.985985
0.986935
0.987864
0.988659
0.989466
0.990127
0.990834
0.991379
0.992008
0.992448
0.993017
0.993361
0.993888
0.994139
0.994643
0.994802
0.995299
0.995362
0.995873
0.995831
0.996378
0.996217
0.996827
0.996526
0.997232
0.996762
0.997604
0.996923
0.997959
0.996997
0.998332
0.985579
0.997073
0.986056
0.993742
0.985034
0.989816
0.982761
0.985440
0.979631
0.980763
0.975849
0.975781
0.971475
0.970455
0.966570
0.964843
0.961323
0.959246
0.956244
0.954479
0.952535
0.952426
0.952836
0.957121
0.962637
0.976548
0.992934
1.024223
1.063783
1.119223
1.193663
1.279071
1.351858
1.399317
1.416950
1.403579
1.367283
1.315078
1.251778
1.185321
1.125043
1.073673
1.034084
1.004026
0.983253
0.968871
0.960175
0.954973
0.952797
0.952248
0.953143
0.954657
0.956780
0.959041
0.961501
0.963893
0.966292
0.968549
0.970730
0.972757
0.974674
0.976450
0.978106
0.979645
0.981064
0.982392
0.983601
0.984745
0.985773
0.986761
0.987632
0.988490
0.989224
0.989975
0.990589
0.991252
0.991761
0.992353
0.992766
0.993305
0.993628
0.994130
0.994366
0.994847
0.994995
0.995473
0.995529
0.996021
0.995977
0.996505
0.996346
0.996936
0.996642
0.997324
0.996868
0.997682
0.997022
0.998025
0.997093
0.998385
0.986390
0.997299
0.986910
0.994269
0.986089
0.990750
0.984173
0.986896
0.981548
0.982874
0.978447
0.978741
0.975000
0.974552
0.971378
0.970500
0.967922
0.967063
0.965345
0.965269
0.965070
0.967157
0.969836
0.976567
0.984676
1.000119
1.018271
1.047396
1.082869
1.129169
1.183892
1.243086
1.294737
1.332237
1.349935
1.344991
1.320585
1.281189
1.232197
1.179783
1.130676
1.087258
1.052177
1.024241
1.003680
0.988436
0.978156
0.971109
0.966991
0.964603
0.963801
0.963821
0.964636
0.965780
0.967281
0.968864
0.970574
0.972252
0.973939
0.975549
0.977110
0.978584
0.979981
0.981298
0.982526
0.983688
0.984755
0.985774
0.986694
0.987587
0.988375
0.989160
0.989831
0.990523
0.991089
0.991704
0.992175
0.992730
0.993113
0.993621
0.993921
0.994396
0.994615
0.995073
0.995209
0.995665
0.995714
0.996185
0.996139
0.996646
0.996490
0.997057
0.996772
0.997428
0.996987
0.997771
0.997133
0.998099
0.997201
0.998445
0.987240
0.997527
0.987797
0.994798
0.987171
0.991686
0.985604
0.988346
0.983466
0.984957
0.981009
0.981619
0.978416
0.978462
0.975933
0.975769
0.974001
0.974117
0.973429
0.974605
0.975679
0.979201
0.983294
0.991236
1.000468
1.015796
1.033471
1.059226
1.089183
1.126656
1.167871
1.211033
1.248966
1.277163
1.291544
1.289930
1.273484
1.245007
1.208597
1.168690
1.130045
1.094602
1.064623
1.039604
1.020114
1.004825
0.993700
0.985445
0.979910
0.976104
0.973924
0.972689
0.972365
0.972510
0.973133
0.973958
0.975010
0.976123
0.977323
0.978515
0.979715
0.980878
0.982007
0.983092
0.984118
0.985105
0.986019
0.986905
0.987709
0.988499
0.989197
0.989901
0.990502
0.991131
0.991642
0.992207
0.992636
0.993148
0.993499
0.993971
0.994246
0.994692
0.994892
0.995323
0.995447
0.995878
0.995921
0.996368
0.996320
0.996802
0.996650
0.997191
0.996916
0.997543
0.997118
0.997869
0.997257
0.998182
0.997320
0.998511
0.988169
0.997774
0.988760
0.995366
0.988336
0.992682
0.987127
0.989872
0.985484
0.987128
0.983675
0.984586
0.981922
0.982433
0.980532
0.981018
0.980007
0.980977
0.981201
0.983409
0.985528
0.990126
0.995247
1.003908
1.013708
1.028523
1.045217
1.067883
1.093179
1.123389
1.154934
1.186656
1.213738
1.233943
1.244342
1.243548
1.231993
1.211347
1.184474
1.154249
1.124037
1.095353
1.070139
1.048299
1.030559
1.016073
1.004988
0.996346
0.990112
0.985484
0.982410
0.980304
0.979141
0.978520
0.978443
0.978648
0.979146
0.979776
0.980548
0.981368
0.982242
0.983122
0.984002
0.984870
0.985707
0.986527
0.987295
0.988052
0.988742
0.989431
0.990042
0.990665
0.991198
0.991762
0.992220
0.992732
0.993119
0.993588
0.993905
0.994342
0.994592
0.995006
0.995188
0.995591
0.995702
0.996107
0.996142
0.996564
0.996514
0.996971
0.996823
0.997336
0.997071
0.997668
0.997261
0.997976
0.997391
0.998271
0.997450
0.998583
0.989112
0.998014
0.989730
0.995916
0.989491
0.993641
0.988615
0.991334
0.987429
0.989183
0.986200
0.987351
0.985177
0.986059
0.984697
0.985686
0.985282
0.986870
0.987761
0.990639
0.993414
0.998559
1.004130
1.012830
1.022441
1.036100
1.051123
1.070576
1.091561
1.115840
1.140324
1.164533
1.185019
1.200277
1.208215
1.208010
1.199810
1.184707
1.164635
1.141541
1.117808
1.094614
1.073538
1.054677
1.038777
1.025324
1.014580
1.005861
0.999220
0.994029
0.990282
0.987484
0.985626
0.984351
0.983658
0.983305
0.983295
0.983472
0.983839
0.984301
0.984857
0.985456
0.986089
0.986738
0.987382
0.988031
0.988650
0.989272
0.989845
0.990428
0.990946
0.991485
0.991945
0.992441
0.992842
0.993298
0.993639
0.994063
0.994345
0.994742
0.994965
0.995345
0.995507
0.995880
0.995977
0.996354
0.996381
0.996776
0.996724
0.997153
0.997010
0.997493
0.997240
0.997803
0.997416
0.998091
0.997536
0.998368
0.997590
0.998661
0.990117
0.998268
0.990756
0.996491
0.990700
0.994632
0.990154
0.992827
0.989416
0.991262
0.988750
0.990114
0.988420
0.989631
0.988778
0.990204
0.990348
0.992450
0.993906
0.997301
1.000580
1.006074
1.011902
1.020459
1.029717
1.042226
1.055673
1.072375
1.089862
1.109438
1.128538
1.146992
1.162232
1.173505
1.179250
1.179062
1.172950
1.161635
1.146419
1.128583
1.109836
1.091049
1.073503
1.057372
1.043364
1.031178
1.021125
1.012718
1.006066
1.000681
0.996591
0.993388
0.991076
0.989348
0.988205
0.987428
0.987019
0.986832
0.986864
0.987025
0.987309
0.987665
0.988079
0.988533
0.989003
0.989496
0.989977
0.990474
0.990937
0.991420
0.991851
0.992309
0.992699
0.993129
0.993473
0.993875
0.994172
0.994550
0.994797
0.995155
0.995351
0.995697
0.995839
0.996181
0.996264
0.996612
0.996632
0.996998
0.996945
0.997345
0.997207
0.997659
0.997418
0.997945
0.997580
0.998213
0.997691
0.998471
0.997740
0.998745
0.991117
0.998507
0.991767
0.997031
0.991872
0.995559
0.991620
0.994214
0.991276
0.993169
0.991092
0.992608
0.991334
0.992783
0.992350
0.994078
0.994634
0.997061
0.998885
1.002539
1.006053
1.011577
1.017334
1.025422
1.034008
1.045189
1.056962
1.071151
1.085656
1.101543
1.116699
1.131180
1.143030
1.151803
1.156312
1.156351
1.151857
1.143338
1.131676
1.117763
1.102832
1.087549
1.072925
1.059160
1.046884
1.035932
1.026632
1.018644
1.012112
1.006666
1.002361
0.998867
0.996202
0.994106
0.992582
0.991439
0.990675
0.990157
0.989881
0.989761
0.989787
0.989909
0.990111
0.990374
0.990673
0.991011
0.991352
0.991724
0.992076
0.992456
0.992798
0.993172
0.993490
0.993851
0.994138
0.994483
0.994734
0.995064
0.995275
0.995592
0.995759
0.996069
0.996190
0.996499
0.996569
0.996886
0.996898
0.997234
0.997180
0.997549
0.997416
0.997834
0.997607
0.998097
0.997754
0.998342
0.997854
0.998581
0.997899
0.998833
0.992161
0.998755
0.992815
0.997584
0.993073
0.996495
0.993103
0.995599
0.993136
0.995053
0.993407
0.995044
0.994175
0.995823
0.995778
0.997754
0.998674
1.001351
1.003477
1.007299
1.010971
1.016441
1.022061
1.029659
1.037589
1.047577
1.057897
1.069985
1.082069
1.095002
1.107052
1.118384
1.127476
1.134162
1.137518
1.137500
1.134006
1.127410
1.118305
1.107310
1.095320
1.082827
1.070632
1.058923
1.048249
1.038528
1.030076
1.022660
1.016439
1.011133
1.006812
1.003214
1.000368
0.998053
0.996281
0.994884
0.993862
0.993096
0.992580
0.992235
0.992050
0.991978
0.992002
0.992101
0.992250
0.992451
0.992670
0.992928
0.993179
0.993466
0.993725
0.994022
0.994273
0.994569
0.994801
0.995092
0.995298
0.995581
0.995757
0.996034
0.996174
0.996448
0.996549
0.996826
0.996881
0.997168
0.997172
0.997478
0.997422
0.997759
0.997633
0.998017
0.997804
0.998254
0.997936
0.998477
0.998025
0.998695
0.998064
0.998925
0.993182
0.998985
0.993830
0.998093
0.994215
0.997352
0.994488
0.996854
0.994840
0.996739
0.995482
0.997183
0.996662
0.998429
0.998694
1.000811
1.001987
1.004777
1.007065
1.010891
1.014554
1.019796
1.025116
1.032094
1.039270
1.048079
1.057034
1.067301
1.077390
1.088019
1.097772
1.106869
1.114111
1.119452
1.122159
1.122251
1.119607
1.114510
1.107363
1.098616
1.088921
1.078660
1.068457
1.058486
1.049212
1.040605
1.032959
1.026116
1.020242
1.015126
1.010852
1.007212
1.004244
1.001767
0.999796
0.998187
0.996943
0.995958
0.995227
0.994678
0.994298
0.994044
0.993898
0.993840
0.993845
0.993913
0.994011
0.994158
0.994309
0.994502
0.994678
0.994897
0.995080
0.995310
0.995487
0.995721
0.995883
0.996119
0.996259
0.996494
0.996606
0.996843
0.996923
0.997165
0.997207
0.997461
0.997458
0.997732
0.997676
0.997979
0.997860
0.998207
0.998010
0.998419
0.998126
0.998619
0.998205
0.998814
0.998238
0.999022
0.994231
0.999219
0.994866
0.998605
0.995369
0.998201
0.995867
0.998085
0.996515
0.998375
0.997499
0.999239
0.999049
1.000903
1.001452
1.003671
1.005071
1.007928
1.010342
1.014129
1.017756
1.022754
1.027778
1.034180
1.040679
1.048462
1.056256
1.065006
1.073459
1.082215
1.090111
1.097389
1.103092
1.107273
1.109345
1.109381
1.107255
1.103195
1.097470
1.090409
1.082492
1.074007
1.065443
1.056948
1.048913
1.041338
1.034487
1.028254
1.022801
1.017971
1.013852
1.010281
1.007301
1.004765
1.002690
1.000956
0.999567
0.998431
0.997543
0.996840
0.996309
0.995911
0.995628
0.995440
0.995324
0.995279
0.995273
0.995322
0.995385
0.995494
0.995596
0.995743
0.995864
0.996034
0.996160
0.996342
0.996462
0.996651
0.996758
0.996952
0.997039
0.997239
0.997299
0.997508
0.997537
0.997758
0.997749
0.997990
0.997934
0.998204
0.998092
0.998402
0.998221
0.998588
0.998321
0.998764
0.998389
0.998937
0.998417
0.999122
0.995245
0.999433
0.995857
0.999068
0.996451
0.998964
0.997134
0.999178
0.998023
0.999807
0.999274
1.001002
1.001095
1.002973
1.003743
1.005984
1.007529
1.010360
1.012810
1.016461
1.019959
1.024629
1.029288
1.035083
1.040904
1.047736
1.054496
1.061960
1.069084
1.076374
1.082879
1.088837
1.093481
1.096895
1.098606
1.098699
1.097050
1.093840
1.089251
1.083532
1.077038
1.069991
1.062778
1.055525
1.048556
1.041889
1.035757
1.030093
1.025048
1.020510
1.016566
1.013090
1.010129
1.007564
1.005416
1.003585
1.002077
1.000812
0.999788
0.998947
0.998280
0.997749
0.997338
0.997029
0.996799
0.996645
0.996539
0.996493
0.996470
0.996497
0.996526
0.996603
0.996663
0.996771
0.996846
0.996975
0.997053
0.997196
0.997269
0.997423
0.997482
0.997646
0.997687
0.997861
0.997876
0.998064
0.998048
0.998256
0.998201
0.998435
0.998331
0.998603
0.998439
0.998762
0.998523
0.998914
0.998580
0.999064
0.998603
0.999225
0.996273
0.999648
0.996856
0.999528
0.997530
0.999710
0.998381
1.000236
0.999487
1.001179
1.000977
1.002675
1.003035
1.004914
1.005888
1.008126
1.009798
1.012581
1.015053
1.018556
1.021927
1.026284
1.030610
1.035861
1.041090
1.047102
1.052987
1.059373
1.065396
1.071474
1.076831
1.081690
1.085432
1.088167
1.089510
1.089558
1.088198
1.085579
1.081823
1.077118
1.071731
1.065832
1.059725
1.053515
1.047470
1.041614
1.036152
1.031042
1.026423
1.022211
1.018494
1.015172
1.012295
1.009766
1.007610
1.005743
1.004172
1.002831
1.001717
1.000781
1.000015
0.999384
0.998874
0.998468
0.998146
0.997903
0.997713
0.997587
0.997489
0.997445
0.997410
0.997423
0.997429
0.997482
0.997510
0.997591
0.997630
0.997730
0.997771
0.997886
0.997921
0.998049
0.998071
0.998212
0.998215
0.998371
0.998349
0.998523
0.998469
0.998668
0.998573
0.998806
0.998660
0.998938
0.998728
0.999066
0.998774
0.999194
0.998792
0.999331
0.997257
0.999841
0.997801
0.999938
0.998533
1.000370
0.999514
1.001159
1.000787
1.002357
1.002452
1.004081
1.004668
1.006499
1.007629
1.009810
1.011555
1.014232
1.016670
1.019972
1.023170
1.027182
1.031158
1.035876
1.040548
1.045823
1.050949
1.056431
1.061562
1.066685
1.071171
1.075216
1.078324
1.080600
1.081733
1.081812
1.080735
1.078623
1.075557
1.071685
1.067205
1.062252
1.057067
1.051736
1.046483
1.041335
1.036468
1.031859
1.027633
1.023732
1.020237
1.017074
1.014292
1.011813
1.009665
1.007777
1.006161
1.004758
1.003570
1.002552
1.001697
1.000977
1.000377
0.999882
0.999473
0.999146
0.998877
0.998673
0.998505
0.998392
0.998295
0.998247
0.998198
0.998197
0.998180
0.998212
0.998214
0.998271
0.998281
0.998357
0.998367
0.998459
0.998463
0.998569
0.998561
0.998683
0.998655
0.998796
0.998743
0.998907
0.998821
0.999014
0.998887
0.999119
0.998938
0.999222
0.998973
0.999326
0.998986
0.999438
0.998244
1.000033
0.998745
1.000341
0.999523
1.001008
1.000618
1.002043
1.002038
1.003473
1.003854
1.005401
1.006202
1.007973
1.009247
1.011359
1.013168
1.015731
1.018136
1.021242
1.024282
1.027977
1.031643
1.035890
1.040081
1.044722
1.049204
1.053922
1.058305
1.062625
1.066380
1.069734
1.072291
1.074150
1.075062
1.075108
1.074203
1.072444
1.069889
1.066650
1.062881
1.058685
1.054254
1.049659
1.045084
1.040556
1.036228
1.032085
1.028242
1.024656
1.021403
1.018426
1.015774
1.013384
1.011284
1.009416
1.007793
1.006366
1.005138
1.004070
1.003158
1.002374
1.001709
1.001146
1.000671
1.000276
0.999943
0.999676
0.999449
0.999276
0.999126
0.999024
0.998929
0.998879
0.998821
0.998809
0.998777
0.998794
0.998776
0.998815
0.998803
0.998860
0.998848
0.998921
0.998902
0.998991
0.998959
0.999067
0.999016
0.999144
0.999068
0.999222
0.999113
0.999300
0.999149
0.999379
0.999173
0.999459
0.999181
0.999547
0.999182
1.000205
0.999633
1.000696
1.000436
1.001565
1.001612
1.002802
1.003136
1.004415
1.005053
1.006488
1.007472
1.009149
1.010532
1.012538
1.014376
1.016792
1.019132
1.022017
1.024882
1.028253
1.031615
1.035419
1.039171
1.043251
1.047182
1.051260
1.055037
1.058720
1.061913
1.064747
1.066909
1.068481
1.069266
1.069329
1.068601
1.067157
1.065039
1.062334
1.059161
1.055600
1.051806
1.047836
1.043845
1.039856
1.036003
1.032277
1.028782
1.025485
1.022460
1.019662
1.017139
1.014840
1.012794
1.010954
1.009333
1.007892
1.006633
1.005525
1.004563
1.003724
1.003001
1.002377
1.001840
1.001383
1.000991
1.000663
1.000380
1.000151
0.999950
0.999796
0.999656
0.999558
0.999461
0.999406
0.999341
0.999318
0.999272
0.999275
0.999241
0.999264
0.999235
0.999276
0.999246
0.999303
0.999267
0.999340
0.999293
0.999384
0.999319
0.999433
0.999344
0.999484
0.999364
0.999538
0.999377
0.999594
0.999379
0.999658
1.000112
1.000375
1.000509
1.001043
1.001330
1.002100
1.002573
1.003523
1.004185
1.005300
1.006184
1.007501
1.008658
1.010234
1.011721
1.013616
1.015483
1.017753
1.020035
1.022713
1.025421
1.028501
1.031596
1.035009
1.038384
1.041980
1.045442
1.048974
1.052237
1.055377
1.058092
1.060474
1.062289
1.063594
1.064241
1.064281
1.063661
1.062438
1.060647
1.058350
1.055647
1.052595
1.049324
1.045876
1.042382
1.038862
1.035431
1.032084
1.028914
1.025898
1.023102
1.020492
1.018112
1.015925
1.013957
1.012169
1.010577
1.009147
1.007883
1.006757
1.005769
1.004896
1.004134
1.003466
1.002884
1.002380
1.001941
1.001564
1.001236
1.000960
1.000717
1.000518
1.000339
1.000199
1.000069
0.999975
0.999880
0.999821
0.999751
0.999719
0.999666
0.999657
0.999613
0.999622
0.999584
0.999609
0.999569
0.999610
0.999565
0.999621
0.999567
0.999641
0.999572
0.999666
0.999577
0.999696
0.999579
0.999729
0.999577
0.999769
1.000993
1.000525
1.001330
1.001346
1.002150
1.002562
1.003434
1.004134
1.005099
1.006035
1.007140
1.008319
1.009624
1.011077
1.012642
1.014406
1.016278
1.018384
1.020594
1.023055
1.025603
1.028398
1.031241
1.034295
1.037333
1.040504
1.043566
1.046640
1.049486
1.052189
1.054533
1.056571
1.058132
1.059250
1.059819
1.059868
1.059364
1.058344
1.056840
1.054896
1.052595
1.049978
1.047154
1.044154
1.041091
1.037979
1.034919
1.031910
1.029033
1.026272
1.023687
1.021252
1.019010
1.016930
1.015040
1.013306
1.011747
1.010332
1.009068
1.007931
1.006922
1.006021
1.005224
1.004518
1.003896
1.003348
1.002866
1.002444
1.002074
1.001753
1.001470
1.001228
1.001013
1.000833
1.000670
1.000538
1.000415
1.000321
1.000227
1.000162
1.000090
1.000048
0.999991
0.999969
0.999921
0.999915
0.999873
0.999880
0.999839
0.999860
0.999817
0.999850
0.999802
0.999849
0.999792
0.999855
0.999784
0.999865
0.999777
0.999880
1.001858
1.000672
1.002134
1.001640
1.002947
1.003002
1.004261
1.004710
1.005966
1.006721
1.008037
1.009075
1.010523
1.011851
1.013491
1.015124
1.017005
1.018955
1.021101
1.023363
1.025770
1.028309
1.030934
1.033670
1.036419
1.039221
1.041941
1.044621
1.047109
1.049437
1.051459
1.053195
1.054529
1.055471
1.055952
1.055985
1.055552
1.054675
1.053388
1.051717
1.049734
1.047468
1.045011
1.042386
1.039688
1.036929
1.034197
1.031490
1.028881
1.026358
1.023977
1.021716
1.019617
1.017653
1.015852
1.014188
1.012677
1.011293
1.010047
1.008915
1.007902
1.006987
1.006172
1.005441
1.004792
1.004212
1.003698
1.003242
1.002838
1.002481
1.002165
1.001887
1.001641
1.001426
1.001235
1.001070
1.000922
1.000796
1.000681
1.000586
1.000496
1.000425
1.000356
1.000304
1.000249
1.000212
1.000168
1.000143
1.000107
1.000093
1.000062
1.000056
1.000028
1.000030
1.000004
1.000012
0.999986
1.000000
0.999975
0.999990
1.002674
1.000803
1.002885
1.001896
1.003677
1.003379
1.004998
1.005193
1.006717
1.007282
1.008789
1.009674
1.011243
1.012433
1.014132
1.015622
1.017498
1.019283
1.021359
1.023421
1.025692
1.027986
1.030411
1.032858
1.035351
1.037830
1.040260
1.042608
1.044804
1.046826
1.048598
1.050099
1.051265
1.052082
1.052513
1.052551
1.052197
1.051455
1.050363
1.048931
1.047226
1.045264
1.043126
1.040825
1.038446
1.035996
1.033553
1.031115
1.028747
1.026439
1.024244
1.022144
1.020177
1.018323
1.016608
1.015011
1.013548
1.012198
1.010971
1.009848
1.008833
1.007909
1.007079
1.006327
1.005653
1.005045
1.004503
1.004014
1.003580
1.003189
1.002843
1.002531
1.002256
1.002008
1.001790
1.001593
1.001421
1.001264
1.001130
1.001004
1.000899
1.000799
1.000718
1.000636
1.000575
1.000508
1.000462
1.000406
1.000375
1.000325
1.000307
1.000261
1.000255
1.000210
1.000216
1.000169
1.000189
1.000134
1.000174
1.000101
1.003467
1.000929
1.003612
1.002141
1.004381
1.003736
1.005702
1.005645
1.007427
1.007802
1.009492
1.010224
1.011911
1.012965
1.014721
1.016074
1.017949
1.019580
1.021596
1.023474
1.025627
1.027702
1.029953
1.032145
1.034417
1.036615
1.038795
1.040854
1.042799
1.044555
1.046108
1.047400
1.048415
1.049112
1.049486
1.049512
1.049208
1.048562
1.047617
1.046372
1.044889
1.043173
1.041297
1.039268
1.037160
1.034977
1.032786
1.030586
1.028436
1.026327
1.024307
1.022360
1.020525
1.018782
1.017159
1.015635
1.014230
1.012923
1.011727
1.010622
1.009618
1.008696
1.007862
1.007099
1.006411
1.005784
1.005222
1.004710
1.004252
1.003835
1.003464
1.003124
1.002825
1.002549
1.002309
1.002083
1.001891
1.001706
1.001554
1.001402
1.001283
1.001155
1.001064
1.000955
1.000888
1.000792
1.000746
1.000659
1.000633
1.000550
1.000544
1.000461
1.000475
1.000386
1.000423
1.000322
1.000387
1.000266
1.000367
1.000209
1.004215
1.001041
1.004292
1.002355
1.005025
1.004040
1.006330
1.006021
1.008039
1.008221
1.010075
1.010649
1.012439
1.013349
1.015151
1.016361
1.018226
1.019701
1.021655
1.023355
1.025396
1.027265
1.029358
1.031319
1.033399
1.035349
1.037318
1.039132
1.040871
1.042409
1.043788
1.044917
1.045818
1.046428
1.046770
1.046799
1.046550
1.045997
1.045188
1.044109
1.042822
1.041323
1.039678
1.037886
1.036017
1.034067
1.032101
1.030113
1.028159
1.026228
1.024367
1.022561
1.020847
1.019207
1.017670
1.016217
1.014867
1.013602
1.012437
1.011353
1.010361
1.009442
1.008606
1.007835
1.007136
1.006493
1.005913
1.005379
1.004901
1.004458
1.004066
1.003700
1.003379
1.003075
1.002814
1.002562
1.002351
1.002140
1.001971
1.001792
1.001660
1.001506
1.001406
1.001270
1.001197
1.001074
1.001028
1.000911
1.000891
1.000774
1.000781
1.000659
1.000695
1.000560
1.000630
1.000474
1.000585
1.000396
1.000561
1.000317
1.004932
1.001149
1.004944
1.002558
1.005640
1.004326
1.006924
1.006370
1.008614
1.008607
1.010619
1.011038
1.012926
1.013699
1.015546
1.016620
1.018481
1.019811
1.021713
1.023250
1.025194
1.026879
1.028835
1.030592
1.032505
1.034239
1.036025
1.037625
1.039185
1.040532
1.041758
1.042739
1.043538
1.044063
1.044368
1.044388
1.044175
1.043688
1.042983
1.042035
1.040906
1.039582
1.038129
1.036536
1.034870
1.033122
1.031351
1.029550
1.027771
1.026003
1.024288
1.022615
1.021016
1.019478
1.018027
1.016646
1.015356
1.014139
1.013011
1.011955
1.010982
1.010074
1.009244
1.008472
1.007770
1.007117
1.006527
1.005977
1.005485
1.005023
1.004614
1.004226
1.003887
1.003561
1.003283
1.003007
1.002780
1.002545
1.002363
1.002160
1.002017
1.001838
1.001730
1.001568
1.001492
1.001342
1.001297
1.001151
1.001137
1.000988
1.001008
1.000849
1.000906
1.000728
1.000829
1.000622
1.000775
1.000523
1.000748
1.000422
1.005611
1.001245
1.005554
1.002736
1.006205
1.004569
1.007456
1.006658
1.009111
1.008914
1.011068
1.011330
1.013305
1.013936
1.015820
1.016757
1.018609
1.019795
1.021646
1.023027
1.024881
1.026395
1.028229
1.029801
1.031568
1.033112
1.034744
1.036161
1.037573
1.038761
1.039866
1.040729
1.041450
1.041914
1.042197
1.042219
1.042047
1.041624
1.041016
1.040186
1.039199
1.038031
1.036747
1.035331
1.033843
1.032274
1.030677
1.029044
1.027422
1.025800
1.024218
1.022666
1.021174
1.019730
1.018359
1.017046
1.015813
1.014642
1.013550
1.012520
1.011567
1.010672
1.009849
1.009077
1.008373
1.007713
1.007114
1.006551
1.006045
1.005566
1.005141
1.004733
1.004379
1.004031
1.003737
1.003439
1.003198
1.002940
1.002745
1.002519
1.002366
1.002163
1.002048
1.001862
1.001782
1.001606
1.001562
1.001388
1.001380
1.001200
1.001233
1.001038
1.001116
1.000895
1.001027
1.000768
1.000966
1.000649
1.000935
1.000526
1.006253
1.001336
1.006131
1.002903
1.006738
1.004796
1.007955
1.006924
1.009574
1.009195
1.011485
1.011596
1.013654
1.014152
1.016073
1.016882
1.018729
1.019783
1.021591
1.022830
1.024607
1.025967
1.027696
1.029104
1.030746
1.032122
1.033619
1.034876
1.036159
1.037207
1.038204
1.038961
1.039611
1.040015
1.040273
1.040288
1.040142
1.039766
1.039233
1.038497
1.037624
1.036584
1.035441
1.034173
1.032838
1.031422
1.029977
1.028490
1.027008
1.025517
1.024058
1.022616
1.021225
1.019870
1.018577
1.017332
1.016156
1.015033
1.013981
1.012982
1.012053
1.011175
1.010364
1.009598
1.008897
1.008234
1.007631
1.007060
1.006546
1.006054
1.005618
1.005194
1.004827
1.004462
1.004155
1.003838
1.003585
1.003306
1.003101
1.002854
1.002692
1.002468
1.002346
1.002138
1.002056
1.001855
1.001812
1.001612
1.001611
1.001401
1.001446
1.001217
1.001315
1.001054
1.001216
1.000907
1.001147
1.000769
1.001113
1.000626
1.006864
1.001418
1.006675
1.003050
1.007231
1.004989
1.008403
1.007143
1.009976
1.009414
1.011828
1.011788
1.013920
1.014285
1.016237
1.016918
1.018758
1.019683
1.021450
1.022554
1.024260
1.025477
1.027112
1.028373
1.029905
1.031134
1.032517
1.033635
1.034812
1.035742
1.036653
1.037324
1.037920
1.038279
1.038524
1.038539
1.038423
1.038093
1.037631
1.036980
1.036211
1.035286
1.034268
1.033132
1.031933
1.030654
1.029344
1.027989
1.026633
1.025261
1.023912
1.022572
1.021273
1.020000
1.018780
1.017598
1.016476
1.015398
1.014383
1.013414
1.012509
1.011648
1.010850
1.010091
1.009393
1.008729
1.008124
1.007545
1.007024
1.006521
1.006075
1.005637
1.005259
1.004877
1.004559
1.004223
1.003959
1.003662
1.003447
1.003180
1.003010
1.002765
1.002638
1.002408
1.002324
1.002099
1.002059
1.001832
1.001838
1.001599
1.001657
1.001393
1.001513
1.001211
1.001403
1.001044
1.001327
1.000887
1.001291
1.000724
1.007429
1.001493
1.007179
1.003186
1.007689
1.005167
1.008818
1.007342
1.010346
1.009614
1.012144
1.011963
1.014166
1.014405
1.016389
1.016952
1.018789
1.019596
1.021329
1.022311
1.023957
1.025047
1.026601
1.027731
1.029168
1.030267
1.031551
1.032548
1.033631
1.034456
1.035291
1.035884
1.036430
1.036745
1.036973
1.036984
1.036888
1.036591
1.036184
1.035601
1.034917
1.034085
1.033173
1.032147
1.031065
1.029902
1.028710
1.027470
1.026225
1.024959
1.023710
1.022463
1.021248
1.020052
1.018901
1.017780
1.016710
1.015678
1.014702
1.013764
1.012885
1.012044
1.011261
1.010512
1.009822
1.009160
1.008556
1.007974
1.007449
1.006937
1.006485
1.006036
1.005649
1.005253
1.004926
1.004575
1.004302
1.003988
1.003765
1.003480
1.003304
1.003040
1.002909
1.002658
1.002573
1.002327
1.002289
1.002037
1.002051
1.001783
1.001855
1.001559
1.001698
1.001358
1.001578
1.001174
1.001496
1.001000
1.001456
1.000818
1.007974
1.001563
1.007660
1.003308
1.008116
1.005320
1.009195
1.007507
1.010669
1.009767
1.012405
1.012082
1.014349
1.014464
1.016475
1.016922
1.018754
1.019448
1.021149
1.022016
1.023607
1.024579
1.026060
1.027072
1.028427
1.029411
1.030610
1.031501
1.032506
1.033244
1.034017
1.034546
1.035054
1.035335
1.035555
1.035566
1.035493
1.035229
1.034875
1.034354
1.033747
1.033001
1.032183
1.031256
1.030278
1.029221
1.028134
1.026998
1.025853
1.024684
1.023525
1.022362
1.021225
1.020100
1.019012
1.017947
1.016928
1.015938
1.014999
1.014091
1.013237
1.012415
1.011648
1.010909
1.010227
1.009568
1.008966
1.008381
1.007854
1.007335
1.006877
1.006418
1.006024
1.005615
1.005280
1.004915
1.004634
1.004304
1.004074
1.003772
1.003590
1.003308
1.003174
1.002903
1.002817
1.002549
1.002514
1.002239
1.002260
1.001965
1.002050
1.001722
1.001881
1.001503
1.001752
1.001302
1.001664
1.001110
1.001622
1.000909
1.008464
1.001625
1.008094
1.003416
1.008504
1.005458
1.009538
1.007654
1.010963
1.009906
1.012643
1.012191
1.014518
1.014520
1.016557
1.016899
1.018730
1.019321
1.020996
1.021759
1.023304
1.024172
1.025592
1.026498
1.027782
1.028664
1.029790
1.030588
1.031525
1.032184
1.032902
1.033373
1.033845
1.034095
1.034304
1.034310
1.034253
1.034014
1.033701
1.033229
1.032685
1.032009
1.031270
1.030427
1.029537
1.028570
1.027575
1.026528
1.025472
1.024387
1.023309
1.022222
1.021156
1.020096
1.019067
1.018055
1.017083
1.016134
1.015230
1.014353
1.013525
1.012723
1.011973
1.011246
1.010574
1.009920
1.009322
1.008736
1.008209
1.007686
1.007225
1.006758
1.006359
1.005940
1.005598
1.005221
1.004933
1.004590
1.004354
1.004037
1.003851
1.003552
1.003415
1.003127
1.003041
1.002754
1.002721
1.002424
1.002452
1.002133
1.002229
1.001872
1.002049
1.001637
1.001912
1.001420
1.001818
1.001213
1.001774
1.000995
1.008945
1.001685
1.008516
1.003518
1.008872
1.005579
1.009854
1.007777
1.011223
1.010011
1.012840
1.012259
1.014641
1.014531
1.016592
1.016830
1.018658
1.019150
1.020800
1.021467
1.022969
1.023740
1.025105
1.025916
1.027138
1.027930
1.028993
1.029710
1.030590
1.031182
1.031855
1.032279
1.032724
1.032948
1.033152
1.033158
1.033118
1.032904
1.032630
1.032205
1.031719
1.031106
1.030439
1.029671
1.028862
1.027976
1.027063
1.026098
1.025121
1.024114
1.023110
1.022092
1.021091
1.020091
1.019117
1.018154
1.017226
1.016316
1.015446
1.014597
1.013794
1.013012
1.012278
1.011564
1.010901
1.010253
1.009659
1.009074
1.008548
1.008021
1.007557
1.007083
1.006680
1.006251
1.005905
1.005516
1.005223
1.004867
1.004626
1.004295
1.004104
1.003790
1.003651
1.003346
1.003260
1.002954
1.002925
1.002606
1.002641
1.002297
1.002406
1.002020
1.002217
1.001769
1.002071
1.001536
1.001972
1.001313
1.001926
1.001078
1.009361
1.001735
1.008882
1.003603
1.009195
1.005684
1.010133
1.007884
1.011455
1.010104
1.013017
1.012322
1.014754
1.014544
1.016628
1.016775
1.018603
1.019008
1.020638
1.021218
1.022686
1.023371
1.024689
1.025417
1.026586
1.027299
1.028308
1.028953
1.029784
1.030316
1.030949
1.031329
1.031749
1.031949
1.032145
1.032149
1.032121
1.031924
1.031681
1.031292
1.030854
1.030293
1.029686
1.028981
1.028239
1.027422
1.026580
1.025685
1.024778
1.023838
1.022899
1.021943
1.021000
1.020053
1.019129
1.018211
1.017324
1.016450
1.015612
1.014791
1.014011
1.013248
1.012532
1.011830
1.011178
1.010536
1.009949
1.009365
1.008841
1.008312
1.007848
1.007368
1.006962
1.006526
1.006176
1.005777
1.005480
1.005113
1.004868
1.004524
1.004331
1.004003
1.003862
1.003542
1.003456
1.003133
1.003107
1.002770
1.002811
1.002445
1.002565
1.002154
1.002366
1.001888
1.002214
1.001642
1.002110
1.001405
1.002062
1.001156
1.009783
1.001787
1.009250
1.003688
1.009512
1.005781
1.010397
1.007976
1.011664
1.010175
1.013166
1.012355
1.014835
1.014525
1.016630
1.016686
1.018513
1.018833
1.020445
1.020943
1.022378
1.022984
1.024261
1.024913
1.026035
1.026677
1.027639
1.028222
1.029010
1.029491
1.030092
1.030436
1.030836
1.031018
1.031211
1.031214
1.031199
1.031021
1.030808
1.030454
1.030059
1.029547
1.028995
1.028347
1.027667
1.026912
1.026135
1.025304
1.024460
1.023582
1.022702
1.021803
1.020913
1.020017
1.019139
1.018263
1.017414
1.016573
1.015766
1.014971
1.014215
1.013471
1.012770
1.012081
1.011439
1.010805
1.010224
1.009643
1.009120
1.008590
1.008126
1.007642
1.007234
1.006791
1.006437
1.006030
1.005729
1.005352
1.005103
1.004748
1.004552
1.004211
1.004069
1.003734
1.003649
1.003309
1.003288
1.002931
1.002980
1.002592
1.002723
1.002286
1.002516
1.002006
1.002357
1.001746
1.002248
1.001495
1.002199
1.001230
1.010124
1.001825
1.009550
1.003753
1.009774
1.005859
1.010619
1.008052
1.011843
1.010236
1.013296
1.012387
1.014909
1.014514
1.016639
1.016618
1.018446
1.018692
1.020290
1.020718
1.022127
1.022664
1.023906
1.024492
1.025575
1.026155
1.027077
1.027605
1.028357
1.028793
1.029365
1.029676
1.030059
1.030221
1.030410
1.030410
1.030405
1.030239
1.030049
1.029723
1.029363
1.028890
1.028382
1.027782
1.027153
1.026451
1.025728
1.024951
1.024162
1.023336
1.022508
1.021658
1.020815
1.019962
1.019125
1.018286
1.017472
1.016662
1.015883
1.015111
1.014376
1.013650
1.012965
1.012288
1.011657
1.011030
1.010455
1.009877
1.009358
1.008827
1.008363
1.007876
1.007467
1.007019
1.006663
1.006249
1.005945
1.005559
1.005308
1.004942
1.004744
1.004392
1.004249
1.003901
1.003817
1.003463
1.003444
1.003071
1.003126
1.002719
1.002861
1.002401
1.002646
1.002109
1.002481
1.001838
1.002368
1.001575
1.002317
1.001298
1.010493
1.001870
1.009868
1.003824
1.010044
1.005937
1.010839
1.008121
1.012011
1.010282
1.013408
1.012399
1.014960
1.014477
1.016620
1.016522
1.018350
1.018525
1.020109
1.020469
1.021854
1.022327
1.023538
1.024062
1.025111
1.025636
1.026523
1.027002
1.027724
1.028120
1.028669
1.028953
1.029321
1.029470
1.029656
1.029657
1.029662
1.029510
1.029343
1.029042
1.028717
1.028279
1.027814
1.027258
1.026676
1.026023
1.025349
1.024622
1.023883
1.023106
1.022326
1.021521
1.020722
1.019909
1.019111
1.018307
1.017525
1.016744
1.015991
1.015243
1.014528
1.013819
1.013150
1.012484
1.011864
1.011244
1.010676
1.010101
1.009585
1.009055
1.008592
1.008102
1.007693
1.007240
1.006882
1.006461
1.006156
1.005761
1.005508
1.005133
1.004933
1.004570
1.004427
1.004066
1.003984
1.003616
1.003601
1.003211
1.003273
1.002847
1.002999
1.002516
1.002777
1.002213
1.002607
1.001929
1.002490
1.001654
1.002439
1.001363
1.010759
1.001898
1.010103
1.003872
1.010249
1.005994
1.011011
1.008174
1.012146
1.010320
1.013503
1.012412
1.015008
1.014455
1.016615
1.016453
1.018283
1.018399
1.019973
1.020277
1.021643
1.022062
1.023247
1.023721
1.024741
1.025218
1.026076
1.026514
1.027209
1.027572
1.028099
1.028358
1.028714
1.028849
1.029032
1.029030
1.029043
1.028900
1.028750
1.028469
1.028169
1.027760
1.027328
1.026807
1.026264
1.025649
1.025017
1.024331
1.023633
1.022897
1.022156
1.021390
1.020628
1.019850
1.019084
1.018310
1.017556
1.016800
1.016070
1.015342
1.014645
1.013951
1.013296
1.012641
1.012031
1.011417
1.010855
1.010284
1.009772
1.009242
1.008781
1.008290
1.007880
1.007423
1.007064
1.006638
1.006331
1.005929
1.005675
1.005292
1.005091
1.004719
1.004575
1.004204
1.004123
1.003743
1.003731
1.003328
1.003395
1.002953
1.003114
1.002612
1.002885
1.002299
1.002710
1.002006
1.002590
1.001722
1.002537
1.001421
1.011079
1.001937
1.010377
1.003933
1.010477
1.006057
1.011193
1.008225
1.012280
1.010350
1.013586
1.012410
1.015038
1.014412
1.016586
1.016359
1.018190
1.018247
1.019811
1.020060
1.021407
1.021775
1.022937
1.023363
1.024357
1.024791
1.025624
1.026025
1.026697
1.027031
1.027541
1.027780
1.028126
1.028250
1.028433
1.028431
1.028452
1.028319
1.028186
1.027925
1.027651
1.027269
1.026869
1.026382
1.025874
1.025297
1.024704
1.024056
1.023397
1.022699
1.021996
1.021266
1.020538
1.019793
1.019058
1.018313
1.017586
1.016854
1.016146
1.015436
1.014758
1.014079
1.013436
1.012792
1.012192
1.011585
1.011030
1.010463
1.009955
1.009425
1.008966
1.008473
1.008064
1.007604
1.007244
1.006813
1.006505
1.006097
1.005841
1.005450
1.005249
1.004868
1.004724
1.004343
1.004264
1.003871
1.003863
1.003446
1.003520
1.003061
1.003231
1.002710
1.002998
1.002387
1.002818
1.002084
1.002696
1.001789
1.002642
1.001476
1.011269
1.001955
1.010546
1.003965
1.010626
1.006095
1.011318
1.008261
1.012378
1.010374
1.013653
1.012415
1.015069
1.014389
1.016576
1.016301
1.018134
1.018146
1.019703
1.019909
1.021243
1.021570
1.022714
1.023101
1.024075
1.024474
1.025286
1.025656
1.026310
1.026618
1.027114
1.027334
1.027671
1.027785
1.027965
1.027961
1.027987
1.027860
1.027739
1.027492
1.027236
1.026875
1.026499
1.026036
1.025557
1.025008
1.024444
1.023827
1.023199
1.022530
1.021857
1.021155
1.020456
1.019736
1.019027
1.018305
1.017599
1.016887
1.016197
1.015503
1.014839
1.014173
1.013542
1.012907
1.012314
1.011714
1.011164
1.010600
1.010095
1.009567
1.009110
1.008616
1.008207
1.007744
1.007384
1.006950
1.006640
1.006228
1.005971
1.005574
1.005372
1.004984
1.004840
1.004451
1.004373
1.003971
1.003965
1.003538
1.003615
1.003145
1.003322
1.002786
1.003083
1.002455
1.002899
1.002145
1.002774
1.001843
1.002718
1.001522
1.011546
1.001991
1.010781
1.004017
1.010819
1.006147
1.011468
1.008300
1.012484
1.010392
1.013715
1.012405
1.015085
1.014344
1.016543
1.016215
1.018049
1.018013
1.019563
1.019725
1.021046
1.021332
1.022459
1.022810
1.023765
1.024131
1.024925
1.025267
1.025905
1.026192
1.026675
1.026881
1.027211
1.027318
1.027497
1.027494
1.027526
1.027407
1.027300
1.027067
1.026831
1.026490
1.026138
1.025701
1.025249
1.024728
1.024194
1.023605
1.023007
1.022368
1.021724
1.021049
1.020377
1.019683
1.018998
1.018298
1.017614
1.016920
1.016249
1.015571
1.014921
1.014267
1.013647
1.013021
1.012437
1.011843
1.011299
1.010738
1.010238
1.009711
1.009255
1.008761
1.008352
1.007888
1.007528
1.007089
1.006780
1.006362
1.006105
1.005702
1.005500
1.005104
1.004962
1.004564
1.004487
1.004076
1.004073
1.003634
1.003718
1.003233
1.003419
1.002866
1.003176
1.002527
1.002989
1.002208
1.002862
1.001898
1.002807
1.001567
1.011656
1.001998
1.010884
1.004035
1.010913
1.006171
1.011550
1.008323
1.012549
1.010408
1.013761
1.012408
1.015106
1.014329
1.016537
1.016175
1.018011
1.017943
1.019489
1.019621
1.020933
1.021191
1.022306
1.022630
1.023570
1.023913
1.024692
1.025013
1.025637
1.025906
1.026380
1.026572
1.026896
1.026995
1.027172
1.027166
1.027202
1.027087
1.026987
1.026763
1.026539
1.026211
1.025875
1.025454
1.025021
1.024519
1.024005
1.023438
1.022860
1.022242
1.021618
1.020964
1.020311
1.019636
1.018968
1.018285
1.017616
1.016937
1.016278
1.015613
1.014974
1.014328
1.013717
1.013098
1.012520
1.011931
1.011391
1.010834
1.010336
1.009810
1.009356
1.008861
1.008454
1.007988
1.007628
1.007187
1.006876
1.006456
1.006197
1.005791
1.005588
1.005188
1.005045
1.004642
1.004566
1.004148
1.004147
1.003701
1.003787
1.003294
1.003484
1.002922
1.003237
1.002577
1.003047
1.002253
1.002917
1.001937
1.002860
1.001601
1.011899
1.002032
1.011086
1.004081
1.011075
1.006214
1.011672
1.008353
1.012632
1.010418
1.013805
1.012393
1.015112
1.014285
1.016503
1.016099
1.017936
1.017831
1.019372
1.019471
1.020773
1.021001
1.022103
1.022400
1.023328
1.023646
1.024412
1.024714
1.025327
1.025581
1.026046
1.026228
1.026548
1.026642
1.026820
1.026815
1.026856
1.026747
1.026657
1.026444
1.026234
1.025922
1.025604
1.025202
1.024788
1.024307
1.023815
1.023269
1.022713
1.022116
1.021514
1.020881
1.020248
1.019592
1.018942
1.018277
1.017624
1.016959
1.016314
1.015660
1.015032
1.014397
1.013794
1.013182
1.012611
1.012027
1.011492
1.010937
1.010443
1.009918
1.009466
1.008971
1.008564
1.008097
1.007737
1.007293
1.006983
1.006559
1.006301
1.005889
1.005687
1.005281
1.005139
1.004730
1.004655
1.004230
1.004232
1.003776
1.003867
1.003363
1.003560
1.002984
1.003310
1.002634
1.003119
1.002303
1.002988
1.001980
1.002932
1.001636
1.011924
1.002030
1.011119
1.004087
1.011115
1.006227
1.011713
1.008369
1.012669
1.010433
1.013835
1.012403
1.015131
1.014285
1.016507
1.016085
1.017922
1.017800
1.019337
1.019420
1.020716
1.020927
1.022022
1.022303
1.023221
1.023525
1.024282
1.024570
1.025175
1.025417
1.025876
1.026049
1.026364
1.026453
1.026628
1.026621
1.026662
1.026554
1.026469
1.026260
1.026056
1.025751
1.025441
1.025048
1.024646
1.024176
1.023695
1.023161
1.022618
1.022033
1.021443
1.020822
1.020201
1.019556
1.018918
1.018262
1.017619
1.016963
1.016327
1.015680
1.015059
1.014430
1.013833
1.013226
1.012659
1.012078
1.011546
1.010993
1.010501
1.009977
1.009526
1.009032
1.008625
1.008157
1.007797
1.007352
1.007042
1.006616
1.006357
1.005944
1.005741
1.005332
1.005190
1.004777
1.004703
1.004274
1.004276
1.003817
1.003909
1.003400
1.003599
1.003018
1.003347
1.002664
1.003152
1.002330
1.003020
1.002004
1.002962
1.001658
1.012142
1.002064
1.011298
1.004132
1.011256
1.006267
1.011816
1.008394
1.012736
1.010439
1.013867
1.012387
1.015130
1.014245
1.016475
1.016020
1.017858
1.017708
1.019242
1.019299
1.020589
1.020778
1.021865
1.022126
1.023036
1.023323
1.024072
1.024346
1.024944
1.025176
1.025630
1.025797
1.026110
1.026195
1.026373
1.026366
1.026412
1.026309
1.026231
1.026030
1.025837
1.025544
1.025246
1.024867
1.024479
1.024023
1.023558
1.023039
1.022512
1.021942
1.021368
1.020761
1.020155
1.019524
1.018898
1.018255
1.017623
1.016978
1.016351
1.015714
1.015101
1.014478
1.013888
1.013286
1.012724
1.012147
1.011619
1.011068
1.010578
1.010056
1.009606
1.009112
1.008706
1.008237
1.007878
1.007431
1.007121
1.006692
1.006433
1.006016
1.005814
1.005401
1.005260
1.004842
1.004769
1.004335
1.004340
1.003873
1.003969
1.003452
1.003657
1.003065
1.003403
1.002706
1.003208
1.002367
1.003075
1.002036
1.003019
1.001683
1.012081
1.002060
1.011269
1.004140
1.011254
1.006285
1.011828
1.008417
1.012756
1.010464
1.013890
1.012412
1.015153
1.014268
1.016495
1.016038
1.017873
1.017719
1.019249
1.019301
1.020586
1.020770
1.021851
1.022106
1.023010
1.023290
1.024032
1.024300
1.024892
1.025118
1.025566
1.025728
1.026037
1.026118
1.026292
1.026283
1.026327
1.026222
1.026144
1.025943
1.025751
1.025459
1.025165
1.024788
1.024403
1.023952
1.023492
1.022978
1.022455
1.021891
1.021323
1.020722
1.020120
1.019495
1.018875
1.018237
1.017610
1.016970
1.016347
1.015714
1.015105
1.014486
1.013899
1.013300
1.012741
1.012166
1.011639
1.011091
1.010602
1.010081
1.009632
1.009138
1.008733
1.008264
1.007905
1.007458
1.007148
1.006718
1.006460
1.006042
1.005839
1.005426
1.005284
1.004865
1.004792
1.004356
1.004360
1.003893
1.003988
1.003470
1.003674
1.003082
1.003418
1.002722
1.003221
1.002382
1.003086
1.002049
1.003027
1.001694
1.012319
1.002113
1.011472
1.004208
1.011412
1.006340
1.011937
1.008447
1.012820
1.010468
1.013915
1.012391
1.015146
1.014223
1.016457
1.015969
1.017806
1.017626
1.019155
1.019185
1.020466
1.020631
1.021706
1.021946
1.022844
1.023111
1.023848
1.024106
1.024694
1.024913
1.025359
1.025516
1.025825
1.025905
1.026082
1.026075
1.026124
1.026024
1.025953
1.025760
1.025577
1.025295
1.025011
1.024645
1.024273
1.023833
1.023385
1.022883
1.022374
1.021822
1.021265
1.020676
1.020086
1.019471
1.018861
1.018232
1.017615
1.016983
1.016368
1.015741
1.015139
1.014526
1.013943
1.013348
1.012793
1.012221
1.011698
1.011151
1.010664
1.010144
1.009697
1.009203
1.008799
1.008329
1.007970
1.007522
1.007212
1.006781
1.006522
1.006102
1.005900
1.005483
1.005342
1.004919
1.004848
1.004407
1.004414
1.003940
1.004040
1.003514
1.003724
1.003122
1.003467
1.002758
1.003270
1.002412
1.003137
1.002074
1.003080
1.001714
