# v - 1000 ites
-0.000108
-0.000112
-0.000236
-0.000273
-0.000382
-0.000407
-0.000476
-0.000481
-0.000521
-0.000517
-0.000543
-0.000537
-0.000555
-0.000549
-0.000560
-0.000552
-0.000556
-0.000546
-0.000544
-0.000531
-0.000523
-0.000506
-0.000492
-0.000470
-0.000450
-0.000424
-0.000399
-0.000368
-0.000337
-0.000303
-0.000268
-0.000229
-0.000191
-0.000150
-0.000110
-0.000068
-0.000026
0.000017
0.000058
0.000099
0.000139
0.000178
0.000216
0.000252
0.000285
0.000317
0.000346
0.000373
0.000397
0.000419
0.000438
0.000455
0.000468
0.000480
0.000489
0.000495
0.000499
0.000501
0.000501
0.000499
0.000496
0.000490
0.000484
0.000476
0.000467
0.000457
0.000446
0.000434
0.000422
0.000409
0.000396
0.000383
0.000370
0.000356
0.000342
0.000328
0.000315
0.000301
0.000289
0.000275
0.000263
0.000250
0.000239
0.000225
0.000216
0.000203
0.000195
0.000181
0.000175
0.000161
0.000156
0.000142
0.000139
0.000124
0.000124
0.000107
0.000112
0.000087
0.000109
0.000052
-0.000623
-0.000443
-0.000968
-0.000886
-0.001298
-0.001219
-0.001490
-0.001391
-0.001563
-0.001467
-0.001583
-0.001501
-0.001579
-0.001509
-0.001557
-0.001493
-0.001516
-0.001453
-0.001453
-0.001387
-0.001367
-0.001296
-0.001257
-0.001178
-0.001122
-0.001035
-0.000963
-0.000869
-0.000784
-0.000682
-0.000588
-0.000481
-0.000379
-0.000269
-0.000164
-0.000053
0.000053
0.000161
0.000264
0.000366
0.000463
0.000557
0.000646
0.000730
0.000807
0.000879
0.000944
0.001003
0.001055
0.001101
0.001140
0.001172
0.001198
0.001218
0.001232
0.001240
0.001243
0.001241
0.001235
0.001223
0.001209
0.001191
0.001171
0.001146
0.001121
0.001092
0.001064
0.001031
0.001001
0.000966
0.000934
0.000898
0.000866
0.000830
0.000799
0.000762
0.000732
0.000695
0.000667
0.000630
0.000606
0.000569
0.000547
0.000510
0.000492
0.000454
0.000441
0.000401
0.000394
0.000351
0.000350
0.000303
0.000311
0.000257
0.000276
0.000212
0.000249
0.000158
0.000245
0.000064
-0.000762
-0.000573
-0.001259
-0.001203
-0.001753
-0.001686
-0.002044
-0.001934
-0.002158
-0.002044
-0.002194
-0.002095
-0.002197
-0.002112
-0.002176
-0.002097
-0.002127
-0.002048
-0.002048
-0.001964
-0.001936
-0.001842
-0.001788
-0.001682
-0.001604
-0.001486
-0.001386
-0.001256
-0.001137
-0.000995
-0.000862
-0.000711
-0.000567
-0.000411
-0.000261
-0.000103
0.000048
0.000203
0.000351
0.000498
0.000638
0.000774
0.000902
0.001023
0.001136
0.001240
0.001335
0.001422
0.001498
0.001565
0.001622
0.001670
0.001709
0.001738
0.001760
0.001773
0.001778
0.001776
0.001768
0.001753
0.001734
0.001708
0.001679
0.001645
0.001609
0.001569
0.001528
0.001482
0.001438
0.001389
0.001343
0.001292
0.001246
0.001194
0.001149
0.001097
0.001054
0.001001
0.000961
0.000909
0.000873
0.000821
0.000789
0.000737
0.000710
0.000657
0.000637
0.000582
0.000569
0.000511
0.000507
0.000443
0.000450
0.000379
0.000400
0.000316
0.000360
0.000241
0.000355
0.000110
-0.001206
-0.000870
-0.001915
-0.001775
-0.002601
-0.002457
-0.002999
-0.002806
-0.003147
-0.002958
-0.003187
-0.003025
-0.003181
-0.003042
-0.003139
-0.003012
-0.003059
-0.002934
-0.002935
-0.002804
-0.002764
-0.002622
-0.002543
-0.002386
-0.002273
-0.002098
-0.001954
-0.001762
-0.001591
-0.001385
-0.001193
-0.000976
-0.000769
-0.000545
-0.000330
-0.000106
0.000110
0.000329
0.000539
0.000747
0.000944
0.001135
0.001314
0.001484
0.001641
0.001786
0.001918
0.002036
0.002141
0.002232
0.002309
0.002373
0.002424
0.002462
0.002489
0.002504
0.002508
0.002502
0.002488
0.002464
0.002434
0.002395
0.002353
0.002303
0.002250
0.002191
0.002132
0.002067
0.002004
0.001934
0.001869
0.001796
0.001731
0.001657
0.001594
0.001520
0.001460
0.001386
0.001330
0.001256
0.001206
0.001132
0.001089
0.001014
0.000979
0.000902
0.000877
0.000797
0.000782
0.000697
0.000695
0.000602
0.000617
0.000512
0.000547
0.000421
0.000492
0.000316
0.000485
0.000128
-0.001393
-0.001024
-0.002263
-0.002130
-0.003122
-0.002975
-0.003623
-0.003405
-0.003811
-0.003592
-0.003865
-0.003677
-0.003863
-0.003703
-0.003819
-0.003673
-0.003729
-0.003584
-0.003586
-0.003432
-0.003384
-0.003216
-0.003121
-0.002932
-0.002795
-0.002584
-0.002408
-0.002175
-0.001966
-0.001714
-0.001478
-0.001212
-0.000957
-0.000682
-0.000417
-0.000140
0.000127
0.000398
0.000657
0.000914
0.001158
0.001394
0.001616
0.001826
0.002020
0.002200
0.002362
0.002508
0.002637
0.002749
0.002844
0.002923
0.002985
0.003032
0.003064
0.003081
0.003087
0.003078
0.003060
0.003030
0.002992
0.002944
0.002891
0.002828
0.002763
0.002690
0.002617
0.002536
0.002458
0.002372
0.002291
0.002202
0.002122
0.002031
0.001953
0.001862
0.001788
0.001697
0.001629
0.001538
0.001476
0.001386
0.001333
0.001242
0.001198
0.001106
0.001073
0.000977
0.000957
0.000856
0.000851
0.000741
0.000755
0.000631
0.000670
0.000522
0.000603
0.000394
0.000595
0.000167
-0.001796
-0.001301
-0.002874
-0.002676
-0.003928
-0.003721
-0.004540
-0.004254
-0.004769
-0.004486
-0.004832
-0.004590
-0.004826
-0.004620
-0.004768
-0.004580
-0.004653
-0.004468
-0.004471
-0.004277
-0.004217
-0.004004
-0.003885
-0.003648
-0.003476
-0.003211
-0.002990
-0.002698
-0.002437
-0.002121
-0.001826
-0.001492
-0.001174
-0.000829
-0.000499
-0.000153
0.000179
0.000517
0.000840
0.001159
0.001462
0.001755
0.002030
0.002289
0.002528
0.002749
0.002949
0.003128
0.003285
0.003421
0.003536
0.003630
0.003704
0.003758
0.003795
0.003814
0.003817
0.003804
0.003778
0.003738
0.003689
0.003627
0.003559
0.003480
0.003398
0.003305
0.003214
0.003112
0.003015
0.002907
0.002808
0.002697
0.002597
0.002485
0.002388
0.002276
0.002184
0.002072
0.001988
0.001876
0.001801
0.001689
0.001624
0.001512
0.001459
0.001344
0.001305
0.001186
0.001164
0.001037
0.001034
0.000895
0.000916
0.000760
0.000812
0.000626
0.000730
0.000469
0.000720
0.000189
-0.002020
-0.001475
-0.003267
-0.003066
-0.004501
-0.004282
-0.005221
-0.004902
-0.005491
-0.005173
-0.005569
-0.005298
-0.005569
-0.005338
-0.005510
-0.005299
-0.005384
-0.005176
-0.005182
-0.004962
-0.004895
-0.004652
-0.004516
-0.004244
-0.004045
-0.003740
-0.003484
-0.003146
-0.002841
-0.002473
-0.002129
-0.001739
-0.001367
-0.000964
-0.000577
-0.000172
0.000217
0.000613
0.000990
0.001365
0.001719
0.002062
0.002383
0.002686
0.002964
0.003222
0.003453
0.003660
0.003842
0.003999
0.004131
0.004238
0.004322
0.004383
0.004423
0.004441
0.004442
0.004424
0.004392
0.004342
0.004283
0.004208
0.004127
0.004033
0.003935
0.003826
0.003718
0.003599
0.003485
0.003359
0.003242
0.003112
0.002996
0.002866
0.002753
0.002622
0.002516
0.002386
0.002288
0.002160
0.002072
0.001943
0.001868
0.001739
0.001677
0.001546
0.001500
0.001364
0.001337
0.001193
0.001188
0.001031
0.001052
0.000876
0.000932
0.000723
0.000839
0.000543
0.000827
0.000224
-0.002398
-0.001740
-0.003850
-0.003598
-0.005283
-0.005016
-0.006120
-0.005743
-0.006437
-0.006062
-0.006529
-0.006212
-0.006532
-0.006262
-0.006465
-0.006219
-0.006321
-0.006078
-0.006087
-0.005830
-0.005752
-0.005468
-0.005310
-0.004991
-0.004757
-0.004399
-0.004098
-0.003700
-0.003340
-0.002908
-0.002501
-0.002042
-0.001602
-0.001127
-0.000670
-0.000192
0.000267
0.000733
0.001179
0.001619
0.002036
0.002439
0.002815
0.003170
0.003496
0.003796
0.004065
0.004306
0.004516
0.004696
0.004847
0.004969
0.005063
0.005130
0.005173
0.005190
0.005188
0.005162
0.005121
0.005059
0.004986
0.004896
0.004798
0.004685
0.004569
0.004440
0.004312
0.004171
0.004036
0.003888
0.003750
0.003599
0.003463
0.003310
0.003179
0.003026
0.002902
0.002751
0.002637
0.002487
0.002385
0.002237
0.002149
0.001999
0.001928
0.001776
0.001723
0.001565
0.001535
0.001367
0.001362
0.001180
0.001206
0.001001
0.001068
0.000824
0.000960
0.000616
0.000946
0.000247
-0.002648
-0.001931
-0.004279
-0.004016
-0.005899
-0.005617
-0.006850
-0.006437
-0.007212
-0.006801
-0.007324
-0.006975
-0.007335
-0.007039
-0.007270
-0.007001
-0.007118
-0.006852
-0.006865
-0.006582
-0.006497
-0.006182
-0.006005
-0.005649
-0.005386
-0.004983
-0.004642
-0.004193
-0.003784
-0.003293
-0.002830
-0.002308
-0.001806
-0.001264
-0.000742
-0.000197
0.000328
0.000859
0.001368
0.001870
0.002344
0.002802
0.003230
0.003632
0.004001
0.004339
0.004642
0.004912
0.005146
0.005346
0.005513
0.005646
0.005748
0.005818
0.005861
0.005875
0.005867
0.005833
0.005780
0.005706
0.005619
0.005512
0.005397
0.005266
0.005132
0.004983
0.004835
0.004674
0.004519
0.004351
0.004194
0.004022
0.003868
0.003695
0.003547
0.003375
0.003235
0.003065
0.002937
0.002769
0.002654
0.002488
0.002389
0.002223
0.002142
0.001973
0.001914
0.001739
0.001704
0.001518
0.001512
0.001310
0.001338
0.001112
0.001184
0.000916
0.001064
0.000686
0.001049
0.000277
-0.003011
-0.002190
-0.004847
-0.004542
-0.006671
-0.006350
-0.007746
-0.007282
-0.008160
-0.007699
-0.008293
-0.007904
-0.008314
-0.007985
-0.008250
-0.007952
-0.008088
-0.007792
-0.007810
-0.007494
-0.007401
-0.007048
-0.006849
-0.006447
-0.006150
-0.005693
-0.005305
-0.004794
-0.004328
-0.003768
-0.003238
-0.002640
-0.002065
-0.001445
-0.000845
-0.000221
0.000381
0.000990
0.001572
0.002147
0.002690
0.003213
0.003700
0.004157
0.004576
0.004959
0.005302
0.005605
0.005868
0.006091
0.006275
0.006420
0.006530
0.006604
0.006647
0.006657
0.006641
0.006597
0.006532
0.006442
0.006338
0.006213
0.006079
0.005926
0.005770
0.005598
0.005429
0.005244
0.005067
0.004875
0.004696
0.004501
0.004326
0.004130
0.003962
0.003768
0.003610
0.003419
0.003274
0.003086
0.002957
0.002770
0.002659
0.002473
0.002382
0.002193
0.002127
0.001931
0.001892
0.001685
0.001678
0.001452
0.001484
0.001231
0.001312
0.001013
0.001178
0.000756
0.001161
0.000301
-0.003282
-0.002394
-0.005304
-0.004986
-0.007324
-0.006987
-0.008520
-0.008021
-0.008986
-0.008489
-0.009143
-0.008724
-0.009179
-0.008827
-0.009122
-0.008804
-0.008958
-0.008641
-0.008665
-0.008325
-0.008225
-0.007841
-0.007623
-0.007182
-0.006852
-0.006347
-0.005915
-0.005346
-0.004824
-0.004198
-0.003602
-0.002932
-0.002285
-0.001588
-0.000913
-0.000211
0.000467
0.001152
0.001807
0.002451
0.003061
0.003646
0.004190
0.004700
0.005166
0.005589
0.005967
0.006300
0.006587
0.006828
0.007026
0.007180
0.007294
0.007367
0.007406
0.007408
0.007382
0.007324
0.007244
0.007136
0.007013
0.006867
0.006711
0.006537
0.006358
0.006163
0.005971
0.005762
0.005563
0.005348
0.005148
0.004930
0.004734
0.004517
0.004330
0.004116
0.003941
0.003730
0.003570
0.003363
0.003220
0.003016
0.002893
0.002690
0.002590
0.002384
0.002311
0.002098
0.002054
0.001830
0.001821
0.001577
0.001610
0.001337
0.001423
0.001099
0.001277
0.000821
0.001259
0.000327
-0.003635
-0.002650
-0.005864
-0.005512
-0.008095
-0.007726
-0.009422
-0.008878
-0.009948
-0.009407
-0.010134
-0.009682
-0.010190
-0.009811
-0.010144
-0.009803
-0.009980
-0.009640
-0.009672
-0.009304
-0.009198
-0.008779
-0.008541
-0.008056
-0.007691
-0.007132
-0.006649
-0.006015
-0.005430
-0.004729
-0.004059
-0.003306
-0.002576
-0.001791
-0.001028
-0.000236
0.000529
0.001301
0.002040
0.002765
0.003451
0.004108
0.004719
0.005289
0.005808
0.006279
0.006698
0.007065
0.007379
0.007642
0.007855
0.008018
0.008137
0.008210
0.008244
0.008238
0.008199
0.008126
0.008029
0.007902
0.007757
0.007588
0.007409
0.007209
0.007005
0.006784
0.006567
0.006332
0.006108
0.005867
0.005643
0.005401
0.005183
0.004942
0.004734
0.004497
0.004303
0.004071
0.003894
0.003666
0.003509
0.003285
0.003150
0.002927
0.002817
0.002592
0.002511
0.002279
0.002231
0.001986
0.001976
0.001710
0.001745
0.001448
0.001542
0.001190
0.001383
0.000887
0.001363
0.000350
-0.003923
-0.002865
-0.006344
-0.005978
-0.008780
-0.008396
-0.010237
-0.009660
-0.010822
-0.010248
-0.011041
-0.010562
-0.011120
-0.010722
-0.011091
-0.010733
-0.010934
-0.010576
-0.010618
-0.010228
-0.010118
-0.009669
-0.009411
-0.008886
-0.008486
-0.007875
-0.007342
-0.006644
-0.005994
-0.005218
-0.004471
-0.003634
-0.002818
-0.001944
-0.001091
-0.000208
0.000647
0.001507
0.002332
0.003139
0.003901
0.004629
0.005305
0.005933
0.006503
0.007018
0.007474
0.007870
0.008208
0.008486
0.008710
0.008877
0.008995
0.009062
0.009086
0.009066
0.009011
0.008918
0.008798
0.008647
0.008478
0.008282
0.008077
0.007849
0.007619
0.007370
0.007125
0.006864
0.006614
0.006347
0.006099
0.005831
0.005591
0.005327
0.005099
0.004840
0.004627
0.004375
0.004182
0.003935
0.003764
0.003522
0.003375
0.003135
0.003016
0.002774
0.002686
0.002437
0.002384
0.002122
0.002110
0.001826
0.001863
0.001546
0.001645
0.001270
0.001475
0.000946
0.001453
0.000373
-0.004271
-0.003120
-0.006900
-0.006508
-0.009555
-0.009148
-0.011152
-0.010537
-0.011805
-0.011195
-0.012064
-0.011559
-0.012174
-0.011759
-0.012170
-0.011797
-0.012027
-0.011653
-0.011709
-0.011297
-0.011186
-0.010707
-0.010430
-0.009863
-0.009427
-0.008760
-0.008174
-0.007406
-0.006685
-0.005826
-0.004995
-0.004063
-0.003152
-0.002176
-0.001221
-0.000235
0.000723
0.001684
0.002606
0.003506
0.004356
0.005165
0.005916
0.006610
0.007240
0.007805
0.008303
0.008733
0.009097
0.009394
0.009630
0.009802
0.009919
0.009980
0.009993
0.009958
0.009885
0.009770
0.009627
0.009450
0.009253
0.009029
0.008794
0.008537
0.008277
0.007998
0.007725
0.007434
0.007156
0.006861
0.006587
0.006293
0.006028
0.005739
0.005489
0.005207
0.004975
0.004700
0.004490
0.004223
0.004036
0.003775
0.003615
0.003357
0.003227
0.002968
0.002872
0.002605
0.002547
0.002266
0.002253
0.001949
0.001987
0.001649
0.001753
0.001353
0.001572
0.001006
0.001548
0.000394
-0.004570
-0.003344
-0.007398
-0.006993
-0.010266
-0.009847
-0.012003
-0.011359
-0.012725
-0.012087
-0.013027
-0.012503
-0.013173
-0.012745
-0.013199
-0.012817
-0.013076
-0.012691
-0.012763
-0.012334
-0.012222
-0.011715
-0.011421
-0.010813
-0.010340
-0.009617
-0.008975
-0.008135
-0.007340
-0.006393
-0.005471
-0.004440
-0.003427
-0.002343
-0.001281
-0.000185
0.000881
0.001948
0.002971
0.003967
0.004908
0.005799
0.006624
0.007383
0.008069
0.008681
0.009217
0.009676
0.010061
0.010370
0.010610
0.010780
0.010890
0.010936
0.010932
0.010875
0.010776
0.010634
0.010461
0.010252
0.010023
0.009766
0.009498
0.009207
0.008914
0.008603
0.008298
0.007976
0.007669
0.007344
0.007043
0.006722
0.006432
0.006118
0.005846
0.005541
0.005289
0.004994
0.004766
0.004480
0.004279
0.004000
0.003828
0.003553
0.003413
0.003138
0.003034
0.002752
0.002689
0.002392
0.002376
0.002056
0.002095
0.001738
0.001847
0.001425
0.001655
0.001060
0.001629
0.000414
-0.004914
-0.003599
-0.007953
-0.007527
-0.011046
-0.010612
-0.012932
-0.012259
-0.013734
-0.013068
-0.014089
-0.013548
-0.014282
-0.013846
-0.014351
-0.013964
-0.014259
-0.013868
-0.013962
-0.013520
-0.013413
-0.012883
-0.012574
-0.011927
-0.011418
-0.010638
-0.009937
-0.009022
-0.008146
-0.007106
-0.006085
-0.004944
-0.003817
-0.002614
-0.001430
-0.000211
0.000977
0.002164
0.003303
0.004409
0.005452
0.006437
0.007347
0.008181
0.008932
0.009597
0.010177
0.010668
0.011077
0.011400
0.011647
0.011815
0.011917
0.011949
0.011926
0.011844
0.011719
0.011546
0.011342
0.011099
0.010835
0.010542
0.010239
0.009912
0.009584
0.009238
0.008900
0.008544
0.008206
0.007851
0.007521
0.007171
0.006855
0.006515
0.006219
0.005890
0.005618
0.005301
0.005055
0.004749
0.004532
0.004235
0.004050
0.003757
0.003607
0.003315
0.003203
0.002904
0.002836
0.002523
0.002504
0.002166
0.002206
0.001830
0.001944
0.001499
0.001740
0.001113
0.001713
0.000432
-0.005221
-0.003830
-0.008462
-0.008027
-0.011778
-0.011337
-0.013813
-0.013117
-0.014696
-0.014009
-0.015107
-0.014555
-0.015353
-0.014914
-0.015470
-0.015084
-0.015418
-0.015025
-0.015142
-0.014691
-0.014590
-0.014038
-0.013714
-0.013029
-0.012482
-0.011643
-0.010879
-0.009882
-0.008919
-0.007777
-0.006647
-0.005388
-0.004136
-0.002803
-0.001486
-0.000134
0.001187
0.002501
0.003765
0.004985
0.006136
0.007217
0.008213
0.009120
0.009933
0.010647
0.011266
0.011783
0.012208
0.012536
0.012780
0.012937
0.013021
0.013029
0.012977
0.012863
0.012702
0.012490
0.012245
0.011961
0.011656
0.011321
0.010977
0.010610
0.010243
0.009858
0.009483
0.009092
0.008720
0.008332
0.007972
0.007592
0.007250
0.006883
0.006563
0.006211
0.005918
0.005579
0.005316
0.004990
0.004759
0.004443
0.004246
0.003937
0.003778
0.003470
0.003351
0.003037
0.002964
0.002636
0.002615
0.002261
0.002302
0.001909
0.002026
0.001563
0.001813
0.001160
0.001784
0.000449
-0.005561
-0.004084
-0.009013
-0.008564
-0.012561
-0.012113
-0.014756
-0.014040
-0.015730
-0.015027
-0.016211
-0.015654
-0.016524
-0.016090
-0.016707
-0.016330
-0.016712
-0.016326
-0.016477
-0.016025
-0.015938
-0.015372
-0.015040
-0.014321
-0.013739
-0.012843
-0.012016
-0.010936
-0.009881
-0.008630
-0.007383
-0.005994
-0.004605
-0.003127
-0.001661
-0.000159
0.001312
0.002772
0.004176
0.005528
0.006802
0.007993
0.009088
0.010078
0.010963
0.011734
0.012396
0.012943
0.013387
0.013723
0.013965
0.014110
0.014175
0.014157
0.014075
0.013925
0.013725
0.013472
0.013185
0.012857
0.012508
0.012129
0.011741
0.011331
0.010923
0.010497
0.010084
0.009655
0.009249
0.008826
0.008434
0.008024
0.007654
0.007259
0.006916
0.006538
0.006224
0.005863
0.005582
0.005237
0.004990
0.004656
0.004447
0.004121
0.003951
0.003627
0.003501
0.003172
0.003093
0.002750
0.002727
0.002358
0.002398
0.001989
0.002110
0.001627
0.001887
0.001206
0.001856
0.000464
-0.005870
-0.004318
-0.009527
-0.009072
-0.013303
-0.012856
-0.015659
-0.014928
-0.016727
-0.016012
-0.017282
-0.016726
-0.017669
-0.017245
-0.017924
-0.017561
-0.017995
-0.017621
-0.017808
-0.017359
-0.017289
-0.016710
-0.016369
-0.015615
-0.014996
-0.014038
-0.013141
-0.011969
-0.010812
-0.009441
-0.008062
-0.006528
-0.004984
-0.003346
-0.001715
-0.000046
0.001590
0.003208
0.004765
0.006257
0.007660
0.008964
0.010160
0.011232
0.012185
0.013006
0.013705
0.014272
0.014725
0.015055
0.015283
0.015403
0.015436
0.015380
0.015254
0.015057
0.014807
0.014502
0.014162
0.013781
0.013380
0.012949
0.012511
0.012052
0.011597
0.011127
0.010671
0.010202
0.009757
0.009299
0.008874
0.008431
0.008032
0.007609
0.007241
0.006838
0.006503
0.006121
0.005821
0.005457
0.005195
0.004845
0.004622
0.004282
0.004102
0.003764
0.003630
0.003288
0.003204
0.002848
0.002822
0.002440
0.002480
0.002056
0.002180
0.001681
0.001948
0.001244
0.001915
0.000477
-0.006203
-0.004570
-0.010071
-0.009609
-0.014083
-0.013638
-0.016609
-0.015868
-0.017783
-0.017064
-0.018428
-0.017881
-0.018907
-0.018504
-0.019258
-0.018922
-0.019419
-0.019071
-0.019306
-0.018875
-0.018833
-0.018254
-0.017916
-0.017137
-0.016488
-0.015474
-0.014509
-0.013247
-0.011984
-0.010486
-0.008965
-0.007273
-0.005560
-0.003743
-0.001924
-0.000069
0.001755
0.003554
0.005286
0.006939
0.008492
0.009927
0.011237
0.012405
0.013437
0.014315
0.015057
0.015648
0.016111
0.016437
0.016650
0.016744
0.016743
0.016645
0.016473
0.016224
0.015922
0.015561
0.015165
0.014728
0.014271
0.013785
0.013295
0.012785
0.012282
0.011764
0.011265
0.010754
0.010270
0.009774
0.009315
0.008840
0.008411
0.007960
0.007566
0.007139
0.006782
0.006378
0.006060
0.005676
0.005399
0.005032
0.004797
0.004441
0.004251
0.003900
0.003758
0.003403
0.003314
0.002945
0.002915
0.002520
0.002560
0.002122
0.002249
0.001733
0.002008
0.001282
0.001974
0.000489
-0.006509
-0.004804
-0.010579
-0.010118
-0.014825
-0.014388
-0.017520
-0.016775
-0.018804
-0.018086
-0.019544
-0.019013
-0.020124
-0.019749
-0.020580
-0.020277
-0.020842
-0.020526
-0.020815
-0.020404
-0.020395
-0.019817
-0.019482
-0.018678
-0.017994
-0.016918
-0.015877
-0.014512
-0.013128
-0.011486
-0.009803
-0.007933
-0.006025
-0.004006
-0.001976
0.000089
0.002123
0.004121
0.006045
0.007871
0.009583
0.011153
0.012581
0.013840
0.014944
0.015872
0.016644
0.017246
0.017704
0.018009
0.018190
0.018240
0.018188
0.018031
0.017797
0.017481
0.017111
0.016681
0.016217
0.015712
0.015190
0.014641
0.014090
0.013521
0.012964
0.012395
0.011847
0.011290
0.010765
0.010229
0.009734
0.009225
0.008765
0.008285
0.007864
0.007412
0.007033
0.006608
0.006272
0.005870
0.005578
0.005195
0.004948
0.004578
0.004379
0.004015
0.003866
0.003499
0.003405
0.003025
0.002993
0.002586
0.002625
0.002176
0.002304
0.001776
0.002056
0.001312
0.002020
0.000498
-0.006830
-0.005049
-0.011107
-0.010645
-0.015590
-0.015165
-0.018464
-0.017722
-0.019871
-0.019164
-0.020724
-0.020220
-0.021428
-0.021095
-0.022018
-0.021765
-0.022415
-0.022149
-0.022510
-0.022140
-0.022182
-0.021625
-0.021311
-0.020496
-0.019793
-0.018666
-0.017556
-0.016092
-0.014584
-0.012794
-0.010936
-0.008871
-0.006748
-0.004503
-0.002234
0.000069
0.002345
0.004573
0.006718
0.008745
0.010641
0.012368
0.013933
0.015299
0.016488
0.017473
0.018282
0.018896
0.019351
0.019634
0.019780
0.019782
0.019675
0.019455
0.019153
0.018766
0.018323
0.017820
0.017284
0.016707
0.016116
0.015501
0.014887
0.014258
0.013644
0.013021
0.012424
0.011821
0.011253
0.010677
0.010145
0.009602
0.009111
0.008602
0.008155
0.007678
0.007278
0.006832
0.006478
0.006058
0.005751
0.005353
0.005094
0.004710
0.004502
0.004126
0.003969
0.003591
0.003492
0.003102
0.003066
0.002650
0.002688
0.002227
0.002357
0.001816
0.002102
0.001340
0.002064
0.000507
-0.007124
-0.005277
-0.011599
-0.011144
-0.016314
-0.015907
-0.019365
-0.018633
-0.020899
-0.020209
-0.021873
-0.021404
-0.022711
-0.022427
-0.023448
-0.023253
-0.023994
-0.023785
-0.024224
-0.023902
-0.024000
-0.023469
-0.023177
-0.022352
-0.021624
-0.020440
-0.019248
-0.017670
-0.016020
-0.014056
-0.011996
-0.009707
-0.007335
-0.004830
-0.002287
0.000288
0.002836
0.005320
0.007710
0.009954
0.012047
0.013936
0.015637
0.017105
0.018369
0.019396
0.020224
0.020831
0.021260
0.021497
0.021585
0.021516
0.021330
0.021024
0.020634
0.020156
0.019623
0.019029
0.018406
0.017745
0.017074
0.016381
0.015695
0.014998
0.014321
0.013640
0.012988
0.012335
0.011721
0.011103
0.010532
0.009953
0.009431
0.008891
0.008418
0.007917
0.007495
0.007028
0.006656
0.006220
0.005898
0.005486
0.005216
0.004820
0.004602
0.004216
0.004052
0.003665
0.003561
0.003162
0.003123
0.002698
0.002735
0.002266
0.002397
0.001846
0.002136
0.001361
0.002096
0.000512
-0.007426
-0.005511
-0.012097
-0.011650
-0.017046
-0.016662
-0.020283
-0.019568
-0.021958
-0.021297
-0.023073
-0.022653
-0.024074
-0.023857
-0.024993
-0.024877
-0.025732
-0.025605
-0.026149
-0.025901
-0.026083
-0.025605
-0.025362
-0.024553
-0.023823
-0.022601
-0.021342
-0.019659
-0.017867
-0.015726
-0.013450
-0.010916
-0.008267
-0.005469
-0.002613
0.000274
0.003139
0.005922
0.008598
0.011097
0.013420
0.015501
0.017362
0.018949
0.020301
0.021378
0.022230
0.022830
0.023231
0.023418
0.023442
0.023295
0.023024
0.022625
0.022140
0.021564
0.020934
0.020245
0.019530
0.018780
0.018024
0.017252
0.016491
0.015725
0.014983
0.014242
0.013536
0.012832
0.012171
0.011511
0.010902
0.010288
0.009734
0.009165
0.008667
0.008141
0.007698
0.007212
0.006823
0.006370
0.006035
0.005609
0.005327
0.004921
0.004694
0.004298
0.004128
0.003732
0.003623
0.003217
0.003175
0.002742
0.002778
0.002301
0.002432
0.001873
0.002166
0.001380
0.002125
0.000516
-0.007699
-0.005727
-0.012557
-0.012123
-0.017731
-0.017375
-0.021151
-0.020459
-0.022970
-0.022344
-0.024234
-0.023870
-0.025409
-0.025268
-0.026526
-0.026499
-0.027476
-0.027443
-0.028101
-0.027938
-0.028213
-0.027795
-0.027606
-0.026814
-0.026080
-0.024812
-0.023474
-0.021666
-0.019707
-0.017356
-0.014825
-0.012005
-0.009031
-0.005891
-0.002671
0.000575
0.003802
0.006920
0.009915
0.012690
0.015259
0.017535
0.019555
0.021249
0.022672
0.023776
0.024625
0.025187
0.025528
0.025632
0.025560
0.025303
0.024916
0.024395
0.023787
0.023089
0.022340
0.021536
0.020711
0.019856
0.019004
0.018140
0.017295
0.016451
0.015638
0.014831
0.014065
0.013307
0.012597
0.011893
0.011244
0.010594
0.010007
0.009409
0.008885
0.008336
0.007872
0.007366
0.006961
0.006493
0.006145
0.005706
0.005415
0.004998
0.004764
0.004359
0.004184
0.003781
0.003668
0.003255
0.003210
0.002772
0.002806
0.002324
0.002454
0.001890
0.002184
0.001390
0.002142
0.000518
-0.007971
-0.005941
-0.013010
-0.012593
-0.018407
-0.018085
-0.022015
-0.021356
-0.023993
-0.023416
-0.025430
-0.025140
-0.026812
-0.026768
-0.028171
-0.028259
-0.029387
-0.029480
-0.030287
-0.030246
-0.030652
-0.030335
-0.030241
-0.029505
-0.028804
-0.027523
-0.026130
-0.024217
-0.022097
-0.019535
-0.016734
-0.013600
-0.010262
-0.006734
-0.003093
0.000573
0.004224
0.007740
0.011113
0.014218
0.017079
0.019587
0.021793
0.023615
0.025122
0.026259
0.027105
0.027625
0.027900
0.027912
0.027733
0.027354
0.026841
0.026187
0.025448
0.024618
0.023743
0.022817
0.021877
0.020914
0.019960
0.019003
0.018071
0.017148
0.016263
0.015390
0.014565
0.013753
0.012995
0.012246
0.011559
0.010873
0.010256
0.009630
0.009081
0.008509
0.008026
0.007503
0.007082
0.006600
0.006239
0.005790
0.005489
0.005063
0.004822
0.004410
0.004229
0.003820
0.003703
0.003285
0.003237
0.002795
0.002827
0.002342
0.002471
0.001903
0.002197
0.001398
0.002154
0.000519
-0.008212
-0.006135
-0.013417
-0.013021
-0.019024
-0.018742
-0.022815
-0.022196
-0.024953
-0.024433
-0.026571
-0.026364
-0.028173
-0.028238
-0.029792
-0.030010
-0.031301
-0.031533
-0.032503
-0.032598
-0.033152
-0.032948
-0.032959
-0.032286
-0.031620
-0.030321
-0.028860
-0.026820
-0.024507
-0.021692
-0.018566
-0.015060
-0.011287
-0.007300
-0.003165
0.000988
0.005130
0.009097
0.012892
0.016355
0.019525
0.022268
0.024652
0.026580
0.028143
0.029275
0.030076
0.030509
0.030671
0.030542
0.030211
0.029668
0.028987
0.028164
0.027259
0.026268
0.025240
0.024169
0.023093
0.022005
0.020935
0.019872
0.018845
0.017834
0.016870
0.015926
0.015038
0.014169
0.013360
0.012567
0.011839
0.011119
0.010469
0.009816
0.009242
0.008650
0.008147
0.007608
0.007172
0.006678
0.006306
0.005847
0.005538
0.005105
0.004857
0.004440
0.004253
0.003841
0.003720
0.003299
0.003248
0.002804
0.002834
0.002347
0.002475
0.001905
0.002199
0.001399
0.002155
0.000516
-0.008441
-0.006321
-0.013804
-0.013432
-0.019613
-0.019375
-0.023589
-0.023020
-0.025901
-0.025452
-0.027724
-0.027619
-0.029583
-0.029781
-0.031514
-0.031892
-0.033381
-0.033794
-0.034973
-0.035255
-0.036011
-0.035977
-0.036155
-0.035604
-0.035031
-0.033767
-0.032284
-0.030152
-0.027664
-0.024601
-0.021133
-0.017220
-0.012958
-0.008442
-0.003727
0.001006
0.005735
0.010243
0.014548
0.018443
0.021986
0.025010
0.027607
0.029662
0.031289
0.032416
0.033166
0.033499
0.033533
0.033248
0.032747
0.032021
0.031157
0.030150
0.029067
0.027904
0.026714
0.025490
0.024274
0.023055
0.021868
0.020697
0.019572
0.018473
0.017431
0.016417
0.015466
0.014542
0.013685
0.012848
0.012083
0.011329
0.010650
0.009971
0.009375
0.008763
0.008243
0.007689
0.007241
0.006735
0.006354
0.005887
0.005570
0.005131
0.004877
0.004456
0.004265
0.003851
0.003726
0.003304
0.003250
0.002806
0.002833
0.002346
0.002472
0.001903
0.002195
0.001395
0.002150
0.000513
-0.008634
-0.006481
-0.014135
-0.013791
-0.020127
-0.019939
-0.024278
-0.023766
-0.026765
-0.026395
-0.028800
-0.028806
-0.030929
-0.031271
-0.033192
-0.033745
-0.035450
-0.036061
-0.037471
-0.037960
-0.038942
-0.039099
-0.039465
-0.039052
-0.038583
-0.037356
-0.035840
-0.033593
-0.030892
-0.027525
-0.023643
-0.019236
-0.014383
-0.009234
-0.003828
0.001586
0.006997
0.012126
0.017002
0.021368
0.025301
0.028601
0.031390
0.033532
0.035173
0.036234
0.036868
0.037032
0.036870
0.036361
0.035628
0.034662
0.033563
0.032324
0.031022
0.029651
0.028269
0.026866
0.025488
0.024121
0.022801
0.021510
0.020279
0.019085
0.017959
0.016872
0.015856
0.014875
0.013967
0.013087
0.012283
0.011497
0.010790
0.010087
0.009469
0.008839
0.008303
0.007736
0.007276
0.006761
0.006372
0.005898
0.005575
0.005132
0.004874
0.004451
0.004257
0.003841
0.003713
0.003292
0.003236
0.002793
0.002817
0.002333
0.002456
0.001891
0.002179
0.001385
0.002134
0.000506
-0.008805
-0.006626
-0.014429
-0.014117
-0.020591
-0.020456
-0.024914
-0.024468
-0.027586
-0.027309
-0.029856
-0.029992
-0.032292
-0.032806
-0.034944
-0.035710
-0.037672
-0.038532
-0.040232
-0.040995
-0.042277
-0.042707
-0.043349
-0.043165
-0.042892
-0.041789
-0.040320
-0.038023
-0.035149
-0.031499
-0.027185
-0.022241
-0.016715
-0.010825
-0.004595
0.001643
0.007889
0.013779
0.019356
0.024298
0.028707
0.032342
0.035360
0.037603
0.039259
0.040241
0.040737
0.040706
0.040318
0.039556
0.038564
0.037333
0.035975
0.034486
0.032949
0.031357
0.029772
0.028184
0.026639
0.025121
0.023665
0.022255
0.020918
0.019631
0.018423
0.017264
0.016185
0.015150
0.014196
0.013276
0.012437
0.011621
0.010888
0.010163
0.009527
0.008882
0.008332
0.007755
0.007285
0.006763
0.006366
0.005889
0.005561
0.005116
0.004854
0.004430
0.004233
0.003818
0.003689
0.003269
0.003211
0.002771
0.002793
0.002312
0.002433
0.001873
0.002157
0.001370
0.002111
0.000499
-0.008933
-0.006740
-0.014656
-0.014378
-0.020961
-0.020884
-0.025441
-0.025068
-0.028295
-0.028119
-0.030804
-0.031079
-0.033559
-0.034255
-0.036621
-0.037615
-0.039853
-0.040985
-0.043003
-0.044068
-0.045688
-0.046424
-0.047381
-0.047456
-0.047408
-0.046447
-0.045026
-0.042663
-0.039573
-0.035571
-0.030724
-0.025120
-0.018769
-0.011979
-0.004754
0.002466
0.009692
0.016459
0.022825
0.028391
0.033292
0.037241
0.040439
0.042713
0.044296
0.045100
0.045356
0.045025
0.044314
0.043206
0.041870
0.040297
0.038616
0.036819
0.034998
0.033146
0.031325
0.029525
0.027790
0.026104
0.024501
0.022961
0.021511
0.020126
0.018833
0.017601
0.016459
0.015370
0.014369
0.013410
0.012538
0.011694
0.010938
0.010194
0.009541
0.008883
0.008322
0.007736
0.007258
0.006732
0.006330
0.005850
0.005519
0.005074
0.004809
0.004387
0.004189
0.003777
0.003645
0.003229
0.003170
0.002734
0.002755
0.002280
0.002397
0.001845
0.002124
0.001348
0.002078
0.000488
-0.009028
-0.006830
-0.014827
-0.014587
-0.021254
-0.021238
-0.025882
-0.025589
-0.028922
-0.028859
-0.031688
-0.032120
-0.034796
-0.035701
-0.038325
-0.039587
-0.042151
-0.043613
-0.046022
-0.047473
-0.049533
-0.050684
-0.052085
-0.052555
-0.052878
-0.052201
-0.050966
-0.048656
-0.045438
-0.041136
-0.035750
-0.029428
-0.022129
-0.014270
-0.005833
0.002606
0.011056
0.018924
0.026275
0.032620
0.038124
0.042453
0.045863
0.048164
0.049651
0.050236
0.050205
0.049523
0.048438
0.046938
0.045215
0.043266
0.041231
0.039102
0.036981
0.034853
0.032788
0.030769
0.028842
0.026987
0.025238
0.023570
0.022010
0.020531
0.019157
0.017857
0.016657
0.015519
0.014477
0.013483
0.012582
0.011715
0.010938
0.010179
0.009512
0.008845
0.008275
0.007684
0.007201
0.006673
0.006268
0.005788
0.005455
0.005012
0.004747
0.004328
0.004128
0.003721
0.003589
0.003178
0.003117
0.002689
0.002706
0.002240
0.002354
0.001811
0.002084
0.001322
0.002037
0.000477
-0.009073
-0.006882
-0.014918
-0.014717
-0.021433
-0.021480
-0.026186
-0.025978
-0.029403
-0.029458
-0.032425
-0.033019
-0.035891
-0.037014
-0.039904
-0.041449
-0.044359
-0.046175
-0.049012
-0.050886
-0.053438
-0.055056
-0.056966
-0.057889
-0.058645
-0.058300
-0.057282
-0.055030
-0.051646
-0.046965
-0.040903
-0.033683
-0.025205
-0.016024
-0.006104
0.003806
0.013712
0.022857
0.031322
0.038500
0.044610
0.049261
0.052785
0.054980
0.056221
0.056426
0.055948
0.054763
0.053162
0.051142
0.048923
0.046501
0.044033
0.041508
0.039032
0.036588
0.034245
0.031983
0.029845
0.027809
0.025904
0.024103
0.022430
0.020856
0.019402
0.018034
0.016778
0.015594
0.014514
0.013490
0.012563
0.011676
0.010883
0.010111
0.009435
0.008761
0.008186
0.007592
0.007106
0.006578
0.006172
0.005696
0.005362
0.004924
0.004659
0.004245
0.004046
0.003645
0.003513
0.003111
0.003048
0.002629
0.002644
0.002188
0.002298
0.001768
0.002033
0.001289
0.001987
0.000463
-0.009073
-0.006901
-0.014934
-0.014775
-0.021506
-0.021616
-0.026365
-0.026248
-0.029756
-0.029938
-0.033041
-0.033812
-0.036890
-0.038252
-0.041436
-0.043301
-0.046609
-0.048842
-0.052193
-0.054587
-0.057763
-0.059993
-0.062596
-0.064167
-0.065584
-0.065804
-0.065240
-0.063270
-0.059901
-0.054968
-0.048258
-0.040076
-0.030228
-0.019443
-0.007670
0.004116
0.015888
0.026679
0.036562
0.044795
0.051648
0.056679
0.060317
0.062357
0.063277
0.063011
0.061992
0.060211
0.058014
0.055403
0.052630
0.049689
0.046752
0.043804
0.040955
0.038184
0.035558
0.033050
0.030704
0.028489
0.026434
0.024507
0.022729
0.021067
0.019540
0.018113
0.016808
0.015585
0.014473
0.013424
0.012477
0.011576
0.010771
0.009993
0.009310
0.008634
0.008056
0.007464
0.006978
0.006454
0.006049
0.005578
0.005247
0.004814
0.004551
0.004145
0.003948
0.003555
0.003424
0.003031
0.002968
0.002559
0.002572
0.002128
0.002233
0.001718
0.001975
0.001252
0.001929
0.000448
-0.009015
-0.006875
-0.014857
-0.014739
-0.021443
-0.021616
-0.026379
-0.026353
-0.029924
-0.030235
-0.033462
-0.034408
-0.037686
-0.039290
-0.042769
-0.044965
-0.048687
-0.051361
-0.055265
-0.058225
-0.062095
-0.065011
-0.068407
-0.070728
-0.072925
-0.073819
-0.073804
-0.072176
-0.068818
-0.063562
-0.056026
-0.046615
-0.035032
-0.022233
-0.008154
0.005930
0.019950
0.032669
0.044154
0.053497
0.061052
0.066325
0.069878
0.071520
0.071860
0.070862
0.069056
0.066456
0.063465
0.060096
0.056629
0.053057
0.049562
0.046124
0.042851
0.039714
0.036779
0.034009
0.031443
0.029046
0.026838
0.024786
0.022906
0.021161
0.019567
0.018086
0.016739
0.015483
0.014345
0.013278
0.012317
0.011407
0.010595
0.009815
0.009130
0.008456
0.007880
0.007293
0.006811
0.006293
0.005892
0.005428
0.005101
0.004678
0.004419
0.004023
0.003828
0.003446
0.003316
0.002934
0.002872
0.002475
0.002486
0.002057
0.002157
0.001659
0.001906
0.001208
0.001861
0.000430
-0.008901
-0.006807
-0.014685
-0.014608
-0.021244
-0.021478
-0.026227
-0.026294
-0.029911
-0.030352
-0.033693
-0.034821
-0.038297
-0.040156
-0.043946
-0.046498
-0.050680
-0.053849
-0.058396
-0.062027
-0.066749
-0.070527
-0.074968
-0.078313
-0.081639
-0.083581
-0.084529
-0.083661
-0.080684
-0.075404
-0.067168
-0.056480
-0.042864
-0.027558
-0.010511
0.006607
0.023597
0.038869
0.052434
0.063189
0.071587
0.077102
0.080477
0.081567
0.081148
0.079235
0.076473
0.072905
0.068998
0.064774
0.060538
0.056282
0.052193
0.048240
0.044532
0.041027
0.037783
0.034758
0.031982
0.029413
0.027066
0.024902
0.022931
0.021115
0.019466
0.017943
0.016563
0.015284
0.014129
0.013051
0.012083
0.011171
0.010359
0.009582
0.008901
0.008233
0.007663
0.007084
0.006608
0.006100
0.005706
0.005253
0.004932
0.004520
0.004266
0.003882
0.003691
0.003322
0.003194
0.002826
0.002763
0.002382
0.002391
0.001978
0.002073
0.001594
0.001831
0.001160
0.001787
0.000412
-0.008723
-0.006689
-0.014408
-0.014371
-0.020890
-0.021181
-0.025881
-0.026037
-0.029675
-0.030240
-0.033673
-0.034974
-0.038631
-0.040734
-0.044825
-0.047732
-0.052377
-0.056056
-0.061280
-0.065625
-0.071281
-0.076016
-0.081648
-0.086176
-0.090844
-0.094051
-0.096186
-0.096273
-0.093783
-0.088472
-0.079336
-0.066969
-0.050727
-0.032218
-0.011413
0.009484
0.030110
0.048399
0.064311
0.076501
0.085584
0.091025
0.093823
0.093913
0.092290
0.089042
0.084952
0.080099
0.075015
0.069728
0.064565
0.059506
0.054738
0.050214
0.046032
0.042137
0.038576
0.035293
0.032311
0.029577
0.027101
0.024836
0.022788
0.020913
0.019220
0.017667
0.016265
0.014973
0.013811
0.012732
0.011765
0.010858
0.010052
0.009284
0.008612
0.007956
0.007396
0.006830
0.006364
0.005870
0.005485
0.005046
0.004734
0.004336
0.004089
0.003719
0.003534
0.003179
0.003054
0.002701
0.002640
0.002275
0.002282
0.001888
0.001977
0.001520
0.001745
0.001105
0.001703
0.000391
-0.008477
-0.006518
-0.014019
-0.014020
-0.020372
-0.020713
-0.025329
-0.025570
-0.029201
-0.029885
-0.033387
-0.034850
-0.038670
-0.041012
-0.045397
-0.048662
-0.053791
-0.058010
-0.063985
-0.069131
-0.075887
-0.081767
-0.088906
-0.094972
-0.101495
-0.106550
-0.110580
-0.112404
-0.111163
-0.106526
-0.096889
-0.082906
-0.063557
-0.040932
-0.015110
0.010981
0.036576
0.058982
0.077986
0.091974
0.101786
0.106959
0.108855
0.107567
0.104368
0.099453
0.093755
0.087397
0.080971
0.074503
0.068333
0.062424
0.056950
0.051847
0.047196
0.042923
0.039062
0.035544
0.032377
0.029501
0.026917
0.024572
0.022465
0.020549
0.018829
0.017259
0.015849
0.014557
0.013397
0.012326
0.011369
0.010474
0.009682
0.008929
0.008272
0.007633
0.007086
0.006538
0.006085
0.005608
0.005236
0.004813
0.004512
0.004130
0.003892
0.003538
0.003359
0.003021
0.002901
0.002565
0.002505
0.002159
0.002164
0.001790
0.001874
0.001441
0.001653
0.001047
0.001612
0.000369
-0.008164
-0.006293
-0.013517
-0.013551
-0.019684
-0.020068
-0.024559
-0.024877
-0.028468
-0.029256
-0.032794
-0.034400
-0.038349
-0.040902
-0.045550
-0.049147
-0.054739
-0.059483
-0.066217
-0.072184
-0.080115
-0.087231
-0.096068
-0.103889
-0.112615
-0.119908
-0.126303
-0.130364
-0.130773
-0.127050
-0.116782
-0.100563
-0.077117
-0.049159
-0.016859
0.015835
0.047627
0.074959
0.097434
0.113099
0.123177
0.127366
0.127549
0.124058
0.118525
0.111286
0.103444
0.095161
0.087078
0.079207
0.071879
0.065024
0.058793
0.053087
0.047964
0.043324
0.039182
0.035450
0.032125
0.029134
0.026468
0.024067
0.021925
0.019990
0.018261
0.016694
0.015292
0.014012
0.012869
0.011817
0.010880
0.010008
0.009236
0.008507
0.007870
0.007254
0.006727
0.006200
0.005765
0.005309
0.004952
0.004549
0.004261
0.003898
0.003671
0.003336
0.003165
0.002845
0.002731
0.002414
0.002356
0.002030
0.002034
0.001682
0.001760
0.001353
0.001552
0.000982
0.001513
0.000345
-0.007776
-0.006009
-0.012889
-0.012954
-0.018811
-0.019228
-0.023550
-0.023933
-0.027445
-0.028320
-0.031854
-0.033576
-0.037610
-0.040341
-0.045209
-0.049101
-0.055129
-0.060377
-0.067887
-0.074700
-0.083929
-0.092424
-0.103294
-0.113255
-0.124880
-0.135246
-0.145172
-0.152907
-0.156545
-0.155411
-0.145701
-0.127749
-0.099396
-0.064257
-0.022902
0.019284
0.059846
0.094073
0.121135
0.138728
0.148703
0.151168
0.148786
0.142278
0.133717
0.123610
0.113216
0.102727
0.092800
0.083418
0.074876
0.067062
0.060082
0.053801
0.048241
0.043276
0.038894
0.034992
0.031546
0.028476
0.025760
0.023334
0.021182
0.019252
0.017536
0.015988
0.014609
0.013357
0.012242
0.011221
0.010313
0.009472
0.008729
0.008029
0.007418
0.006829
0.006327
0.005826
0.005412
0.004980
0.004641
0.004261
0.003988
0.003647
0.003432
0.003117
0.002956
0.002656
0.002548
0.002252
0.002197
0.001892
0.001895
0.001567
0.001639
0.001260
0.001444
0.000914
0.001408
0.000320
-0.007321
-0.005671
-0.012146
-0.012235
-0.017762
-0.018201
-0.022312
-0.022746
-0.026139
-0.027079
-0.030563
-0.032367
-0.036431
-0.039291
-0.044316
-0.048442
-0.054838
-0.060523
-0.068758
-0.076371
-0.086914
-0.096817
-0.109903
-0.122221
-0.137246
-0.151289
-0.165626
-0.178200
-0.186173
-0.188671
-0.179880
-0.159213
-0.124213
-0.079656
-0.026305
0.028241
0.079940
0.122498
0.154619
0.173539
0.182144
0.181263
0.174661
0.163637
0.150798
0.136857
0.123207
0.110038
0.097968
0.086910
0.077080
0.068294
0.060592
0.053786
0.047849
0.042622
0.038064
0.034049
0.030540
0.027440
0.024720
0.022307
0.020182
0.018286
0.016609
0.015105
0.013771
0.012564
0.011493
0.010516
0.009649
0.008849
0.008144
0.007482
0.006905
0.006351
0.005877
0.005407
0.005019
0.004615
0.004298
0.003943
0.003688
0.003371
0.003170
0.002878
0.002728
0.002451
0.002350
0.002076
0.002025
0.001744
0.001745
0.001443
0.001508
0.001159
0.001328
0.000840
0.001295
0.000294
-0.006786
-0.005269
-0.011272
-0.011379
-0.016516
-0.016964
-0.020813
-0.021280
-0.024506
-0.025480
-0.028857
-0.030695
-0.034716
-0.037638
-0.042727
-0.046997
-0.053655
-0.059668
-0.068533
-0.076840
-0.088673
-0.099956
-0.115474
-0.130378
-0.149587
-0.168250
-0.188752
-0.208705
-0.224134
-0.234293
-0.230264
-0.209087
-0.165658
-0.107009
-0.035719
0.037224
0.104744
0.158863
0.197448
0.217192
0.222793
0.216515
0.203787
0.186729
0.168499
0.149980
0.132598
0.116484
0.102143
0.089380
0.078292
0.068602
0.060261
0.053019
0.046793
0.041388
0.036729
0.032670
0.029155
0.026078
0.023397
0.021036
0.018969
0.017136
0.015523
0.014082
0.012810
0.011664
0.010650
0.009728
0.008913
0.008162
0.007502
0.006884
0.006346
0.005831
0.005391
0.004956
0.004596
0.004223
0.003930
0.003604
0.003368
0.003077
0.002892
0.002625
0.002487
0.002234
0.002140
0.001891
0.001843
0.001587
0.001588
0.001313
0.001372
0.001054
0.001207
0.000764
0.001176
0.000266
-0.006189
-0.004815
-0.010290
-0.010407
-0.015103
-0.015545
-0.019089
-0.019572
-0.022586
-0.023567
-0.026780
-0.028606
-0.032509
-0.035420
-0.040470
-0.044781
-0.051566
-0.057767
-0.067098
-0.075931
-0.088912
-0.101422
-0.119396
-0.136897
-0.160839
-0.184720
-0.212872
-0.242639
-0.267794
-0.289524
-0.293520
-0.269768
-0.213049
-0.134722
-0.038835
0.057636
0.143859
0.210876
0.256120
0.275036
0.274750
0.259745
0.237748
0.212125
0.186656
0.162374
0.140574
0.121199
0.104503
0.090098
0.077884
0.067458
0.058651
0.051140
0.044777
0.039328
0.034685
0.030685
0.027250
0.024269
0.021691
0.019436
0.017472
0.015741
0.014224
0.012875
0.011688
0.010623
0.009684
0.008832
0.008081
0.007392
0.006786
0.006220
0.005729
0.005259
0.004858
0.004463
0.004136
0.003798
0.003533
0.003238
0.003025
0.002762
0.002595
0.002355
0.002229
0.002002
0.001917
0.001694
0.001650
0.001421
0.001421
0.001175
0.001227
0.000943
0.001080
0.000683
0.001052
0.000237
-0.005515
-0.004299
-0.009179
-0.009300
-0.013496
-0.013918
-0.017105
-0.017579
-0.020326
-0.021274
-0.024250
-0.026000
-0.029683
-0.032484
-0.037351
-0.041552
-0.048259
-0.054425
-0.063948
-0.072991
-0.086798
-0.100135
-0.120348
-0.140084
-0.169200
-0.198505
-0.236617
-0.279643
-0.319333
-0.364505
-0.390447
-0.367735
-0.286112
-0.172356
-0.040031
0.086716
0.193184
0.274232
0.327217
0.343804
0.334458
0.307381
0.273450
0.237494
0.203667
0.173012
0.146507
0.123829
0.104875
0.089010
0.075887
0.064946
0.055879
0.048284
0.041943
0.036587
0.032073
0.028224
0.024948
0.022127
0.019704
0.017599
0.015774
0.014174
0.012778
0.011542
0.010458
0.009489
0.008636
0.007865
0.007186
0.006566
0.006021
0.005514
0.005073
0.004653
0.004295
0.003943
0.003652
0.003351
0.003115
0.002854
0.002665
0.002432
0.002284
0.002072
0.001961
0.001760
0.001685
0.001488
0.001449
0.001248
0.001248
0.001031
0.001077
0.000828
0.000947
0.000599
0.000922
0.000208
-0.004790
-0.003740
-0.007977
-0.008094
-0.011744
-0.012132
-0.014923
-0.015372
-0.017807
-0.018691
-0.021371
-0.022993
-0.026365
-0.028972
-0.033517
-0.037472
-0.043889
-0.049804
-0.059202
-0.068116
-0.082311
-0.095985
-0.117961
-0.139340
-0.173641
-0.207978
-0.258426
-0.316701
-0.375677
-0.463684
-0.516771
-0.464682
-0.328968
-0.173600
-0.009090
0.137014
0.248616
0.335137
0.397845
0.416054
0.398293
0.357030
0.308132
0.259574
0.216148
0.178775
0.147747
0.122232
0.101584
0.084827
0.071311
0.060304
0.051355
0.043988
0.037923
0.032867
0.028651
0.025090
0.022084
0.019515
0.017322
0.015426
0.013792
0.012365
0.011125
0.010031
0.009074
0.008222
0.007473
0.006798
0.006205
0.005664
0.005189
0.004748
0.004366
0.004002
0.003692
0.003387
0.003135
0.002876
0.002672
0.002447
0.002284
0.002084
0.001956
0.001774
0.001679
0.001507
0.001442
0.001273
0.001240
0.001067
0.001067
0.000882
0.000920
0.000707
0.000809
0.000512
0.000788
0.000177
-0.003996
-0.003125
-0.006661
-0.006769
-0.009821
-0.010160
-0.012505
-0.012904
-0.014971
-0.015750
-0.018055
-0.019478
-0.022421
-0.024719
-0.028756
-0.032277
-0.038106
-0.043453
-0.052244
-0.060492
-0.074300
-0.087391
-0.109947
-0.131481
-0.169523
-0.206748
-0.270366
-0.341147
-0.432524
-0.593894
-0.663162
-0.526517
-0.294672
-0.106147
0.050651
0.175737
0.256940
0.332568
0.412556
0.448541
0.437360
0.392450
0.334075
0.275306
0.223089
0.179424
0.144327
0.116567
0.094871
0.077851
0.064496
0.053887
0.045428
0.038585
0.033029
0.028453
0.024674
0.021512
0.018861
0.016610
0.014699
0.013056
0.011646
0.010419
0.009357
0.008423
0.007608
0.006883
0.006249
0.005678
0.005177
0.004721
0.004322
0.003952
0.003630
0.003326
0.003066
0.002812
0.002601
0.002385
0.002215
0.002028
0.001892
0.001726
0.001619
0.001468
0.001389
0.001246
0.001192
0.001053
0.001025
0.000882
0.000881
0.000728
0.000760
0.000584
0.000668
0.000422
0.000651
0.000146
-0.003167
-0.002479
-0.005281
-0.005372
-0.007793
-0.008072
-0.009941
-0.010276
-0.011940
-0.012588
-0.014465
-0.015645
-0.018072
-0.019983
-0.023365
-0.026315
-0.031298
-0.035835
-0.043555
-0.050689
-0.063275
-0.074949
-0.096589
-0.116828
-0.156064
-0.194163
-0.268625
-0.348046
-0.493898
-0.717077
-0.643770
-0.251053
0.027081
0.060903
0.075622
0.116772
0.138361
0.192452
0.302608
0.381944
0.401946
0.375129
0.323505
0.265635
0.211911
0.166809
0.131031
0.103471
0.082535
0.066595
0.054404
0.044942
0.037535
0.031639
0.026912
0.023062
0.019910
0.017294
0.015114
0.013274
0.011719
0.010388
0.009249
0.008262
0.007409
0.006662
0.006011
0.005433
0.004928
0.004475
0.004078
0.003716
0.003400
0.003107
0.002853
0.002613
0.002408
0.002207
0.002041
0.001871
0.001737
0.001590
0.001483
0.001353
0.001269
0.001151
0.001088
0.000976
0.000934
0.000824
0.000802
0.000691
0.000690
0.000570
0.000595
0.000457
0.000523
0.000331
0.000509
0.000114
-0.002285
-0.001791
-0.003813
-0.003882
-0.005633
-0.005839
-0.007195
-0.007444
-0.008658
-0.009139
-0.010519
-0.011394
-0.013196
-0.014617
-0.017159
-0.019366
-0.023174
-0.026599
-0.032639
-0.038089
-0.048257
-0.057365
-0.075591
-0.092035
-0.126817
-0.160094
-0.231015
-0.305965
-0.475831
-0.596105
-0.228161
0.209614
0.166089
-0.076131
-0.138519
-0.033146
0.043567
0.056704
0.152653
0.260139
0.306645
0.303162
0.267848
0.221502
0.175796
0.136806
0.105879
0.082347
0.064749
0.051593
0.041700
0.034145
0.028309
0.023719
0.020074
0.017129
0.014736
0.012760
0.011122
0.009746
0.008587
0.007598
0.006754
0.006025
0.005396
0.004846
0.004368
0.003944
0.003575
0.003243
0.002953
0.002689
0.002459
0.002246
0.002061
0.001887
0.001738
0.001593
0.001472
0.001349
0.001252
0.001146
0.001068
0.000974
0.000914
0.000828
0.000783
0.000702
0.000672
0.000593
0.000577
0.000497
0.000496
0.000410
0.000428
0.000329
0.000376
0.000238
0.000366
0.000082
-0.001389
-0.001089
-0.002317
-0.002360
-0.003423
-0.003551
-0.004377
-0.004534
-0.005279
-0.005580
-0.006433
-0.006979
-0.008100
-0.008988
-0.010584
-0.011966
-0.014387
-0.016538
-0.020442
-0.023884
-0.030601
-0.036414
-0.048774
-0.059542
-0.083772
-0.106661
-0.157268
-0.212778
-0.334272
-0.301489
0.100103
0.308066
0.097670
-0.152193
-0.220096
-0.088755
0.025958
0.011613
0.056876
0.142726
0.186293
0.192785
0.173590
0.144585
0.114667
0.088802
0.068212
0.052606
0.041007
0.032414
0.026010
0.021165
0.017455
0.014561
0.012278
0.010446
0.008964
0.007746
0.006741
0.005899
0.005191
0.004589
0.004076
0.003634
0.003253
0.002920
0.002631
0.002375
0.002152
0.001952
0.001777
0.001618
0.001479
0.001351
0.001240
0.001135
0.001045
0.000958
0.000885
0.000811
0.000753
0.000689
0.000642
0.000586
0.000549
0.000498
0.000471
0.000422
0.000404
0.000357
0.000347
0.000299
0.000298
0.000246
0.000257
0.000198
0.000226
0.000143
0.000220
0.000049
-0.000460
-0.000361
-0.000768
-0.000783
-0.001137
-0.001179
-0.001453
-0.001505
-0.001751
-0.001850
-0.002133
-0.002313
-0.002685
-0.002979
-0.003512
-0.003971
-0.004784
-0.005503
-0.006830
-0.007989
-0.010308
-0.012298
-0.016646
-0.020437
-0.029124
-0.037510
-0.055954
-0.077213
-0.118634
-0.074635
0.085967
0.116210
0.010506
-0.073553
-0.095911
-0.049409
-0.000702
-0.000800
0.013943
0.045890
0.063217
0.066559
0.060430
0.050477
0.040072
0.031012
0.023791
0.018314
0.014247
0.011238
0.009000
0.007310
0.006019
0.005013
0.004221
0.003587
0.003075
0.002654
0.002307
0.002017
0.001773
0.001566
0.001389
0.001237
0.001106
0.000992
0.000893
0.000806
0.000729
0.000661
0.000601
0.000547
0.000500
0.000456
0.000418
0.000383
0.000352
0.000323
0.000298
0.000273
0.000253
0.000232
0.000216
0.000197
0.000184
0.000167
0.000158
0.000142
0.000135
0.000120
0.000116
0.000100
0.000100
0.000083
0.000086
0.000066
0.000076
0.000048
0.000074
0.000017
0.000460
0.000361
0.000768
0.000783
0.001137
0.001179
0.001453
0.001505
0.001751
0.001850
0.002133
0.002313
0.002685
0.002979
0.003512
0.003971
0.004784
0.005503
0.006830
0.007989
0.010308
0.012298
0.016646
0.020437
0.029124
0.037510
0.055954
0.077213
0.118634
0.074635
-0.085967
-0.116210
-0.010506
0.073553
0.095911
0.049409
0.000702
0.000800
-0.013943
-0.045890
-0.063217
-0.066559
-0.060430
-0.050477
-0.040072
-0.031012
-0.023791
-0.018314
-0.014247
-0.011238
-0.009000
-0.007310
-0.006019
-0.005013
-0.004221
-0.003587
-0.003075
-0.002654
-0.002307
-0.002017
-0.001773
-0.001566
-0.001389
-0.001237
-0.001106
-0.000992
-0.000893
-0.000806
-0.000729
-0.000661
-0.000601
-0.000547
-0.000500
-0.000456
-0.000418
-0.000383
-0.000352
-0.000323
-0.000298
-0.000273
-0.000253
-0.000232
-0.000216
-0.000197
-0.000184
-0.000167
-0.000158
-0.000142
-0.000135
-0.000120
-0.000116
-0.000100
-0.000100
-0.000083
-0.000086
-0.000066
-0.000076
-0.000048
-0.000074
-0.000017
0.001389
0.001089
0.002317
0.002360
0.003423
0.003551
0.004377
0.004534
0.005279
0.005580
0.006433
0.006979
0.008100
0.008988
0.010584
0.011966
0.014387
0.016538
0.020442
0.023884
0.030601
0.036414
0.048774
0.059542
0.083772
0.106661
0.157268
0.212778
0.334272
0.301489
-0.100103
-0.308066
-0.097670
0.152193
0.220096
0.088755
-0.025958
-0.011613
-0.056876
-0.142726
-0.186293
-0.192785
-0.173590
-0.144585
-0.114667
-0.088802
-0.068212
-0.052606
-0.041007
-0.032414
-0.026010
-0.021165
-0.017455
-0.014561
-0.012278
-0.010446
-0.008964
-0.007746
-0.006741
-0.005899
-0.005191
-0.004589
-0.004076
-0.003634
-0.003253
-0.002920
-0.002631
-0.002375
-0.002152
-0.001952
-0.001777
-0.001618
-0.001479
-0.001351
-0.001240
-0.001135
-0.001045
-0.000958
-0.000885
-0.000811
-0.000753
-0.000689
-0.000642
-0.000586
-0.000549
-0.000498
-0.000471
-0.000422
-0.000404
-0.000357
-0.000347
-0.000299
-0.000298
-0.000246
-0.000257
-0.000198
-0.000226
-0.000143
-0.000220
-0.000049
0.002285
0.001791
0.003813
0.003882
0.005633
0.005839
0.007195
0.007444
0.008658
0.009139
0.010519
0.011394
0.013196
0.014617
0.017159
0.019366
0.023174
0.026599
0.032639
0.038089
0.048257
0.057365
0.075591
0.092035
0.126817
0.160094
0.231015
0.305965
0.475831
0.596105
0.228161
-0.209614
-0.166089
0.076131
0.138519
0.033146
-0.043567
-0.056704
-0.152653
-0.260139
-0.306645
-0.303162
-0.267848
-0.221502
-0.175796
-0.136806
-0.105879
-0.082347
-0.064749
-0.051593
-0.041700
-0.034145
-0.028309
-0.023719
-0.020074
-0.017129
-0.014736
-0.012760
-0.011122
-0.009746
-0.008587
-0.007598
-0.006754
-0.006025
-0.005396
-0.004846
-0.004368
-0.003944
-0.003575
-0.003243
-0.002953
-0.002689
-0.002459
-0.002246
-0.002061
-0.001887
-0.001738
-0.001593
-0.001472
-0.001349
-0.001252
-0.001146
-0.001068
-0.000974
-0.000914
-0.000828
-0.000783
-0.000702
-0.000672
-0.000593
-0.000577
-0.000497
-0.000496
-0.000410
-0.000428
-0.000329
-0.000376
-0.000238
-0.000366
-0.000082
0.003167
0.002479
0.005281
0.005372
0.007793
0.008072
0.009941
0.010276
0.011940
0.012588
0.014465
0.015645
0.018072
0.019983
0.023365
0.026315
0.031298
0.035835
0.043555
0.050689
0.063275
0.074949
0.096589
0.116828
0.156064
0.194163
0.268625
0.348046
0.493898
0.717077
0.643770
0.251053
-0.027081
-0.060903
-0.075622
-0.116772
-0.138361
-0.192452
-0.302608
-0.381944
-0.401946
-0.375129
-0.323505
-0.265635
-0.211911
-0.166809
-0.131031
-0.103471
-0.082535
-0.066595
-0.054404
-0.044942
-0.037535
-0.031639
-0.026912
-0.023062
-0.019910
-0.017294
-0.015114
-0.013274
-0.011719
-0.010388
-0.009249
-0.008262
-0.007409
-0.006662
-0.006011
-0.005433
-0.004928
-0.004475
-0.004078
-0.003716
-0.003400
-0.003107
-0.002853
-0.002613
-0.002408
-0.002207
-0.002041
-0.001871
-0.001737
-0.001590
-0.001483
-0.001353
-0.001269
-0.001151
-0.001088
-0.000976
-0.000934
-0.000824
-0.000802
-0.000691
-0.000690
-0.000570
-0.000595
-0.000457
-0.000523
-0.000331
-0.000509
-0.000114
0.003996
0.003125
0.006661
0.006769
0.009821
0.010160
0.012505
0.012904
0.014971
0.015750
0.018055
0.019478
0.022421
0.024719
0.028756
0.032277
0.038106
0.043453
0.052244
0.060492
0.074300
0.087391
0.109947
0.131481
0.169523
0.206748
0.270366
0.341147
0.432524
0.593894
0.663162
0.526517
0.294672
0.106147
-0.050651
-0.175737
-0.256940
-0.332568
-0.412556
-0.448541
-0.437360
-0.392450
-0.334075
-0.275306
-0.223089
-0.179424
-0.144327
-0.116567
-0.094871
-0.077851
-0.064496
-0.053887
-0.045428
-0.038585
-0.033029
-0.028453
-0.024674
-0.021512
-0.018861
-0.016610
-0.014699
-0.013056
-0.011646
-0.010419
-0.009357
-0.008423
-0.007608
-0.006883
-0.006249
-0.005678
-0.005177
-0.004721
-0.004322
-0.003952
-0.003630
-0.003326
-0.003066
-0.002812
-0.002601
-0.002385
-0.002215
-0.002028
-0.001892
-0.001726
-0.001619
-0.001468
-0.001389
-0.001246
-0.001192
-0.001053
-0.001025
-0.000882
-0.000881
-0.000728
-0.000760
-0.000584
-0.000668
-0.000422
-0.000651
-0.000146
0.004790
0.003740
0.007977
0.008094
0.011744
0.012132
0.014923
0.015372
0.017807
0.018691
0.021371
0.022993
0.026365
0.028972
0.033517
0.037472
0.043889
0.049804
0.059202
0.068116
0.082311
0.095985
0.117961
0.139340
0.173641
0.207978
0.258426
0.316701
0.375677
0.463684
0.516771
0.464682
0.328968
0.173600
0.009090
-0.137014
-0.248616
-0.335137
-0.397845
-0.416054
-0.398293
-0.357030
-0.308132
-0.259574
-0.216148
-0.178775
-0.147747
-0.122232
-0.101584
-0.084827
-0.071311
-0.060304
-0.051355
-0.043988
-0.037923
-0.032867
-0.028651
-0.025090
-0.022084
-0.019515
-0.017322
-0.015426
-0.013792
-0.012365
-0.011125
-0.010031
-0.009074
-0.008222
-0.007473
-0.006798
-0.006205
-0.005664
-0.005189
-0.004748
-0.004366
-0.004002
-0.003692
-0.003387
-0.003135
-0.002876
-0.002672
-0.002447
-0.002284
-0.002084
-0.001956
-0.001774
-0.001679
-0.001507
-0.001442
-0.001273
-0.001240
-0.001067
-0.001067
-0.000882
-0.000920
-0.000707
-0.000809
-0.000512
-0.000788
-0.000177
0.005515
0.004299
0.009179
0.009300
0.013496
0.013918
0.017105
0.017579
0.020326
0.021274
0.024250
0.026000
0.029683
0.032484
0.037351
0.041552
0.048259
0.054425
0.063948
0.072991
0.086798
0.100135
0.120348
0.140084
0.169200
0.198505
0.236617
0.279643
0.319333
0.364505
0.390447
0.367735
0.286112
0.172356
0.040031
-0.086716
-0.193184
-0.274232
-0.327217
-0.343804
-0.334458
-0.307381
-0.273450
-0.237494
-0.203667
-0.173012
-0.146507
-0.123829
-0.104875
-0.089010
-0.075887
-0.064946
-0.055879
-0.048284
-0.041943
-0.036587
-0.032073
-0.028224
-0.024948
-0.022128
-0.019704
-0.017599
-0.015774
-0.014174
-0.012778
-0.011542
-0.010458
-0.009489
-0.008636
-0.007865
-0.007186
-0.006566
-0.006021
-0.005514
-0.005073
-0.004653
-0.004295
-0.003943
-0.003652
-0.003351
-0.003115
-0.002854
-0.002665
-0.002432
-0.002284
-0.002072
-0.001961
-0.001760
-0.001685
-0.001488
-0.001449
-0.001248
-0.001248
-0.001031
-0.001077
-0.000828
-0.000947
-0.000599
-0.000922
-0.000208
0.006189
0.004815
0.010290
0.010407
0.015103
0.015545
0.019089
0.019572
0.022586
0.023567
0.026780
0.028606
0.032509
0.035420
0.040470
0.044781
0.051566
0.057767
0.067098
0.075931
0.088912
0.101422
0.119396
0.136897
0.160839
0.184720
0.212872
0.242639
0.267794
0.289524
0.293520
0.269768
0.213049
0.134722
0.038835
-0.057636
-0.143859
-0.210876
-0.256120
-0.275036
-0.274750
-0.259745
-0.237748
-0.212125
-0.186656
-0.162374
-0.140574
-0.121199
-0.104503
-0.090098
-0.077884
-0.067458
-0.058651
-0.051140
-0.044777
-0.039328
-0.034685
-0.030685
-0.027250
-0.024269
-0.021691
-0.019436
-0.017472
-0.015741
-0.014224
-0.012875
-0.011688
-0.010623
-0.009684
-0.008832
-0.008081
-0.007392
-0.006786
-0.006220
-0.005729
-0.005259
-0.004858
-0.004463
-0.004136
-0.003798
-0.003533
-0.003238
-0.003025
-0.002762
-0.002595
-0.002355
-0.002229
-0.002002
-0.001917
-0.001694
-0.001650
-0.001421
-0.001421
-0.001175
-0.001227
-0.000943
-0.001080
-0.000683
-0.001052
-0.000237
0.006786
0.005269
0.011272
0.011379
0.016516
0.016964
0.020813
0.021280
0.024506
0.025480
0.028857
0.030695
0.034716
0.037638
0.042727
0.046997
0.053655
0.059668
0.068533
0.076840
0.088673
0.099956
0.115474
0.130378
0.149587
0.168250
0.188752
0.208705
0.224134
0.234293
0.230264
0.209087
0.165658
0.107009
0.035719
-0.037224
-0.104744
-0.158863
-0.197448
-0.217192
-0.222793
-0.216515
-0.203787
-0.186729
-0.168499
-0.149980
-0.132598
-0.116484
-0.102143
-0.089380
-0.078292
-0.068602
-0.060261
-0.053019
-0.046793
-0.041388
-0.036729
-0.032670
-0.029155
-0.026078
-0.023397
-0.021036
-0.018969
-0.017136
-0.015523
-0.014082
-0.012810
-0.011664
-0.010650
-0.009728
-0.008913
-0.008162
-0.007502
-0.006884
-0.006346
-0.005831
-0.005391
-0.004956
-0.004596
-0.004223
-0.003930
-0.003604
-0.003368
-0.003077
-0.002892
-0.002625
-0.002487
-0.002234
-0.002140
-0.001891
-0.001843
-0.001587
-0.001588
-0.001313
-0.001372
-0.001054
-0.001207
-0.000764
-0.001176
-0.000266
0.007321
0.005671
0.012146
0.012235
0.017762
0.018201
0.022312
0.022746
0.026139
0.027079
0.030563
0.032367
0.036431
0.039291
0.044316
0.048442
0.054838
0.060523
0.068758
0.076371
0.086914
0.096817
0.109903
0.122221
0.137246
0.151289
0.165626
0.178200
0.186173
0.188671
0.179880
0.159213
0.124213
0.079656
0.026305
-0.028241
-0.079940
-0.122498
-0.154619
-0.173539
-0.182144
-0.181263
-0.174661
-0.163637
-0.150798
-0.136857
-0.123207
-0.110038
-0.097968
-0.086910
-0.077080
-0.068294
-0.060592
-0.053786
-0.047849
-0.042622
-0.038064
-0.034049
-0.030540
-0.027440
-0.024720
-0.022307
-0.020182
-0.018286
-0.016609
-0.015105
-0.013771
-0.012564
-0.011493
-0.010516
-0.009649
-0.008849
-0.008144
-0.007482
-0.006905
-0.006351
-0.005877
-0.005407
-0.005019
-0.004615
-0.004298
-0.003943
-0.003688
-0.003371
-0.003170
-0.002878
-0.002728
-0.002451
-0.002350
-0.002076
-0.002025
-0.001744
-0.001745
-0.001443
-0.001508
-0.001159
-0.001328
-0.000840
-0.001295
-0.000294
0.007776
0.006009
0.012889
0.012954
0.018811
0.019228
0.023550
0.023933
0.027445
0.028320
0.031854
0.033576
0.037610
0.040341
0.045209
0.049101
0.055129
0.060377
0.067887
0.074700
0.083929
0.092424
0.103294
0.113255
0.124880
0.135246
0.145172
0.152907
0.156545
0.155411
0.145701
0.127749
0.099396
0.064257
0.022902
-0.019284
-0.059846
-0.094073
-0.121135
-0.138728
-0.148703
-0.151168
-0.148786
-0.142278
-0.133717
-0.123610
-0.113216
-0.102727
-0.092800
-0.083418
-0.074876
-0.067062
-0.060082
-0.053801
-0.048241
-0.043276
-0.038894
-0.034992
-0.031546
-0.028476
-0.025760
-0.023334
-0.021182
-0.019252
-0.017536
-0.015988
-0.014609
-0.013357
-0.012242
-0.011221
-0.010313
-0.009472
-0.008729
-0.008029
-0.007418
-0.006829
-0.006327
-0.005826
-0.005412
-0.004980
-0.004641
-0.004261
-0.003988
-0.003647
-0.003432
-0.003117
-0.002956
-0.002656
-0.002548
-0.002252
-0.002197
-0.001892
-0.001895
-0.001567
-0.001639
-0.001260
-0.001444
-0.000914
-0.001408
-0.000320
0.008164
0.006293
0.013517
0.013551
0.019684
0.020068
0.024559
0.024877
0.028468
0.029256
0.032794
0.034400
0.038349
0.040902
0.045550
0.049147
0.054739
0.059483
0.066217
0.072184
0.080115
0.087231
0.096068
0.103889
0.112615
0.119908
0.126303
0.130364
0.130773
0.127050
0.116782
0.100563
0.077117
0.049159
0.016859
-0.015835
-0.047627
-0.074959
-0.097434
-0.113099
-0.123177
-0.127366
-0.127549
-0.124058
-0.118525
-0.111286
-0.103444
-0.095161
-0.087078
-0.079207
-0.071879
-0.065024
-0.058793
-0.053087
-0.047964
-0.043324
-0.039182
-0.035450
-0.032125
-0.029134
-0.026468
-0.024067
-0.021925
-0.019990
-0.018261
-0.016694
-0.015292
-0.014012
-0.012869
-0.011817
-0.010880
-0.010008
-0.009236
-0.008507
-0.007870
-0.007254
-0.006727
-0.006200
-0.005765
-0.005309
-0.004952
-0.004549
-0.004261
-0.003898
-0.003671
-0.003336
-0.003165
-0.002845
-0.002731
-0.002414
-0.002356
-0.002030
-0.002034
-0.001682
-0.001760
-0.001353
-0.001552
-0.000982
-0.001513
-0.000345
0.008477
0.006518
0.014019
0.014020
0.020372
0.020713
0.025329
0.025570
0.029201
0.029885
0.033387
0.034850
0.038670
0.041012
0.045397
0.048662
0.053791
0.058010
0.063985
0.069131
0.075887
0.081767
0.088906
0.094972
0.101495
0.106550
0.110580
0.112404
0.111163
0.106526
0.096889
0.082906
0.063557
0.040932
0.015110
-0.010981
-0.036576
-0.058982
-0.077986
-0.091974
-0.101786
-0.106959
-0.108855
-0.107567
-0.104368
-0.099453
-0.093755
-0.087397
-0.080971
-0.074503
-0.068333
-0.062424
-0.056950
-0.051847
-0.047196
-0.042923
-0.039062
-0.035544
-0.032377
-0.029501
-0.026917
-0.024572
-0.022465
-0.020549
-0.018829
-0.017259
-0.015849
-0.014557
-0.013397
-0.012326
-0.011369
-0.010474
-0.009682
-0.008929
-0.008272
-0.007633
-0.007086
-0.006538
-0.006085
-0.005608
-0.005236
-0.004813
-0.004512
-0.004130
-0.003892
-0.003538
-0.003359
-0.003021
-0.002901
-0.002565
-0.002505
-0.002159
-0.002164
-0.001790
-0.001874
-0.001441
-0.001653
-0.001047
-0.001612
-0.000369
0.008723
0.006689
0.014408
0.014371
0.020890
0.021181
0.025881
0.026037
0.029675
0.030240
0.033673
0.034974
0.038631
0.040734
0.044825
0.047732
0.052377
0.056056
0.061280
0.065625
0.071281
0.076016
0.081648
0.086176
0.090844
0.094051
0.096186
0.096273
0.093783
0.088472
0.079336
0.066969
0.050727
0.032218
0.011413
-0.009484
-0.030110
-0.048399
-0.064311
-0.076501
-0.085584
-0.091025
-0.093823
-0.093913
-0.092290
-0.089042
-0.084952
-0.080099
-0.075015
-0.069728
-0.064565
-0.059506
-0.054738
-0.050214
-0.046032
-0.042137
-0.038576
-0.035293
-0.032311
-0.029577
-0.027101
-0.024836
-0.022788
-0.020913
-0.019220
-0.017667
-0.016265
-0.014973
-0.013811
-0.012732
-0.011765
-0.010858
-0.010052
-0.009284
-0.008612
-0.007956
-0.007396
-0.006830
-0.006364
-0.005870
-0.005485
-0.005046
-0.004734
-0.004336
-0.004089
-0.003719
-0.003534
-0.003179
-0.003054
-0.002701
-0.002640
-0.002275
-0.002282
-0.001888
-0.001977
-0.001520
-0.001745
-0.001105
-0.001703
-0.000391
0.008901
0.006807
0.014685
0.014608
0.021244
0.021478
0.026227
0.026294
0.029911
0.030352
0.033693
0.034821
0.038297
0.040156
0.043946
0.046498
0.050680
0.053849
0.058396
0.062027
0.066749
0.070527
0.074968
0.078313
0.081639
0.083581
0.084529
0.083661
0.080684
0.075404
0.067168
0.056480
0.042864
0.027558
0.010511
-0.006607
-0.023597
-0.038869
-0.052434
-0.063189
-0.071587
-0.077102
-0.080477
-0.081567
-0.081148
-0.079235
-0.076473
-0.072905
-0.068998
-0.064774
-0.060538
-0.056282
-0.052193
-0.048240
-0.044532
-0.041027
-0.037783
-0.034758
-0.031982
-0.029413
-0.027066
-0.024902
-0.022931
-0.021115
-0.019466
-0.017943
-0.016563
-0.015284
-0.014129
-0.013051
-0.012083
-0.011171
-0.010359
-0.009582
-0.008901
-0.008233
-0.007663
-0.007084
-0.006608
-0.006100
-0.005706
-0.005253
-0.004932
-0.004520
-0.004266
-0.003882
-0.003691
-0.003322
-0.003194
-0.002826
-0.002763
-0.002382
-0.002391
-0.001978
-0.002073
-0.001594
-0.001831
-0.001160
-0.001787
-0.000412
0.009015
0.006875
0.014857
0.014739
0.021443
0.021616
0.026379
0.026353
0.029924
0.030235
0.033462
0.034408
0.037686
0.039290
0.042769
0.044965
0.048687
0.051361
0.055265
0.058225
0.062095
0.065011
0.068407
0.070728
0.072925
0.073819
0.073804
0.072176
0.068818
0.063562
0.056026
0.046615
0.035032
0.022233
0.008154
-0.005930
-0.019950
-0.032669
-0.044154
-0.053497
-0.061052
-0.066325
-0.069878
-0.071520
-0.071860
-0.070862
-0.069056
-0.066456
-0.063465
-0.060096
-0.056629
-0.053057
-0.049562
-0.046124
-0.042851
-0.039714
-0.036779
-0.034009
-0.031443
-0.029046
-0.026838
-0.024786
-0.022906
-0.021161
-0.019567
-0.018086
-0.016739
-0.015483
-0.014345
-0.013278
-0.012317
-0.011407
-0.010595
-0.009815
-0.009130
-0.008456
-0.007880
-0.007293
-0.006811
-0.006293
-0.005892
-0.005428
-0.005101
-0.004678
-0.004419
-0.004023
-0.003828
-0.003446
-0.003316
-0.002934
-0.002872
-0.002475
-0.002486
-0.002057
-0.002157
-0.001659
-0.001906
-0.001208
-0.001861
-0.000430
0.009073
0.006901
0.014934
0.014775
0.021506
0.021616
0.026365
0.026248
0.029756
0.029938
0.033041
0.033812
0.036890
0.038252
0.041436
0.043301
0.046609
0.048842
0.052193
0.054587
0.057763
0.059993
0.062596
0.064167
0.065584
0.065804
0.065240
0.063270
0.059901
0.054968
0.048258
0.040076
0.030228
0.019443
0.007670
-0.004116
-0.015888
-0.026679
-0.036562
-0.044795
-0.051648
-0.056679
-0.060317
-0.062357
-0.063277
-0.063011
-0.061992
-0.060211
-0.058014
-0.055403
-0.052630
-0.049689
-0.046752
-0.043804
-0.040955
-0.038184
-0.035558
-0.033050
-0.030704
-0.028489
-0.026434
-0.024507
-0.022729
-0.021067
-0.019540
-0.018113
-0.016808
-0.015585
-0.014473
-0.013424
-0.012477
-0.011576
-0.010771
-0.009993
-0.009310
-0.008634
-0.008056
-0.007464
-0.006978
-0.006454
-0.006049
-0.005578
-0.005247
-0.004814
-0.004551
-0.004145
-0.003948
-0.003555
-0.003424
-0.003031
-0.002968
-0.002559
-0.002572
-0.002128
-0.002233
-0.001718
-0.001975
-0.001252
-0.001929
-0.000448
0.009073
0.006882
0.014918
0.014717
0.021433
0.021480
0.026186
0.025978
0.029403
0.029458
0.032425
0.033019
0.035891
0.037014
0.039904
0.041449
0.044359
0.046175
0.049012
0.050886
0.053438
0.055056
0.056966
0.057889
0.058645
0.058300
0.057282
0.055030
0.051646
0.046965
0.040903
0.033683
0.025205
0.016024
0.006104
-0.003806
-0.013712
-0.022857
-0.031322
-0.038500
-0.044610
-0.049261
-0.052785
-0.054980
-0.056221
-0.056426
-0.055948
-0.054763
-0.053162
-0.051142
-0.048923
-0.046501
-0.044033
-0.041508
-0.039032
-0.036588
-0.034245
-0.031983
-0.029845
-0.027809
-0.025904
-0.024103
-0.022430
-0.020856
-0.019402
-0.018034
-0.016778
-0.015594
-0.014514
-0.013490
-0.012563
-0.011676
-0.010883
-0.010111
-0.009435
-0.008761
-0.008186
-0.007592
-0.007106
-0.006578
-0.006172
-0.005696
-0.005362
-0.004924
-0.004659
-0.004245
-0.004046
-0.003645
-0.003513
-0.003111
-0.003048
-0.002629
-0.002644
-0.002188
-0.002298
-0.001768
-0.002033
-0.001289
-0.001987
-0.000463
0.009028
0.006830
0.014827
0.014587
0.021254
0.021238
0.025882
0.025589
0.028922
0.028859
0.031688
0.032120
0.034796
0.035701
0.038325
0.039587
0.042151
0.043613
0.046022
0.047473
0.049533
0.050684
0.052085
0.052555
0.052878
0.052201
0.050966
0.048656
0.045438
0.041136
0.035750
0.029428
0.022129
0.014270
0.005833
-0.002606
-0.011056
-0.018924
-0.026275
-0.032620
-0.038124
-0.042453
-0.045863
-0.048164
-0.049651
-0.050236
-0.050205
-0.049523
-0.048438
-0.046938
-0.045215
-0.043266
-0.041231
-0.039102
-0.036981
-0.034853
-0.032788
-0.030769
-0.028842
-0.026987
-0.025238
-0.023570
-0.022010
-0.020531
-0.019157
-0.017857
-0.016657
-0.015519
-0.014477
-0.013483
-0.012582
-0.011715
-0.010938
-0.010179
-0.009512
-0.008845
-0.008275
-0.007684
-0.007201
-0.006673
-0.006268
-0.005788
-0.005455
-0.005012
-0.004747
-0.004328
-0.004128
-0.003721
-0.003589
-0.003178
-0.003117
-0.002689
-0.002706
-0.002240
-0.002354
-0.001811
-0.002084
-0.001322
-0.002037
-0.000477
0.008933
0.006740
0.014656
0.014378
0.020961
0.020884
0.025441
0.025068
0.028295
0.028119
0.030804
0.031079
0.033559
0.034255
0.036621
0.037615
0.039853
0.040985
0.043003
0.044068
0.045688
0.046424
0.047381
0.047456
0.047408
0.046447
0.045026
0.042663
0.039573
0.035571
0.030724
0.025120
0.018769
0.011979
0.004754
-0.002466
-0.009692
-0.016459
-0.022825
-0.028391
-0.033292
-0.037241
-0.040439
-0.042713
-0.044296
-0.045100
-0.045356
-0.045025
-0.044314
-0.043206
-0.041870
-0.040297
-0.038616
-0.036819
-0.034998
-0.033146
-0.031325
-0.029525
-0.027790
-0.026104
-0.024501
-0.022961
-0.021511
-0.020126
-0.018833
-0.017601
-0.016459
-0.015370
-0.014369
-0.013410
-0.012538
-0.011694
-0.010938
-0.010194
-0.009541
-0.008883
-0.008322
-0.007736
-0.007258
-0.006732
-0.006330
-0.005850
-0.005519
-0.005074
-0.004809
-0.004387
-0.004189
-0.003777
-0.003645
-0.003229
-0.003170
-0.002734
-0.002755
-0.002280
-0.002397
-0.001845
-0.002124
-0.001348
-0.002078
-0.000488
0.008805
0.006626
0.014429
0.014117
0.020591
0.020456
0.024914
0.024468
0.027586
0.027309
0.029856
0.029992
0.032292
0.032806
0.034944
0.035710
0.037672
0.038532
0.040232
0.040995
0.042277
0.042707
0.043349
0.043165
0.042892
0.041789
0.040320
0.038023
0.035149
0.031499
0.027185
0.022241
0.016715
0.010825
0.004595
-0.001643
-0.007889
-0.013779
-0.019356
-0.024298
-0.028707
-0.032342
-0.035360
-0.037603
-0.039259
-0.040241
-0.040737
-0.040706
-0.040318
-0.039556
-0.038564
-0.037333
-0.035975
-0.034486
-0.032949
-0.031357
-0.029772
-0.028184
-0.026639
-0.025121
-0.023665
-0.022255
-0.020918
-0.019631
-0.018423
-0.017264
-0.016185
-0.015150
-0.014196
-0.013276
-0.012437
-0.011621
-0.010888
-0.010163
-0.009527
-0.008882
-0.008332
-0.007755
-0.007285
-0.006763
-0.006366
-0.005889
-0.005561
-0.005116
-0.004854
-0.004430
-0.004233
-0.003818
-0.003689
-0.003269
-0.003211
-0.002771
-0.002793
-0.002312
-0.002433
-0.001873
-0.002157
-0.001370
-0.002111
-0.000499
0.008634
0.006481
0.014135
0.013791
0.020127
0.019939
0.024278
0.023766
0.026765
0.026395
0.028800
0.028806
0.030929
0.031271
0.033192
0.033745
0.035450
0.036061
0.037471
0.037960
0.038942
0.039099
0.039465
0.039052
0.038583
0.037356
0.035840
0.033593
0.030892
0.027525
0.023643
0.019236
0.014383
0.009234
0.003828
-0.001586
-0.006997
-0.012126
-0.017002
-0.021368
-0.025301
-0.028601
-0.031390
-0.033532
-0.035173
-0.036234
-0.036868
-0.037032
-0.036870
-0.036361
-0.035628
-0.034662
-0.033563
-0.032324
-0.031022
-0.029651
-0.028269
-0.026866
-0.025488
-0.024121
-0.022801
-0.021510
-0.020279
-0.019085
-0.017959
-0.016872
-0.015856
-0.014875
-0.013967
-0.013087
-0.012283
-0.011497
-0.010790
-0.010087
-0.009469
-0.008839
-0.008303
-0.007736
-0.007276
-0.006761
-0.006372
-0.005898
-0.005575
-0.005132
-0.004874
-0.004451
-0.004257
-0.003841
-0.003713
-0.003292
-0.003236
-0.002793
-0.002817
-0.002333
-0.002456
-0.001891
-0.002179
-0.001385
-0.002134
-0.000506
0.008441
0.006321
0.013804
0.013432
0.019613
0.019375
0.023589
0.023020
0.025901
0.025452
0.027724
0.027619
0.029583
0.029781
0.031514
0.031892
0.033381
0.033794
0.034973
0.035255
0.036011
0.035977
0.036155
0.035604
0.035031
0.033767
0.032284
0.030152
0.027664
0.024601
0.021133
0.017220
0.012958
0.008442
0.003727
-0.001006
-0.005735
-0.010243
-0.014548
-0.018443
-0.021986
-0.025010
-0.027607
-0.029662
-0.031289
-0.032416
-0.033166
-0.033499
-0.033533
-0.033248
-0.032747
-0.032021
-0.031157
-0.030150
-0.029067
-0.027904
-0.026714
-0.025490
-0.024274
-0.023055
-0.021868
-0.020697
-0.019572
-0.018473
-0.017431
-0.016417
-0.015466
-0.014542
-0.013685
-0.012848
-0.012083
-0.011329
-0.010650
-0.009971
-0.009375
-0.008763
-0.008243
-0.007689
-0.007241
-0.006735
-0.006354
-0.005887
-0.005570
-0.005131
-0.004877
-0.004456
-0.004265
-0.003851
-0.003726
-0.003304
-0.003250
-0.002806
-0.002833
-0.002346
-0.002472
-0.001903
-0.002195
-0.001395
-0.002150
-0.000513
0.008212
0.006135
0.013417
0.013021
0.019024
0.018742
0.022815
0.022196
0.024953
0.024433
0.026571
0.026364
0.028173
0.028238
0.029792
0.030010
0.031301
0.031533
0.032503
0.032598
0.033152
0.032948
0.032959
0.032286
0.031620
0.030321
0.028860
0.026820
0.024507
0.021692
0.018566
0.015060
0.011287
0.007300
0.003165
-0.000988
-0.005130
-0.009097
-0.012892
-0.016355
-0.019525
-0.022268
-0.024652
-0.026580
-0.028143
-0.029275
-0.030076
-0.030509
-0.030671
-0.030542
-0.030211
-0.029668
-0.028987
-0.028164
-0.027259
-0.026268
-0.025240
-0.024169
-0.023093
-0.022005
-0.020935
-0.019872
-0.018845
-0.017834
-0.016870
-0.015926
-0.015038
-0.014169
-0.013360
-0.012567
-0.011839
-0.011119
-0.010469
-0.009816
-0.009242
-0.008650
-0.008147
-0.007608
-0.007172
-0.006678
-0.006306
-0.005847
-0.005538
-0.005105
-0.004857
-0.004440
-0.004253
-0.003841
-0.003720
-0.003299
-0.003248
-0.002804
-0.002834
-0.002347
-0.002475
-0.001905
-0.002199
-0.001399
-0.002155
-0.000516
0.007971
0.005941
0.013010
0.012593
0.018407
0.018085
0.022015
0.021356
0.023993
0.023416
0.025430
0.025140
0.026812
0.026768
0.028171
0.028259
0.029387
0.029480
0.030287
0.030246
0.030652
0.030335
0.030241
0.029505
0.028804
0.027523
0.026130
0.024217
0.022097
0.019535
0.016734
0.013600
0.010262
0.006734
0.003093
-0.000573
-0.004224
-0.007740
-0.011113
-0.014218
-0.017079
-0.019587
-0.021793
-0.023615
-0.025122
-0.026259
-0.027105
-0.027625
-0.027900
-0.027912
-0.027733
-0.027354
-0.026841
-0.026187
-0.025448
-0.024618
-0.023743
-0.022817
-0.021877
-0.020914
-0.019960
-0.019003
-0.018071
-0.017148
-0.016263
-0.015390
-0.014565
-0.013753
-0.012995
-0.012246
-0.011559
-0.010873
-0.010256
-0.009630
-0.009081
-0.008509
-0.008026
-0.007503
-0.007082
-0.006600
-0.006239
-0.005790
-0.005489
-0.005063
-0.004822
-0.004410
-0.004229
-0.003820
-0.003703
-0.003285
-0.003237
-0.002795
-0.002827
-0.002342
-0.002471
-0.001903
-0.002197
-0.001398
-0.002154
-0.000519
0.007699
0.005727
0.012557
0.012123
0.017731
0.017375
0.021151
0.020459
0.022970
0.022344
0.024234
0.023870
0.025409
0.025268
0.026526
0.026499
0.027476
0.027443
0.028101
0.027938
0.028213
0.027795
0.027606
0.026814
0.026080
0.024812
0.023474
0.021666
0.019707
0.017356
0.014825
0.012005
0.009031
0.005891
0.002671
-0.000575
-0.003802
-0.006920
-0.009915
-0.012690
-0.015259
-0.017535
-0.019555
-0.021249
-0.022672
-0.023776
-0.024625
-0.025187
-0.025528
-0.025632
-0.025560
-0.025303
-0.024916
-0.024395
-0.023787
-0.023089
-0.022340
-0.021536
-0.020711
-0.019856
-0.019004
-0.018140
-0.017295
-0.016451
-0.015638
-0.014831
-0.014065
-0.013307
-0.012597
-0.011893
-0.011244
-0.010594
-0.010007
-0.009409
-0.008885
-0.008336
-0.007872
-0.007366
-0.006961
-0.006493
-0.006145
-0.005706
-0.005415
-0.004998
-0.004764
-0.004359
-0.004184
-0.003781
-0.003668
-0.003255
-0.003210
-0.002772
-0.002806
-0.002324
-0.002454
-0.001890
-0.002184
-0.001390
-0.002142
-0.000518
0.007426
0.005511
0.012097
0.011650
0.017046
0.016662
0.020283
0.019568
0.021958
0.021297
0.023073
0.022653
0.024074
0.023857
0.024993
0.024877
0.025732
0.025605
0.026149
0.025901
0.026083
0.025605
0.025362
0.024553
0.023823
0.022601
0.021342
0.019659
0.017867
0.015726
0.013450
0.010916
0.008267
0.005469
0.002613
-0.000274
-0.003139
-0.005922
-0.008598
-0.011097
-0.013420
-0.015501
-0.017362
-0.018949
-0.020301
-0.021378
-0.022230
-0.022830
-0.023231
-0.023418
-0.023442
-0.023295
-0.023024
-0.022625
-0.022140
-0.021564
-0.020934
-0.020245
-0.019530
-0.018780
-0.018024
-0.017252
-0.016491
-0.015725
-0.014983
-0.014242
-0.013536
-0.012832
-0.012171
-0.011511
-0.010902
-0.010288
-0.009734
-0.009165
-0.008667
-0.008141
-0.007698
-0.007212
-0.006823
-0.006370
-0.006035
-0.005609
-0.005327
-0.004921
-0.004694
-0.004298
-0.004128
-0.003732
-0.003623
-0.003217
-0.003175
-0.002742
-0.002778
-0.002301
-0.002432
-0.001873
-0.002166
-0.001380
-0.002125
-0.000516
0.007124
0.005277
0.011599
0.011144
0.016314
0.015907
0.019365
0.018633
0.020899
0.020209
0.021873
0.021404
0.022711
0.022427
0.023448
0.023253
0.023994
0.023785
0.024224
0.023902
0.024000
0.023469
0.023177
0.022352
0.021624
0.020440
0.019248
0.017670
0.016020
0.014056
0.011996
0.009707
0.007335
0.004830
0.002287
-0.000288
-0.002836
-0.005320
-0.007710
-0.009954
-0.012047
-0.013936
-0.015637
-0.017105
-0.018369
-0.019396
-0.020224
-0.020831
-0.021260
-0.021497
-0.021585
-0.021516
-0.021330
-0.021024
-0.020634
-0.020156
-0.019623
-0.019029
-0.018406
-0.017745
-0.017074
-0.016381
-0.015695
-0.014998
-0.014321
-0.013640
-0.012988
-0.012335
-0.011721
-0.011103
-0.010532
-0.009953
-0.009431
-0.008891
-0.008418
-0.007917
-0.007495
-0.007028
-0.006656
-0.006220
-0.005898
-0.005486
-0.005216
-0.004820
-0.004602
-0.004216
-0.004052
-0.003665
-0.003561
-0.003162
-0.003123
-0.002698
-0.002735
-0.002266
-0.002397
-0.001846
-0.002136
-0.001361
-0.002096
-0.000512
0.006830
0.005049
0.011107
0.010645
0.015590
0.015165
0.018464
0.017722
0.019871
0.019164
0.020724
0.020220
0.021428
0.021095
0.022018
0.021765
0.022415
0.022149
0.022510
0.022140
0.022182
0.021625
0.021311
0.020496
0.019793
0.018666
0.017556
0.016092
0.014584
0.012794
0.010936
0.008871
0.006748
0.004503
0.002234
-0.000069
-0.002345
-0.004573
-0.006718
-0.008745
-0.010641
-0.012368
-0.013933
-0.015299
-0.016488
-0.017473
-0.018282
-0.018896
-0.019351
-0.019634
-0.019780
-0.019782
-0.019675
-0.019455
-0.019153
-0.018766
-0.018323
-0.017820
-0.017284
-0.016707
-0.016116
-0.015501
-0.014887
-0.014258
-0.013644
-0.013021
-0.012424
-0.011821
-0.011253
-0.010677
-0.010145
-0.009602
-0.009111
-0.008602
-0.008155
-0.007678
-0.007278
-0.006832
-0.006478
-0.006058
-0.005751
-0.005353
-0.005094
-0.004710
-0.004502
-0.004126
-0.003969
-0.003591
-0.003492
-0.003102
-0.003066
-0.002650
-0.002688
-0.002227
-0.002357
-0.001816
-0.002102
-0.001340
-0.002064
-0.000507
0.006509
0.004804
0.010579
0.010118
0.014825
0.014388
0.017520
0.016775
0.018804
0.018086
0.019544
0.019013
0.020124
0.019749
0.020580
0.020277
0.020842
0.020526
0.020815
0.020404
0.020395
0.019817
0.019482
0.018678
0.017994
0.016918
0.015877
0.014512
0.013128
0.011486
0.009803
0.007933
0.006025
0.004006
0.001976
-0.000089
-0.002123
-0.004121
-0.006045
-0.007871
-0.009583
-0.011153
-0.012581
-0.013840
-0.014944
-0.015872
-0.016644
-0.017246
-0.017704
-0.018009
-0.018190
-0.018240
-0.018188
-0.018031
-0.017797
-0.017481
-0.017111
-0.016681
-0.016217
-0.015712
-0.015190
-0.014641
-0.014090
-0.013521
-0.012964
-0.012395
-0.011847
-0.011290
-0.010765
-0.010229
-0.009734
-0.009225
-0.008765
-0.008285
-0.007864
-0.007412
-0.007033
-0.006608
-0.006272
-0.005870
-0.005578
-0.005195
-0.004948
-0.004578
-0.004379
-0.004015
-0.003866
-0.003499
-0.003405
-0.003025
-0.002993
-0.002586
-0.002625
-0.002176
-0.002304
-0.001776
-0.002056
-0.001312
-0.002020
-0.000498
0.006203
0.004570
0.010071
0.009609
0.014083
0.013638
0.016609
0.015868
0.017783
0.017064
0.018428
0.017881
0.018907
0.018504
0.019258
0.018922
0.019419
0.019071
0.019306
0.018875
0.018833
0.018254
0.017916
0.017137
0.016488
0.015474
0.014509
0.013247
0.011984
0.010486
0.008965
0.007273
0.005560
0.003743
0.001924
0.000069
-0.001755
-0.003554
-0.005286
-0.006939
-0.008492
-0.009927
-0.011237
-0.012405
-0.013437
-0.014315
-0.015057
-0.015648
-0.016111
-0.016437
-0.016650
-0.016744
-0.016743
-0.016645
-0.016473
-0.016224
-0.015922
-0.015561
-0.015165
-0.014728
-0.014271
-0.013785
-0.013295
-0.012785
-0.012282
-0.011764
-0.011265
-0.010754
-0.010270
-0.009774
-0.009315
-0.008840
-0.008411
-0.007960
-0.007566
-0.007139
-0.006782
-0.006378
-0.006060
-0.005676
-0.005399
-0.005032
-0.004797
-0.004441
-0.004251
-0.003900
-0.003758
-0.003403
-0.003314
-0.002945
-0.002915
-0.002520
-0.002560
-0.002122
-0.002249
-0.001733
-0.002008
-0.001282
-0.001974
-0.000489
0.005870
0.004318
0.009527
0.009072
0.013303
0.012856
0.015659
0.014928
0.016727
0.016012
0.017282
0.016726
0.017669
0.017245
0.017924
0.017561
0.017995
0.017621
0.017808
0.017359
0.017289
0.016710
0.016369
0.015615
0.014996
0.014038
0.013141
0.011969
0.010812
0.009441
0.008062
0.006528
0.004984
0.003346
0.001715
0.000046
-0.001590
-0.003208
-0.004765
-0.006257
-0.007660
-0.008964
-0.010160
-0.011232
-0.012185
-0.013006
-0.013705
-0.014272
-0.014725
-0.015055
-0.015283
-0.015403
-0.015436
-0.015380
-0.015254
-0.015057
-0.014807
-0.014502
-0.014162
-0.013781
-0.013380
-0.012949
-0.012511
-0.012052
-0.011597
-0.011127
-0.010671
-0.010202
-0.009757
-0.009299
-0.008874
-0.008431
-0.008032
-0.007609
-0.007241
-0.006838
-0.006503
-0.006121
-0.005821
-0.005457
-0.005195
-0.004845
-0.004622
-0.004282
-0.004102
-0.003764
-0.003630
-0.003288
-0.003204
-0.002848
-0.002822
-0.002440
-0.002480
-0.002056
-0.002180
-0.001681
-0.001948
-0.001244
-0.001915
-0.000477
0.005561
0.004084
0.009013
0.008564
0.012561
0.012113
0.014756
0.014040
0.015730
0.015027
0.016211
0.015654
0.016524
0.016090
0.016707
0.016330
0.016712
0.016326
0.016477
0.016025
0.015938
0.015372
0.015040
0.014321
0.013739
0.012843
0.012016
0.010936
0.009881
0.008630
0.007383
0.005994
0.004605
0.003127
0.001661
0.000159
-0.001312
-0.002772
-0.004176
-0.005528
-0.006802
-0.007993
-0.009088
-0.010078
-0.010963
-0.011734
-0.012396
-0.012943
-0.013387
-0.013723
-0.013965
-0.014110
-0.014175
-0.014157
-0.014075
-0.013925
-0.013725
-0.013472
-0.013185
-0.012857
-0.012508
-0.012129
-0.011741
-0.011331
-0.010923
-0.010497
-0.010084
-0.009655
-0.009249
-0.008826
-0.008434
-0.008024
-0.007654
-0.007259
-0.006916
-0.006538
-0.006224
-0.005863
-0.005582
-0.005237
-0.004990
-0.004656
-0.004447
-0.004121
-0.003951
-0.003627
-0.003501
-0.003172
-0.003093
-0.002750
-0.002727
-0.002358
-0.002398
-0.001989
-0.002110
-0.001627
-0.001887
-0.001206
-0.001856
-0.000464
0.005221
0.003830
0.008462
0.008027
0.011778
0.011337
0.013813
0.013117
0.014696
0.014009
0.015107
0.014555
0.015353
0.014914
0.015470
0.015084
0.015418
0.015025
0.015142
0.014691
0.014590
0.014038
0.013714
0.013029
0.012482
0.011643
0.010879
0.009882
0.008919
0.007777
0.006647
0.005388
0.004136
0.002803
0.001486
0.000134
-0.001187
-0.002501
-0.003765
-0.004985
-0.006136
-0.007217
-0.008213
-0.009120
-0.009933
-0.010647
-0.011266
-0.011783
-0.012208
-0.012536
-0.012780
-0.012937
-0.013021
-0.013029
-0.012977
-0.012863
-0.012702
-0.012490
-0.012245
-0.011961
-0.011656
-0.011321
-0.010977
-0.010610
-0.010243
-0.009858
-0.009483
-0.009092
-0.008720
-0.008332
-0.007972
-0.007592
-0.007250
-0.006883
-0.006563
-0.006211
-0.005918
-0.005579
-0.005316
-0.004990
-0.004759
-0.004443
-0.004246
-0.003937
-0.003778
-0.003470
-0.003351
-0.003037
-0.002964
-0.002636
-0.002615
-0.002261
-0.002302
-0.001909
-0.002026
-0.001563
-0.001813
-0.001160
-0.001784
-0.000449
0.004914
0.003599
0.007953
0.007527
0.011046
0.010612
0.012932
0.012259
0.013734
0.013068
0.014089
0.013548
0.014282
0.013846
0.014351
0.013964
0.014259
0.013868
0.013962
0.013520
0.013413
0.012883
0.012574
0.011927
0.011418
0.010638
0.009937
0.009022
0.008146
0.007106
0.006085
0.004944
0.003817
0.002614
0.001430
0.000211
-0.000977
-0.002164
-0.003303
-0.004409
-0.005452
-0.006437
-0.007347
-0.008181
-0.008932
-0.009597
-0.010177
-0.010668
-0.011077
-0.011400
-0.011647
-0.011815
-0.011917
-0.011949
-0.011926
-0.011844
-0.011719
-0.011546
-0.011342
-0.011099
-0.010835
-0.010542
-0.010239
-0.009912
-0.009584
-0.009238
-0.008900
-0.008544
-0.008206
-0.007851
-0.007521
-0.007171
-0.006855
-0.006515
-0.006219
-0.005890
-0.005618
-0.005301
-0.005055
-0.004749
-0.004532
-0.004235
-0.004050
-0.003757
-0.003607
-0.003315
-0.003203
-0.002904
-0.002836
-0.002523
-0.002504
-0.002166
-0.002206
-0.001830
-0.001944
-0.001499
-0.001740
-0.001113
-0.001713
-0.000432
0.004570
0.003344
0.007398
0.006993
0.010266
0.009847
0.012003
0.011359
0.012725
0.012087
0.013027
0.012503
0.013173
0.012745
0.013199
0.012817
0.013076
0.012691
0.012763
0.012334
0.012222
0.011715
0.011421
0.010813
0.010340
0.009617
0.008975
0.008135
0.007340
0.006393
0.005471
0.004440
0.003427
0.002343
0.001281
0.000185
-0.000881
-0.001948
-0.002971
-0.003967
-0.004908
-0.005799
-0.006624
-0.007383
-0.008069
-0.008681
-0.009217
-0.009676
-0.010061
-0.010370
-0.010610
-0.010780
-0.010890
-0.010936
-0.010932
-0.010875
-0.010776
-0.010634
-0.010461
-0.010252
-0.010023
-0.009766
-0.009498
-0.009207
-0.008914
-0.008603
-0.008298
-0.007976
-0.007669
-0.007344
-0.007043
-0.006722
-0.006432
-0.006118
-0.005846
-0.005541
-0.005289
-0.004994
-0.004766
-0.004480
-0.004279
-0.004000
-0.003828
-0.003553
-0.003413
-0.003138
-0.003034
-0.002752
-0.002689
-0.002392
-0.002376
-0.002056
-0.002095
-0.001738
-0.001847
-0.001425
-0.001655
-0.001060
-0.001629
-0.000414
0.004271
0.003120
0.006900
0.006508
0.009555
0.009148
0.011152
0.010537
0.011805
0.011195
0.012064
0.011559
0.012174
0.011759
0.012170
0.011797
0.012027
0.011653
0.011709
0.011297
0.011186
0.010707
0.010430
0.009863
0.009427
0.008760
0.008174
0.007406
0.006685
0.005826
0.004995
0.004063
0.003152
0.002176
0.001221
0.000235
-0.000723
-0.001684
-0.002606
-0.003506
-0.004356
-0.005165
-0.005916
-0.006610
-0.007240
-0.007805
-0.008303
-0.008733
-0.009097
-0.009394
-0.009630
-0.009802
-0.009919
-0.009980
-0.009993
-0.009958
-0.009885
-0.009770
-0.009627
-0.009450
-0.009253
-0.009029
-0.008794
-0.008537
-0.008277
-0.007998
-0.007725
-0.007434
-0.007156
-0.006861
-0.006587
-0.006293
-0.006028
-0.005739
-0.005489
-0.005207
-0.004975
-0.004700
-0.004490
-0.004223
-0.004036
-0.003775
-0.003615
-0.003357
-0.003227
-0.002968
-0.002872
-0.002605
-0.002547
-0.002266
-0.002253
-0.001949
-0.001987
-0.001649
-0.001753
-0.001353
-0.001572
-0.001006
-0.001548
-0.000394
0.003923
0.002865
0.006344
0.005978
0.008780
0.008396
0.010237
0.009660
0.010822
0.010248
0.011041
0.010562
0.011120
0.010722
0.011091
0.010733
0.010934
0.010576
0.010618
0.010228
0.010118
0.009669
0.009411
0.008886
0.008486
0.007875
0.007342
0.006644
0.005994
0.005218
0.004471
0.003634
0.002818
0.001944
0.001091
0.000208
-0.000647
-0.001507
-0.002332
-0.003139
-0.003901
-0.004629
-0.005305
-0.005933
-0.006503
-0.007018
-0.007474
-0.007870
-0.008208
-0.008486
-0.008710
-0.008877
-0.008995
-0.009062
-0.009086
-0.009066
-0.009011
-0.008918
-0.008798
-0.008647
-0.008478
-0.008282
-0.008077
-0.007849
-0.007619
-0.007370
-0.007125
-0.006864
-0.006614
-0.006347
-0.006099
-0.005831
-0.005591
-0.005327
-0.005099
-0.004840
-0.004627
-0.004375
-0.004182
-0.003935
-0.003764
-0.003522
-0.003375
-0.003135
-0.003016
-0.002774
-0.002686
-0.002437
-0.002384
-0.002122
-0.002110
-0.001826
-0.001863
-0.001546
-0.001645
-0.001270
-0.001475
-0.000946
-0.001453
-0.000373
0.003635
0.002650
0.005864
0.005512
0.008095
0.007726
0.009422
0.008878
0.009948
0.009407
0.010134
0.009682
0.010190
0.009811
0.010144
0.009803
0.009980
0.009640
0.009672
0.009304
0.009198
0.008779
0.008541
0.008056
0.007691
0.007132
0.006649
0.006015
0.005430
0.004729
0.004059
0.003306
0.002576
0.001791
0.001028
0.000236
-0.000529
-0.001301
-0.002040
-0.002765
-0.003451
-0.004108
-0.004719
-0.005289
-0.005808
-0.006279
-0.006698
-0.007065
-0.007379
-0.007642
-0.007855
-0.008018
-0.008137
-0.008210
-0.008244
-0.008238
-0.008199
-0.008126
-0.008029
-0.007902
-0.007757
-0.007588
-0.007409
-0.007209
-0.007005
-0.006784
-0.006567
-0.006332
-0.006108
-0.005867
-0.005643
-0.005401
-0.005183
-0.004942
-0.004734
-0.004497
-0.004303
-0.004071
-0.003894
-0.003666
-0.003509
-0.003285
-0.003150
-0.002927
-0.002817
-0.002592
-0.002511
-0.002279
-0.002231
-0.001986
-0.001976
-0.001710
-0.001745
-0.001448
-0.001542
-0.001190
-0.001383
-0.000887
-0.001363
-0.000350
0.003282
0.002394
0.005304
0.004986
0.007324
0.006987
0.008520
0.008021
0.008986
0.008489
0.009143
0.008724
0.009179
0.008827
0.009122
0.008804
0.008958
0.008641
0.008665
0.008325
0.008225
0.007841
0.007623
0.007182
0.006852
0.006347
0.005915
0.005346
0.004824
0.004198
0.003602
0.002932
0.002285
0.001588
0.000913
0.000211
-0.000467
-0.001152
-0.001807
-0.002451
-0.003061
-0.003646
-0.004190
-0.004700
-0.005166
-0.005589
-0.005967
-0.006300
-0.006587
-0.006828
-0.007026
-0.007180
-0.007294
-0.007367
-0.007406
-0.007408
-0.007382
-0.007324
-0.007244
-0.007136
-0.007013
-0.006867
-0.006711
-0.006537
-0.006358
-0.006163
-0.005971
-0.005762
-0.005563
-0.005348
-0.005148
-0.004930
-0.004734
-0.004517
-0.004330
-0.004116
-0.003941
-0.003730
-0.003570
-0.003363
-0.003220
-0.003016
-0.002893
-0.002690
-0.002590
-0.002384
-0.002311
-0.002098
-0.002054
-0.001830
-0.001821
-0.001577
-0.001610
-0.001337
-0.001423
-0.001099
-0.001277
-0.000821
-0.001259
-0.000327
0.003011
0.002190
0.004847
0.004542
0.006671
0.006350
0.007746
0.007282
0.008160
0.007699
0.008293
0.007904
0.008314
0.007985
0.008250
0.007952
0.008088
0.007792
0.007810
0.007494
0.007401
0.007048
0.006849
0.006447
0.006150
0.005693
0.005305
0.004794
0.004328
0.003768
0.003238
0.002640
0.002065
0.001445
0.000845
0.000221
-0.000381
-0.000990
-0.001572
-0.002147
-0.002690
-0.003213
-0.003700
-0.004157
-0.004576
-0.004959
-0.005302
-0.005605
-0.005868
-0.006091
-0.006275
-0.006420
-0.006530
-0.006604
-0.006647
-0.006657
-0.006641
-0.006597
-0.006532
-0.006442
-0.006338
-0.006213
-0.006079
-0.005926
-0.005770
-0.005598
-0.005429
-0.005244
-0.005067
-0.004875
-0.004696
-0.004501
-0.004326
-0.004130
-0.003962
-0.003768
-0.003610
-0.003419
-0.003274
-0.003086
-0.002957
-0.002770
-0.002659
-0.002473
-0.002382
-0.002193
-0.002127
-0.001931
-0.001892
-0.001685
-0.001678
-0.001452
-0.001484
-0.001231
-0.001312
-0.001013
-0.001178
-0.000756
-0.001161
-0.000301
0.002648
0.001931
0.004279
0.004016
0.005899
0.005617
0.006850
0.006437
0.007212
0.006801
0.007324
0.006975
0.007335
0.007039
0.007270
0.007001
0.007118
0.006852
0.006865
0.006582
0.006497
0.006182
0.006005
0.005649
0.005386
0.004983
0.004642
0.004193
0.003784
0.003293
0.002830
0.002308
0.001806
0.001264
0.000742
0.000197
-0.000328
-0.000859
-0.001368
-0.001870
-0.002344
-0.002802
-0.003230
-0.003632
-0.004001
-0.004339
-0.004642
-0.004912
-0.005146
-0.005346
-0.005513
-0.005646
-0.005748
-0.005818
-0.005861
-0.005875
-0.005867
-0.005833
-0.005780
-0.005706
-0.005619
-0.005512
-0.005397
-0.005266
-0.005132
-0.004983
-0.004835
-0.004674
-0.004519
-0.004351
-0.004194
-0.004022
-0.003868
-0.003695
-0.003547
-0.003375
-0.003235
-0.003065
-0.002937
-0.002769
-0.002654
-0.002488
-0.002389
-0.002223
-0.002142
-0.001973
-0.001914
-0.001739
-0.001704
-0.001518
-0.001512
-0.001310
-0.001338
-0.001112
-0.001184
-0.000916
-0.001064
-0.000686
-0.001049
-0.000277
0.002398
0.001740
0.003850
0.003598
0.005283
0.005016
0.006120
0.005743
0.006437
0.006062
0.006529
0.006212
0.006532
0.006262
0.006465
0.006219
0.006321
0.006078
0.006087
0.005830
0.005752
0.005468
0.005310
0.004991
0.004757
0.004399
0.004098
0.003700
0.003340
0.002908
0.002501
0.002042
0.001602
0.001127
0.000670
0.000192
-0.000267
-0.000733
-0.001179
-0.001619
-0.002036
-0.002439
-0.002815
-0.003170
-0.003496
-0.003796
-0.004065
-0.004306
-0.004516
-0.004696
-0.004847
-0.004969
-0.005063
-0.005130
-0.005173
-0.005190
-0.005188
-0.005162
-0.005121
-0.005059
-0.004986
-0.004896
-0.004798
-0.004685
-0.004569
-0.004440
-0.004312
-0.004171
-0.004036
-0.003888
-0.003750
-0.003599
-0.003463
-0.003310
-0.003179
-0.003026
-0.002902
-0.002751
-0.002637
-0.002487
-0.002385
-0.002237
-0.002149
-0.001999
-0.001928
-0.001776
-0.001723
-0.001565
-0.001535
-0.001367
-0.001362
-0.001180
-0.001206
-0.001001
-0.001068
-0.000824
-0.000960
-0.000616
-0.000946
-0.000247
0.002020
0.001475
0.003267
0.003066
0.004501
0.004282
0.005221
0.004902
0.005491
0.005173
0.005569
0.005298
0.005569
0.005338
0.005510
0.005299
0.005384
0.005176
0.005182
0.004962
0.004895
0.004652
0.004516
0.004244
0.004045
0.003740
0.003484
0.003146
0.002841
0.002473
0.002129
0.001739
0.001367
0.000964
0.000577
0.000172
-0.000217
-0.000613
-0.000990
-0.001365
-0.001719
-0.002062
-0.002383
-0.002686
-0.002964
-0.003222
-0.003453
-0.003660
-0.003842
-0.003999
-0.004131
-0.004238
-0.004322
-0.004383
-0.004423
-0.004441
-0.004442
-0.004424
-0.004392
-0.004342
-0.004283
-0.004208
-0.004127
-0.004033
-0.003935
-0.003826
-0.003718
-0.003599
-0.003485
-0.003359
-0.003242
-0.003112
-0.002996
-0.002866
-0.002753
-0.002622
-0.002516
-0.002386
-0.002288
-0.002160
-0.002072
-0.001943
-0.001868
-0.001739
-0.001677
-0.001546
-0.001500
-0.001364
-0.001337
-0.001193
-0.001188
-0.001031
-0.001052
-0.000876
-0.000932
-0.000723
-0.000839
-0.000543
-0.000827
-0.000224
0.001796
0.001301
0.002874
0.002676
0.003928
0.003721
0.004540
0.004254
0.004769
0.004486
0.004832
0.004590
0.004826
0.004620
0.004768
0.004580
0.004653
0.004468
0.004471
0.004277
0.004217
0.004004
0.003885
0.003648
0.003476
0.003211
0.002990
0.002698
0.002437
0.002121
0.001826
0.001492
0.001174
0.000829
0.000499
0.000153
-0.000179
-0.000517
-0.000840
-0.001159
-0.001462
-0.001755
-0.002030
-0.002289
-0.002528
-0.002749
-0.002949
-0.003128
-0.003285
-0.003421
-0.003536
-0.003630
-0.003704
-0.003758
-0.003795
-0.003814
-0.003817
-0.003804
-0.003778
-0.003738
-0.003689
-0.003627
-0.003559
-0.003480
-0.003398
-0.003305
-0.003214
-0.003112
-0.003015
-0.002907
-0.002808
-0.002697
-0.002597
-0.002485
-0.002388
-0.002276
-0.002184
-0.002072
-0.001988
-0.001876
-0.001801
-0.001689
-0.001624
-0.001512
-0.001459
-0.001344
-0.001305
-0.001186
-0.001164
-0.001037
-0.001034
-0.000895
-0.000916
-0.000760
-0.000812
-0.000626
-0.000730
-0.000469
-0.000720
-0.000189
0.001393
0.001024
0.002263
0.002130
0.003122
0.002975
0.003623
0.003405
0.003811
0.003592
0.003865
0.003677
0.003863
0.003703
0.003819
0.003673
0.003729
0.003584
0.003586
0.003432
0.003384
0.003216
0.003121
0.002932
0.002795
0.002584
0.002408
0.002175
0.001966
0.001714
0.001478
0.001212
0.000957
0.000682
0.000417
0.000140
-0.000127
-0.000398
-0.000657
-0.000914
-0.001158
-0.001394
-0.001616
-0.001826
-0.002020
-0.002200
-0.002362
-0.002508
-0.002637
-0.002749
-0.002844
-0.002923
-0.002985
-0.003032
-0.003064
-0.003081
-0.003087
-0.003078
-0.003060
-0.003030
-0.002992
-0.002944
-0.002891
-0.002828
-0.002763
-0.002690
-0.002617
-0.002536
-0.002458
-0.002372
-0.002291
-0.002202
-0.002122
-0.002031
-0.001953
-0.001862
-0.001788
-0.001697
-0.001629
-0.001538
-0.001476
-0.001386
-0.001333
-0.001242
-0.001198
-0.001106
-0.001073
-0.000977
-0.000957
-0.000856
-0.000851
-0.000741
-0.000755
-0.000631
-0.000670
-0.000522
-0.000603
-0.000394
-0.000595
-0.000167
0.001206
0.000870
0.001915
0.001775
0.002601
0.002457
0.002999
0.002806
0.003147
0.002958
0.003187
0.003025
0.003181
0.003042
0.003139
0.003012
0.003059
0.002934
0.002935
0.002804
0.002764
0.002622
0.002543
0.002386
0.002273
0.002098
0.001954
0.001762
0.001591
0.001385
0.001193
0.000976
0.000769
0.000545
0.000330
0.000106
-0.000110
-0.000329
-0.000539
-0.000747
-0.000944
-0.001135
-0.001314
-0.001484
-0.001641
-0.001786
-0.001918
-0.002036
-0.002141
-0.002232
-0.002309
-0.002373
-0.002424
-0.002462
-0.002489
-0.002504
-0.002508
-0.002502
-0.002488
-0.002464
-0.002434
-0.002395
-0.002353
-0.002303
-0.002250
-0.002191
-0.002132
-0.002067
-0.002004
-0.001934
-0.001869
-0.001796
-0.001731
-0.001657
-0.001594
-0.001520
-0.001460
-0.001386
-0.001330
-0.001256
-0.001206
-0.001132
-0.001089
-0.001014
-0.000979
-0.000902
-0.000877
-0.000797
-0.000782
-0.000697
-0.000695
-0.000602
-0.000617
-0.000512
-0.000547
-0.000421
-0.000492
-0.000316
-0.000485
-0.000128
0.000762
0.000573
0.001259
0.001203
0.001753
0.001686
0.002044
0.001934
0.002158
0.002044
0.002194
0.002095
0.002197
0.002112
0.002176
0.002097
0.002127
0.002048
0.002048
0.001964
0.001936
0.001842
0.001788
0.001682
0.001604
0.001486
0.001386
0.001256
0.001137
0.000995
0.000862
0.000711
0.000567
0.000411
0.000261
0.000103
-0.000048
-0.000203
-0.000351
-0.000498
-0.000638
-0.000774
-0.000902
-0.001023
-0.001136
-0.001240
-0.001335
-0.001422
-0.001498
-0.001565
-0.001622
-0.001670
-0.001709
-0.001738
-0.001760
-0.001773
-0.001778
-0.001776
-0.001768
-0.001753
-0.001734
-0.001708
-0.001679
-0.001645
-0.001609
-0.001569
-0.001528
-0.001482
-0.001438
-0.001389
-0.001343
-0.001292
-0.001246
-0.001194
-0.001149
-0.001097
-0.001054
-0.001001
-0.000961
-0.000909
-0.000873
-0.000821
-0.000789
-0.000737
-0.000710
-0.000657
-0.000637
-0.000582
-0.000569
-0.000511
-0.000507
-0.000443
-0.000450
-0.000379
-0.000400
-0.000316
-0.000360
-0.000241
-0.000355
-0.000110
0.000623
0.000443
0.000968
0.000886
0.001298
0.001219
0.001490
0.001391
0.001563
0.001467
0.001583
0.001501
0.001579
0.001509
0.001557
0.001493
0.001516
0.001453
0.001453
0.001387
0.001367
0.001296
0.001257
0.001178
0.001122
0.001035
0.000963
0.000869
0.000784
0.000682
0.000588
0.000481
0.000379
0.000269
0.000164
0.000053
-0.000053
-0.000161
-0.000264
-0.000366
-0.000463
-0.000557
-0.000646
-0.000730
-0.000807
-0.000879
-0.000944
-0.001003
-0.001055
-0.001101
-0.001140
-0.001172
-0.001198
-0.001218
-0.001232
-0.001240
-0.001243
-0.001241
-0.001235
-0.001223
-0.001209
-0.001191
-0.001171
-0.001146
-0.001121
-0.001092
-0.001064
-0.001031
-0.001001
-0.000966
-0.000934
-0.000898
-0.000866
-0.000830
-0.000799
-0.000762
-0.000732
-0.000695
-0.000667
-0.000630
-0.000606
-0.000569
-0.000547
-0.000510
-0.000492
-0.000454
-0.000441
-0.000401
-0.000394
-0.000351
-0.000350
-0.000303
-0.000311
-0.000257
-0.000276
-0.000212
-0.000249
-0.000158
-0.000245
-0.000064
0.000108
0.000112
0.000236
0.000273
0.000382
0.000407
0.000476
0.000481
0.000521
0.000517
0.000543
0.000537
0.000555
0.000549
0.000560
0.000552
0.000556
0.000546
0.000544
0.000531
0.000523
0.000506
0.000492
0.000470
0.000450
0.000424
0.000399
0.000368
0.000337
0.000303
0.000268
0.000229
0.000191
0.000150
0.000110
0.000068
0.000026
-0.000017
-0.000058
-0.000099
-0.000139
-0.000178
-0.000216
-0.000252
-0.000285
-0.000317
-0.000346
-0.000373
-0.000397
-0.000419
-0.000438
-0.000455
-0.000468
-0.000480
-0.000489
-0.000495
-0.000499
-0.000501
-0.000501
-0.000499
-0.000496
-0.000490
-0.000484
-0.000476
-0.000467
-0.000457
-0.000446
-0.000434
-0.000422
-0.000409
-0.000396
-0.000383
-0.000370
-0.000356
-0.000342
-0.000328
-0.000315
-0.000301
-0.000289
-0.000275
-0.000263
-0.000250
-0.000239
-0.000225
-0.000216
-0.000203
-0.000195
-0.000181
-0.000175
-0.000161
-0.000156
-0.000142
-0.000139
-0.000124
-0.000124
-0.000107
-0.000112
-0.000087
-0.000109
-0.000052
